04128 20170101  2.422 -119.69   43.47    -3.1   -13.8    -8.4    -7.7     1.0     5.11 C    -2.8   -18.3   -10.0    88.7    57.2    76.9 -99.000 -99.000 -99.000   0.117   0.113    -3.3    -1.8    -0.6     1.9     2.4
04128 20170102  2.422 -119.69   43.47    -6.4   -18.4   -12.4   -11.0     0.4     4.28 C    -5.5   -22.4   -12.4    90.4    71.6    84.8 -99.000 -99.000 -99.000   0.117   0.112    -3.2    -1.8    -0.7     1.7     2.3
04128 20170103  2.422 -119.69   43.47    -6.9   -16.4   -11.7    -9.2     8.8     1.55 C    -6.5   -22.1    -9.5    90.5    84.9    88.3 -99.000 -99.000 -99.000   0.117   0.112    -3.0    -1.8    -0.7     1.6     2.1
04128 20170104  2.422 -119.69   43.47    -6.8   -17.4   -12.1   -11.6    12.0     5.82 C    -6.8   -21.0   -12.0    89.7    78.7    83.7 -99.000 -99.000 -99.000   0.117   0.111    -2.4    -1.5    -0.6     1.6     2.1
04128 20170105  2.422 -119.69   43.47   -10.2   -28.1   -19.2   -16.3     0.0     8.63 C   -12.0   -32.7   -18.5    86.6    72.2    79.4 -99.000 -99.000 -99.000   0.117   0.111    -2.1    -1.3    -0.4     1.5     2.1
04128 20170106  2.422 -119.69   43.47   -17.6   -29.7   -23.7   -21.5     0.0     6.12 C   -15.9   -34.1   -23.1    83.7    71.7    78.8 -99.000 -99.000 -99.000   0.117   0.111    -2.0    -1.2    -0.3     1.6     2.1
04128 20170107  2.422 -119.69   43.47    -8.9   -26.6   -17.8   -15.4    12.8     3.06 C    -9.2   -30.9   -15.8    89.3    73.7    83.7 -99.000 -99.000 -99.000   0.117   0.111    -2.1    -1.2    -0.3     1.6     2.1
04128 20170108  2.422 -119.69   43.47     4.2   -14.8    -5.3    -2.8     7.3     2.31 C     0.2   -16.7    -4.1    96.7    83.1    89.2 -99.000 -99.000 -99.000   0.117   0.112    -2.1    -1.2    -0.3     1.6     2.1
04128 20170109  2.422 -119.69   43.47     2.9    -7.0    -2.1    -1.6     2.2     5.65 C    -0.1   -11.8    -4.3    95.1    60.3    79.7 -99.000 -99.000 -99.000   0.117   0.112    -1.6    -0.9    -0.2     1.6     2.1
04128 20170110  2.422 -119.69   43.47     1.7    -3.8    -1.1    -0.3     9.9     1.84 C     0.1    -4.9    -1.5    96.3    87.4    92.6 -99.000 -99.000 -99.000   0.118   0.111    -1.2    -0.6     0.0     1.7     2.1
04128 20170111  2.422 -119.69   43.47     1.9    -7.8    -2.9    -2.6     1.9     7.20 C    -0.2   -13.6    -4.7    94.2    63.3    81.7 -99.000 -99.000 -99.000   0.118   0.112    -0.9    -0.4     0.2     1.8     2.2
04128 20170112  2.422 -119.69   43.47    -4.7   -19.3   -12.0   -11.1     0.0     9.81 C    -7.1   -24.8   -14.6    92.5    79.6    87.2 -99.000 -99.000 -99.000   0.118   0.112    -0.7    -0.3     0.4     1.9     2.2
04128 20170113  2.422 -119.69   43.47    -8.7   -23.6   -16.1   -15.8     0.0    10.07 C   -11.0   -27.3   -19.9    89.6    76.6    83.7 -99.000 -99.000   0.085   0.117   0.112    -0.7    -0.2     0.5     2.0     2.3
04128 20170114  2.422 -119.69   43.47   -10.0   -21.8   -15.9   -15.6     0.0     9.42 C   -10.3   -25.3   -18.3    88.1    78.1    83.7 -99.000 -99.000   0.094   0.117   0.112    -0.7    -0.1     0.6     2.0     2.3
04128 20170115  2.422 -119.69   43.47    -7.4   -22.2   -14.8   -16.8     0.0     9.71 C    -9.5   -26.2   -20.2    88.4    65.8    81.1 -99.000 -99.000   0.094   0.117   0.112    -0.8    -0.1     0.6     2.0     2.3
04128 20170116  2.422 -119.69   43.47    -8.2   -22.4   -15.3   -15.1     0.0     9.49 C    -8.7   -26.0   -17.9    89.1    73.4    83.9 -99.000 -99.000   0.094   0.117   0.112    -0.9    -0.2     0.6     2.0     2.3
04128 20170117  2.422 -119.69   43.47    -5.7   -20.2   -13.0   -12.8     0.5     8.01 C    -1.0   -23.0   -13.5    91.6    79.4    84.4 -99.000 -99.000   0.093   0.117   0.113    -0.9    -0.2     0.6     2.0     2.3
04128 20170118  2.422 -119.69   43.47     2.7    -5.8    -1.5    -0.4     6.6     2.74 C    -0.1    -4.9    -1.4    96.5    73.4    89.3 -99.000 -99.000   0.089   0.117   0.112    -0.9    -0.2     0.5     2.0     2.3
04128 20170119  2.422 -119.69   43.47     2.2   -10.8    -4.3    -1.0     2.4     8.21 C     0.0   -14.8    -3.4    95.6    71.4    86.0 -99.000 -99.000   0.092   0.117   0.113    -0.7    -0.2     0.6     2.0     2.3
04128 20170120  2.422 -119.69   43.47     0.0   -13.0    -6.5    -4.6     9.7     3.64 C    -0.1   -17.1    -6.6    95.7    85.6    92.8 -99.000 -99.000   0.094   0.117   0.113    -0.6     0.0     0.6     2.0     2.3
04128 20170121  2.422 -119.69   43.47     1.3   -13.3    -6.0    -7.1     0.0     8.11 C     0.4   -17.5   -10.5    97.0    70.3    87.9 -99.000 -99.000   0.094   0.117   0.114    -0.5     0.1     0.7     2.1     2.3
04128 20170122  2.422 -119.69   43.47     0.6   -15.7    -7.5    -4.9     4.6     7.66 C    -0.9   -20.0    -8.3    94.6    52.2    81.4 -99.000 -99.000   0.095   0.116   0.113    -0.4     0.1     0.7     2.1     2.4
04128 20170123  2.422 -119.69   43.47    -1.2    -8.2    -4.7    -4.1     1.2     8.40 C    -1.0   -11.9    -5.6    92.3    72.9    85.5 -99.000 -99.000   0.094   0.116   0.113    -0.4     0.2     0.8     2.1     2.4
04128 20170124  2.422 -119.69   43.47    -4.0   -12.1    -8.0    -7.2     0.0    11.02 C    -5.3   -19.2   -10.4    92.2    71.6    85.3 -99.000 -99.000   0.095   0.117   0.113    -0.4     0.2     0.8     2.1     2.4
04128 20170125  2.422 -119.69   43.47    -2.4    -5.6    -4.0    -4.0     0.0     6.46 C    -2.9    -7.9    -5.2    88.9    78.1    84.0 -99.000 -99.000   0.095   0.117   0.113    -0.3     0.2     0.9     2.1     2.4
04128 20170126  2.422 -119.69   43.47    -0.9   -12.9    -6.9    -4.5     0.0     7.36 C    -1.2   -19.2    -6.9    92.0    80.6    86.1 -99.000 -99.000   0.096   0.118   0.114    -0.3     0.3     0.9     2.1     2.4
04128 20170127  2.422 -119.69   43.47    -6.1   -17.8   -12.0    -9.8     0.0     7.87 C    -4.3   -21.4   -10.2    91.6    82.7    89.0 -99.000 -99.000   0.096   0.117   0.114    -0.3     0.3     0.9     2.2     2.4
04128 20170128  2.422 -119.69   43.47   -10.9   -18.5   -14.7   -13.1     0.0     8.59 C    -8.9   -21.2   -13.6    89.5    80.5    85.7 -99.000 -99.000   0.096   0.118   0.114    -0.3     0.3     0.9     2.2     2.5
04128 20170129  2.422 -119.69   43.47    -9.1   -19.1   -14.1   -12.9     0.0     8.20 C    -6.6   -21.3   -13.5    88.8    78.5    85.8 -99.000 -99.000   0.096   0.118   0.114    -0.3     0.3     1.0     2.2     2.5
04128 20170130  2.422 -119.69   43.47    -7.5   -17.2   -12.4   -12.5     0.0    10.47 C    -5.3   -20.8   -12.9    91.5    80.5    86.0 -99.000 -99.000   0.096   0.118   0.114    -0.3     0.3     1.0     2.2     2.5
04128 20170131  2.422 -119.69   43.47     3.0   -11.1    -4.0    -2.6     0.0     6.47 C     0.2   -11.6    -3.7    92.4    51.2    77.9 -99.000 -99.000   0.096   0.117   0.114    -0.3     0.3     1.0     2.2     2.5
04128 20170201  2.422 -119.69   43.47    -1.6    -5.9    -3.7    -3.7     0.2     5.82 C    -1.5    -7.0    -4.0    94.8    78.9    87.0 -99.000 -99.000   0.096   0.118   0.113    -0.3     0.3     1.0     2.2     2.5
04128 20170202  2.422 -119.69   43.47    -4.6    -8.5    -6.5    -5.8     0.0     6.51 C    -3.6   -10.4    -6.0    91.7    78.4    85.2 -99.000 -99.000   0.096   0.118   0.113    -0.2     0.3     1.0     2.2     2.5
04128 20170203  2.422 -119.69   43.47     5.4    -5.1     0.1    -0.3     0.7     9.38 C     0.8    -6.8    -2.2    92.7    65.1    84.3 -99.000 -99.000   0.097   0.118   0.114    -0.2     0.4     1.0     2.2     2.4
04128 20170204  2.422 -119.69   43.47     4.6    -1.8     1.4     2.7     0.0     9.69 C     0.6    -6.1    -0.8    90.1    68.9    77.4 -99.000 -99.000   0.097   0.119   0.113    -0.1     0.4     1.0     2.2     2.4
04128 20170205  2.422 -119.69   43.47     5.2     0.9     3.0     3.2     0.0    10.54 C     0.2    -3.2    -0.6    82.0    53.3    68.8 -99.000   0.102   0.112   0.119   0.113    -0.1     0.4     1.0     2.2     2.4
04128 20170206  2.422 -119.69   43.47     3.7    -2.9     0.4     1.0     0.0    10.39 C     0.1    -4.1    -1.5    88.5    59.6    72.7 -99.000   0.109   0.127   0.119   0.113    -0.1     0.4     1.1     2.2     2.4
04128 20170207  2.422 -119.69   43.47     4.7    -3.1     0.8     0.4    17.0    10.08 C     0.8    -3.6    -1.5    96.7    63.5    82.6 -99.000   0.170   0.126   0.119   0.112    -0.1     0.5     1.1     2.2     2.4
04128 20170208  2.422 -119.69   43.47     5.9    -3.8     1.1     1.7     0.3     5.24 C     0.6    -5.3    -1.2    95.0    66.1    83.5 -99.000   0.176   0.128   0.119   0.113     0.0     0.5     1.1     2.2     2.4
04128 20170209  2.422 -119.69   43.47     8.3     0.8     4.5     5.3     0.2     5.57 C     0.4    -1.0     0.0    92.0    64.7    76.4 -99.000 -99.000   0.188   0.126   0.113     0.0     0.4     1.0     2.1     2.4
04128 20170210  2.422 -119.69   43.47     5.1    -5.3    -0.1     0.9     0.0    10.25 C     1.3    -8.7    -2.5    92.8    56.7    75.1 -99.000 -99.000   0.248   0.203   0.117     0.0     0.4     0.9     2.0     2.3
04128 20170211  2.422 -119.69   43.47     1.2   -12.8    -5.8    -5.8     0.0    13.98 C     0.3   -15.6    -8.6    89.4    39.8    74.6 -99.000   0.286   0.243   0.213   0.137     0.0     0.5     1.0     1.9     2.2
04128 20170212  2.422 -119.69   43.47    -0.1   -15.4    -7.7    -7.5     0.0    13.08 C    -0.7   -17.6    -9.6    89.4    49.7    76.3 -99.000   0.268   0.238   0.215   0.160     0.0     0.5     1.0     1.9     2.1
04128 20170213  2.422 -119.69   43.47     2.3   -11.6    -4.7    -5.4     0.0    14.21 C     0.2   -14.9    -7.9    86.2    52.8    73.7 -99.000   0.260   0.234   0.217   0.177     0.1     0.6     1.1     1.9     2.1
04128 20170214  2.422 -119.69   43.47     2.8   -14.0    -5.6    -5.3     0.0    14.05 C     0.6   -16.6    -8.1    90.1    58.8    76.6 -99.000   0.254   0.230   0.220   0.183     0.1     0.6     1.1     1.9     2.1
04128 20170215  2.422 -119.69   43.47     5.7    -9.0    -1.6    -0.5     1.7     3.65 C     0.6   -11.2    -2.2    91.7    61.8    82.5 -99.000   0.247   0.225   0.223   0.187     0.1     0.6     1.1     1.9     2.1
04128 20170216  2.422 -119.69   43.47     5.9    -0.9     2.5     3.6     0.8     8.61 C     1.7    -2.3     0.2    87.5    54.6    71.3 -99.000   0.262   0.234   0.228   0.188     0.1     0.6     1.1     1.9     2.1
04128 20170217  2.422 -119.69   43.47     3.0    -2.9     0.0     0.2     1.9     7.30 C     0.9    -3.7    -0.9    96.7    72.2    86.4 -99.000   0.278   0.251   0.250   0.209     0.1     0.5     1.0     1.9     2.1
04128 20170218  2.422 -119.69   43.47     3.4    -0.9     1.2     0.9     5.6     7.13 C     1.1    -1.5     0.0    97.4    75.5    92.1 -99.000   0.283   0.255   0.264   0.218     0.1     0.5     1.0     1.9     2.1
04128 20170219  2.422 -119.69   43.47     3.8    -1.4     1.2     1.2     1.1     8.85 C     1.8    -2.5    -0.4    92.0    66.7    83.2 -99.000   0.286   0.259   0.294   0.247     0.1     0.5     1.0     1.8     2.0
04128 20170220  2.422 -119.69   43.47     6.9    -0.6     3.2     3.6     2.4    11.71 C     2.2    -2.3     0.5    95.5    46.7    74.0 -99.000   0.297   0.271   0.307   0.288     0.1     0.5     1.0     1.8     2.0
04128 20170221  2.422 -119.69   43.47     4.2    -2.6     0.8     1.7     0.0    10.15 C     2.3    -3.8    -0.3    90.6    52.6    71.7 -99.000   0.301   0.276   0.324   0.342     0.1     0.5     1.0     1.8     2.0
04128 20170222  2.422 -119.69   43.47    -0.7    -6.9    -3.8    -3.0     0.3     7.81 C    -0.1    -8.5    -3.4    90.0    62.4    76.8 -99.000   0.292   0.269   0.325   0.355     0.1     0.6     1.0     1.8     2.0
04128 20170223  2.422 -119.69   43.47    -2.3   -11.3    -6.8    -6.0     0.0     9.58 C    -1.5   -12.0    -6.5    89.4    48.8    71.5 -99.000   0.285   0.263   0.323   0.355     0.1     0.6     1.1     1.8     2.0
04128 20170224  2.422 -119.69   43.47    -1.6   -13.4    -7.5    -7.5     0.0    13.94 C     0.9   -13.3    -7.2    89.1    37.0    70.1 -99.000   0.278   0.257   0.320   0.351     0.1     0.6     1.1     1.9     2.0
04128 20170225  2.422 -119.69   43.47     0.9   -15.7    -7.4    -6.7     0.0    15.81 C     3.3   -14.9    -6.7    86.6    43.2    68.9 -99.000   0.272   0.252   0.317   0.345     0.0     0.6     1.1     1.9     2.0
04128 20170226  2.422 -119.69   43.47    -0.1   -11.9    -6.0    -4.3     0.0     6.45 C     0.3   -11.9    -4.9    88.2    53.0    74.1 -99.000   0.268   0.248   0.316   0.343     0.0     0.6     1.1     1.9     2.0
04128 20170227  2.422 -119.69   43.47     0.2   -10.2    -5.0    -4.3     0.5    13.58 C     2.4   -10.5    -4.7    89.1    47.8    71.8 -99.000   0.264   0.244   0.312   0.339     0.0     0.6     1.1     1.8     2.0
04128 20170228  2.422 -119.69   43.47     2.4    -4.6    -1.1    -2.0     0.0    12.40 C     1.7    -6.5    -3.3    83.4    42.1    65.6 -99.000   0.268   0.242   0.311   0.336     0.0     0.5     1.1     1.8     2.0
04128 20170301  2.422 -119.69   43.47     6.8    -6.8     0.0    -1.0     0.0    16.20 C     3.9    -7.9    -2.5    88.0    38.6    67.6 -99.000   0.272   0.241   0.310   0.333     0.0     0.5     1.0     1.8     2.0
04128 20170302  2.422 -119.69   43.47     6.0    -9.2    -1.6    -0.7     0.0    12.46 C     4.4    -8.1    -1.6    90.9    42.9    72.2 -99.000   0.274   0.244   0.312   0.336     0.0     0.5     1.0     1.8     2.0
04128 20170303  2.422 -119.69   43.47     7.2    -5.6     0.8     1.7     0.3     9.08 C     5.8    -5.6    -0.1    90.2    45.9    67.8 -99.000   0.279   0.255   0.317   0.344     0.0     0.5     1.0     1.8     1.9
04128 20170304  2.422 -119.69   43.47     5.6    -0.9     2.3     2.3     1.4    13.18 C     4.5    -2.4     0.9    93.7    54.0    73.7 -99.000   0.304   0.275   0.337   0.376     0.0     0.5     0.9     1.7     1.9
04128 20170305  2.422 -119.69   43.47    -0.5    -6.0    -3.2    -3.8     0.3    11.59 C     2.5    -8.3    -4.3    87.6    46.0    67.3 -99.000   0.305   0.282   0.359   0.417     0.0     0.5     0.9     1.7     1.9
04128 20170306  2.422 -119.69   43.47    -0.3   -11.3    -5.8    -4.1     1.7     9.71 C    -0.6   -10.9    -4.7    90.0    55.4    75.7 -99.000   0.302   0.277   0.355   0.408     0.0     0.5     0.9     1.7     1.9
04128 20170307  2.422 -119.69   43.47     4.0    -4.0     0.0     0.4     0.3     7.03 C     2.9    -5.9    -0.8    90.9    64.9    81.3 -99.000   0.301   0.276   0.353   0.406     0.0     0.5     1.0     1.7     1.9
04128 20170308  2.422 -119.69   43.47     8.5     1.1     4.8     4.7     0.0    11.84 C     9.5    -0.3     2.9    86.9    52.3    74.1 -99.000   0.331   0.298   0.416   0.480     0.3     0.6     0.9     1.6     1.8
04128 20170309  2.422 -119.69   43.47    10.7     2.6     6.6     7.0     0.2     5.57 C     9.8     1.4     5.4    95.8    67.3    80.4   0.240   0.334   0.325   0.490   0.542     2.2     1.2     1.2     1.7     1.8
04128 20170310  2.422 -119.69   43.47    12.5    -1.7     5.4     6.0     0.0    14.86 C    16.8    -1.8     5.6    86.3    31.7    62.3   0.238   0.333   0.330   0.495   0.545     4.2     3.1     2.3     1.9     2.0
04128 20170311  2.422 -119.69   43.47    15.2    -3.8     5.7     4.2     0.0     9.73 C    16.8    -2.8     3.7    92.5    37.2    69.9   0.230   0.328   0.321   0.476   0.544     3.3     3.1     2.9     2.4     2.4
04128 20170312  2.422 -119.69   43.47    12.8    -0.8     6.0     4.9     0.0    14.80 C    19.7    -2.0     5.4    90.3    32.5    67.7   0.226   0.324   0.316   0.456   0.544     4.7     4.0     3.4     2.7     2.7
04128 20170313  2.422 -119.69   43.47    17.9    -3.7     7.1     8.3     0.0    18.08 C    23.2    -3.3     8.1    90.1    27.2    63.5   0.224   0.321   0.310   0.448   0.540     5.9     4.9     4.2     3.1     3.1
04128 20170314  2.422 -119.69   43.47    18.5    -0.3     9.1     9.9     0.0    11.15 C    21.1    -0.6     8.7    95.3    32.0    61.8   0.223   0.318   0.307   0.439   0.518     7.0     6.1     5.3     3.7     3.6
04128 20170315  2.422 -119.69   43.47    15.9     6.2    11.0     9.7     0.0     5.03 C    17.3     4.5     8.1    83.1    40.9    60.1   0.220   0.316   0.303   0.427   0.473     6.9     6.4     5.8     4.3     4.1
04128 20170316  2.422 -119.69   43.47    12.1     1.0     6.6     6.3     0.4    16.57 C    21.4    -0.5     7.6    90.3    36.7    64.2   0.218   0.314   0.299   0.421   0.460     7.1     6.5     5.9     4.6     4.4
04128 20170317  2.422 -119.69   43.47    16.7    -0.4     8.2     9.4     0.0     9.44 C    17.4    -0.6     8.5    89.5    36.5    60.5   0.215   0.311   0.296   0.397   0.447     7.2     6.7     6.2     4.9     4.7
04128 20170318  2.422 -119.69   43.47    13.7     5.8     9.7     8.9     3.7     6.51 C    16.9     5.2     8.1    92.7    52.3    76.7   0.218   0.311   0.296   0.387   0.443     7.7     7.2     6.7     5.2     5.1
04128 20170319  2.422 -119.69   43.47    10.7     3.3     7.0     6.7     6.0     7.36 C    14.5     3.2     7.6    95.5    68.7    87.9   0.231   0.320   0.306   0.412   0.493     7.8     7.1     6.7     5.5     5.3
04128 20170320  2.422 -119.69   43.47    16.9     3.9    10.4     9.4     0.0    15.19 C    22.0     3.8     9.6    96.5    31.5    69.2   0.226   0.320   0.307   0.416   0.499     8.8     7.9     7.2     5.8     5.6
04128 20170321  2.422 -119.69   43.47    12.7    -0.5     6.1     6.5     0.5     7.40 C    15.5    -1.6     6.1    91.8    51.8    73.5   0.220   0.316   0.301   0.401   0.459     7.4     7.6     7.4     6.1     5.9
04128 20170322  2.422 -119.69   43.47     8.6    -1.9     3.3     2.8     2.6     9.52 C    14.0    -2.1     3.2    89.6    50.2    73.9   0.218   0.312   0.297   0.389   0.449     5.1     5.9     6.3     6.0     5.9
04128 20170323  2.422 -119.69   43.47    10.8    -4.0     3.4     3.7     0.0    19.97 C    18.3    -4.3     4.9    91.3    34.3    61.5   0.214   0.309   0.295   0.386   0.443     5.5     5.7     5.8     5.8     5.7
04128 20170324  2.422 -119.69   43.47     9.0    -1.1     3.9     4.4     0.4     5.25 C    11.5    -1.7     3.6    87.4    46.9    65.6   0.212   0.307   0.291   0.380   0.436     4.9     5.6     5.9     5.7     5.7
04128 20170325  2.422 -119.69   43.47     9.7    -4.4     2.6     3.1     0.0    15.13 C    17.6    -4.1     3.9    92.6    36.2    62.9   0.208   0.304   0.287   0.374   0.427     4.8     5.1     5.3     5.5     5.6
04128 20170326  2.422 -119.69   43.47     7.8    -3.5     2.2     2.2     2.2     5.85 C    11.2    -2.8     2.2    94.6    65.9    81.9   0.209   0.303   0.285   0.371   0.423     4.0     4.7     5.2     5.4     5.4
04128 20170327  2.422 -119.69   43.47     7.3    -1.7     2.8     1.9     0.0    16.31 C    18.1    -3.4     3.0    91.4    43.1    72.5   0.210   0.303   0.286   0.372   0.422     4.6     4.9     5.0     5.2     5.3
04128 20170328  2.422 -119.69   43.47    10.3    -1.9     4.2     3.5     0.0    16.96 C    19.8    -3.6     4.9    87.0    45.9    69.2   0.207   0.301   0.283   0.367   0.417     5.3     5.2     5.2     5.2     5.2
04128 20170329  2.422 -119.69   43.47    11.3     3.4     7.3     6.5     5.4     5.84 C    11.1     3.0     6.2    93.3    61.4    81.4   0.213   0.303   0.285   0.367   0.416     6.2     6.0     5.9     5.4     5.3
04128 20170330  2.422 -119.69   43.47     4.5    -1.4     1.5     0.9     2.9    14.47 C     9.6    -2.2     1.5    95.8    58.9    80.4   0.219   0.309   0.292   0.376   0.428     4.5     5.4     5.7     5.5     5.5
04128 20170331  2.422 -119.69   43.47    10.8    -2.2     4.3     3.8     0.0    23.45 C    17.8    -3.0     4.4    87.3    33.2    61.4   0.211   0.306   0.289   0.373   0.424     5.2     5.2     5.3     5.3     5.4
04128 20170401  2.422 -119.69   43.47    16.0    -0.6     7.7     7.6     2.3    15.75 C    23.9    -2.9     8.1    91.1    37.0    65.4   0.211   0.303   0.285   0.368   0.418     7.0     6.2     5.9     5.4     5.4
04128 20170402  2.422 -119.69   43.47    10.6    -1.2     4.7     4.3     0.0    24.30 C    19.6    -2.0     5.7    91.0    17.1    50.8   0.209   0.303   0.285   0.367   0.416     7.2     7.2     6.8     5.7     5.7
04128 20170403  2.422 -119.69   43.47     7.9    -5.6     1.1     0.6     0.0    22.33 C    21.7    -6.3     3.9    86.9    21.2    56.1   0.205   0.299   0.281   0.362   0.409     6.3     6.5     6.5     5.9     5.9
04128 20170404  2.422 -119.69   43.47    13.3    -6.6     3.3     4.2     0.0    16.07 C    24.9    -6.1     6.1    86.8    28.2    59.3   0.203   0.297   0.278   0.359   0.404     6.8     6.4     6.4     6.0     5.9
04128 20170405  2.422 -119.69   43.47    16.5     0.2     8.4     8.9     0.0    10.73 C    24.4    -0.4     8.7    83.6    18.9    50.2   0.203   0.296   0.276   0.356   0.398     7.8     7.3     7.0     6.1     6.0
04128 20170406  2.422 -119.69   43.47    12.9     4.9     8.9     8.7     0.4     8.12 C    18.8     3.8     8.0    82.8    43.2    55.8   0.201   0.294   0.274   0.354   0.393     7.5     7.3     7.2     6.4     6.2
04128 20170407  2.422 -119.69   43.47    10.8     0.5     5.7     5.9     0.9    22.58 C    19.2     0.4     6.9    92.9    26.6    59.3   0.200   0.292   0.272   0.352   0.391     7.5     7.5     7.3     6.4     6.3
04128 20170408  2.422 -119.69   43.47     5.2    -6.0    -0.4     0.0     2.6    16.06 C    15.6    -6.4     1.1    94.6    36.7    73.2   0.201   0.291   0.271   0.349   0.386     5.5     6.5     6.8     6.5     6.4
04128 20170409  2.422 -119.69   43.47     8.4    -9.5    -0.6     1.4     0.0    17.83 C    14.3    -8.5     3.0    89.5    29.6    58.1   0.196   0.288   0.269   0.347   0.383     4.7     5.4     5.8     6.2     6.2
04128 20170410  2.422 -119.69   43.47     9.7    -4.4     2.7     2.4     3.0    23.60 C    19.9    -6.7     4.2    93.0    27.9    60.3   0.202   0.290   0.269   0.346   0.381     6.3     6.3     6.1     6.0     6.0
04128 20170411  2.422 -119.69   43.47     6.9    -4.5     1.2     2.8     4.0     8.20 C    10.1    -4.2     3.3    93.9    47.5    78.7   0.202   0.291   0.269   0.345   0.381     5.1     5.7     6.1     6.1     6.1
04128 20170412  2.422 -119.69   43.47    11.7     0.4     6.0     6.8     3.8     7.46 C    14.5     0.2     6.1    93.2    42.2    70.1   0.206   0.293   0.273   0.348   0.383     6.1     6.1     6.2     6.0     6.0
04128 20170413  2.422 -119.69   43.47     8.4    -3.0     2.7     2.1     0.5    21.24 C    20.2    -3.0     5.0    95.3    39.0    77.6   0.210   0.297   0.276   0.350   0.387     6.7     6.6     6.4     6.0     6.0
04128 20170414  2.422 -119.69   43.47     5.6    -4.4     0.6     0.3     0.2    17.47 C    17.6    -5.0     2.4    90.5    38.8    70.8   0.202   0.294   0.274   0.349   0.386     5.4     6.2     6.4     6.1     6.1
04128 20170415  2.422 -119.69   43.47    11.4    -8.5     1.4     2.0     0.0    24.60 C    26.7    -7.7     5.3    91.4    30.8    65.3   0.200   0.292   0.272   0.348   0.382     6.7     6.3     6.2     6.1     6.1
04128 20170416  2.422 -119.69   43.47    14.7    -4.9     4.9     5.4     0.8    12.73 C    23.0    -5.0     5.8    91.2    29.4    65.9   0.198   0.290   0.269   0.346   0.380     6.6     6.7     6.7     6.2     6.2
04128 20170417  2.422 -119.69   43.47    12.5    -2.0     5.2     5.7     0.0    16.63 C    20.4    -3.1     6.4    89.9    34.9    63.4   0.198   0.288   0.267   0.344   0.378     7.0     6.9     6.8     6.3     6.3
04128 20170418  2.422 -119.69   43.47    13.5     1.2     7.4     7.0     0.0    22.78 C    29.0    -1.0     9.6    84.5    28.6    59.7   0.197   0.288   0.266   0.341   0.374     8.8     8.0     7.4     6.5     6.4
04128 20170419  2.422 -119.69   43.47    15.4    -5.4     5.0     6.3     0.2    19.19 C    27.0    -4.9     8.4    91.1    13.2    52.3   0.194   0.285   0.264   0.340   0.371     8.4     8.2     7.8     6.8     6.7
04128 20170420  2.422 -119.69   43.47     9.9    -1.5     4.2     3.8     0.2    21.15 C    24.2    -3.2     6.6    93.8    33.4    68.9   0.192   0.283   0.262   0.338   0.368     8.5     8.5     8.1     7.1     6.9
04128 20170421  2.422 -119.69   43.47    13.0    -5.5     3.8     5.2     0.0    27.14 C    31.1    -5.9     9.1    92.3    30.2    57.8   0.191   0.281   0.259   0.336   0.365     9.2     8.6     8.2     7.2     7.1
04128 20170422  2.422 -119.69   43.47    18.1    -4.5     6.8     8.5     0.0    17.74 C    29.3    -4.9     9.6    86.5    24.2    50.1   0.188   0.278   0.257   0.334   0.361     9.0     8.8     8.5     7.4     7.3
04128 20170423  2.422 -119.69   43.47    13.3     2.3     7.8     7.3     0.0    15.63 C    24.3     1.2     9.5    79.7    30.0    54.3   0.186   0.276   0.254   0.333   0.358     9.5     9.3     8.8     7.6     7.5
04128 20170424  2.422 -119.69   43.47     7.2     0.2     3.7     3.2     8.9     7.91 C    10.5    -0.5     4.1    94.5    62.6    85.3   0.201   0.279   0.255   0.332   0.358     7.2     8.1     8.4     7.8     7.6
04128 20170425  2.422 -119.69   43.47     9.7    -2.0     3.9     3.9     0.8    17.42 C    18.9    -2.5     5.8    91.8    35.5    72.9   0.203   0.283   0.260   0.333   0.360     6.8     7.2     7.4     7.5     7.4
04128 20170426  2.422 -119.69   43.47    10.4     0.3     5.3     5.2     6.7    14.41 C    18.7    -1.0     5.7    91.9    47.5    76.9   0.213   0.288   0.264   0.336   0.362     7.5     7.7     7.7     7.4     7.3
04128 20170427  2.422 -119.69   43.47     9.0    -2.0     3.5     2.5     0.3    20.09 C    19.3    -3.0     4.1    86.2    32.8    62.3   0.205   0.288   0.266   0.340   0.368     6.2     6.9     7.2     7.3     7.3
04128 20170428  2.422 -119.69   43.47    10.7    -4.5     3.1     3.0     0.0    24.71 C    26.3    -4.4     6.1    86.9    32.1    59.5   0.206   0.286   0.264   0.338   0.367     7.8     7.6     7.4     7.1     7.2
04128 20170429  2.422 -119.69   43.47    17.7    -6.0     5.8     7.1     0.0    26.68 C    30.7    -6.2    10.6    87.8    14.8    47.9   0.205   0.284   0.262   0.336   0.363     9.4     8.7     8.1     7.3     7.2
04128 20170430  2.422 -119.69   43.47    16.6     1.6     9.1     9.0     0.7    23.33 C    29.2    -0.4    11.1    86.0    24.1    49.7   0.204   0.282   0.260   0.334   0.361    11.0    10.2     9.4     7.7     7.6
04128 20170501  2.422 -119.69   43.47    17.2    -1.7     7.8     8.3     0.0    19.57 C    31.5    -2.8    10.7    79.8    20.7    50.8   0.199   0.278   0.257   0.333   0.358    10.1    10.0     9.5     8.2     8.0
04128 20170502  2.422 -119.69   43.47    18.9     1.6    10.2    11.2     0.0    25.66 C    35.3     0.6    15.2    91.6    31.5    58.7   0.198   0.276   0.254   0.330   0.354    12.9    11.4    10.3     8.4     8.2
04128 20170503  2.422 -119.69   43.47    22.2     3.7    12.9    13.7     0.0    27.78 C    38.4     2.8    17.6    91.9    36.9    62.8   0.194   0.273   0.252   0.329   0.352    15.4    13.4    11.9     9.0     8.7
04128 20170504  2.422 -119.69   43.47    28.2     3.9    16.0    16.7     0.0    25.66 C    38.6     3.1    18.5    92.1    15.7    53.1   0.188   0.268   0.248   0.328   0.348    16.0    14.2    12.9     9.8     9.4
04128 20170505  2.422 -119.69   43.47    21.7     3.3    12.5    12.9     0.0    18.35 C    33.1     3.0    14.6    80.6    24.1    55.7   0.181   0.261   0.244   0.325   0.345    14.9    14.2    13.3    10.5    10.0
04128 20170506  2.422 -119.69   43.47    11.4     0.4     5.9     5.2     0.0    18.01 C    23.8    -0.3     8.2    76.9    34.9    55.0   0.175   0.255   0.239   0.323   0.342    11.4    12.0    12.1    10.6    10.3
04128 20170507  2.422 -119.69   43.47    14.0    -3.3     5.4     5.7     0.0    29.76 C    30.7    -4.0    10.3    84.0    18.9    46.6   0.173   0.250   0.235   0.321   0.338    11.5    11.5    11.2    10.3    10.1
04128 20170508  2.422 -119.69   43.47    19.6    -0.2     9.7     9.6     0.0    29.30 C    36.3    -3.1    14.0    62.8    13.9    38.6   0.169   0.246   0.231   0.318   0.334    13.0    12.3    11.6    10.2    10.0
04128 20170509  2.422 -119.69   43.47    21.1     2.2    11.7    12.8     0.0    29.00 C    38.2    -0.1    16.9    66.9    19.0    41.3   0.165   0.240   0.228   0.316   0.330    14.9    13.7    12.6    10.4    10.2
04128 20170510  2.422 -119.69   43.47    25.9     1.9    13.9    15.7     0.0    28.45 C    40.4     1.1    19.0    83.6    13.5    39.4   0.158   0.232   0.224   0.313   0.328    16.3    14.8    13.6    11.0    10.6
04128 20170511  2.422 -119.69   43.47    20.7     3.0    11.9    13.0     0.0    18.05 C    29.0     3.4    14.2    88.3    20.1    48.1   0.150   0.222   0.219   0.312   0.323    14.7    14.5    13.9    11.5    11.1
04128 20170512  2.422 -119.69   43.47     9.3    -2.5     3.4     3.4     0.6    22.81 C    26.7    -2.5     7.8    92.5    26.5    66.2   0.145   0.217   0.215   0.309   0.320    12.1    12.7    12.7    11.5    11.2
04128 20170513  2.422 -119.69   43.47     9.3    -2.8     3.2     2.4     0.4    18.54 C    24.6    -3.9     5.8    91.2    31.3    67.7   0.142   0.213   0.211   0.308   0.318    10.0    11.2    11.5    11.2    11.0
04128 20170514  2.422 -119.69   43.47    10.3    -5.6     2.4     3.1     0.0    16.97 C    27.5    -6.5     6.4    92.1    34.0    61.7   0.141   0.211   0.208   0.305   0.315     9.1    10.1    10.5    10.7    10.6
04128 20170515  2.422 -119.69   43.47    15.2    -2.7     6.2     7.3     0.0    25.90 C    35.2    -3.9    12.3    90.2    18.6    49.8   0.142   0.210   0.207   0.303   0.311    11.5    11.0    10.6    10.2    10.2
04128 20170516  2.422 -119.69   43.47    10.8    -0.6     5.1     4.5     6.1    13.27 C    17.4    -0.8     5.5    91.4    46.5    75.5   0.148   0.207   0.205   0.301   0.310     9.7    10.9    11.1    10.4    10.3
04128 20170517  2.422 -119.69   43.47    11.5    -1.7     4.9     4.5     0.6    22.71 C    20.9    -2.3     6.5    87.2    42.4    66.8   0.156   0.206   0.203   0.301   0.307     8.6     9.2     9.7    10.1    10.1
04128 20170518  2.422 -119.69   43.47    17.3    -0.8     8.3     8.6     0.0    27.98 C    34.4    -1.6    12.5    91.5    24.6    57.1   0.154   0.208   0.203   0.297   0.304    12.0    11.0    10.4     9.8     9.8
04128 20170519  2.422 -119.69   43.47    21.3     3.2    12.2    12.7     0.0    29.12 C    37.9     1.3    17.0    77.7    21.9    46.8   0.148   0.206   0.202   0.297   0.302    14.8    13.3    12.2    10.2    10.1
04128 20170520  2.422 -119.69   43.47    21.4     4.6    13.0    13.4     0.0    30.43 C    37.4     3.1    17.4    75.6    13.3    47.7   0.140   0.200   0.199   0.295   0.300    16.2    14.8    13.6    11.0    10.7
04128 20170521  2.422 -119.69   43.47    21.9     4.1    13.0    12.8     0.0    30.23 C    38.8     3.1    17.9    88.2    23.8    56.1   0.133   0.190   0.195   0.293   0.297    17.1    15.5    14.3    11.6    11.2
04128 20170522  2.422 -119.69   43.47    24.4     1.8    13.1    14.6     0.0    29.62 C    42.2     1.0    19.2    90.0    18.8    50.3   0.126   0.182   0.190   0.290   0.294    18.0    16.4    15.1    12.2    11.8
04128 20170523  2.422 -119.69   43.47    29.4     4.5    16.9    18.8     0.0    29.60 C    45.2     3.1    22.7    77.9    14.9    39.3   0.118   0.172   0.184   0.287   0.290    19.3    17.4    16.0    12.7    12.3
04128 20170524  2.422 -119.69   43.47    18.4     1.2     9.8    11.8     0.0    31.74 C    34.7     0.7    16.0    75.6    11.5    38.0   0.109   0.163   0.178   0.283   0.287    18.2    17.6    16.5    13.4    12.9
04128 20170525  2.422 -119.69   43.47    15.7     0.7     8.2     8.1     0.0    20.89 C    34.9     0.0    12.3    83.2    32.2    55.6   0.102   0.157   0.171   0.281   0.282    15.3    15.6    15.4    13.5    13.1
04128 20170526  2.422 -119.69   43.47    20.4     0.8    10.6    11.0     0.0    25.92 C    41.2    -0.6    15.3    83.9    23.3    49.6   0.099   0.154   0.167   0.277   0.279    15.9    15.3    14.8    13.2    13.0
04128 20170527  2.422 -119.69   43.47    23.7     0.5    12.1    13.8     0.0    31.07 C    43.1    -0.9    19.0    81.5    14.2    41.8   0.096   0.152   0.164   0.273   0.273    18.0    16.4    15.4    13.2    12.9
04128 20170528  2.422 -119.69   43.47    26.1     1.8    13.9    15.8     0.0    31.01 C    44.1     1.0    20.6    80.8    15.3    40.4   0.091   0.149   0.160   0.266   0.269    19.5    17.6    16.4    13.6    13.3
04128 20170529  2.422 -119.69   43.47    27.7     3.7    15.7    17.6     0.0    30.85 C    45.6     2.0    21.7    66.8    13.5    33.9   0.087   0.145   0.156   0.261   0.264    20.5    18.4    17.2    14.1    13.7
04128 20170530  2.422 -119.69   43.47    28.2     4.8    16.5    17.7     1.8    18.65 C    44.0     3.8    18.7    72.6    14.4    43.3   0.082   0.142   0.151   0.254   0.258    18.6    18.1    17.4    14.5    14.1
04128 20170531  2.422 -119.69   43.47    19.0    10.0    14.5    14.1     0.0    13.44 C    31.8     9.4    16.1    75.9    36.1    56.1   0.081   0.139   0.147   0.251   0.253    16.8    16.6    16.3    14.5    14.2
04128 20170601  2.422 -119.69   43.47    22.4     8.7    15.6    14.1     0.2    22.43 C    36.5     7.3    17.9    89.8    24.2    56.6   0.082   0.139   0.145   0.247   0.248    18.1    16.8    16.2    14.4    14.0
04128 20170602  2.422 -119.69   43.47    24.4     8.0    16.2    15.5     0.0    28.38 C    43.6     6.4    20.7    76.0    23.1    49.8   0.082   0.138   0.144   0.242   0.243    19.7    17.8    16.8    14.4    14.1
04128 20170603  2.422 -119.69   43.47    27.9     4.5    16.2    17.6     0.4    26.38 C    44.8     3.9    22.2    86.5    15.1    49.3   0.079   0.136   0.142   0.235   0.236    20.6    18.7    17.6    14.8    14.4
04128 20170604  2.422 -119.69   43.47    18.7     3.3    11.0    12.9     0.3    13.55 C    32.1     0.8    13.9    77.0    32.0    58.0   0.076   0.134   0.140   0.230   0.231    17.5    17.8    17.5    15.2    14.7
04128 20170605  2.422 -119.69   43.47    22.5    -0.1    11.2    12.0     0.0    29.78 C    41.7    -2.0    17.6    75.6    16.0    39.5   0.076   0.132   0.136   0.225   0.226    18.1    16.9    16.4    14.9    14.6
04128 20170606  2.422 -119.69   43.47    29.7     5.9    17.8    18.1     0.0    28.71 C    47.2     5.1    22.9    62.3     8.7    33.4   0.076   0.132   0.136   0.220   0.219    21.0    18.7    17.5    14.9    14.6
04128 20170607  2.422 -119.69   43.47    25.9     6.3    16.1    18.7     0.0    19.52 C    39.4     6.0    20.7    74.3    11.0    34.4   0.073   0.131   0.135   0.215   0.210    20.0    19.1    18.2    15.4    15.0
04128 20170608  2.422 -119.69   43.47    19.4     6.2    12.8    12.5     4.4    13.36 C    33.7     6.2    13.2    89.3    31.4    57.4   0.070   0.129   0.133   0.211   0.207    16.8    17.4    17.3    15.5    15.1
04128 20170609  2.422 -119.69   43.47    15.4     1.4     8.4     7.8     2.0    13.94 C    23.6    -0.3     9.3    95.2    30.2    71.4   0.071   0.126   0.130   0.210   0.204    13.6    15.0    15.5    15.1    14.9
04128 20170610  2.422 -119.69   43.47    12.3    -0.8     5.7     5.5     5.6    21.36 C    22.3    -1.6     7.5    89.9    39.4    70.5   0.079   0.123   0.126   0.207   0.202    11.6    13.2    13.9    14.3    14.3
04128 20170611  2.422 -119.69   43.47    12.3     3.3     7.8     7.0     3.0    13.24 C    18.8     3.4     8.3    92.7    57.4    75.4   0.094   0.123   0.126   0.205   0.200    11.3    12.4    13.2    13.7    13.7
04128 20170612  2.422 -119.69   43.47    14.0     4.4     9.2     8.9     2.6    14.07 C    18.3     3.3     9.1    87.9    44.2    68.5   0.105   0.121   0.125   0.204   0.198    11.1    12.1    12.8    13.2    13.2
04128 20170613  2.422 -119.69   43.47    19.0     2.0    10.5    10.3     0.0    31.40 C    32.1     1.0    14.4    87.0    23.6    52.9   0.106   0.125   0.126   0.201   0.194    14.6    13.6    13.2    12.9    12.9
04128 20170614  2.422 -119.69   43.47    20.8    -0.5    10.2    12.1     0.0    23.21 C    33.0    -0.5    15.3    88.9    20.4    45.8   0.102   0.127   0.128   0.199   0.192    15.4    15.1    14.5    13.2    13.0
04128 20170615  2.422 -119.69   43.47    23.2     8.2    15.7    15.5     0.0    14.30 C    32.1     6.9    16.9    69.8    36.2    49.8   0.100   0.128   0.128   0.197   0.188    16.0    15.4    15.0    13.5    13.4
04128 20170616  2.422 -119.69   43.47    20.0     9.7    14.8    14.8     0.0    14.82 C    32.9     9.2    16.7    81.1    33.4    55.9   0.099   0.129   0.128   0.195   0.186    16.9    16.2    15.6    13.8    13.6
04128 20170617  2.422 -119.69   43.47    24.0     2.0    13.0    15.2     0.0    29.20 C    38.2     2.1    19.7    92.1    24.3    51.9   0.098   0.130   0.129   0.192   0.183    19.2    17.4    16.2    14.1    13.8
04128 20170618  2.422 -119.69   43.47    29.4     6.9    18.2    19.9     0.0    31.05 C    46.5     6.2    25.1    82.2    23.5    46.8   0.096   0.133   0.130   0.189   0.179    22.3    19.9    18.2    14.7    14.3
04128 20170619  2.422 -119.69   43.47    35.4     9.3    22.4    23.6     0.0    28.48 C    50.8     9.1    27.7    82.4    15.3    44.5   0.089   0.134   0.132   0.186   0.176    24.3    21.7    19.9    15.6    15.1
04128 20170620  2.422 -119.69   43.47    32.1    11.9    22.0    22.7     0.0    29.86 C    48.4    11.2    27.1    72.9     8.4    39.9   0.083   0.134   0.132   0.183   0.172    25.2    23.0    21.2    16.6    16.0
04128 20170621  2.422 -119.69   43.47    27.3     7.7    17.5    17.5     0.0    31.88 C    43.3     6.3    22.8    69.6     9.1    29.8   0.077   0.133   0.130   0.179   0.169    23.5    22.3    21.0    17.2    16.6
04128 20170622  2.422 -119.69   43.47    26.6     5.3    16.0    17.0     0.0    32.33 C    45.8     5.2    22.8    53.9     7.7    25.1   0.073   0.131   0.128   0.176   0.166    23.0    21.7    20.6    17.4    16.9
04128 20170623  2.422 -119.69   43.47    29.2     4.8    17.0    18.4     0.0    32.31 C    48.3     3.1    24.0    54.1     8.8    24.4   0.070   0.130   0.126   0.172   0.162    23.7    21.9    20.7    17.5    17.0
04128 20170624  2.422 -119.69   43.47    31.8     8.6    20.2    21.8     0.0    32.02 C    50.1     6.8    26.6    50.4     9.2    24.0   0.069   0.129   0.126   0.169   0.160    25.0    22.7    21.3    17.7    17.2
04128 20170625  2.422 -119.69   43.47    33.9     6.1    20.0    23.4     0.0    30.15 C    52.6     4.8    27.9    55.0     8.1    24.4   0.066   0.129   0.126   0.167   0.157    25.7    23.2    21.8    18.1    17.5
04128 20170626  2.422 -119.69   43.47    31.9     9.3    20.6    22.2     0.0    23.70 C    47.7     8.9    25.4    66.6     8.0    36.4   0.063   0.128   0.125   0.165   0.155    25.3    23.5    22.2    18.5    17.9
04128 20170627  2.422 -119.69   43.47    28.3     9.9    19.1    20.0     2.7    29.56 C    47.4     8.5    24.9    82.5    11.8    39.3   0.061   0.127   0.124   0.163   0.153    25.2    23.3    22.1    18.7    18.1
04128 20170628  2.422 -119.69   43.47    25.4     7.0    16.2    16.9     0.0    32.50 C    41.0     3.6    20.5    66.2     6.4    31.0   0.061   0.124   0.123   0.161   0.152    22.5    22.2    21.5    18.7    18.2
04128 20170629  2.422 -119.69   43.47    26.5     4.6    15.5    17.0     0.0    31.86 C    45.4     2.6    22.4    68.3    15.0    32.7   0.062   0.122   0.121   0.159   0.150    23.1    21.8    21.0    18.5    18.1
04128 20170630  2.422 -119.69   43.47    30.6     7.9    19.3    20.4     0.0    31.38 C    49.5     6.5    25.7    63.3    10.2    29.9   0.060   0.122   0.120   0.158   0.148    24.8    22.6    21.4    18.5    18.1
04128 20170701  2.422 -119.69   43.47    31.7    13.2    22.5    22.6     0.0    28.64 C    51.2    10.6    27.8    46.2    14.2    29.8   0.058   0.122   0.121   0.157   0.148    26.3    23.6    22.2    18.8    18.3
04128 20170702  2.422 -119.69   43.47    32.4    10.3    21.3    23.3     0.0    30.97 C    50.4     8.7    28.5    56.9    10.6    27.2   0.057   0.122   0.121   0.156   0.147    27.3    24.5    23.0    19.2    18.7
04128 20170703  2.422 -119.69   43.47    31.2    13.1    22.1    22.3     0.0    31.65 C    50.0    11.9    27.6    58.8     6.9    25.4   0.054   0.120   0.120   0.155   0.146    27.5    25.0    23.5    19.6    19.1
04128 20170704  2.422 -119.69   43.47    33.2    11.6    22.4    24.1     0.0    27.96 C    48.8     9.7    28.3    36.8    11.0    22.3   0.052   0.118   0.120   0.155   0.145    27.2    24.8    23.5    19.9    19.4
04128 20170705  2.422 -119.69   43.47    33.9    13.8    23.9    24.9     0.0    30.50 C    51.3    11.8    29.4    51.3     5.2    20.6   0.051   0.117   0.119   0.154   0.144    28.0    25.3    23.9    20.1    19.5
04128 20170706  2.422 -119.69   43.47    34.8     9.7    22.3    25.5     0.0    30.27 C    51.2     9.1    29.7    59.3     6.8    20.5   0.049   0.116   0.119   0.153   0.144    28.5    25.7    24.2    20.4    19.8
04128 20170707  2.422 -119.69   43.47    35.0    16.7    25.8    26.5     0.0    30.66 C    53.0    12.8    30.8    41.1     7.8    19.2   0.048   0.114   0.118   0.153   0.143    29.1    26.2    24.6    20.7    20.0
04128 20170708  2.422 -119.69   43.47    36.0    15.8    25.9    26.0     0.0    30.03 C    52.4    14.2    31.0    46.7     9.0    23.7   0.046   0.113   0.118   0.151   0.143    29.7    26.7    24.9    21.0    20.3
04128 20170709  2.422 -119.69   43.47    34.1    14.9    24.5    25.1     0.0    29.87 C    52.6    12.4    30.1    41.7    10.8    21.5   0.045   0.111   0.117   0.151   0.143    29.7    26.9    25.2    21.2    20.6
04128 20170710  2.422 -119.69   43.47    30.0    13.1    21.5    21.5     0.0    29.90 C    48.2    12.3    27.2    65.0    11.7    34.3   0.044   0.109   0.116   0.151   0.141    28.7    26.6    25.1    21.4    20.8
04128 20170711  2.422 -119.69   43.47    29.2     9.2    19.2    19.7     0.0    31.00 C    48.9     7.9    26.0    50.3    12.7    26.4   0.042   0.107   0.115   0.150   0.141    27.9    26.0    24.7    21.5    20.9
04128 20170712  2.422 -119.69   43.47    32.6    10.5    21.5    23.5     0.0    30.59 C    51.5     8.8    29.0    38.9    13.4    22.7   0.041   0.105   0.114   0.150   0.141    28.7    26.1    24.7    21.4    20.9
04128 20170713  2.422 -119.69   43.47    33.3    13.7    23.5    24.9     0.0    30.13 C    52.1    10.1    30.1    42.7    12.2    25.1   0.040   0.105   0.114   0.149   0.140    29.7    26.8    25.2    21.5    21.0
04128 20170714  2.422 -119.69   43.47    35.6    14.8    25.2    26.1     0.0    30.21 C    54.3    13.0    31.3    51.5     9.3    24.7   0.040   0.104   0.114   0.149   0.140    30.2    27.3    25.5    21.8    21.2
04128 20170715  2.422 -119.69   43.47    32.8    16.5    24.7    24.6     0.0    28.52 C    52.0    15.4    29.8    42.4    12.9    26.1   0.039   0.102   0.113   0.149   0.140    30.4    27.7    25.9    22.1    21.5
04128 20170716  2.422 -119.69   43.47    29.2     9.6    19.4    20.3     0.0    31.18 C    48.8     7.9    26.2    63.6     6.0    27.4   0.037   0.100   0.112   0.148   0.140    28.7    26.9    25.6    22.2    21.6
04128 20170717  2.422 -119.69   43.47    29.7    10.1    19.9    20.7     0.0    28.41 C    49.7     9.4    26.3    40.8    11.6    22.4   0.037   0.098   0.111   0.149   0.140    28.0    26.3    25.1    22.1    21.6
04128 20170718  2.422 -119.69   43.47    30.8    12.2    21.5    22.2     0.0    26.36 C    50.7     9.5    27.3    45.5     9.8    23.6   0.037   0.097   0.110   0.148   0.139    28.0    26.2    24.9    22.0    21.5
04128 20170719  2.422 -119.69   43.47    31.5    13.0    22.2    22.4     0.0    29.86 C    50.5    11.8    28.2    55.7     8.7    29.6   0.036   0.096   0.109   0.148   0.139    28.9    26.5    25.0    22.0    21.5
04128 20170720  2.422 -119.69   43.47    28.8    11.1    20.0    20.5     0.0    30.07 C    47.1    10.2    26.2    63.1     9.7    30.9   0.036   0.095   0.109   0.147   0.138    28.5    26.6    25.2    22.1    21.5
04128 20170721  2.422 -119.69   43.47    30.1     8.5    19.3    21.1     0.0    29.53 C    49.7     6.9    26.9    60.8    12.6    27.4   0.035   0.093   0.108   0.147   0.138    28.3    26.3    24.9    22.0    21.6
04128 20170722  2.422 -119.69   43.47    32.4    11.7    22.0    23.1     0.0    30.01 C    52.0     8.9    28.6    38.1     9.2    20.4   0.035   0.094   0.107   0.146   0.138    29.0    26.6    25.1    22.0    21.6
04128 20170723  2.422 -119.69   43.47    35.8    15.6    25.7    26.3     0.0    28.27 C    54.8    13.2    31.7    43.1     9.5    22.9   0.035   0.093   0.108   0.146   0.138    30.4    27.3    25.5    22.2    21.7
04128 20170724  2.422 -119.69   43.47    32.8    18.3    25.6    24.0     2.5    17.13 C    53.3    15.5    26.2    75.9    15.0    35.0   0.034   0.092   0.108   0.146   0.138    28.4    27.2    25.9    22.5    21.9
04128 20170725  2.422 -119.69   43.47    32.6    13.8    23.2    23.8     0.0    26.28 C    50.1    11.3    27.6    55.8    13.3    29.2   0.038   0.090   0.105   0.145   0.138    27.0    25.7    24.7    22.4    21.9
04128 20170726  2.422 -119.69   43.47    31.8    11.9    21.8    21.8     1.8    24.15 C    51.8    10.3    26.1    76.1    15.0    41.7   0.038   0.091   0.106   0.145   0.138    27.6    26.4    25.0    22.2    21.8
04128 20170727  2.422 -119.69   43.47    31.0     8.3    19.6    21.3     0.0    21.66 C    50.3     7.2    24.5    85.6    15.6    41.2   0.039   0.090   0.104   0.145   0.138    25.2    24.8    24.1    22.1    21.7
04128 20170728  2.422 -119.69   43.47    34.0    15.3    24.6    24.8     0.0    27.75 C    50.9    13.3    29.4    43.9     8.5    24.4   0.039   0.091   0.104   0.144   0.138    27.9    25.6    24.3    21.9    21.5
04128 20170729  2.422 -119.69   43.47    34.3    15.9    25.1    25.1     0.0    27.48 C    52.9    14.1    29.9    35.4     7.6    20.0   0.038   0.092   0.104   0.145   0.138    29.1    26.6    25.1    22.0    21.6
04128 20170730  2.422 -119.69   43.47    33.7    16.2    25.0    25.2     0.0    28.08 C    51.6    13.6    29.5    31.5    10.0    17.9   0.036   0.091   0.105   0.145   0.138    29.4    27.0    25.5    22.3    21.8
04128 20170731  2.422 -119.69   43.47    35.9    12.5    24.2    26.5     0.0    26.68 C    54.0    11.5    31.1    32.6     8.5    16.5   0.035   0.091   0.105   0.145   0.138    30.0    27.2    25.7    22.5    21.9
04128 20170801  2.422 -119.69   43.47    36.6    17.0    26.8    27.5     0.0    23.31 C    55.8    13.5    31.0    30.5     8.7    16.7   0.035   0.091   0.105   0.145   0.138    30.5    27.7    26.1    22.7    22.2
04128 20170802  2.422 -119.69   43.47    37.1    17.8    27.5    27.9     0.0    25.66 C    54.9    14.8    31.7    25.5     7.6    15.1   0.034   0.091   0.104   0.145   0.138    30.7    28.0    26.3    22.9    22.3
04128 20170803  2.422 -119.69   43.47    36.6    15.7    26.1    26.3     0.0    27.24 C    52.5    13.1    29.9    29.6     3.9    15.2   0.033   0.089   0.104   0.145   0.138    30.2    27.9    26.4    23.1    22.5
04128 20170804  2.422 -119.69   43.47    34.8    17.6    26.2    25.8     0.0    27.71 C    52.5    13.6    29.5    32.5     4.2    15.8   0.033   0.089   0.103   0.145   0.138    29.9    27.7    26.3    23.2    22.6
04128 20170805  2.422 -119.69   43.47    33.1    11.1    22.1    24.2     0.0    26.96 C    50.6     6.6    28.3    40.8     3.1    16.4   0.032   0.087   0.102   0.144   0.138    29.1    27.4    26.0    23.2    22.6
04128 20170806  2.422 -119.69   43.47    27.0    17.4    22.2    22.4     0.0     8.48 C    36.6    15.1    23.6    27.3    13.8    19.3   0.030   0.086   0.101   0.144   0.138    26.4    26.2    25.5    23.1    22.6
04128 20170807  2.422 -119.69   43.47    30.5    13.0    21.8    21.9     0.0    23.17 C    49.2    11.7    26.5    52.3    14.2    28.8   0.031   0.085   0.099   0.144   0.137    27.6    25.5    24.6    22.7    22.3
04128 20170808  2.422 -119.69   43.47    32.3    11.6    21.9    22.6     0.0    22.97 C    50.0    10.7    27.0    58.2    10.8    29.9   0.032   0.085   0.100   0.145   0.136    27.9    26.0    24.9    22.5    22.2
04128 20170809  2.422 -119.69   43.47    31.8    13.1    22.5    21.8     0.0    16.26 C    48.1    10.8    24.2    42.4    15.5    29.2   0.030   0.084   0.100   0.145   0.136    26.3    25.6    24.8    22.5    22.1
04128 20170810  2.422 -119.69   43.47    32.0     8.5    20.2    21.6     0.6    20.76 C    51.8     7.4    24.4    59.8    13.3    33.4   0.031   0.082   0.099   0.144   0.136    26.0    25.0    24.2    22.4    22.0
04128 20170811  2.422 -119.69   43.47    32.6    10.7    21.6    22.7     0.0    23.47 C    51.3     7.8    26.7    64.9     8.7    31.7   0.031   0.083   0.098   0.143   0.136    26.8    25.1    24.1    22.1    21.8
04128 20170812  2.422 -119.69   43.47    30.1    15.6    22.9    21.9     0.9    20.15 C    49.1    13.2    24.6    58.9    19.4    37.9   0.031   0.083   0.098   0.143   0.136    26.6    25.5    24.5    22.2    21.8
04128 20170813  2.422 -119.69   43.47    20.2    11.1    15.7    16.4     0.6     9.41 C    30.1     9.6    17.4    80.6    28.1    49.8   0.029   0.081   0.096   0.143   0.136    22.0    23.3    23.4    22.1    21.8
04128 20170814  2.422 -119.69   43.47    26.0     9.3    17.6    17.5     0.0    24.95 C    44.2     8.8    22.5    80.6     7.9    39.2   0.032   0.080   0.095   0.143   0.135    23.6    22.8    22.3    21.5    21.3
04128 20170815  2.422 -119.69   43.47    28.2    11.6    19.9    19.4     0.0    24.46 C    47.6     7.9    24.1    35.2     8.9    20.7   0.032   0.082   0.095   0.142   0.135    25.0    23.7    22.9    21.3    21.0
04128 20170816  2.422 -119.69   43.47    28.8     8.1    18.4    19.6     0.0    26.64 C    46.2     6.1    23.8    39.8    14.2    23.7   0.031   0.082   0.096   0.142   0.135    25.3    24.1    23.2    21.3    21.1
04128 20170817  2.422 -119.69   43.47    30.2     9.2    19.7    20.4     0.0    26.58 C    48.0     6.1    24.2    69.7     8.1    27.3   0.031   0.082   0.096   0.142   0.134    25.7    24.4    23.5    21.4    21.1
04128 20170818  2.422 -119.69   43.47    31.7     9.2    20.4    21.1     0.0    26.17 C    49.3     5.6    24.7    32.9     7.0    18.6   0.030   0.082   0.096   0.142   0.134    25.9    24.6    23.6    21.5    21.2
04128 20170819  2.422 -119.69   43.47    28.1     9.8    18.9    19.4     0.0    26.15 C    44.8     6.6    23.5    48.4    10.8    27.7   0.029   0.081   0.096   0.142   0.135    25.6    24.6    23.7    21.5    21.2
04128 20170820  2.422 -119.69   43.47    28.3     6.3    17.3    19.7     0.0    25.35 C    46.7     4.8    23.8    61.4     9.4    27.3   0.030   0.080   0.096   0.142   0.135    25.2    24.3    23.5    21.5    21.2
04128 20170821  2.422 -119.69   43.47    30.0    10.2    20.1    19.9     0.0    21.91 C    46.9     8.1    23.3    45.0    11.4    25.8   0.030   0.081   0.095   0.141   0.134    25.4    24.3    23.4    21.5    21.2
04128 20170822  2.422 -119.69   43.47    34.7     8.2    21.4    22.7     0.0    19.75 C    52.3     6.7    26.0    44.0     8.5    24.3   0.030   0.080   0.095   0.142   0.134    25.7    24.2    23.4    21.4    21.1
04128 20170823  2.422 -119.69   43.47    28.6    10.9    19.7    20.7     0.6    14.04 C    43.9     9.6    23.1    86.6    23.0    45.4   0.029   0.081   0.095   0.142   0.134    25.8    24.8    23.8    21.5    21.2
04128 20170824  2.422 -119.69   43.47    29.3     7.2    18.3    19.0     0.0    20.45 C    42.6     6.0    22.0    89.5    15.2    50.1   0.030   0.079   0.094   0.141   0.134    23.9    23.5    23.0    21.5    21.2
04128 20170825  2.422 -119.69   43.47    30.3    11.4    20.8    20.4     0.0    23.28 C    46.1     9.9    24.4    51.9    12.1    30.7   0.031   0.079   0.094   0.141   0.135    25.1    23.9    23.0    21.3    21.0
04128 20170826  2.422 -119.69   43.47    33.4    10.5    21.9    22.3     0.0    23.93 C    49.2     7.4    25.5    39.1     8.2    21.2   0.031   0.080   0.094   0.141   0.134    25.8    24.3    23.3    21.3    21.0
04128 20170827  2.422 -119.69   43.47    36.7     9.5    23.1    25.4     0.0    22.06 C    52.2     8.2    28.8    41.5     9.0    19.6   0.030   0.080   0.095   0.141   0.135    27.2    25.0    23.7    21.5    21.1
04128 20170828  2.422 -119.69   43.47    34.1    15.9    25.0    25.6     0.0    13.27 C    49.6    12.5    26.4    39.8    11.3    21.1   0.030   0.081   0.095   0.142   0.135    27.1    25.5    24.4    21.7    21.3
04128 20170829  2.422 -119.69   43.47    35.0    13.4    24.2    24.4     0.0    22.96 C    48.4     8.5    26.5    42.0     7.2    20.8   0.030   0.080   0.094   0.142   0.135    26.4    24.8    23.9    21.7    21.4
04128 20170830  2.422 -119.69   43.47    33.0     8.8    20.9    22.7     0.0    22.25 C    47.5     8.7    25.6    52.5     5.7    25.1   0.029   0.081   0.094   0.141   0.135    26.9    25.4    24.2    21.7    21.4
04128 20170831  2.422 -119.69   43.47    29.4    11.0    20.2    19.7     0.0    23.76 C    45.1     9.5    23.3    45.7     8.2    25.7   0.030   0.079   0.094   0.141   0.135    25.6    24.7    23.9    21.8    21.5
04128 20170901  2.422 -119.69   43.47    32.8     7.9    20.4    21.3     0.0    23.91 C    49.6     6.2    24.9    41.2     9.7    22.5   0.029   0.079   0.094   0.141   0.135    26.0    24.6    23.7    21.7    21.4
04128 20170902  2.422 -119.69   43.47    36.4     8.9    22.6    23.1     0.0    23.35 C    52.2     7.0    26.2    46.4     8.1    22.4   0.029   0.079   0.093   0.141   0.134    26.6    24.9    23.9    21.7    21.4
04128 20170903  2.422 -119.69   43.47    37.3    11.0    24.2    25.9     0.0    22.59 C    52.9     8.6    28.7    39.7     7.3    18.8   0.029   0.079   0.094   0.141   0.134    27.5    25.4    24.2    21.8    21.4
04128 20170904  2.422 -119.69   43.47    36.9    16.1    26.5    26.6     0.0    19.67 C    48.2    12.8    27.9    29.9     7.2    16.9   0.030   0.079   0.094   0.141   0.134    28.1    26.0    24.7    22.0    21.6
04128 20170905  2.422 -119.69   43.47    36.2    11.3    23.7    23.7     0.0    19.05 C    48.9     9.8    25.1    37.3     5.3    19.3   0.029   0.079   0.094   0.141   0.134    26.4    25.2    24.4    22.1    21.7
04128 20170906  2.422 -119.69   43.47    32.4    12.8    22.6    22.8     0.0    15.68 C    42.7     9.5    23.8    41.1     9.7    23.7   0.027   0.077   0.093   0.141   0.135    25.0    24.3    23.8    22.0    21.7
04128 20170907  2.422 -119.69   43.47    29.6    15.0    22.3    20.5     0.4    13.65 C    46.0    12.4    22.6    69.4    22.0    46.9   0.028   0.077   0.092   0.141   0.134    24.9    24.1    23.5    21.8    21.5
04128 20170908  2.422 -119.69   43.47    28.8    11.9    20.3    19.6     3.6    20.02 C    43.9    10.1    22.9    86.3    15.7    54.1   0.028   0.077   0.092   0.140   0.134    24.3    23.7    23.1    21.6    21.4
04128 20170909  2.422 -119.69   43.47    28.3    11.1    19.7    19.9     0.0    20.69 C    38.2     9.1    21.1    85.9    21.3    47.1   0.035   0.076   0.091   0.139   0.133    22.6    23.0    22.7    21.5    21.2
04128 20170910  2.422 -119.69   43.47    27.2     9.3    18.2    18.5     0.0    20.61 C    43.9     7.0    20.7    70.2    21.1    40.6   0.038   0.076   0.090   0.139   0.133    21.9    22.3    22.1    21.2    21.0
04128 20170911  2.422 -119.69   43.47    31.0    10.0    20.5    21.0     0.0    21.07 C    45.1     7.7    23.3    62.1    15.5    33.6   0.038   0.077   0.090   0.139   0.132    22.9    22.4    22.0    20.9    20.7
04128 20170912  2.422 -119.69   43.47    28.0    10.6    19.3    19.4     1.4    10.19 C    39.5     9.1    20.4    91.0    23.0    47.4   0.036   0.078   0.091   0.139   0.133    22.1    22.2    22.0    20.9    20.6
04128 20170913  2.422 -119.69   43.47    27.8     6.3    17.0    18.2     0.0    20.47 C    38.3     4.1    19.3    89.0    11.6    44.1   0.037   0.077   0.090   0.139   0.133    20.8    21.3    21.3    20.7    20.5
04128 20170914  2.422 -119.69   43.47    17.9     4.1    11.0    11.3     0.7    13.05 C    28.4     2.5    12.3    78.1    21.2    38.0   0.035   0.075   0.089   0.139   0.132    17.7    19.7    20.5    20.4    20.2
04128 20170915  2.422 -119.69   43.47    18.3    -0.9     8.7     9.8     0.0    18.73 C    31.4    -2.1    11.5    64.5    20.9    41.7   0.034   0.075   0.087   0.137   0.131    15.9    17.8    18.9    19.7    19.7
04128 20170916  2.422 -119.69   43.47    17.8    -2.9     7.5     8.1     0.0    15.79 C    29.8    -4.0    10.6    71.4    16.0    37.8   0.032   0.073   0.086   0.136   0.130    14.9    16.7    17.9    19.0    19.1
04128 20170917  2.422 -119.69   43.47    22.2    -2.1    10.1    11.6     0.0    17.76 C    34.3    -2.9    14.4    64.2    15.3    37.3   0.032   0.074   0.086   0.135   0.129    16.2    16.8    17.6    18.5    18.6
04128 20170918  2.422 -119.69   43.47    14.7     3.7     9.2    10.2     0.0     8.79 C    21.9     2.6    11.3    78.8    29.7    57.4   0.031   0.074   0.087   0.135   0.129    15.9    17.3    18.0    18.2    18.3
04128 20170919  2.422 -119.69   43.47    12.9     2.7     7.8     7.7     0.0    13.79 C    23.9     1.5     9.6    86.9    36.1    57.8   0.029   0.072   0.085   0.135   0.129    13.7    15.5    16.7    17.9    18.0
04128 20170920  2.422 -119.69   43.47    11.6    -0.5     5.5     6.6     2.3    10.00 C    17.4    -2.9     6.5    89.6    38.4    69.8   0.029   0.072   0.085   0.134   0.128    11.9    14.6    16.0    17.4    17.6
04128 20170921  2.422 -119.69   43.47    10.2    -2.2     4.0     4.0     0.0    13.33 C    22.9    -3.9     5.5    91.9    34.0    62.8   0.030   0.070   0.083   0.133   0.127    10.0    12.8    14.5    16.8    17.1
04128 20170922  2.422 -119.69   43.47    10.6    -2.2     4.2     4.3     0.0     9.51 C    21.9    -3.3     5.2    90.0    35.3    66.3   0.031   0.069   0.082   0.132   0.127     9.5    12.2    13.8    16.1    16.5
04128 20170923  2.422 -119.69   43.47    13.4    -1.5     5.9     5.3     0.0    14.89 C    30.6    -4.2     6.9    91.7    27.9    58.7   0.033   0.069   0.081   0.131   0.126    10.2    12.2    13.4    15.6    16.0
04128 20170924  2.422 -119.69   43.47    17.1     0.8     9.0     8.6     0.0    17.68 C    31.7    -2.0    10.1    76.5    22.9    48.1   0.034   0.070   0.082   0.130   0.125    11.7    12.8    13.6    15.3    15.6
04128 20170925  2.422 -119.69   43.47    18.3     2.2    10.3    11.5     0.0    13.20 C    32.1    -1.3    13.6    72.2    29.3    44.9   0.034   0.072   0.083   0.130   0.124    13.5    13.8    14.3    15.2    15.4
04128 20170926  2.422 -119.69   43.47    21.0     2.8    11.9    12.2     0.0    18.88 C    38.0     1.3    15.4    67.5    24.8    45.0   0.035   0.074   0.085   0.129   0.125    16.4    15.7    15.5    15.4    15.6
04128 20170927  2.422 -119.69   43.47    21.9    -0.7    10.6    10.6     0.0    19.29 C    34.2    -2.5    12.0    79.7    19.1    45.1   0.032   0.074   0.085   0.131   0.125    14.9    15.5    15.8    15.7    15.8
04128 20170928  2.422 -119.69   43.47    23.2    -2.2    10.5    10.5     0.0    19.16 C    36.0    -3.2    12.4    74.3    13.0    40.5   0.032   0.074   0.085   0.130   0.125    14.8    15.3    15.6    15.8    15.9
04128 20170929  2.422 -119.69   43.47    21.1    -0.6    10.2    10.8     0.0    11.12 C    31.7    -2.5    11.9    76.6    26.6    50.4   0.030   0.073   0.085   0.131   0.126    14.0    14.8    15.4    15.8    15.8
04128 20170930  2.422 -119.69   43.47    15.0     2.7     8.8     8.7     0.0    18.07 C    27.4     0.8    11.1    92.0    26.6    59.0   0.031   0.073   0.085   0.130   0.125    14.4    15.1    15.4    15.7    15.8
04128 20171001  2.422 -119.69   43.47    11.6     0.0     5.8     5.2     0.5    10.60 C    24.4    -1.9     5.9    91.0    29.9    64.3   0.028   0.072   0.084   0.131   0.126    11.4    13.7    14.8    15.6    15.7
04128 20171002  2.422 -119.69   43.47     8.5    -1.7     3.4     2.4     0.0    12.21 C    19.1    -5.3     3.8    91.0    44.1    75.5   0.028   0.069   0.082   0.130   0.125     9.3    11.8    13.3    15.1    15.3
04128 20171003  2.422 -119.69   43.47    13.8    -5.3     4.2     5.0     0.0    18.12 C    25.6    -7.4     6.2    90.8    25.5    54.4   0.028   0.069   0.081   0.128   0.125     9.7    11.4    12.6    14.5    14.8
04128 20171004  2.422 -119.69   43.47    14.4     0.9     7.6     6.5     0.0    15.93 C    28.1    -1.1     8.1    70.6    26.0    48.6   0.029   0.070   0.082   0.129   0.124    10.6    11.8    12.7    14.2    14.4
04128 20171005  2.422 -119.69   43.47    16.7    -3.1     6.8     8.0     0.0    16.72 C    29.7    -5.2     9.6    70.8    17.0    39.7   0.029   0.070   0.082   0.128   0.124    11.5    12.3    12.9    14.0    14.3
04128 20171006  2.422 -119.69   43.47    23.9     1.4    12.6    12.5     0.0    16.85 C    33.9    -1.1    13.0    52.5     8.6    27.8   0.029   0.071   0.083   0.128   0.123    12.7    12.9    13.3    14.0    14.2
04128 20171007  2.422 -119.69   43.47    16.6     2.2     9.4     8.9     0.0    17.00 C    27.0     0.8    10.2    76.2    27.2    46.5   0.028   0.072   0.083   0.128   0.123    12.9    13.6    13.9    14.1    14.3
04128 20171008  2.422 -119.69   43.47    10.9    -3.7     3.6     4.2     0.0    12.67 C    19.9    -5.8     4.9    90.0    29.3    60.2   0.027   0.070   0.082   0.128   0.124    10.1    12.2    13.2    14.2    14.3
04128 20171009  2.422 -119.69   43.47    13.1    -9.5     1.8     3.2     0.0    15.00 C    21.9   -11.2     4.3    89.3    17.6    46.3   0.027   0.068   0.081   0.128   0.123     8.3    10.4    11.9    13.8    14.0
04128 20171010  2.422 -119.69   43.47    16.9    -7.6     4.7     6.3     0.0    12.81 C    26.0    -8.9     7.1    66.4    16.4    35.9   0.027   0.068   0.081   0.127   0.123     9.2    10.5    11.6    13.3    13.6
04128 20171011  2.422 -119.69   43.47     9.6    -4.5     2.6     2.3     0.0    14.06 C    21.3    -7.7     4.1    89.1    22.5    64.3   0.026   0.069   0.080   0.126   0.122     9.1    10.9    11.8    13.2    13.4
04128 20171012  2.422 -119.69   43.47     9.4    -5.3     2.0     2.4     0.0     6.77 C    11.9    -6.4     2.9    83.4    38.5    62.0   0.025   0.067   0.079   0.125   0.122     6.6     9.2    10.8    12.9    13.2
04128 20171013  2.422 -119.69   43.47     4.2    -4.1     0.1     0.3     9.7     4.73 C     4.7    -6.1     0.1    95.9    66.1    89.5   0.039   0.067   0.079   0.125   0.121     5.4     8.5    10.2    12.5    12.8
04128 20171014  2.422 -119.69   43.47     7.3    -9.8    -1.2    -1.7     0.0    15.99 C    13.3   -10.3    -0.6    92.2    50.5    79.3   0.063   0.065   0.078   0.124   0.121     4.8     7.3     9.1    11.9    12.4
04128 20171015  2.422 -119.69   43.47    12.0    -7.4     2.3     0.9     0.0    15.01 C    16.2    -7.5     1.3    89.7    31.0    68.1   0.061   0.065   0.077   0.124   0.120     4.3     6.9     8.7    11.5    11.9
04128 20171016  2.422 -119.69   43.47    18.7    -5.8     6.5     4.7     0.0    15.55 C    24.0    -6.1     5.2    88.6    22.2    61.1   0.069   0.066   0.078   0.123   0.120     5.8     7.3     8.6    11.1    11.6
04128 20171017  2.422 -119.69   43.47    19.8    -1.9     8.9     8.2     0.0    12.48 C    25.0    -3.2     7.3    84.1    18.8    50.9   0.076   0.068   0.078   0.124   0.121     7.2     8.3     9.3    11.0    11.4
04128 20171018  2.422 -119.69   43.47    22.8    -3.1     9.9     9.5     0.0    14.07 C    27.6    -4.1     8.6    88.2    10.6    44.5   0.077   0.070   0.079   0.124   0.121     8.3     9.2     9.8    11.1    11.4
04128 20171019  2.422 -119.69   43.47    16.4     1.2     8.8    11.0     4.5     5.80 C    17.5     1.3     9.3    93.0    22.3    41.4   0.076   0.071   0.080   0.124   0.121     8.3     9.4    10.2    11.3    11.6
04128 20171020  2.422 -119.69   43.47     6.8    -0.7     3.0     2.4     0.6     9.16 C    10.7    -1.9     2.5    93.7    50.7    75.0   0.093   0.071   0.079   0.124   0.119     5.8     8.5     9.8    11.3    11.6
04128 20171021  2.422 -119.69   43.47     7.1    -1.5     2.8     2.9    12.2     4.35 C     4.9    -2.0     1.5    96.0    73.9    86.0   0.123   0.073   0.078   0.124   0.121     3.0     5.9     8.1    11.0    11.3
04128 20171022  2.422 -119.69   43.47    12.9     2.6     7.8     8.3     4.0     6.08 C    15.8     1.4     7.7    93.8    62.2    78.7   0.166   0.133   0.079   0.123   0.120     7.2     7.3     8.1    10.4    10.8
04128 20171023  2.422 -119.69   43.47    14.3    -0.7     6.8     5.0     0.0    14.11 C    18.3    -1.1     5.7    95.9    40.5    79.3   0.165   0.151   0.086   0.123   0.120     7.2     8.2     9.0    10.4    10.8
04128 20171024  2.422 -119.69   43.47    17.4    -3.0     7.2     5.6     0.0    14.19 C    19.0    -2.7     5.3    92.6    35.1    70.8   0.150   0.148   0.094   0.123   0.121     6.7     7.9     8.9    10.4    10.8
04128 20171025  2.422 -119.69   43.47    21.1    -2.8     9.1     8.5     0.0    13.97 C    22.1    -3.3     7.1    91.3    17.8    57.5   0.141   0.143   0.100   0.124   0.121     6.9     7.8     8.7    10.3    10.7
04128 20171026  2.422 -119.69   43.47    17.1     1.4     9.3     8.5     0.0    12.61 C    22.9     0.3     8.5    92.7    44.4    72.1   0.137   0.140   0.104   0.125   0.120     8.7     9.0     9.4    10.3    10.6
04128 20171027  2.422 -119.69   43.47 -9999.0 -9999.0 -9999.0 -9999.0 -9999.0 -9999.00 U -9999.0 -9999.0 -9999.0 -9999.0 -9999.0 -9999.0 -99.000 -99.000 -99.000 -99.000 -99.000 -9999.0 -9999.0 -9999.0 -9999.0 -9999.0
04128 20171028  2.422 -119.69   43.47    20.4    -1.0     9.7     8.2     0.0    12.22 C    24.2    -1.8     8.0    93.9    27.7    67.8   0.127   0.135   0.104   0.124   0.120     8.3     9.0     9.7    10.7    10.9
04128 20171029  2.422 -119.69   43.47    21.0    -0.6    10.2     9.8     0.0    12.19 C    25.6    -2.0     9.2    91.4    23.7    61.8   0.125   0.133   0.105   0.125   0.121     8.5     9.1     9.7    10.7    10.9
04128 20171030  2.422 -119.69   43.47    11.3    -1.1     5.1     5.0     0.0     6.61 C    15.7    -2.5     4.9    87.4    49.1    68.2   0.120   0.131   0.104   0.125   0.121     7.5     8.8     9.7    10.7    10.9
04128 20171031  2.422 -119.69   43.47    14.0    -3.9     5.1     5.4     0.0    11.92 C    19.3    -5.5     5.0    73.1    14.2    41.2   0.115   0.128   0.102   0.125   0.122     5.5     7.0     8.4    10.5    10.7
04128 20171101  2.422 -119.69   43.47    16.0    -0.8     7.6     8.7     0.0    10.94 C    21.1    -2.8     8.0    77.3    27.8    43.1   0.115   0.128   0.102   0.125   0.121     7.5     7.9     8.6    10.1    10.4
04128 20171102  2.422 -119.69   43.47    10.7     1.5     6.1     6.5     0.0     3.55 C    12.9     1.5     6.0    72.1    45.0    58.4   0.111   0.127   0.102   0.125   0.121     6.7     7.7     8.7    10.1    10.4
04128 20171103  2.422 -119.69   43.47     5.6    -2.1     1.8     0.6     7.8     2.62 C     4.6    -2.2     0.7    96.1    65.6    88.5   0.120   0.125   0.102   0.126   0.121     4.7     6.6     8.0     9.9    10.3
04128 20171104  2.422 -119.69   43.47     1.4    -9.3    -4.0    -3.3     0.0    10.87 C     8.6   -10.5    -2.6    93.7    72.0    86.0   0.141   0.129   0.099   0.125   0.120     3.0     5.0     6.6     9.4     9.8
04128 20171105  2.422 -119.69   43.47     4.5    -6.8    -1.2    -0.6     0.7     5.60 C     8.3    -6.5    -0.7    93.1    70.2    82.2   0.138   0.133   0.099   0.124   0.120     1.9     3.8     5.6     8.8     9.3
04128 20171106  2.422 -119.69   43.47     0.9   -10.6    -4.8    -3.5     0.0     7.32 C     6.9    -9.0    -2.9    91.9    51.6    77.3   0.139   0.134   0.098   0.124   0.119     1.9     3.6     5.1     8.3     8.8
04128 20171107  2.422 -119.69   43.47     2.5   -12.6    -5.1    -3.8     0.0     7.81 C     5.4   -11.3    -3.3    92.0    57.0    75.8   0.130   0.134   0.099   0.122   0.119     0.4     2.5     4.4     7.9     8.4
04128 20171108  2.422 -119.69   43.47     7.5    -6.1     0.7     0.7     4.1     5.40 C     9.2    -5.9     0.4    91.3    55.0    74.7   0.129   0.134   0.098   0.122   0.118     1.0     2.4     3.9     7.4     7.9
04128 20171109  2.422 -119.69   43.47     7.2    -0.8     3.2     2.4     4.7     4.47 C     8.3    -1.5     2.2    95.8    63.5    86.9   0.191   0.172   0.104   0.121   0.117     2.6     3.2     4.3     7.1     7.7
04128 20171110  2.422 -119.69   43.47     6.0    -1.6     2.2     2.6     1.0     3.32 C     7.3    -1.8     2.1    95.1    71.2    85.3   0.180   0.192   0.114   0.122   0.118     3.1     3.9     4.8     7.1     7.6
04128 20171111  2.422 -119.69   43.47     8.1    -1.4     3.3     2.0     0.0     6.69 C    11.4    -1.8     2.2    96.2    51.9    85.2   0.178   0.204   0.116   0.122   0.117     3.5     4.2     5.1     7.2     7.6
04128 20171112  2.422 -119.69   43.47     7.3    -4.1     1.6     1.1     0.0     4.34 C     8.6    -3.6     0.8    94.5    64.5    85.6   0.168   0.205   0.119   0.122   0.117     2.9     4.0     5.1     7.2     7.6
04128 20171113  2.422 -119.69   43.47    11.8    -4.3     3.8     5.1     0.0     7.41 C    13.6    -4.1     3.6    91.7    51.1    68.4   0.161   0.202   0.122   0.122   0.118     3.2     4.0     4.9     7.1     7.5
04128 20171114  2.422 -119.69   43.47     7.4    -6.4     0.5     0.7     0.0     9.86 C    11.1    -5.9     0.5    90.0    38.3    69.0   0.156   0.199   0.125   0.123   0.117     2.8     4.1     5.1     7.1     7.5
04128 20171115  2.422 -119.69   43.47     6.6    -6.2     0.2     2.5     0.9     2.97 C     5.8    -6.0     0.9    90.8    58.1    75.0   0.149   0.193   0.126   0.122   0.118     1.7     3.0     4.4     6.9     7.4
04128 20171116  2.422 -119.69   43.47     4.9    -2.6     1.2     1.9     0.3     4.43 C     8.5    -3.1     1.4    86.3    56.7    75.9   0.153   0.191   0.126   0.122   0.117     2.7     3.6     4.4     6.7     7.1
04128 20171117  2.422 -119.69   43.47     4.1    -8.5    -2.2    -1.0     0.0     7.56 C     8.5    -7.8    -1.4    89.8    43.1    71.4   0.146   0.189   0.126   0.122   0.117     1.5     3.0     4.1     6.6     7.0
04128 20171118  2.422 -119.69   43.47     4.6   -11.4    -3.4    -4.2     0.0     8.61 C     6.4   -10.5    -3.9    90.8    46.0    75.0 -99.000   0.185   0.125   0.121   0.117     0.2     2.0     3.4     6.3     6.8
04128 20171119  2.422 -119.69   43.47     5.5   -10.8    -2.6    -0.6     0.0     7.10 C     7.8   -10.2    -1.3    90.6    44.8    67.2 -99.000   0.179   0.124   0.120   0.118    -0.2     1.4     2.8     5.9     6.4
04128 20171120  2.422 -119.69   43.47    11.1     3.2     7.1     6.6     0.3     1.83 C    10.4     1.2     5.0    92.1    51.0    76.6   0.137   0.178   0.123   0.120   0.117     1.9     2.2     3.0     5.6     6.1
04128 20171121  2.422 -119.69   43.47    13.0     5.0     9.0     8.5     2.3     1.06 C     9.3     2.7     7.0    94.9    61.4    86.4   0.150   0.182   0.126   0.121   0.117     5.0     4.5     4.6     5.8     6.2
04128 20171122  2.422 -119.69   43.47    14.0     6.6    10.3     9.8     0.0     2.09 C    12.6     5.5     8.1    92.0    53.3    75.6   0.158   0.187   0.128   0.122   0.118     6.9     6.3     6.2     6.4     6.7
04128 20171123  2.422 -119.69   43.47    17.0     6.2    11.6    11.2     1.2     5.83 C    17.8     4.3     9.1    91.3    39.7    63.5   0.157   0.192   0.131   0.124   0.118     7.4     7.1     7.1     7.1     7.2
04128 20171124  2.422 -119.69   43.47     7.9    -4.4     1.7     2.0     1.4     8.21 C    12.1    -4.0     2.2    92.1    34.0    76.0   0.160   0.192   0.132   0.125   0.120     5.2     6.5     7.1     7.5     7.6
04128 20171125  2.422 -119.69   43.47     7.0    -4.4     1.3     0.9     0.0     3.51 C     8.9    -4.5     0.5    92.0    66.6    83.4   0.154   0.191   0.131   0.125   0.120     3.0     4.4     5.5     7.3     7.6
04128 20171126  2.422 -119.69   43.47    13.8    -1.7     6.0     5.0     3.7     3.50 C    12.0    -2.4     3.3    93.3    44.8    75.2   0.155   0.191   0.131   0.125   0.120     3.3     4.1     5.0     6.9     7.2
04128 20171127  2.422 -119.69   43.47     5.1    -7.2    -1.1    -0.4     0.0     7.34 C    10.1    -6.6    -0.2    92.4    56.9    80.9   0.170   0.197   0.133   0.125   0.119     3.0     4.2     5.0     6.7     7.0
04128 20171128  2.422 -119.69   43.47     3.0    -8.9    -3.0    -2.2     0.0     3.98 C     3.9    -8.5    -2.5    91.3    66.2    82.4   0.149   0.199   0.134   0.124   0.119     0.9     2.7     4.0     6.4     6.8
04128 20171129  2.422 -119.69   43.47     2.0    -7.7    -2.9    -3.5     0.0     6.68 C     5.3    -7.1    -3.0    91.2    59.0    81.2   0.142   0.196   0.134   0.124   0.118     0.6     2.0     3.2     5.9     6.4
04128 20171130  2.422 -119.69   43.47    -1.2    -9.9    -5.6    -4.1     0.0     2.14 C     0.6    -9.2    -3.4    91.6    77.6    87.6 -99.000   0.192   0.133   0.123   0.117    -0.1     1.5     2.8     5.5     6.0
04128 20171201  2.422 -119.69   43.47     4.8    -8.5    -1.9    -1.4     0.0     6.36 C     7.3    -8.2    -1.7    92.4    63.0    81.6 -99.000   0.187   0.133   0.122   0.117    -0.1     1.2     2.4     5.2     5.7
04128 20171202  2.422 -119.69   43.47     1.0    -6.5    -2.8    -1.6     3.2     2.11 C     1.6    -7.0    -1.7    96.9    74.3    90.4 -99.000   0.183   0.132   0.122   0.117    -0.1     1.1     2.3     4.9     5.4
04128 20171203  2.422 -119.69   43.47     0.0    -8.8    -4.4    -3.3     0.0     6.14 C     0.5   -14.3    -5.2    92.3    63.1    79.5 -99.000   0.179   0.131   0.122   0.118     0.1     1.2     2.2     4.7     5.2
04128 20171204  2.422 -119.69   43.47    -0.4   -14.5    -7.5    -5.9     0.0     8.06 C     0.3   -14.1    -6.9    89.3    57.9    78.2 -99.000   0.180   0.130   0.122   0.118     0.0     1.2     2.2     4.6     5.1
04128 20171205  2.422 -119.69   43.47     0.3   -15.0    -7.4    -8.9     0.0     7.95 C     1.1   -14.7    -8.7    90.0    57.4    80.5 -99.000   0.176   0.130   0.121   0.118    -0.6     0.8     2.0     4.5     4.9
04128 20171206  2.422 -119.69   43.47     1.4   -14.5    -6.5    -8.2     0.0     8.01 C     2.2   -15.0    -8.6    91.0    57.2    80.4 -99.000   0.183   0.129   0.121   0.118    -1.2     0.4     1.6     4.3     4.8
04128 20171207  2.422 -119.69   43.47     1.1   -15.6    -7.2    -9.0     0.0     7.41 C     2.1   -15.9    -8.8    94.2    57.6    84.5 -99.000 -99.000   0.127   0.121   0.118    -1.8     0.0     1.3     4.0     4.5
04128 20171208  2.422 -119.69   43.47     2.6   -15.8    -6.6    -7.7     0.0     7.94 C     3.9   -15.5    -8.1    91.5    51.0    79.9 -99.000 -99.000   0.123   0.121   0.116    -2.3    -0.5     0.9     3.8     4.3
04128 20171209  2.422 -119.69   43.47    -6.4   -13.5   -10.0    -8.2     0.0     1.82 C    -4.4   -14.5    -7.5    91.8    87.2    89.9 -99.000 -99.000   0.119   0.121   0.116    -2.4    -0.9     0.6     3.5     4.1
04128 20171210  2.422 -119.69   43.47    -6.6    -8.7    -7.6    -7.7     0.0     1.69 C    -5.1    -8.2    -6.9    91.1    88.9    89.9 -99.000 -99.000   0.117   0.120   0.116    -2.1    -0.9     0.4     3.3     3.9
04128 20171211  2.422 -119.69   43.47    -7.0    -9.4    -8.2    -8.1     0.0     1.91 C    -5.0    -9.2    -7.4    90.5    87.9    89.4 -99.000 -99.000   0.118   0.120   0.116    -2.3    -1.1     0.2     3.1     3.6
04128 20171212  2.422 -119.69   43.47    -7.7   -11.3    -9.5    -9.5     0.0     2.59 C    -5.2   -10.8    -8.3    89.4    86.2    87.8 -99.000 -99.000 -99.000   0.120   0.115    -2.4    -1.2     0.1     2.9     3.4
04128 20171213  2.422 -119.69   43.47     1.3   -14.2    -6.4    -8.0     0.0     6.53 C     3.0   -14.6    -7.4    95.3    79.1    88.1 -99.000 -99.000 -99.000   0.120   0.114    -2.7    -1.4    -0.1     2.7     3.3
04128 20171214  2.422 -119.69   43.47     0.6   -13.2    -6.3    -7.0     0.0     6.79 C     3.0   -13.6    -7.2    94.1    71.4    86.8 -99.000 -99.000 -99.000   0.120   0.115    -3.0    -1.7    -0.3     2.5     3.1
04128 20171215  2.422 -119.69   43.47     0.8   -12.2    -5.7    -5.0     1.2     2.50 C    -0.1   -12.5    -4.5    97.2    85.0    91.1 -99.000 -99.000 -99.000   0.120   0.115    -2.6    -1.7    -0.5     2.3     2.9
04128 20171216  2.422 -119.69   43.47     0.3   -11.4    -5.6    -4.5     0.0     4.73 C     1.2   -12.2    -5.5    89.3    59.4    79.7 -99.000 -99.000 -99.000   0.120   0.115    -2.0    -1.2    -0.3     2.2     2.8
04128 20171217  2.422 -119.69   43.47     1.1   -12.0    -5.5    -4.9     0.0     4.34 C     2.3   -12.0    -4.7    90.1    58.8    81.3 -99.000 -99.000 -99.000   0.119   0.115    -2.6    -1.6    -0.5     2.1     2.7
04128 20171218  2.422 -119.69   43.47     5.8    -6.7    -0.5    -0.6     0.0     3.37 C     3.3    -8.2    -2.1    92.0    54.0    78.7 -99.000 -99.000 -99.000   0.118   0.115    -1.7    -1.2    -0.4     2.1     2.6
04128 20171219  2.422 -119.69   43.47     8.2    -2.4     2.9     2.8     2.3     2.97 C     6.9    -3.3     0.7    92.1    35.4    66.0 -99.000 -99.000 -99.000   0.118   0.116    -0.7    -0.6    -0.1     2.0     2.6
04128 20171220  2.422 -119.69   43.47    -1.1    -8.2    -4.7    -4.8     0.0     6.50 C     0.0   -12.3    -6.4    88.3    71.4    80.9 -99.000 -99.000 -99.000   0.120   0.115    -0.5    -0.4     0.1     2.2     2.6
04128 20171221  2.422 -119.69   43.47    -1.5   -11.3    -6.4    -6.6     0.0     7.13 C    -0.1   -15.7    -7.8    89.8    66.9    82.6 -99.000 -99.000 -99.000   0.120   0.115    -1.8    -0.6     0.2     2.2     2.6
04128 20171222  2.422 -119.69   43.47     1.9    -7.6    -2.9    -1.6     0.6     1.88 C    -0.2    -8.0    -2.7    92.4    53.6    71.6 -99.000 -99.000 -99.000   0.120   0.116    -1.6    -0.8     0.1     2.2     2.6
04128 20171223  2.422 -119.69   43.47     0.0   -13.9    -6.9    -3.6     0.0     3.89 C     0.7   -13.6    -4.5    93.1    59.5    79.5 -99.000 -99.000 -99.000   0.120   0.116    -1.2    -0.6     0.1     2.2     2.6
04128 20171224  2.422 -119.69   43.47    -4.7   -12.8    -8.8    -7.0     3.9     2.00 C    -3.5   -13.4    -6.4    91.4    84.6    88.0 -99.000 -99.000 -99.000   0.120   0.116    -2.3    -1.1     0.0     2.1     2.6
04128 20171225  2.422 -119.69   43.47     4.1   -12.9    -4.4    -2.7     0.0     7.12 C     2.2   -13.3    -4.6    95.5    55.7    82.9 -99.000 -99.000 -99.000   0.120   0.115    -1.5    -0.9    -0.1     2.1     2.5
04128 20171226  2.422 -119.69   43.47     0.4   -14.8    -7.2    -7.2     0.0     7.35 C     1.1   -15.5    -7.4    93.9    67.5    86.2 -99.000 -99.000 -99.000   0.120   0.115    -2.7    -1.4    -0.3     2.0     2.4
04128 20171227  2.422 -119.69   43.47     7.7    -8.1    -0.2     1.2     0.0     5.08 C     5.3    -8.9    -1.1    91.8    63.5    78.9 -99.000 -99.000 -99.000   0.120   0.115    -1.6    -1.2    -0.4     1.8     2.3
04128 20171228  2.422 -119.69   43.47     5.9    -7.2    -0.7    -0.7     0.0     3.79 C     3.3    -6.9    -1.7    93.9    41.1    80.4 -99.000 -99.000 -99.000   0.119   0.115    -1.2    -0.8    -0.2     1.8     2.2
04128 20171229  2.422 -119.69   43.47    11.5    -1.0     5.3     5.3     0.0     6.63 C     7.8    -3.9     1.4    75.2    27.0    48.1 -99.000 -99.000 -99.000   0.120   0.115    -0.7    -0.5     0.0     1.8     2.2
04128 20171230  2.422 -119.69   43.47     6.9    -8.0    -0.5     1.1     0.0     7.47 C     6.1    -6.6     0.0    87.8    31.2    64.8 -99.000 -99.000 -99.000   0.120   0.115    -0.4    -0.4     0.1     1.9     2.3
04128 20171231  2.422 -119.69   43.47     2.2   -11.9    -4.9    -5.1     0.0     7.19 C     2.5   -10.5    -4.5    90.1    54.2    77.3 -99.000 -99.000 -99.000   0.120   0.116    -2.0    -0.6     0.1     1.9     2.3
