03761 20170101  2.422  -75.79   39.86     8.9    -2.3     3.3     4.3     0.0     8.22 C    12.5    -4.6     1.9    82.9    42.0    55.7   0.326   0.305   0.324   0.337   0.256     2.8     2.7     2.9     3.6     5.1
03761 20170102  2.422  -75.79   39.86     4.5    -2.4     1.1     3.2     8.6     0.85 C     4.8    -4.4     2.6    94.0    55.6    87.6   0.352   0.323   0.332   0.337   0.255     2.7     2.7     3.0     3.7     5.1
03761 20170103  2.422  -75.79   39.86     6.5     4.0     5.3     5.2    13.9     1.05 C     7.7     3.6     5.0    96.1    91.9    94.1   0.366   0.338   0.348   0.353   0.264     4.0     3.6     3.6     3.9     5.1
03761 20170104  2.422  -75.79   39.86    11.0    -0.4     5.3     6.0     0.3     6.04 C    13.7    -2.8     4.7    95.9    25.9    66.2   0.348   0.322   0.337   0.346   0.276     4.8     4.4     4.3     4.2     5.1
03761 20170105  2.422  -75.79   39.86    -0.4    -4.0    -2.2    -2.3     1.1     4.20 C     3.8    -6.0    -2.0    92.3    38.1    54.2   0.333   0.311   0.329   0.341   0.272     2.6     3.0     3.6     4.4     5.3
03761 20170106  2.422  -75.79   39.86    -2.7    -7.8    -5.3    -3.7     1.5     7.06 C    -1.8   -13.2    -5.5    92.9    48.5    66.1   0.331   0.308   0.325   0.339   0.270     2.3     2.5     3.0     4.0     5.2
03761 20170107  2.422  -75.79   39.86    -5.7    -8.4    -7.1    -6.7     1.6     2.20 C    -6.0   -14.5    -8.5    82.3    44.5    59.3   0.326   0.305   0.322   0.337   0.268     1.8     2.0     2.7     3.8     5.1
03761 20170108  2.422  -75.79   39.86    -6.2   -11.6    -8.9    -8.7     0.0     9.91 C    -6.8   -17.0   -12.0    58.1    35.9    47.7   0.320   0.300   0.320   0.335   0.267     1.4     1.6     2.3     3.5     5.0
03761 20170109  2.422  -75.79   39.86    -5.2   -15.5   -10.3    -9.9     0.0     6.26 C    -2.9   -20.1   -12.6    81.2    41.9    60.7   0.311   0.294   0.316   0.333   0.265     1.1     1.3     2.0     3.2     4.8
03761 20170110  2.422  -75.79   39.86     2.5   -14.1    -5.8    -4.7     0.4     3.86 C     0.1   -16.5    -5.6    84.7    43.2    64.2   0.301   0.287   0.312   0.331   0.264     0.8     1.1     1.7     3.0     4.6
03761 20170111  2.422  -75.79   39.86    11.4     1.0     6.2     6.1    10.4     6.97 C    11.8    -2.2     3.8    95.3    58.9    80.4   0.354   0.319   0.325   0.329   0.263     0.8     1.0     1.6     2.8     4.5
03761 20170112  2.422  -75.79   39.86    16.9     8.8    12.9    13.4     0.4     3.87 C    16.0     6.4    10.2    92.3    61.0    76.2   0.359   0.332   0.345   0.347   0.264     3.8     2.9     2.5     2.8     4.3
03761 20170113  2.422  -75.79   39.86    15.7     0.4     8.0     7.2     0.0     9.47 C    11.1    -0.9     5.8    78.1    38.7    54.9   0.342   0.317   0.334   0.344   0.268     5.2     4.7     4.2     3.7     4.4
03761 20170114  2.422  -75.79   39.86     1.1    -2.1    -0.5    -0.7     1.4     2.17 C     4.4    -3.1    -0.1    93.9    43.7    65.0   0.336   0.311   0.328   0.341   0.269     3.2     3.4     3.7     4.1     4.7
03761 20170115  2.422  -75.79   39.86     4.0    -4.5    -0.2     0.0     0.0    10.12 C     9.3    -6.6    -0.2    93.8    44.7    71.9   0.338   0.311   0.327   0.339   0.267     2.8     2.9     3.3     4.0     4.8
03761 20170116  2.422  -75.79   39.86     3.8    -7.6    -1.9    -1.3     0.0     6.29 C     9.2    -8.4    -0.9    90.1    48.3    69.2   0.330   0.306   0.323   0.337   0.266     1.9     2.2     2.8     3.8     4.8
03761 20170117  2.422  -75.79   39.86     5.7     1.0     3.3     3.7     7.2     1.43 C     7.1     1.2     3.9    96.2    63.7    88.6   0.342   0.314   0.324   0.335   0.265     2.9     2.7     2.8     3.6     4.7
03761 20170118  2.422  -75.79   39.86    10.2     4.0     7.1     6.7     4.5     3.72 C    12.6     3.6     6.2    96.1    63.4    81.8   0.369   0.338   0.346   0.349   0.267     4.4     3.9     3.7     3.8     4.7
03761 20170119  2.422  -75.79   39.86     7.6    -1.4     3.1     4.9     0.0     5.45 C    11.7    -3.1     3.8    93.6    59.6    73.0   0.353   0.320   0.333   0.344   0.271     4.7     4.4     4.3     4.2     4.8
03761 20170120  2.422  -75.79   39.86     4.8    -2.6     1.1     1.8     4.5     1.24 C     5.3    -4.0     1.6    96.4    90.8    94.5   0.358   0.322   0.332   0.341   0.270     3.4     3.5     3.9     4.3     4.9
03761 20170121  2.422  -75.79   39.86     7.6     4.7     6.2     5.9     0.0     2.01 C    10.7     4.4     6.2   100.0    96.3    98.0   0.361   0.326   0.335   0.344   0.270     4.6     4.2     4.1     4.3     5.0
03761 20170122  2.422  -75.79   39.86     9.1     5.8     7.5     7.4     2.5     2.17 C    11.5     5.4     7.6   100.0    90.1    95.7   0.356   0.321   0.332   0.342   0.270     5.7     5.2     4.9     4.7     5.1
03761 20170123  2.422  -75.79   39.86     7.2     2.4     4.8     4.0    12.2     0.62 C     6.7     2.0     3.6    90.7    78.9    84.9   0.375   0.338   0.344   0.351   0.273     5.3     5.2     5.2     5.1     5.3
03761 20170124  2.422  -75.79   39.86     6.5     2.2     4.3     3.8     0.0     4.34 C    10.3     1.7     3.7    89.8    64.8    76.9   0.363   0.328   0.339   0.348   0.282     4.4     4.4     4.6     5.0     5.4
03761 20170125  2.422  -75.79   39.86    11.9     4.4     8.2     7.5     0.0    10.02 C    15.9     0.5     5.9    71.0    42.8    58.6   0.351   0.318   0.330   0.343   0.278     4.8     4.6     4.7     4.9     5.5
03761 20170126  2.422  -75.79   39.86    12.4     3.4     7.9     7.0     0.0     6.29 C    14.9     0.4     5.5    85.7    37.4    60.4   0.344   0.312   0.326   0.340   0.276     5.0     4.8     4.9     5.1     5.5
03761 20170127  2.422  -75.79   39.86     5.3     0.4     2.8     3.2     0.0     6.50 C    11.1    -2.2     2.5    59.6    40.9    50.4   0.338   0.307   0.322   0.338   0.275     4.3     4.4     4.7     5.1     5.6
03761 20170128  2.422  -75.79   39.86     3.8    -2.6     0.6     1.1     0.0     4.46 C     8.3    -5.4     0.2    75.3    47.0    57.4   0.333   0.304   0.319   0.336   0.273     3.2     3.5     4.0     4.9     5.6
03761 20170129  2.422  -75.79   39.86     4.8    -3.5     0.7     0.9     0.0     7.91 C    11.4    -5.9    -0.2    79.6    37.4    58.6   0.329   0.300   0.316   0.334   0.271     2.6     2.8     3.4     4.5     5.5
03761 20170130  2.422  -75.79   39.86     2.5    -4.8    -1.2    -1.3     1.7     8.08 C    11.8   -14.1    -2.5    85.3    40.6    61.5   0.328   0.298   0.314   0.332   0.271     2.5     2.7     3.2     4.2     5.3
03761 20170131  2.422  -75.79   39.86     5.3    -6.9    -0.8     0.0     0.0     5.84 C     9.2   -14.6    -2.1    71.7    49.2    58.7   0.328   0.300   0.312   0.330   0.269     2.3     2.5     3.0     4.0     5.1
03761 20170201  2.422  -75.79   39.86     8.4     2.1     5.3     5.5     0.0     5.25 C    11.1    -2.9     2.6    63.5    43.3    52.0   0.331   0.300   0.312   0.329   0.268     2.6     2.6     3.0     3.9     5.0
03761 20170202  2.422  -75.79   39.86     6.8    -2.2     2.3     2.1     0.0     9.92 C    13.1    -6.8     1.1    82.6    31.3    52.9   0.328   0.298   0.312   0.327   0.266     2.9     2.9     3.2     3.9     4.9
03761 20170203  2.422  -75.79   39.86    -0.3    -4.3    -2.3    -2.3     0.0     6.04 C     5.2    -7.0    -2.1    50.0    35.3    42.7   0.323   0.296   0.310   0.326   0.265     1.9     2.2     2.8     3.9     4.8
03761 20170204  2.422  -75.79   39.86     1.1    -8.9    -3.9    -3.4     0.0    12.97 C     7.7   -10.4    -3.0    61.0    28.5    42.1   0.316   0.293   0.308   0.325   0.264     1.2     1.5     2.2     3.5     4.7
03761 20170205  2.422  -75.79   39.86     6.1    -4.1     1.0     1.1     0.0     4.12 C     6.6    -7.8    -1.1    71.7    33.6    51.3   0.310   0.288   0.306   0.324   0.263     1.0     1.3     1.9     3.2     4.6
03761 20170206  2.422  -75.79   39.86    12.4    -2.3     5.0     5.0     0.0    12.57 C    15.8    -5.7     2.5    80.8    32.2    56.3   0.310   0.288   0.304   0.322   0.262     1.6     1.6     1.9     2.9     4.4
03761 20170207  2.422  -75.79   39.86    16.2     1.3     8.7     7.2     3.3     4.29 C    14.5    -2.0     5.3    92.5    67.5    81.1   0.318   0.290   0.303   0.321   0.261     2.9     2.5     2.5     3.1     4.3
03761 20170208  2.422  -75.79   39.86    17.4     7.6    12.5    13.5     0.0     9.86 C    22.3     4.5    11.2    86.7    43.3    62.0   0.325   0.294   0.305   0.321   0.259     5.9     4.9     4.2     3.7     4.3
03761 20170209  2.422  -75.79   39.86     7.9    -5.8     1.1    -1.6    17.4    10.04 C     6.1    -9.7    -3.0    93.0    42.0    65.9   0.369   0.333   0.332   0.321   0.258     4.4     4.5     4.6     4.5     4.6
03761 20170210  2.422  -75.79   39.86    -0.7    -8.4    -4.5    -4.0     0.0    12.22 C    -0.4   -14.1    -5.4    66.2    43.0    52.1   0.356   0.324   0.333   0.331   0.258     2.1     2.5     3.2     4.2     4.8
03761 20170211  2.422  -75.79   39.86    13.3    -4.5     4.4     4.1     0.0     8.42 C    15.5    -7.0     2.6    83.9    39.4    59.2   0.356   0.325   0.333   0.336   0.257     2.6     2.4     2.8     3.8     4.7
03761 20170212  2.422  -75.79   39.86     6.8     1.1     3.9     4.1     4.9     0.61 C     4.6    -0.2     3.3    97.3    51.8    80.1   0.366   0.333   0.339   0.341   0.257     3.7     3.5     3.5     3.9     4.6
03761 20170213  2.422  -75.79   39.86     4.6    -1.7     1.5     1.4     0.0    11.74 C     8.1    -5.1     0.6    69.8    38.6    49.0   0.357   0.328   0.337   0.344   0.259     2.7     2.9     3.2     4.0     4.6
03761 20170214  2.422  -75.79   39.86     6.1    -5.1     0.5     0.4     0.0     8.74 C    11.4    -6.8    -0.4    80.8    46.9    64.5   0.344   0.317   0.330   0.341   0.261     2.1     2.3     2.8     3.7     4.6
03761 20170215  2.422  -75.79   39.86    10.1    -2.7     3.7     2.0     0.0     6.47 C    15.6    -4.3     1.0    92.0    34.0    65.5   0.338   0.313   0.326   0.338   0.261     2.2     2.3     2.7     3.5     4.5
03761 20170216  2.422  -75.79   39.86     2.1    -2.5    -0.2     0.0     0.0     9.20 C    10.9    -4.9    -0.2    53.1    37.6    47.1   0.334   0.309   0.323   0.336   0.261     1.9     2.1     2.5     3.4     4.4
03761 20170217  2.422  -75.79   39.86     5.2    -4.2     0.5    -0.9     0.0    12.69 C    11.5    -6.3    -0.9    73.0    34.5    52.8   0.326   0.304   0.320   0.334   0.261     1.6     1.7     2.2     3.2     4.3
03761 20170218  2.422  -75.79   39.86    20.1    -4.6     7.8     7.8     0.0    14.17 C    23.5    -5.7     6.1    80.7    23.6    51.0   0.323   0.300   0.317   0.333   0.261     2.7     2.3     2.4     3.1     4.2
03761 20170219  2.422  -75.79   39.86    19.5     8.9    14.2    14.7     0.0    12.47 C    24.8     2.6    11.1    56.2    26.8    40.1   0.320   0.298   0.314   0.331   0.260     5.5     4.6     4.0     3.6     4.2
03761 20170220  2.422  -75.79   39.86    13.5     4.2     8.8     9.2     0.0    15.38 C    21.8    -2.3     6.6    59.9    26.9    41.7   0.317   0.294   0.312   0.330   0.258     5.7     5.2     4.8     4.4     4.4
03761 20170221  2.422  -75.79   39.86     9.9    -2.2     3.9     4.2     0.0     9.81 C    18.9    -4.7     3.9    82.2    29.1    55.3   0.313   0.290   0.309   0.329   0.259     4.7     4.6     4.6     4.7     4.7
03761 20170222  2.422  -75.79   39.86    15.3     3.2     9.2     8.1     0.0     8.65 C    22.8     1.6     7.7    88.4    48.7    71.2   0.311   0.288   0.307   0.326   0.258     5.7     5.2     4.9     4.8     4.9
03761 20170223  2.422  -75.79   39.86    22.1     3.4    12.8    13.0     0.0    12.24 C    29.6     0.8    12.5   100.0    47.7    78.9   0.308   0.285   0.304   0.325   0.257     7.4     6.5     5.8     5.3     5.1
03761 20170224  2.422  -75.79   39.86    23.1     9.7    16.4    15.5     0.0    14.03 C    29.4     5.5    14.1    95.1    44.1    74.5   0.304   0.282   0.302   0.324   0.257     8.9     7.9     7.1     6.0     5.4
03761 20170225  2.422  -75.79   39.86    22.8     5.5    14.1    13.7    16.1     8.85 C    29.0     2.6    12.7    95.6    47.3    75.5   0.328   0.300   0.310   0.323   0.255     9.8     8.9     8.1     6.9     5.8
03761 20170226  2.422  -75.79   39.86     5.5    -4.2     0.6     1.8     0.0    14.19 C    13.3    -5.9     2.1    80.5    36.1    46.6   0.358   0.324   0.332   0.326   0.255     6.9     7.2     7.5     7.3     6.3
03761 20170227  2.422  -75.79   39.86    11.0    -4.7     3.1     4.1     0.0    10.33 C    18.8    -6.3     3.9    83.3    32.0    58.7   0.345   0.314   0.327   0.329   0.254     5.3     5.4     5.9     6.7     6.4
03761 20170228  2.422  -75.79   39.86    17.8     1.9     9.8    10.5     4.4    11.68 C    25.3     0.3    11.0    94.8    43.1    70.4   0.341   0.308   0.323   0.330   0.254     7.1     6.5     6.3     6.4     6.4
03761 20170301  2.422  -75.79   39.86    21.3    12.5    16.9    15.9     3.5     5.94 C    25.3    11.7    14.4    95.7    54.5    79.3   0.367   0.323   0.328   0.331   0.254     9.8     8.8     8.0     7.0     6.4
03761 20170302  2.422  -75.79   39.86    16.2     0.9     8.5     6.4     0.0    16.43 C    14.1    -2.1     6.0    67.4    29.7    39.8   0.357   0.322   0.332   0.336   0.253     8.4     8.4     8.3     7.7     6.8
03761 20170303  2.422  -75.79   39.86     2.3    -4.1    -0.9    -0.6     0.0    12.78 C    13.4    -5.3     0.2    75.1    31.4    45.3   0.343   0.313   0.326   0.336   0.253     5.3     5.8     6.5     7.4     7.0
03761 20170304  2.422  -75.79   39.86     0.7    -7.3    -3.3    -3.4     0.0    14.01 C    10.7    -9.1    -2.6    56.3    26.0    38.6   0.334   0.307   0.322   0.334   0.254     3.2     3.9     5.0     6.6     6.9
03761 20170305  2.422  -75.79   39.86     1.6   -10.8    -4.6    -4.8     0.0    18.65 C    12.7   -10.5    -2.5    61.5    16.6    34.7   0.327   0.300   0.318   0.332   0.254     2.4     3.0     3.9     5.7     6.6
03761 20170306  2.422  -75.79   39.86    10.5    -7.3     1.6     1.7     0.0    16.79 C    20.0    -8.1     4.2    76.3    27.0    52.5   0.322   0.298   0.315   0.331   0.253     3.3     3.2     3.7     5.1     6.1
03761 20170307  2.422  -75.79   39.86    18.2     3.9    11.1    10.5     1.2     7.14 C    19.9     4.0    10.0    92.9    52.7    72.6   0.321   0.298   0.313   0.328   0.253     5.9     5.3     4.9     5.2     5.9
03761 20170308  2.422  -75.79   39.86    16.2     7.2    11.7    12.6     0.4    17.52 C    21.3     4.7    11.0    79.0    16.4    41.4   0.322   0.298   0.311   0.328   0.253     8.0     7.2     6.5     6.0     5.9
03761 20170309  2.422  -75.79   39.86    18.1     8.4    13.2    13.1     0.0    18.31 C    22.3     1.1    10.2    34.5    17.4    25.5   0.312   0.292   0.308   0.326   0.255     7.4     7.1     6.8     6.5     6.2
03761 20170310  2.422  -75.79   39.86     8.4    -4.4     2.0     1.6     8.9     8.59 C     5.2    -6.5     0.3    93.2    33.9    60.5   0.307   0.289   0.305   0.324   0.252     6.0     6.2     6.5     6.8     6.4
03761 20170311  2.422  -75.79   39.86    -1.8    -8.2    -5.0    -4.8     0.0    19.52 C     6.5   -10.0    -3.7    45.6    32.1    38.9   0.318   0.297   0.308   0.323   0.252     3.3     4.0     4.8     6.2     6.5
03761 20170312  2.422  -75.79   39.86    -0.5    -7.6    -4.1    -3.8     0.0    12.08 C     6.6    -9.6    -3.5    61.6    34.6    45.6   0.322   0.298   0.308   0.321   0.251     2.2     2.8     3.7     5.4     6.3
03761 20170313  2.422  -75.79   39.86     3.3   -10.5    -3.6    -3.0     2.9    17.37 C    15.0   -10.4     0.1    88.8    26.4    50.0   0.319   0.296   0.307   0.320   0.250     2.3     2.5     3.2     4.7     5.9
03761 20170314  2.422  -75.79   39.86     0.1    -5.8    -2.9    -2.5    46.3     8.97 C     0.0    -8.9    -2.8    89.5    56.1    78.2   0.323   0.296   0.306   0.318   0.249     2.6     2.8     3.3     4.5     5.6
03761 20170315  2.422  -75.79   39.86    -1.7    -8.1    -4.9    -5.0     0.7    12.35 C    -3.2   -11.6    -7.2    78.8    42.4    55.8   0.326   0.299   0.307   0.318   0.249     2.2     2.5     3.0     4.3     5.4
03761 20170316  2.422  -75.79   39.86     2.0    -6.0    -2.0    -1.7     0.0    19.95 C     0.0   -12.3    -5.8    52.6    36.1    43.9   0.328   0.299   0.308   0.317   0.248     1.8     2.1     2.7     4.0     5.2
03761 20170317  2.422  -75.79   39.86     5.2    -5.4    -0.1     0.8     0.0    20.00 C     0.6   -11.6    -3.7    67.8    28.5    42.8   0.336   0.300   0.308   0.317   0.247     1.6     1.8     2.4     3.8     5.0
03761 20170318  2.422  -75.79   39.86     4.8     1.1     3.0     2.7     0.4     3.85 C     0.8    -0.2     0.2    92.7    57.3    82.6   0.370   0.321   0.326   0.317   0.247     1.6     1.8     2.3     3.5     4.8
03761 20170319  2.422  -75.79   39.86     7.2     0.8     4.0     3.6     0.0    19.68 C     3.4    -1.9     0.3    92.6    43.3    63.3   0.396   0.352   0.354   0.344   0.259     1.8     1.9     2.3     3.3     4.6
03761 20170320  2.422  -75.79   39.86     8.2    -0.4     3.9     4.2     0.0    17.94 C    17.3    -5.2     4.2    68.6    34.9    52.4   0.389   0.348   0.351   0.354   0.278     2.4     2.2     2.4     3.2     4.4
03761 20170321  2.422  -75.79   39.86    13.1     2.4     7.8     7.7     0.4    13.28 C    21.9     2.0     7.8    90.0    44.4    63.2   0.372   0.333   0.340   0.346   0.277     4.6     3.9     3.5     3.6     4.3
03761 20170322  2.422  -75.79   39.86    10.5    -3.6     3.4     2.5     0.0    21.64 C    13.2    -8.1     2.5    61.0    19.1    32.5   0.356   0.322   0.332   0.341   0.274     4.6     4.4     4.3     4.2     4.5
03761 20170323  2.422  -75.79   39.86     5.6    -8.5    -1.4    -1.0     0.0    21.83 C    19.5   -10.2     0.9    69.9    17.1    38.0   0.342   0.314   0.327   0.339   0.272     3.4     3.4     3.7     4.3     4.7
03761 20170324  2.422  -75.79   39.86    11.8    -4.2     3.8     5.4     0.0    13.40 C    22.0    -6.8     5.0    74.8    44.6    54.6   0.336   0.308   0.322   0.336   0.271     3.9     3.7     3.7     4.2     4.7
03761 20170325  2.422  -75.79   39.86    24.6     5.6    15.1    14.7     0.0    10.38 C    32.1     3.1    13.2    77.4    40.8    62.4   0.332   0.303   0.319   0.334   0.270     6.9     5.8     5.1     4.6     4.8
03761 20170326  2.422  -75.79   39.86     6.6     4.5     5.6     5.6     0.0     3.17 C     8.7     4.7     6.1    95.1    75.7    83.8   0.328   0.299   0.316   0.333   0.269     6.9     6.5     6.2     5.5     5.1
03761 20170327  2.422  -75.79   39.86    16.4     4.5    10.5     9.8     3.7     9.15 C    23.7     4.7    10.5    96.7    68.8    88.8   0.338   0.302   0.314   0.331   0.268     7.3     6.6     6.2     5.8     5.4
03761 20170328  2.422  -75.79   39.86    13.2     9.8    11.5    11.0    10.6     3.69 C    18.7     7.0    11.1    96.0    89.9    93.4   0.377   0.336   0.334   0.332   0.267     8.7     7.9     7.3     6.3     5.7
03761 20170329  2.422  -75.79   39.86    14.9     6.1    10.5    10.3     0.0    22.54 C    22.8     3.0    10.8    91.7    32.2    52.9   0.368   0.331   0.339   0.344   0.266     9.2     8.5     7.9     7.0     6.0
03761 20170330  2.422  -75.79   39.86     9.2    -1.3     4.0     5.3     4.2    10.64 C    22.1    -3.1     6.6    88.3    37.4    56.8   0.351   0.318   0.330   0.342   0.267     7.9     7.8     7.7     7.3     6.4
03761 20170331  2.422  -75.79   39.86     8.3     2.8     5.5     5.3    41.3     0.95 C     8.2     3.3     5.6    94.0    87.7    92.5   0.407   0.363   0.357   0.362   0.284     7.0     7.0     7.2     7.3     6.7
03761 20170401  2.422  -75.79   39.86    11.1     3.5     7.3     6.9     0.0    10.94 C    18.2     0.4     7.3    92.6    55.0    71.5   0.378   0.338   0.343   0.352   0.292     7.3     7.0     7.0     7.1     6.8
03761 20170402  2.422  -75.79   39.86    15.4     3.0     9.2     9.3     0.0    22.49 C    22.9    -1.3     8.8    73.8    31.2    52.0   0.358   0.322   0.333   0.346   0.286     7.9     7.5     7.2     7.2     6.8
03761 20170403  2.422  -75.79   39.86    18.9     2.3    10.6    11.0     5.4    14.75 C    26.8     0.2    11.4    93.4    34.5    61.6   0.344   0.312   0.327   0.342   0.282     8.9     8.3     7.9     7.4     6.9
03761 20170404  2.422  -75.79   39.86    23.3    11.5    17.4    17.9     1.2    15.77 C    28.7     9.7    16.6    96.0    35.0    67.1   0.367   0.323   0.328   0.341   0.279    11.4    10.2     9.3     8.1     7.1
03761 20170405  2.422  -75.79   39.86    19.1     9.9    14.5    14.0     0.0    21.68 C    27.5     6.1    14.6    68.6    40.5    53.7   0.346   0.312   0.325   0.340   0.277    12.1    11.1    10.3     8.9     7.5
03761 20170406  2.422  -75.79   39.86    13.1     7.0    10.1     8.9    25.3     3.41 C    14.2     4.5     8.5    94.9    51.9    83.8   0.377   0.339   0.341   0.351   0.281    10.6    10.4    10.3     9.5     8.0
03761 20170407  2.422  -75.79   39.86     7.8     3.8     5.8     5.7     0.0     8.71 C    12.3     3.6     5.7    80.4    45.9    59.1   0.374   0.335   0.342   0.351   0.287     8.7     8.9     9.1     9.3     8.3
03761 20170408  2.422  -75.79   39.86    14.1     1.0     7.5     7.6     0.0    23.22 C    19.9    -1.6     7.2    63.0    18.4    39.3   0.353   0.320   0.332   0.346   0.283     8.2     8.2     8.3     8.8     8.3
03761 20170409  2.422  -75.79   39.86    19.4    -1.6     8.9    10.1     0.0    24.44 C    25.7    -3.2    10.0    80.6    21.0    45.7   0.335   0.307   0.324   0.343   0.280     9.2     8.7     8.5     8.6     8.2
03761 20170410  2.422  -75.79   39.86    24.2     2.8    13.5    14.9     0.0    22.79 C    29.1     0.6    13.9    87.2    29.6    54.7   0.317   0.295   0.316   0.339   0.277    10.9    10.0     9.5     8.9     8.2
03761 20170411  2.422  -75.79   39.86    27.6     8.9    18.2    19.6     0.0    22.39 C    31.2     5.4    17.0    80.4    30.9    51.5   0.301   0.283   0.308   0.336   0.275    12.9    11.7    10.7     9.6     8.4
03761 20170412  2.422  -75.79   39.86    22.0    11.8    16.9    17.3     0.0    16.30 C    25.8     6.8    14.7    84.7    25.8    54.5   0.287   0.272   0.300   0.333   0.273    13.3    12.5    11.7    10.4     8.8
03761 20170413  2.422  -75.79   39.86    17.3     8.0    12.6    12.6     0.0    19.57 C    24.1     3.1    11.7    61.3    27.3    41.4   0.273   0.261   0.292   0.331   0.271    12.4    11.9    11.5    10.7     9.2
03761 20170414  2.422  -75.79   39.86    18.5     4.3    11.4    11.8     0.0    18.20 C    26.3     2.5    11.0    75.8    29.1    45.8   0.258   0.250   0.285   0.328   0.269    12.0    11.5    11.2    10.7     9.4
03761 20170415  2.422  -75.79   39.86    19.3     5.6    12.4    12.9     0.0    10.64 C    24.0     2.1    12.2    91.9    52.6    72.3   0.250   0.243   0.280   0.325   0.268    11.7    11.3    11.1    10.8     9.6
03761 20170416  2.422  -75.79   39.86    28.3    10.9    19.6    21.2     0.0    19.38 C    29.9     8.9    18.9    95.1    32.3    59.9   0.239   0.234   0.273   0.323   0.265    13.6    12.6    11.8    10.9     9.7
03761 20170417  2.422  -75.79   39.86    20.3    12.8    16.6    17.6     1.7    11.81 C    22.0     7.4    15.0    86.2    26.3    56.6   0.229   0.230   0.267   0.319   0.264    14.2    13.5    12.8    11.5     9.9
03761 20170418  2.422  -75.79   39.86    19.5     6.0    12.8    12.6     0.0    25.21 C    25.4     2.0    12.3    83.2    26.5    52.4   0.221   0.223   0.260   0.317   0.263    13.4    12.8    12.5    11.7    10.2
03761 20170419  2.422  -75.79   39.86    14.5     6.6    10.5    10.5     0.0    10.75 C    22.6     3.0    11.3    86.5    49.5    75.5   0.213   0.215   0.254   0.314   0.261    12.6    12.3    12.2    11.8    10.4
03761 20170420  2.422  -75.79   39.86    24.4    11.5    18.0    16.7     3.7    17.86 C    28.5    11.2    17.6    94.1    51.6    75.9   0.207   0.209   0.248   0.311   0.260    14.1    13.1    12.5    11.7    10.5
03761 20170421  2.422  -75.79   39.86    17.6    11.7    14.6    14.0     5.3     8.94 C    21.0    11.7    15.0    95.7    75.0    88.4   0.211   0.219   0.245   0.309   0.259    14.5    13.8    13.2    12.2    10.7
03761 20170422  2.422  -75.79   39.86    13.3     6.5     9.9    11.2     3.5     4.58 C    14.5     4.2    11.5    94.8    69.7    85.4   0.223   0.223   0.245   0.307   0.257    13.7    13.3    13.1    12.4    11.0
03761 20170423  2.422  -75.79   39.86    17.2     3.2    10.2    10.9     0.0    23.49 C    23.6     0.9    11.5    88.3    41.8    64.4   0.231   0.226   0.244   0.304   0.256    13.0    12.6    12.5    12.2    11.1
03761 20170424  2.422  -75.79   39.86    15.1     8.4    11.7    11.6     0.0     6.83 C    17.1     8.1    11.3    92.6    42.2    65.0   0.230   0.223   0.243   0.302   0.255    12.7    12.5    12.5    12.2    11.2
03761 20170425  2.422  -75.79   39.86    13.6    10.8    12.2    12.2    17.3     4.67 C    15.4     9.5    12.4    93.1    65.6    89.1   0.279   0.249   0.243   0.300   0.254    12.4    12.1    12.1    12.0    11.2
03761 20170426  2.422  -75.79   39.86    18.2    12.2    15.2    14.7     3.7     9.04 C    24.3    12.1    15.8    94.0    73.9    87.4   0.356   0.307   0.272   0.297   0.253    13.4    12.8    12.4    12.0    11.2
03761 20170427  2.422  -75.79   39.86    25.3    13.5    19.4    19.1     0.0    20.57 C    34.7    12.0    21.2    95.4    63.1    79.2   0.328   0.296   0.285   0.297   0.251    16.0    14.8    13.7    12.5    11.2
03761 20170428  2.422  -75.79   39.86    27.2    15.1    21.1    21.2     0.0    25.55 C    36.9    12.7    22.2    92.3    33.0    62.7   0.304   0.283   0.284   0.296   0.251    17.6    16.5    15.3    13.5    11.5
03761 20170429  2.422  -75.79   39.86    28.6    16.5    22.6    22.1     0.5    18.97 C    36.5    15.9    22.7    94.8    45.3    71.6   0.284   0.271   0.280   0.297   0.250    18.6    17.4    16.2    14.4    12.0
03761 20170430  2.422  -75.79   39.86    23.1    10.8    16.9    18.2     0.0    16.32 C    36.3    12.6    20.1    90.9    43.9    62.7   0.268   0.261   0.276   0.297   0.249    18.5    17.7    16.8    15.1    12.5
03761 20170501  2.422  -75.79   39.86    27.4    10.6    19.0    19.1     0.0    13.68 C    34.2    12.2    20.2    96.1    55.7    76.9   0.258   0.252   0.271   0.297   0.248    18.0    17.2    16.5    15.4    13.0
03761 20170502  2.422  -75.79   39.86    23.0    16.1    19.6    19.7     0.7    22.25 C    30.6    11.2    20.2    86.6    26.7    50.3   0.247   0.243   0.266   0.297   0.248    18.7    17.9    17.1    15.6    13.3
03761 20170503  2.422  -75.79   39.86    17.0     5.5    11.3    13.1     0.0    21.09 C    25.1     2.9    13.4    79.5    31.7    47.8   0.234   0.234   0.260   0.296   0.246    16.5    16.4    16.3    15.8    13.5
03761 20170504  2.422  -75.79   39.86    17.6     3.0    10.3    11.2     0.3    20.97 C    28.7     1.3    13.7    88.1    37.6    61.3   0.224   0.225   0.254   0.295   0.246    15.3    15.1    15.2    15.2    13.6
03761 20170505  2.422  -75.79   39.86    19.0    10.4    14.7    15.4    21.9     3.83 C    20.8    10.8    15.8    94.8    85.1    91.5   0.297   0.263   0.261   0.293   0.245    15.5    15.1    15.1    15.0    13.6
03761 20170506  2.422  -75.79   39.86    17.7     8.1    12.9    12.9     1.6     6.17 C    21.1     7.2    13.4    94.6    69.7    83.4   0.339   0.294   0.278   0.292   0.249    15.7    15.4    15.2    14.8    13.5
03761 20170507  2.422  -75.79   39.86    12.9     3.5     8.2     8.9     1.1    15.00 C    18.5     2.2    10.0    94.7    52.7    73.1   0.330   0.292   0.281   0.291   0.271    14.4    14.4    14.6    14.6    13.5
03761 20170508  2.422  -75.79   39.86    14.5     2.2     8.4     8.4     0.0    22.07 C    24.5     0.5     9.3    94.9    28.2    53.6   0.314   0.284   0.281   0.291   0.269    13.6    13.6    13.8    14.2    13.4
03761 20170509  2.422  -75.79   39.86    16.2     1.6     8.9     9.6     0.0    27.68 C    26.1     0.2    11.8    87.7    27.1    53.0   0.294   0.274   0.278   0.291   0.268    14.0    13.7    13.7    14.0    13.2
03761 20170510  2.422  -75.79   39.86    19.1     4.9    12.0    12.7     0.0    22.24 C    28.9     3.4    14.3    87.7    29.6    60.0   0.278   0.263   0.274   0.291   0.268    15.0    14.5    14.2    14.0    13.1
03761 20170511  2.422  -75.79   39.86    12.6     9.2    10.9    10.8     2.2     8.01 C    17.7     9.3    12.0    93.0    53.3    77.0   0.268   0.256   0.270   0.290   0.267    14.6    14.4    14.3    14.2    13.1
03761 20170512  2.422  -75.79   39.86    14.3     8.3    11.3    11.3     1.4    12.64 C    22.2     8.6    13.1    93.4    57.9    73.8   0.266   0.254   0.267   0.291   0.261    14.6    14.2    14.0    14.1    13.2
03761 20170513  2.422  -75.79   39.86    11.2     8.0     9.6     9.4    38.4     6.88 C    15.6     7.2    10.8    93.3    89.8    91.7   0.367   0.335   0.331   0.322   0.241    13.5    13.5    13.7    14.0    13.2
03761 20170514  2.422  -75.79   39.86    21.7     7.0    14.4    14.2     0.0    20.42 C    27.1     5.1    14.9    94.7    26.8    63.5   0.355   0.329   0.336   0.346   0.245    14.6    14.0    13.7    13.7    13.1
03761 20170515  2.422  -75.79   39.86    21.5     8.7    15.1    14.5     0.0    27.85 C    27.2     6.7    15.0    87.0    30.7    51.2 -99.000 -99.000 -99.000 -99.000 -99.000 -9999.0 -9999.0 -9999.0 -9999.0 -9999.0
03761 20170516  2.422  -75.79   39.86    25.6     6.2    15.9    16.7     0.0    26.77 C    30.2     4.5    17.0    91.5    24.7    58.5 -99.000 -99.000 -99.000 -99.000 -99.000 -9999.0 -9999.0 -9999.0 -9999.0 -9999.0
03761 20170517  2.422  -75.79   39.86 -9999.0 -9999.0 -9999.0 -9999.0 -9999.0 -9999.00 U -9999.0 -9999.0 -9999.0 -9999.0 -9999.0 -9999.0 -99.000 -99.000 -99.000 -99.000 -99.000 -9999.0 -9999.0 -9999.0 -9999.0 -9999.0
03761 20170518  2.422  -75.79   39.86    32.0    20.2    26.1    26.1     0.0    25.71 C    39.9    16.1    26.5    79.0    41.6    59.0   0.282   0.267   0.302   0.335   0.248    20.1    18.8    17.5    15.6    13.7
03761 20170519  2.422  -75.79   39.86    31.4    19.6    25.5    25.3     0.0    22.42 C    38.2    16.9    25.5    89.7    40.1    63.8   0.267   0.253   0.292   0.332   0.247    21.0    19.8    18.7    16.7    14.2
03761 20170520  2.422  -75.79   39.86    22.4    10.7    16.5    15.9     0.0    11.04 C    29.8     8.2    17.2    74.9    46.1    59.1   0.257   0.244   0.284   0.330   0.247    19.3    18.8    18.7    17.3    14.8
03761 20170521  2.422  -75.79   39.86    20.2     7.3    13.8    14.2     0.0    18.20 C    29.1     6.4    16.8    91.8    28.3    59.9   0.250   0.236   0.276   0.326   0.247    17.7    17.3    17.5    17.1    15.1
03761 20170522  2.422  -75.79   39.86    17.5    11.7    14.6    14.9     4.4     4.92 C    21.3    12.0    16.4    93.4    74.1    89.8   0.248   0.232   0.271   0.323   0.245    17.4    16.9    17.1    16.8    15.2
03761 20170523  2.422  -75.79   39.86    17.6    13.2    15.4    15.4     0.0     9.43 C    22.5    10.8    16.2    95.4    61.7    78.0   0.253   0.232   0.269   0.320   0.245    17.2    16.7    16.8    16.6    15.2
03761 20170524  2.422  -75.79   39.86    20.3    12.4    16.3    16.0     2.6    17.79 C    30.3    12.7    18.5    92.8    51.8    70.5   0.255   0.229   0.267   0.316   0.244    17.9    17.1    17.0    16.5    15.2
03761 20170525  2.422  -75.79   39.86    20.0    12.0    16.0    14.6    41.5     7.65 C    26.6    12.4    16.0    93.8    78.7    90.1   0.351   0.282   0.291   0.319   0.243    17.0    16.7    16.9    16.6    15.2
03761 20170526  2.422  -75.79   39.86    22.8    13.8    18.3    18.1     0.0    17.62 C    31.0    10.9    18.5    94.2    50.4    68.3   0.371   0.327   0.345   0.352   0.250    17.6    17.0    16.9    16.5    15.3
03761 20170527  2.422  -75.79   39.86    20.0    10.8    15.4    16.7     0.0    15.61 C    28.2     9.1    17.8    90.6    55.1    73.8   0.350   0.311   0.331   0.346   0.252    17.6    17.0    17.0    16.6    15.3
03761 20170528  2.422  -75.79   39.86    22.7    12.8    17.7    17.5     4.7    14.87 C    31.7    11.5    19.4    95.6    62.0    83.6   0.341   0.302   0.325   0.344   0.251    18.5    17.6    17.4    16.8    15.4
03761 20170529  2.422  -75.79   39.86    17.8    13.5    15.7    15.4     0.2     6.16 C    21.8    14.3    17.0    94.3    82.3    90.2   0.355   0.312   0.326   0.342   0.251    18.1    17.5    17.6    17.0    15.5
03761 20170530  2.422  -75.79   39.86    16.2    12.3    14.3    14.5     0.0     4.59 C    20.2    13.4    15.9    95.1    85.9    91.3   0.350   0.308   0.326   0.341   0.251    17.4    17.0    17.2    17.0    15.6
03761 20170531  2.422  -75.79   39.86    25.3    15.6    20.4    19.7     0.0    23.42 C    34.3    14.7    21.7    95.6    45.3    76.3   0.342   0.302   0.322   0.340   0.250    19.2    18.0    17.6    16.9    15.7
03761 20170601  2.422  -75.79   39.86    24.8    13.2    19.0    19.7     0.0    27.31 C    33.3    11.3    20.1    93.9    31.6    57.2   0.323   0.289   0.315   0.338   0.249    20.0    18.9    18.6    17.5    15.8
03761 20170602  2.422  -75.79   39.86    24.4     9.6    17.0    18.0     0.0    26.55 C    31.8     7.8    18.0    90.6    26.0    50.6   0.302   0.275   0.305   0.335   0.249    19.3    18.5    18.5    17.8    16.0
03761 20170603  2.422  -75.79   39.86    22.8     8.4    15.6    15.6     0.0    24.11 C    32.0     6.5    16.8    89.8    27.1    62.8   0.287   0.264   0.296   0.332   0.248    18.8    18.0    18.2    17.8    16.2
03761 20170604  2.422  -75.79   39.86    27.0     8.4    17.7    18.5     0.0    21.76 C    33.5     7.2    19.8    93.3    39.5    70.1   0.273   0.254   0.288   0.329   0.248    19.0    18.1    18.1    17.7    16.3
03761 20170605  2.422  -75.79   39.86    21.1    15.1    18.1    18.7     1.5     6.27 C    23.7    14.1    19.3    94.7    77.9    87.6   0.267   0.249   0.282   0.326   0.247    19.5    18.6    18.6    18.0    16.4
03761 20170606  2.422  -75.79   39.86    22.8    12.7    17.8    17.6    10.8    18.31 C    32.0    13.7    20.0    94.4    44.1    81.4   0.296   0.261   0.285   0.323   0.246    20.1    19.0    18.8    18.2    16.6
03761 20170607  2.422  -75.79   39.86    17.9     9.6    13.7    13.3     0.2    13.39 C    26.4     8.0    15.3    94.9    55.5    79.1   0.299   0.267   0.285   0.321   0.245    19.1    18.6    18.8    18.3    16.7
03761 20170608  2.422  -75.79   39.86    21.3     7.9    14.6    15.2     0.0    21.63 C    27.0     6.5    15.9    95.4    42.2    70.3   0.293   0.263   0.283   0.318   0.245    18.2    17.6    17.9    18.0    16.7
03761 20170609  2.422  -75.79   39.86    26.1     8.2    17.1    18.3     0.0    27.96 C    32.6     6.9    18.9    94.0    32.4    62.1   0.280   0.255   0.278   0.315   0.243    19.0    18.1    18.1    17.8    16.7
03761 20170610  2.422  -75.79   39.86    28.3    13.5    20.9    22.6     0.0    25.93 C    34.1    11.5    22.1    87.4    37.3    56.7   0.262   0.244   0.270   0.313   0.243    20.6    19.3    18.9    18.1    16.7
03761 20170611  2.422  -75.79   39.86    31.2    17.1    24.2    25.2     0.0    28.88 C    36.1    14.8    24.7    92.1    36.7    60.7   0.241   0.231   0.261   0.311   0.242    22.1    20.5    20.0    18.7    16.9
03761 20170612  2.422  -75.79   39.86    31.7    17.6    24.6    25.6     0.0    27.30 C    36.8    15.5    25.1    91.8    36.2    61.0   0.220   0.216   0.250   0.308   0.242    22.9    21.4    20.9    19.4    17.2
03761 20170613  2.422  -75.79   39.86    33.1    18.6    25.8    26.8     0.0    27.20 C    38.0    16.5    26.6    91.5    32.1    62.5   0.202   0.200   0.239   0.305   0.240    23.7    22.1    21.5    20.0    17.6
03761 20170614  2.422  -75.79   39.86    27.8    18.9    23.3    24.2     0.0    21.29 C    36.3    16.4    25.0    91.9    57.2    69.3   0.188   0.188   0.229   0.302   0.239    23.9    22.5    22.1    20.6    18.0
03761 20170615  2.422  -75.79   39.86    26.5    15.2    20.9    20.9     0.0    26.34 C    34.8    14.0    22.6    89.1    43.4    61.8   0.175   0.177   0.221   0.298   0.239    23.3    22.1    21.9    20.8    18.4
03761 20170616  2.422  -75.79   39.86    25.3    17.6    21.4    21.3     0.0    11.37 C    35.0    16.5    23.4    89.0    63.6    76.8   0.166   0.168   0.214   0.295   0.238    22.6    21.6    21.7    20.8    18.6
03761 20170617  2.422  -75.79   39.86    28.1    20.1    24.1    23.0     7.4    12.50 C    36.2    20.1    24.8    94.6    66.9    85.1   0.164   0.166   0.212   0.293   0.238    23.1    22.0    21.9    20.9    18.7
03761 20170618  2.422  -75.79   39.86    29.6    21.8    25.7    25.8     0.0    19.95 C    40.0    20.4    27.6    94.6    62.3    79.3   0.170   0.168   0.211   0.289   0.238    24.5    23.1    22.5    21.1    18.9
03761 20170619  2.422  -75.79   39.86    29.2    20.6    24.9    24.4    18.9    16.50 C    39.8    20.0    26.1    94.5    62.4    80.2   0.197   0.180   0.213   0.288   0.236    24.8    23.7    23.2    21.7    19.1
03761 20170620  2.422  -75.79   39.86    27.7    18.7    23.2    23.7     0.0    27.86 C    37.1    17.5    25.5    94.1    34.5    62.7   0.228   0.212   0.225   0.288   0.235    24.5    23.4    23.1    21.9    19.5
03761 20170621  2.422  -75.79   39.86    28.9    16.2    22.6    21.9     1.8    24.67 C    38.1    14.8    24.0    94.8    38.5    73.5   0.210   0.208   0.227   0.286   0.235    24.3    23.3    23.2    22.1    19.7
03761 20170622  2.422  -75.79   39.86    29.1    16.4    22.8    23.4     0.0    25.37 C    38.8    15.6    26.2    95.0    52.2    75.8   0.198   0.201   0.225   0.285   0.235    24.7    23.5    23.2    22.2    19.8
03761 20170623  2.422  -75.79   39.86    29.4    21.6    25.5    25.0     1.4    15.83 C    37.0    19.7    25.8    94.5    65.6    82.1   0.190   0.196   0.223   0.284   0.235    25.0    24.0    23.7    22.6    20.1
03761 20170624  2.422  -75.79   39.86    27.7    20.3    24.0    24.5    27.1    25.42 C    35.6    17.7    25.3    92.9    41.7    64.3   0.236   0.268   0.279   0.285   0.235    25.2    24.1    23.9    22.8    20.3
03761 20170625  2.422  -75.79   39.86    27.3    16.3    21.8    22.2     0.0    23.72 C    37.0    13.9    23.0    91.6    38.2    58.9   0.235   0.259   0.280   0.284   0.233    24.5    23.6    23.6    22.9    20.5
03761 20170626  2.422  -75.79   39.86    24.4    12.7    18.6    19.7     0.0    27.44 C    34.7    11.3    21.3    86.6    33.6    54.4   0.222   0.244   0.269   0.283   0.232    23.5    22.9    23.1    22.7    20.6
03761 20170627  2.422  -75.79   39.86    24.2    13.6    18.9    18.9     6.1    21.03 C    34.2    11.7    20.5    94.8    38.8    65.3   0.232   0.239   0.260   0.282   0.231    22.9    22.3    22.6    22.4    20.6
03761 20170628  2.422  -75.79   39.86    24.4    10.3    17.4    18.4     0.0    28.42 C    33.3     8.6    20.2    91.5    34.3    58.9   0.216   0.233   0.254   0.280   0.231    22.5    21.9    22.1    22.1    20.5
03761 20170629  2.422  -75.79   39.86    27.9    14.0    21.0    22.0     0.0    26.22 C    35.9    12.3    23.6    90.7    47.1    67.0   0.203   0.225   0.247   0.279   0.230    23.4    22.4    22.4    22.0    20.4
03761 20170630  2.422  -75.79   39.86    29.9    21.5    25.7    25.7     0.0    25.49 C    37.3    18.8    26.7    81.1    52.1    62.4   0.189   0.215   0.238   0.277   0.230    25.1    23.7    23.3    22.2    20.4
03761 20170701  2.422  -75.79   39.86    30.2    20.8    25.5    24.1    20.8    16.11 C    38.9    19.8    25.4    94.5    61.9    82.6   0.197   0.230   0.235   0.276   0.229    25.2    24.2    23.9    22.8    20.6
03761 20170702  2.422  -75.79   39.86    29.5    18.9    24.2    24.6     0.0    24.40 C    37.1    18.2    25.8    95.2    48.2    73.4   0.223   0.259   0.253   0.274   0.229    25.2    24.2    23.9    23.0    20.9
03761 20170703  2.422  -75.79   39.86    29.8    17.5    23.6    24.4     0.0    27.63 C    35.8    16.6    25.5    94.3    40.6    68.4   0.212   0.248   0.250   0.275   0.227    25.6    24.6    24.2    23.2    21.0
03761 20170704  2.422  -75.79   39.86    29.1    19.2    24.1    23.5     6.0    26.39 C    37.4    18.7    26.0    94.0    52.1    75.7   0.204   0.235   0.243   0.273   0.227    26.0    24.9    24.6    23.5    21.2
03761 20170705  2.422  -75.79   39.86    26.1    18.8    22.4    22.4     0.0    15.26 C    32.5    18.5    23.0    94.4    49.2    69.8   0.207   0.237   0.238   0.272   0.227    25.1    24.4    24.5    23.6    21.4
03761 20170706  2.422  -75.79   39.86    22.1    20.2    21.1    21.1    11.1     4.80 C    24.9    20.3    22.1    94.1    80.7    90.1   0.213   0.243   0.236   0.271   0.227    23.8    23.5    23.7    23.4    21.5
03761 20170707  2.422  -75.79   39.86    28.0    18.9    23.4    22.7    14.4    19.60 C    33.0    18.5    24.2    95.1    56.8    83.6   0.241   0.282   0.242   0.270   0.226    24.6    23.7    23.6    23.1    21.5
03761 20170708  2.422  -75.79   39.86    27.8    17.6    22.7    22.7     1.1    24.41 C    33.6    17.2    23.8    95.0    52.6    73.6   0.275   0.302   0.274   0.270   0.225    25.0    24.1    23.9    23.2    21.5
03761 20170709  2.422  -75.79   39.86    25.6    14.8    20.2    20.6     0.0    29.30 C    32.3    13.8    21.7    93.8    34.0    65.7   0.265   0.282   0.271   0.269   0.225    24.7    23.9    24.0    23.3    21.6
03761 20170710  2.422  -75.79   39.86    28.7    14.3    21.5    22.4     0.0    23.24 C    34.6    13.4    23.4    93.3    45.3    74.0   0.251   0.270   0.263   0.268   0.224    24.4    23.6    23.6    23.2    21.6
03761 20170711  2.422  -75.79   39.86    30.3    20.5    25.4    25.4     0.0    21.70 C    35.1    18.7    25.8    92.6    49.4    72.7   0.237   0.258   0.255   0.268   0.224    25.4    24.4    24.2    23.3    21.7
03761 20170712  2.422  -75.79   39.86    29.9    22.5    26.2    26.1     0.6    19.99 C    34.4    20.9    25.9    85.0    57.4    71.8   0.225   0.249   0.248   0.267   0.223    25.8    24.8    24.6    23.6    21.7
03761 20170713  2.422  -75.79   39.86    30.8    21.3    26.0    26.1     0.0    17.20 C    34.4    20.2    26.2    93.6    54.3    75.5   0.214   0.240   0.241   0.267   0.229    26.0    25.0    24.8    23.8    21.8
03761 20170714  2.422  -75.79   39.86    28.0    21.5    24.8    23.1    54.5    10.20 C    33.8    21.1    24.2    94.4    75.9    90.8   0.268   0.289   0.281   0.299   0.279    25.3    24.8    24.8    24.0    22.1
03761 20170715  2.422  -75.79   39.86    27.9    18.0    23.0    23.8     0.0    23.75 C    33.4    17.0    24.7    95.0    48.6    75.3   0.311   0.317   0.329   0.338   0.300    25.8    24.9    24.7    24.0    22.2
03761 20170716  2.422  -75.79   39.86    27.6    16.1    21.8    22.0     0.0    24.21 C    34.0    14.9    23.1    94.5    50.3    75.3   0.301   0.300   0.317   0.336   0.294    25.1    24.4    24.5    24.0    22.3
03761 20170717  2.422  -75.79   39.86    30.0    17.3    23.6    22.4     6.2    20.94 C    34.9    16.5    23.5    94.7    50.7    81.3   0.296   0.293   0.310   0.335   0.291    25.1    24.3    24.4    23.9    22.3
03761 20170718  2.422  -75.79   39.86    30.3    18.6    24.4    24.6     0.0    21.48 C    35.7    18.0    25.6    95.0    59.0    80.9   0.303   0.296   0.309   0.340   0.289    25.6    24.6    24.6    23.9    22.3
03761 20170719  2.422  -75.79   39.86    32.2    20.5    26.4    26.5     0.0    25.85 C    35.7    19.9    27.1    95.0    45.4    72.7   0.290   0.285   0.304   0.336   0.286    26.6    25.4    25.2    24.1    22.4
03761 20170720  2.422  -75.79   39.86    32.0    21.9    26.9    27.1     0.0    24.17 C    35.5    20.7    27.1    94.2    50.5    74.0   0.275   0.274   0.297   0.333   0.284    27.1    25.8    25.7    24.5    22.6
03761 20170721  2.422  -75.79   39.86    31.3    22.1    26.7    26.5     0.0    23.02 C    35.9    20.9    27.1    93.3    51.4    74.6   0.260   0.263   0.289   0.329   0.244    27.3    26.0    26.0    24.8    22.8
03761 20170722  2.422  -75.79   39.86    31.2    20.9    26.1    25.9     0.0    19.92 C    35.4    20.1    26.4    94.5    51.2    74.7   0.248   0.253   0.281   0.326   0.242    27.2    26.0    26.1    25.1    22.9
03761 20170723  2.422  -75.79   39.86    29.2    21.2    25.2    24.2     7.9    15.30 C    35.1    21.4    25.4    93.6    63.1    82.8   0.242   0.247   0.274   0.322   0.241    26.7    25.8    25.9    25.2    23.1
03761 20170724  2.422  -75.79   39.86    29.2    20.3    24.7    23.8    31.4    22.79 C    33.0    19.7    24.9    94.6    53.1    80.2   0.333   0.338   0.348   0.345   0.241    26.1    25.2    25.5    25.0    23.2
03761 20170725  2.422  -75.79   39.86    25.0    18.9    22.0    21.4     0.0    20.02 C    32.5    17.9    22.5    94.1    56.5    77.8   0.336   0.330   0.342   0.366   0.246    25.6    24.9    25.3    24.9    23.3
03761 20170726  2.422  -75.79   39.86    25.1    17.7    21.4    20.9     0.0    21.60 C    33.0    17.1    22.3    91.4    58.5    76.0   0.324   0.318   0.330   0.358   0.247    25.2    24.4    24.8    24.6    23.3
03761 20170727  2.422  -75.79   39.86    26.6    17.9    22.3    22.0     0.0    10.00 C    29.8    17.0    22.6    94.1    72.3    85.5   0.313   0.309   0.321   0.355   0.246    24.7    24.1    24.5    24.4    23.2
03761 20170728  2.422  -75.79   39.86    27.5    20.3    23.9    23.2     0.9    13.92 C    33.3    19.1    24.1    94.8    56.8    85.1   0.305   0.303   0.315   0.350   0.246    25.1    24.3    24.5    24.2    23.1
03761 20170729  2.422  -75.79   39.86    22.3    13.8    18.1    19.3     4.6     8.92 C    23.6    11.8    19.0    92.0    56.9    76.3   0.319   0.313   0.313   0.346   0.246    24.0    23.7    24.2    24.2    23.0
03761 20170730  2.422  -75.79   39.86    26.0    12.3    19.1    19.4     0.0    27.74 C    30.5    10.6    19.8    90.7    39.3    65.9   0.312   0.305   0.311   0.342   0.245    23.0    22.6    23.2    23.6    22.9
03761 20170731  2.422  -75.79   39.86    28.9    13.1    21.0    21.5     0.0    26.07 C    32.9    11.5    21.6    94.2    43.7    72.1   0.295   0.282   0.304   0.339   0.244    23.4    22.7    23.2    23.3    22.7
03761 20170801  2.422  -75.79   39.86    30.1    15.9    23.0    23.4     0.0    25.51 C    34.2    14.3    23.6    94.0    42.5    72.9   0.280   0.270   0.296   0.335   0.243    24.1    23.2    23.5    23.3    22.5
03761 20170802  2.422  -75.79   39.86    30.0    18.0    24.0    22.2     1.0    14.97 C    40.5    17.5    23.4    94.1    52.4    83.1   0.269   0.261   0.290   0.331   0.243    24.5    23.7    23.9    23.5    22.5
03761 20170803  2.422  -75.79   39.86    29.2    16.6    22.9    22.3     3.0    21.25 C    39.4    16.1    25.1    94.7    59.8    82.7   0.265   0.255   0.285   0.328   0.243    24.7    23.8    23.9    23.5    22.5
03761 20170804  2.422  -75.79   39.86    29.8    19.4    24.6    24.2     0.0    23.79 C    39.2    18.2    26.2    94.2    58.4    78.5   0.259   0.257   0.281   0.326   0.242    25.5    24.5    24.5    23.8    22.5
03761 20170805  2.422  -75.79   39.86    23.7    13.8    18.7    20.1    13.3    23.35 C    33.0    13.0    21.9    94.3    45.9    72.7   0.302   0.289   0.288   0.322   0.271    24.6    24.1    24.4    24.1    22.7
03761 20170806  2.422  -75.79   39.86    23.4    12.7    18.0    18.5     0.0    16.73 C    30.7    11.8    20.4    94.1    44.7    74.8   0.290   0.284   0.288   0.320   0.276    22.9    22.6    23.3    23.7    22.7
03761 20170807  2.422  -75.79   39.86    21.3    17.4    19.4    18.9    25.4     3.28 C    24.1    18.1    19.9    93.5    85.4    91.4   0.331   0.315   0.303   0.317   0.263    22.4    22.2    22.8    23.3    22.5
03761 20170808  2.422  -75.79   39.86    24.3    14.9    19.6    19.9     0.0    17.00 C    30.1    13.6    21.1    94.5    54.1    78.9   0.340   0.328   0.322   0.316   0.239    22.8    22.4    22.6    22.8    22.3
03761 20170809  2.422  -75.79   39.86    27.3    13.8    20.5    20.2     0.0    24.75 C    34.8    12.9    22.1    94.7    38.9    73.0   0.322   0.313   0.314   0.316   0.238    22.8    22.4    22.6    22.8    22.1
03761 20170810  2.422  -75.79   39.86    27.8    13.5    20.7    20.7     0.0    23.29 C    35.1    12.5    22.1    94.7    39.5    70.9   0.303   0.301   0.305   0.315   0.239    23.0    22.6    22.8    22.8    22.0
03761 20170811  2.422  -75.79   39.86    27.0    16.5    21.8    21.8     0.5    18.35 C    34.1    15.9    23.6    93.3    56.2    78.4   0.289   0.293   0.297   0.314   0.237    23.7    23.0    23.0    22.9    22.0
03761 20170812  2.422  -75.79   39.86    26.9    19.1    23.0    22.2     0.0    10.63 C    32.9    19.0    23.7    94.5    69.9    86.9   0.281   0.287   0.292   0.313   0.237    24.0    23.4    23.4    23.1    22.0
03761 20170813  2.422  -75.79   39.86    25.8    15.9    20.9    21.5     0.0    21.81 C    33.8    14.3    22.7    94.1    51.9    75.7   0.272   0.281   0.286   0.311   0.236    24.3    23.7    23.6    23.2    22.1
03761 20170814  2.422  -75.79   39.86    25.0    14.3    19.7    20.2     0.7    11.41 C    28.9    13.0    21.0    94.4    61.9    83.5   0.262   0.276   0.280   0.310   0.236    22.9    22.7    23.0    23.2    22.1
03761 20170815  2.422  -75.79   39.86    24.0    18.9    21.4    21.2    17.9     4.50 C    26.5    19.4    22.0    94.8    85.7    92.0   0.298   0.287   0.278   0.309   0.235    23.2    22.8    22.9    23.0    22.0
03761 20170816  2.422  -75.79   39.86    28.3    17.6    22.9    22.4     0.0    21.08 C    33.4    16.2    23.3    95.4    52.4    82.8   0.318   0.301   0.285   0.307   0.234    23.8    23.2    23.1    22.9    22.0
03761 20170817  2.422  -75.79   39.86    28.9    16.4    22.7    23.0     0.0    22.48 C    34.0    15.2    23.9    94.6    53.8    79.1   0.300   0.292   0.283   0.306   0.234    24.0    23.3    23.3    23.1    22.0
03761 20170818  2.422  -75.79   39.86    29.5    21.6    25.5    24.0    25.4     8.97 C    34.0    21.3    24.6    94.1    71.4    88.3   0.318   0.309   0.306   0.311   0.234    24.5    23.9    23.8    23.3    22.1
03761 20170819  2.422  -75.79   39.86    28.4    18.0    23.2    24.2     0.0    23.54 C    32.8    16.3    24.6    93.7    48.8    72.8   0.350   0.334   0.338   0.340   0.236    24.9    24.2    24.0    23.5    22.3
03761 20170820  2.422  -75.79   39.86    26.7    16.6    21.6    21.1     0.0    24.63 C    31.4    14.6    21.6    94.1    45.4    71.5   0.328   0.317   0.326   0.345   0.236    24.2    23.7    23.9    23.6    22.4
03761 20170821  2.422  -75.79   39.86    28.3    15.5    21.9    22.7     0.0    18.56 C    33.3    14.3    23.2    94.5    58.9    80.2   0.312   0.305   0.317   0.343   0.237    23.7    23.3    23.5    23.4    22.4
03761 20170822  2.422  -75.79   39.86    30.3    21.0    25.7    25.4    16.3    20.60 C    34.3    19.7    25.9    95.7    61.5    81.2   0.311   0.304   0.316   0.340   0.236    25.0    24.1    24.0    23.5    22.4
03761 20170823  2.422  -75.79   39.86    25.7    14.8    20.3    21.9     0.0    22.55 C    31.5    13.1    22.4    93.7    42.3    73.8   0.357   0.342   0.346   0.342   0.237    24.9    24.3    24.3    23.8    22.5
03761 20170824  2.422  -75.79   39.86    24.8    13.8    19.3    18.7     0.0    24.04 C    30.1    12.2    19.4    93.5    37.8    71.3   0.332   0.323   0.331   0.343   0.237    23.2    23.0    23.4    23.7    22.6
03761 20170825  2.422  -75.79   39.86    23.6    13.8    18.7    18.8     0.0    20.07 C    30.6    12.0    19.9    91.9    49.7    74.0   0.315   0.310   0.322   0.342   0.237    22.6    22.4    22.8    23.2    22.5
03761 20170826  2.422  -75.79   39.86    24.3    13.5    18.9    18.7     0.0    23.14 C    29.6    11.6    19.5    93.2    41.5    67.4   0.301   0.299   0.314   0.339   0.237    22.6    22.3    22.7    22.9    22.3
03761 20170827  2.422  -75.79   39.86    23.5    11.5    17.5    17.0     0.0    20.30 C    29.0     9.7    17.2    94.7    38.7    74.0   0.288   0.290   0.306   0.336   0.236    21.5    21.4    22.0    22.6    22.1
03761 20170828  2.422  -75.79   39.86    22.9    10.5    16.7    17.1     0.0    18.91 C    27.7     8.3    16.8    94.7    44.1    71.0   0.277   0.282   0.298   0.333   0.236    20.7    20.7    21.3    22.1    21.9
03761 20170829  2.422  -75.79   39.86    17.2    15.3    16.2    16.3    11.9     2.00 C    18.1    14.1    16.2    91.6    76.8    86.6   0.314   0.294   0.300   0.330   0.236    20.3    20.4    21.0    21.7    21.7
03761 20170830  2.422  -75.79   39.86    23.0    13.3    18.1    18.0     0.0    20.75 C    28.3    12.0    18.4    93.3    52.8    76.3   0.348   0.324   0.320   0.327   0.236    20.5    20.3    20.6    21.3    21.4
03761 20170831  2.422  -75.79   39.86    27.3    15.6    21.5    20.8     0.0    20.55 C    32.6    13.4    20.9    93.9    49.2    71.3   0.331   0.312   0.317   0.325   0.235    20.9    20.5    20.8    21.1    21.2
03761 20170901  2.422  -75.79   39.86    18.1    11.9    15.0    14.7     0.0    15.32 C    26.5     9.3    15.3    91.9    42.7    66.7   0.319   0.304   0.312   0.324   0.235    20.1    20.1    20.5    21.1    21.1
03761 20170902  2.422  -75.79   39.86    16.2    10.9    13.5    13.6    24.0     3.42 C    18.3     9.3    13.7    94.2    71.1    85.6   0.351   0.329   0.333   0.332   0.235    18.5    18.7    19.4    20.6    20.9
03761 20170903  2.422  -75.79   39.86    22.0    14.5    18.2    17.6     0.5    12.63 C    26.3    11.6    17.8    95.1    59.3    82.8   0.373   0.350   0.355   0.361   0.250    18.9    18.7    19.1    20.0    20.6
03761 20170904  2.422  -75.79   39.86    25.9    11.5    18.7    19.2     0.0    22.24 C    31.9     9.2    19.0    94.7    41.6    73.7   0.355   0.335   0.344   0.352   0.251    19.4    19.0    19.3    19.9    20.3
03761 20170905  2.422  -75.79   39.86    28.1    16.2    22.2    21.1     4.4    19.71 C    32.7    13.9    21.8    94.9    55.3    81.7   0.349   0.327   0.337   0.349   0.251    20.5    19.9    20.0    20.0    20.1
03761 20170906  2.422  -75.79   39.86    18.6    14.4    16.5    16.2     4.6     1.64 C    19.3    14.7    16.7    95.1    80.3    90.6   0.380   0.352   0.354   0.352   0.251    20.3    20.0    20.4    20.4    20.2
03761 20170907  2.422  -75.79   39.86    20.8    10.4    15.6    15.4     0.0    18.18 C    27.1     8.8    15.6    95.3    44.2    76.3   0.370   0.348   0.354   0.360   0.254    19.1    18.9    19.5    20.1    20.2
03761 20170908  2.422  -75.79   39.86    20.7    10.1    15.4    15.0     0.4    18.30 C    27.7     8.0    15.1    94.6    46.9    73.6   0.353   0.334   0.343   0.354   0.255    18.3    18.1    18.9    19.7    20.0
03761 20170909  2.422  -75.79   39.86    19.2     9.5    14.3    13.6     0.0    19.59 C    28.2     7.1    14.0    94.6    45.6    72.8   0.341   0.325   0.335   0.351   0.255    17.9    17.7    18.5    19.4    19.8
03761 20170910  2.422  -75.79   39.86    21.3     9.7    15.5    14.6     0.0    20.80 C    28.4     6.9    15.1    93.2    40.7    71.9   0.331   0.317   0.329   0.347   0.254    17.8    17.4    18.2    19.1    19.6
03761 20170911  2.422  -75.79   39.86    22.3     7.8    15.1    15.0     0.0    19.82 C    28.9     5.8    15.7    93.5    38.9    74.8   0.320   0.309   0.322   0.344   0.253    17.7    17.3    18.1    18.8    19.4
03761 20170912  2.422  -75.79   39.86    24.1    11.4    17.8    16.9     0.0    15.21 C    30.7     9.4    17.7    94.0    38.8    78.4   0.312   0.303   0.317   0.340   0.253    18.4    17.8    18.4    18.8    19.1
03761 20170913  2.422  -75.79   39.86    21.8    13.3    17.5    18.0     1.3     5.10 C    24.2    12.3    18.7    94.7    88.2    92.7   0.309   0.300   0.312   0.338   0.252    18.8    18.2    18.7    18.9    19.1
03761 20170914  2.422  -75.79   39.86    25.4    17.7    21.5    20.8     0.0    11.16 C    31.7    16.3    21.1    94.8    57.9    84.9   0.312   0.300   0.311   0.336   0.251    20.1    19.2    19.3    19.2    19.0
03761 20170915  2.422  -75.79   39.86    26.4    14.6    20.5    20.2     0.0    18.97 C    32.7    13.2    20.8    94.9    54.3    81.3   0.307   0.297   0.308   0.333   0.250    20.3    19.5    19.7    19.5    19.2
03761 20170916  2.422  -75.79   39.86    27.8    15.3    21.5    21.4     0.0    18.56 C    33.3    13.8    21.9    94.8    50.7    78.8   0.298   0.290   0.303   0.331   0.250    20.7    19.7    20.0    19.7    19.3
03761 20170917  2.422  -75.79   39.86    26.0    16.9    21.4    20.9     0.0    11.80 C    31.4    15.5    21.6    94.5    61.8    85.0   0.290   0.285   0.298   0.329   0.249    21.3    20.3    20.5    20.1    19.4
03761 20170918  2.422  -75.79   39.86    24.5    16.9    20.7    20.1     0.0     7.92 C    30.0    15.2    20.5    94.8    70.5    86.1   0.285   0.281   0.294   0.326   0.248    20.8    20.1    20.5    20.3    19.6
03761 20170919  2.422  -75.79   39.86    25.6    19.6    22.6    21.9     0.7    10.74 C    31.6    18.6    22.2    88.4    62.1    76.7   0.281   0.278   0.290   0.324   0.248    21.2    20.4    20.6    20.3    19.7
03761 20170920  2.422  -75.79   39.86    28.5    17.4    23.0    22.6     0.0    17.47 C    32.4    15.9    22.2    92.9    48.3    70.8   0.276   0.272   0.286   0.322   0.247    21.6    20.6    20.8    20.4    19.8
03761 20170921  2.422  -75.79   39.86    28.7    16.3    22.5    21.8     0.0    19.03 C    33.4    14.8    21.9    93.6    46.8    75.7   0.267   0.266   0.281   0.319   0.247    21.3    20.5    20.8    20.6    19.9
03761 20170922  2.422  -75.79   39.86    25.6    16.8    21.2    20.0     0.0    10.90 C    27.1    14.1    19.3    93.9    40.8    74.8   0.257   0.259   0.276   0.318   0.246    21.0    20.3    20.8    20.7    20.0
03761 20170923  2.422  -75.79   39.86    28.8    14.4    21.6    20.7     0.0    19.17 C    32.4    13.0    20.3    90.6    33.9    66.6   0.247   0.254   0.271   0.315   0.245    20.5    19.8    20.4    20.5    20.0
03761 20170924  2.422  -75.79   39.86    30.4    16.3    23.4    22.8     0.0    18.30 C    33.9    14.5    22.4    93.8    44.0    72.8   0.235   0.246   0.266   0.312   0.245    20.9    20.0    20.4    20.4    20.0
03761 20170925  2.422  -75.79   39.86    30.9    16.5    23.7    23.1     0.0    17.48 C    34.2    15.3    23.0    94.0    48.8    77.2   0.227   0.239   0.261   0.310   0.244    21.4    20.5    20.8    20.5    19.9
03761 20170926  2.422  -75.79   39.86    27.5    16.7    22.1    21.7     0.0    16.26 C    32.1    15.3    21.8    93.9    55.2    79.1   0.217   0.232   0.256   0.307   0.243    21.5    20.6    21.0    20.7    20.0
03761 20170927  2.422  -75.79   39.86    29.7    18.3    24.0    23.2     0.0    15.81 C    34.3    16.9    23.3    93.5    56.9    79.2   0.210   0.225   0.251   0.305   0.243    21.8    20.9    21.1    20.8    20.1
03761 20170928  2.422  -75.79   39.86    23.1    12.1    17.6    19.8     0.0    18.73 C    27.8     8.9    18.9    93.6    36.5    60.8   0.202   0.218   0.245   0.303   0.242    21.2    20.6    21.1    20.9    20.2
03761 20170929  2.422  -75.79   39.86    19.9     7.4    13.6    13.9     0.0    16.41 C    25.7     5.3    13.6    91.6    39.0    65.8   0.194   0.211   0.239   0.299   0.241    18.5    18.5    19.6    20.5    20.2
03761 20170930  2.422  -75.79   39.86    16.1     9.4    12.7    13.3     0.0    10.95 C    20.6     6.5    12.3    86.6    50.0    63.6   0.191   0.207   0.235   0.297   0.246    17.4    17.4    18.5    19.7    19.9
03761 20171001  2.422  -75.79   39.86    19.1     6.2    12.6    11.7     0.0    18.64 C    26.2     3.8    12.3    93.7    41.6    71.9   0.186   0.203   0.230   0.294   0.268    16.7    16.6    17.7    19.0    19.6
03761 20171002  2.422  -75.79   39.86    22.0     4.9    13.5    12.9     0.0    18.36 C    28.2     3.0    13.1    94.6    32.8    70.5   0.180   0.197   0.226   0.291   0.267    16.0    15.9    17.1    18.4    19.2
03761 20171003  2.422  -75.79   39.86    21.6     5.4    13.5    13.6     0.0    17.53 C    28.0     3.1    13.6    95.0    44.9    75.4   0.174   0.193   0.222   0.288   0.266    15.9    15.7    16.8    18.0    18.8
03761 20171004  2.422  -75.79   39.86    22.8     6.6    14.7    14.9     0.0    17.40 C    29.3     5.0    14.9    95.8    50.9    78.9   0.169   0.187   0.218   0.286   0.265    16.1    15.8    16.7    17.7    18.5
03761 20171005  2.422  -75.79   39.86    26.3    12.3    19.3    19.1     0.0    11.61 C    32.1    10.5    18.8    95.1    46.3    77.2   0.165   0.184   0.214   0.283   0.264    17.1    16.5    17.0    17.6    18.3
03761 20171006  2.422  -75.79   39.86    25.7    14.0    19.9    19.9     0.0    11.78 C    31.5    12.8    19.9    94.6    55.0    80.9   0.163   0.180   0.212   0.281   0.263    18.3    17.6    17.8    17.9    18.2
03761 20171007  2.422  -75.79   39.86    27.6    14.5    21.0    21.0     0.0    14.21 C    34.9    12.9    21.3    94.5    48.4    78.9   0.160   0.177   0.210   0.279   0.263    18.9    18.1    18.2    18.1    18.2
03761 20171008  2.422  -75.79   39.86    25.1    21.7    23.4    23.0     2.1     4.02 C    26.4    21.2    22.8    92.9    82.4    89.9   0.159   0.175   0.208   0.278   0.262    20.0    19.2    19.0    18.6    18.3
03761 20171009  2.422  -75.79   39.86    25.3    21.8    23.6    23.5    14.3     2.20 C    25.9    20.9    22.8    92.7    69.9    87.6   0.213   0.193   0.212   0.277   0.262    20.7    19.8    19.6    19.0    18.5
03761 20171010  2.422  -75.79   39.86    26.7    16.3    21.5    21.2     0.0    13.12 C    32.2    14.8    20.9    94.5    58.9    81.0   0.244   0.223   0.220   0.276   0.261    20.6    20.0    19.9    19.4    18.7
03761 20171011  2.422  -75.79   39.86    23.1    16.1    19.6    19.1     0.5     5.10 C    27.0    14.8    18.9    94.7    70.5    82.3   0.241   0.226   0.223   0.275   0.260    19.7    19.2    19.6    19.5    18.9
03761 20171012  2.422  -75.79   39.86    17.9    10.5    14.2    14.6     5.6     2.88 C    17.7     8.9    14.5    91.2    69.4    81.8   0.280   0.240   0.230   0.275   0.260    18.8    18.7    19.1    19.3    19.0
03761 20171013  2.422  -75.79   39.86    16.3    10.5    13.4    14.2     0.2     3.73 C    17.6    10.2    14.8    92.7    75.8    82.1   0.278   0.250   0.237   0.274   0.259    17.4    17.4    18.1    18.8    18.9
03761 20171014  2.422  -75.79   39.86    20.6    15.2    17.9    17.2     0.2     6.44 C    26.8    15.4    18.1    93.5    73.6    88.1   0.274   0.251   0.239   0.273   0.259    18.2    17.8    18.1    18.5    18.7
03761 20171015  2.422  -75.79   39.86    20.7    16.5    18.6    18.3     0.0     2.96 C    20.8    15.1    18.0    94.8    79.2    89.6   0.270   0.250   0.240   0.273   0.258    18.6    18.2    18.4    18.5    18.6
03761 20171016  2.422  -75.79   39.86    19.5     4.1    11.8    12.2     0.3     7.70 C    19.2     1.8    11.2    91.1    41.0    69.4   0.265   0.248   0.240   0.273   0.257    17.5    17.5    18.1    18.5    18.5
03761 20171017  2.422  -75.79   39.86    14.4     1.2     7.8     7.2     0.0    16.07 C    20.6    -0.4     7.2    94.1    32.6    70.0   0.257   0.244   0.239   0.273   0.256    14.2    14.7    16.0    17.7    18.4
03761 20171018  2.422  -75.79   39.86    20.6     3.0    11.8    11.0     0.0    13.39 C    26.1     1.1    10.0    94.0    36.8    73.4   0.242   0.238   0.237   0.272   0.255    13.6    13.7    14.9    16.7    18.0
03761 20171019  2.422  -75.79   39.86    20.5     4.3    12.4    12.1     0.0    15.47 C    25.7     2.4    11.2    95.8    38.2    73.1   0.237   0.234   0.236   0.271   0.255    13.7    13.7    14.6    16.1    17.5
03761 20171020  2.422  -75.79   39.86    21.3     6.7    14.0    13.2     0.0    14.91 C    25.7     4.1    11.8    93.4    25.9    65.2   0.231   0.229   0.234   0.270   0.255    13.8    13.8    14.5    15.8    17.1
03761 20171021  2.422  -75.79   39.86    24.1     5.5    14.8    13.5     0.0    14.48 C    28.7     2.7    12.2    91.2    21.4    64.4   0.223   0.224   0.232   0.270   0.253    13.7    13.6    14.3    15.5    16.8
03761 20171022  2.422  -75.79   39.86    22.5     5.6    14.1    13.9     0.0    13.65 C    27.6     3.4    12.7    93.8    30.4    70.0   0.216   0.219   0.230   0.269   0.253    13.7    13.5    14.2    15.3    16.6
03761 20171023  2.422  -75.79   39.86    23.3    14.3    18.8    18.8     0.4     7.03 C    28.2    11.4    18.7    95.1    68.5    84.8   0.212   0.216   0.228   0.269   0.253    15.4    14.7    14.9    15.3    16.3
03761 20171024  2.422  -75.79   39.86    22.0    11.1    16.5    18.4     9.9    12.01 C    26.2     8.2    17.6    94.5    52.7    78.7   0.230   0.225   0.228   0.269   0.252    17.0    16.4    16.2    15.9    16.3
03761 20171025  2.422  -75.79   39.86    16.3     6.7    11.5    11.5     0.0    12.78 C    21.8     3.9    10.0    92.8    36.9    63.6   0.238   0.227   0.229   0.269   0.252    14.9    14.9    15.6    16.1    16.5
03761 20171026  2.422  -75.79   39.86    13.2     4.4     8.8     9.1     0.0     9.34 C    17.8     0.4     7.4    79.2    48.5    63.4   0.233   0.225   0.228   0.268   0.251    13.2    13.4    14.4    15.6    16.4
03761 20171027  2.422  -75.79   39.86    17.6     0.9     9.2     9.5     0.0    13.78 C    22.1    -1.4     8.0    93.2    38.6    68.3   0.227   0.223   0.227   0.267   0.250    12.0    12.3    13.3    14.9    16.2
03761 20171028  2.422  -75.79   39.86    20.2     7.6    13.9    14.0     0.0    12.61 C    24.4     2.8    11.7    89.6    39.5    68.7   0.221   0.219   0.226   0.266   0.250    12.4    12.4    13.1    14.3    15.8
03761 20171029  2.422  -75.79   39.86    17.7     9.9    13.8    15.3    41.2     1.07 C    18.3     9.5    14.8    93.8    87.8    92.5   0.287   0.278   0.269   0.266   0.249    14.0    13.6    13.8    14.4    15.6
03761 20171030  2.422  -75.79   39.86    12.4     6.3     9.3     9.1    14.2    12.43 C    16.7     1.7     7.7    88.7    38.7    61.1   0.353   0.337   0.352   0.272   0.263    13.0    13.1    13.7    14.5    15.5
03761 20171031  2.422  -75.79   39.86    12.7     0.6     6.7     7.8     0.0    12.41 C    16.2    -1.5     6.0    87.4    34.2    58.5   0.328   0.318   0.336   0.299   0.265    11.7    11.9    12.8    14.0    15.3
03761 20171101  2.422  -75.79   39.86    16.1     0.5     8.3     9.7     0.0     5.04 C    18.7    -1.3     9.1    92.4    56.9    75.8   0.319   0.310   0.329   0.308   0.263    10.9    11.0    11.9    13.4    15.0
03761 20171102  2.422  -75.79   39.86    22.8    11.2    17.0    16.2     0.0    11.15 C    26.0     7.4    14.5    95.5    54.1    82.6   0.311   0.305   0.325   0.311   0.263    13.0    12.6    12.7    13.2    14.7
03761 20171103  2.422  -75.79   39.86    20.9     9.8    15.3    15.3     0.0     6.13 C    24.4     5.5    13.9    95.7    58.7    79.8   0.305   0.300   0.321   0.313   0.263    13.6    13.3    13.3    13.6    14.6
03761 20171104  2.422  -75.79   39.86    13.4     3.9     8.6     9.3     4.9    10.72 C    19.7     0.8     8.7    90.6    48.9    66.3   0.300   0.295   0.317   0.313   0.263    12.7    12.8    13.2    13.8    14.6
03761 20171105  2.422  -75.79   39.86    16.5     8.9    12.7    13.3     2.9     2.85 C    17.8     9.0    13.3    93.5    84.5    90.4   0.338   0.309   0.325   0.314   0.263    12.9    12.7    13.0    13.6    14.5
03761 20171106  2.422  -75.79   39.86    19.5     6.9    13.2    15.4     0.0     4.93 C    23.9     3.8    14.8    90.5    64.9    80.6   0.327   0.313   0.327   0.315   0.263    14.2    13.7    13.7    13.7    14.5
03761 20171107  2.422  -75.79   39.86     7.0     2.3     4.7     4.7     7.5     3.16 C     9.8    -0.1     4.6    90.5    59.7    77.6   0.332   0.315   0.329   0.317   0.264    12.1    12.4    13.2    13.8    14.5
03761 20171108  2.422  -75.79   39.86    10.2     1.2     5.7     5.3     0.0    10.60 C    15.9    -0.4     5.5    93.6    54.0    75.0   0.342   0.329   0.342   0.319   0.264    10.9    11.1    12.0    13.2    14.5
03761 20171109  2.422  -75.79   39.86    12.7     1.2     6.9     8.4     0.6     6.09 C    19.3    -0.3     8.8    93.9    61.6    78.5   0.330   0.323   0.336   0.324   0.264    10.6    10.7    11.4    12.6    14.1
03761 20171110  2.422  -75.79   39.86     8.2    -5.1     1.5     1.7     0.0    10.63 C     9.0    -7.8     0.5    94.0    28.9    50.8   0.326   0.318   0.332   0.325   0.264     9.9    10.2    11.2    12.4    13.9
03761 20171111  2.422  -75.79   39.86     3.1    -7.9    -2.4    -2.8     0.0    11.21 C    12.0    -9.8    -2.8    82.0    24.4    49.1   0.321   0.314   0.327   0.325   0.264     7.0     7.8     9.3    11.5    13.6
03761 20171112  2.422  -75.79   39.86     6.1    -5.5     0.3     0.2     0.0     7.55 C    12.5    -7.4     0.4    85.0    39.0    67.5   0.318   0.311   0.324   0.324   0.263     6.3     6.8     8.2    10.4    13.0
03761 20171113  2.422  -75.79   39.86     5.5     0.9     3.2     3.2     3.4     2.06 C     8.1    -1.7     3.1    95.9    75.9    88.8   0.327   0.314   0.324   0.323   0.264     7.1     7.3     8.2     9.8    12.5
03761 20171114  2.422  -75.79   39.86     8.5     0.5     4.5     4.7     0.0     5.17 C    14.3    -2.1     3.5    95.9    51.5    73.6   0.329   0.317   0.325   0.323   0.264     7.3     7.4     8.2     9.6    12.0
03761 20171115  2.422  -75.79   39.86    10.3    -0.4     5.0     5.3     0.0    10.16 C    15.4    -3.5     4.8    88.8    45.2    70.2   0.324   0.315   0.324   0.322   0.264     7.4     7.5     8.2     9.4    11.7
03761 20171116  2.422  -75.79   39.86    13.8     4.7     9.3     8.5     0.4     7.72 C    18.3     1.0     7.2    91.2    37.7    64.5   0.320   0.312   0.322   0.323   0.264     8.5     8.4     8.7     9.5    11.5
03761 20171117  2.422  -75.79   39.86     8.6    -1.9     3.4     4.5     0.0    11.05 C    11.9    -5.0     2.9    82.6    35.0    55.4   0.314   0.309   0.319   0.322   0.263     7.7     8.0     8.6     9.5    11.4
03761 20171118  2.422  -75.79   39.86    14.9    -3.5     5.7     5.1     1.6     1.97 C    12.0    -6.3     3.6    90.6    66.4    79.9   0.311   0.307   0.316   0.322   0.263     6.5     6.8     7.7     9.2    11.3
03761 20171119  2.422  -75.79   39.86    14.8     1.8     8.3     8.6     5.6     7.77 C    13.0    -3.0     7.0    89.7    40.5    58.8   0.341   0.321   0.323   0.321   0.263     8.3     8.1     8.3     9.0    11.0
03761 20171120  2.422  -75.79   39.86     7.2     0.0     3.6     3.7     0.0    10.59 C    11.4    -4.9     1.3    61.5    36.2    48.7   0.332   0.321   0.326   0.322   0.263     6.9     7.2     7.9     9.0    10.9
03761 20171121  2.422  -75.79   39.86    12.2    -1.3     5.4     6.8     0.0     8.28 C    15.5    -5.2     3.3    86.5    37.5    63.8   0.324   0.316   0.323   0.321   0.262     6.1     6.4     7.2     8.6    10.7
03761 20171122  2.422  -75.79   39.86    11.6     0.2     5.9     7.6     0.5     7.17 C    13.7    -4.2     5.5    91.3    42.8    63.6   0.319   0.314   0.321   0.320   0.262     7.2     7.2     7.6     8.5    10.5
03761 20171123  2.422  -75.79   39.86     3.9    -4.9    -0.5    -0.5     0.0    10.54 C     9.5    -8.1    -2.1    84.1    43.0    60.2   0.315   0.311   0.319   0.320   0.262     5.6     6.1     7.0     8.4    10.3
03761 20171124  2.422  -75.79   39.86    10.1    -5.4     2.4     1.7     0.0    10.06 C    15.4    -7.2    -0.1    88.9    23.5    64.6   0.311   0.308   0.316   0.319   0.262     4.5     4.9     6.0     7.8    10.1
03761 20171125  2.422  -75.79   39.86    13.9    -3.6     5.1     5.4     0.0     9.06 C    18.1    -6.0     3.3    91.8    39.7    68.7   0.309   0.306   0.314   0.318   0.262     4.9     5.0     5.8     7.3     9.7
03761 20171126  2.422  -75.79   39.86    10.9    -2.7     4.1     5.2     0.0    10.17 C    12.9    -6.4     2.7    81.3    40.3    54.8   0.305   0.304   0.312   0.317   0.261     5.8     5.8     6.3     7.3     9.5
03761 20171127  2.422  -75.79   39.86    11.2    -1.2     5.0     5.1     0.0     9.20 C    14.2    -4.6     2.3    81.1    35.0    55.1   0.297   0.302   0.309   0.316   0.261     5.2     5.4     6.0     7.2     9.3
03761 20171128  2.422  -75.79   39.86    14.6    -2.3     6.1     6.2     0.0     9.32 C    18.1    -4.9     3.1    84.9    33.4    61.5   0.291   0.300   0.307   0.315   0.261     5.1     5.2     5.9     7.0     9.2
03761 20171129  2.422  -75.79   39.86    16.5     2.1     9.3     9.5     0.0     9.12 C    18.4    -3.1     5.1    83.9    25.4    53.1   0.289   0.298   0.305   0.315   0.260     5.9     5.9     6.2     7.0     9.0
03761 20171130  2.422  -75.79   39.86    11.4    -0.9     5.2     5.9     0.7     6.99 C    18.3    -3.0     4.1    92.0    52.0    69.3   0.286   0.295   0.303   0.314   0.260     5.8     5.8     6.3     7.2     8.9
03761 20171201  2.422  -75.79   39.86    10.3    -1.6     4.3     5.6     0.0     8.79 C    12.5    -5.3     2.7    92.3    42.1    70.1   0.285   0.294   0.301   0.314   0.260     6.2     6.1     6.5     7.2     8.8
03761 20171202  2.422  -75.79   39.86     9.6    -4.3     2.6     1.9     0.0     7.46 C    14.5    -6.9     0.1    91.4    48.1    75.2   0.284   0.293   0.300   0.312   0.260     4.8     5.1     5.8     7.1     8.8
03761 20171203  2.422  -75.79   39.86     9.7    -2.7     3.5     2.5     0.0     4.89 C    15.0    -5.3     1.2    93.8    62.7    84.2   0.282   0.292   0.298   0.311   0.259     4.8     4.9     5.6     6.7     8.7
03761 20171204  2.422  -75.79   39.86    10.5    -3.9     3.3     3.0     0.0     6.65 C    13.8    -6.3     0.9    94.2    50.6    82.6   0.281   0.291   0.297   0.310   0.259     4.3     4.5     5.3     6.5     8.5
03761 20171205  2.422  -75.79   39.86    13.4     4.8     9.1    10.5     5.9     0.98 C    12.6     0.8     9.4    93.9    86.2    91.2   0.282   0.290   0.296   0.308   0.259     5.7     5.4     5.6     6.3     8.4
03761 20171206  2.422  -75.79   39.86    13.0     0.0     6.5     4.6     0.0     5.77 C    11.6    -4.6     2.7    91.2    29.0    49.4   0.309   0.299   0.298   0.308   0.259     6.6     6.5     6.6     6.8     8.3
03761 20171207  2.422  -75.79   39.86     6.2    -1.2     2.5     3.1     0.0     8.64 C    10.9    -6.7    -0.5    65.6    35.5    48.2   0.309   0.302   0.300   0.307   0.259     4.6     4.9     5.7     6.8     8.4
03761 20171208  2.422  -75.79   39.86     2.0    -1.3     0.3     0.5     0.0     3.25 C     5.4    -4.8    -0.2    73.6    44.8    55.5   0.305   0.302   0.300   0.306   0.258     4.1     4.3     5.1     6.3     8.3
03761 20171209  2.422  -75.79   39.86     0.0    -2.5    -1.2    -1.4     7.3     1.13 C     0.1    -4.5    -1.6    90.2    50.7    79.7   0.303   0.300   0.301   0.305   0.258     3.9     4.2     4.8     6.0     8.0
03761 20171210  2.422  -75.79   39.86     2.5    -5.1    -1.3    -1.0     0.0     7.46 C     0.6   -14.5    -5.2    84.4    47.6    64.4   0.305   0.299   0.301   0.304   0.258     4.0     4.1     4.7     5.8     7.8
03761 20171211  2.422  -75.79   39.86     3.8    -0.8     1.5     1.4     0.0     7.36 C     2.7    -5.0    -1.5    70.8    43.5    58.6   0.317   0.301   0.302   0.304   0.256     4.0     4.2     4.6     5.7     7.7
03761 20171212  2.422  -75.79   39.86     5.7    -6.6    -0.5     1.9     0.0     1.94 C     5.7    -8.5     0.0    79.5    36.9    62.7   0.329   0.307   0.309   0.304   0.257     3.8     4.0     4.5     5.5     7.5
03761 20171213  2.422  -75.79   39.86    -2.1    -7.6    -4.8    -5.0     2.9     8.99 C     0.9    -9.7    -5.7    89.9    31.0    45.5   0.322   0.311   0.315   0.303   0.257     2.2     2.7     3.7     5.3     7.4
03761 20171214  2.422  -75.79   39.86    -0.2    -5.9    -3.0    -2.7     0.0     8.34 C    -1.0   -11.7    -5.4    90.8    40.3    63.7   0.314   0.308   0.313   0.303   0.256     1.7     2.0     3.0     4.7     7.1
03761 20171215  2.422  -75.79   39.86    -3.7   -10.7    -7.2    -6.5     4.6     1.56 C    -2.3   -18.8    -8.5    92.9    48.2    73.2   0.312   0.306   0.311   0.304   0.256     1.5     1.8     2.7     4.3     6.8
03761 20171216  2.422  -75.79   39.86     4.1    -9.5    -2.7    -1.4     0.0     6.73 C     1.3   -18.4    -5.7    93.3    46.8    67.6   0.309   0.305   0.309   0.303   0.256     1.4     1.7     2.5     4.0     6.5
03761 20171217  2.422  -75.79   39.86     5.1    -5.0     0.1     0.4     0.0     6.19 C     6.8    -9.1    -1.7    88.8    54.7    73.6   0.319   0.313   0.310   0.304   0.256     1.5     1.7     2.4     3.8     6.2
03761 20171218  2.422  -75.79   39.86     8.0    -1.4     3.3     4.1     0.0     5.98 C    12.7    -4.7     3.2    91.0    58.5    73.7   0.345   0.334   0.321   0.304   0.256     2.3     2.3     2.6     3.7     6.0
03761 20171219  2.422  -75.79   39.86    13.3     3.9     8.6     8.7     0.0     6.88 C    16.2    -0.4     5.4    81.8    41.4    60.2   0.340   0.338   0.330   0.304   0.256     3.9     3.5     3.5     3.9     5.9
03761 20171220  2.422  -75.79   39.86     8.6    -3.7     2.4     4.0     0.0     3.42 C     7.0    -7.7    -0.1    76.8    35.2    50.6   0.332   0.332   0.328   0.306   0.256     3.7     3.7     4.0     4.3     5.9
03761 20171221  2.422  -75.79   39.86     3.7    -5.1    -0.7    -1.1     0.0     8.48 C    10.3    -8.3    -2.7    78.6    42.1    63.1   0.324   0.328   0.325   0.307   0.256     2.3     2.6     3.3     4.3     6.0
03761 20171222  2.422  -75.79   39.86     9.5    -3.7     2.9     3.5     0.0     3.89 C    13.3    -6.1     3.1    83.3    49.9    68.4   0.322   0.326   0.324   0.308   0.256     2.5     2.5     3.0     4.0     5.9
03761 20171223  2.422  -75.79   39.86    14.5     4.5     9.5     8.3    17.4     0.62 C    12.8     2.0     7.4    95.3    74.1    88.2   0.353   0.355   0.341   0.316   0.256     4.5     4.0     3.9     4.1     5.8
03761 20171224  2.422  -75.79   39.86     4.5    -0.1     2.2     2.6     2.3     3.91 C     5.9    -2.3     1.6    92.8    55.9    71.3   0.350   0.350   0.348   0.346   0.265     4.6     4.5     4.6     4.6     5.9
03761 20171225  2.422  -75.79   39.86     2.1    -3.6    -0.7    -0.5     0.2     7.08 C     3.4    -7.7    -1.5    92.9    35.3    56.0   0.349   0.350   0.345   0.345   0.270     3.4     3.6     4.1     4.7     6.0
03761 20171226  2.422  -75.79   39.86    -1.3    -5.5    -3.4    -3.6     0.0     7.75 C     2.2    -9.8    -4.9    56.3    25.1    36.2   0.333   0.338   0.338   0.342   0.271     1.9     2.2     3.1     4.3     6.0
03761 20171227  2.422  -75.79   39.86    -4.3    -9.6    -6.9    -6.5     0.0     6.55 C     1.9   -13.0    -6.4    51.9    32.6    41.8   0.322   0.332   0.332   0.339   0.271     1.3     1.6     2.5     3.9     5.8
03761 20171228  2.422  -75.79   39.86    -7.1   -13.8   -10.5   -10.3     0.0     8.99 C    -2.3   -15.7   -10.7    73.7    28.6    47.3   0.307   0.325   0.330   0.337   0.271     0.9     1.2     2.1     3.5     5.5
03761 20171229  2.422  -75.79   39.86    -5.6   -13.6    -9.6    -9.7     0.0     6.98 C     0.8   -14.6    -9.7    76.9    39.4    56.1   0.288   0.326   0.326   0.334   0.270     0.4     0.8     1.6     3.1     5.3
03761 20171230  2.422  -75.79   39.86    -3.1   -11.3    -7.2    -7.3     1.2     3.60 C    -1.7   -14.1    -8.0    85.9    49.5    73.8   0.273   0.325   0.321   0.333   0.270     0.2     0.5     1.3     2.8     5.0
03761 20171231  2.422  -75.79   39.86    -8.2   -15.9   -12.1   -11.3     0.0     3.91 C    -8.2   -19.1   -13.7    62.4    40.6    49.3 -99.000   0.320   0.317   0.330   0.270     0.0     0.3     1.2     2.5     4.8
