54933 20170101  2.422  -99.13   45.71    -6.9   -10.5    -8.7    -8.1     0.3     3.91 C    -5.7   -13.6    -8.8    89.8    77.5    83.3 -99.000 -99.000 -99.000   0.131   0.207    -1.3    -0.8     0.0     1.3     3.2
54933 20170102  2.422  -99.13   45.71    -9.0   -17.3   -13.2   -10.4     4.3     1.95 C    -8.3   -19.1   -10.2    90.8    80.0    87.4 -99.000 -99.000 -99.000   0.131   0.207    -1.4    -1.0    -0.1     1.2     3.2
54933 20170103  2.422  -99.13   45.71   -16.5   -25.3   -20.9   -20.8     0.0     6.98 C   -17.5   -26.6   -21.2    79.5    74.4    76.7 -99.000 -99.000 -99.000   0.131   0.207    -1.6    -1.1    -0.2     1.2     3.1
54933 20170104  2.422  -99.13   45.71   -21.3   -27.9   -24.6   -24.7     0.0     6.67 C   -19.2   -29.0   -25.3    79.5    75.0    77.0 -99.000 -99.000 -99.000   0.130   0.205    -2.4    -1.6    -0.4     1.0     3.1
54933 20170105  2.422  -99.13   45.71   -21.0   -27.1   -24.1   -24.0     0.0     7.00 C   -19.5   -29.5   -24.8    78.9    74.3    76.4 -99.000 -99.000 -99.000   0.130   0.204    -3.0    -2.2    -0.9     0.9     3.0
54933 20170106  2.422  -99.13   45.71   -15.1   -25.6   -20.4   -18.8     0.5     5.08 C   -12.8   -28.2   -20.1    83.9    76.0    79.5 -99.000 -99.000 -99.000   0.133   0.206    -3.2    -2.5    -1.2     0.7     2.9
54933 20170107  2.422  -99.13   45.71   -21.2   -27.7   -24.4   -24.4     0.0     7.42 C   -20.0   -29.2   -25.5    79.8    73.5    76.5 -99.000 -99.000 -99.000   0.126   0.206    -3.5    -2.8    -1.5     0.4     2.7
54933 20170108  2.422  -99.13   45.71   -10.0   -23.6   -16.8   -17.7     0.3     4.14 C    -9.0   -25.2   -18.2    87.7    75.6    81.0 -99.000 -99.000 -99.000   0.124   0.206    -3.8    -3.1    -1.8     0.2     2.6
54933 20170109  2.422  -99.13   45.71   -14.0   -19.4   -16.7   -17.0     2.4     3.98 C   -13.2   -20.0   -16.2    85.5    76.3    82.1 -99.000 -99.000 -99.000 -99.000   0.204    -3.9    -3.2    -2.0    -0.1     2.4
54933 20170110  2.422  -99.13   45.71   -13.2   -19.0   -16.1   -15.8     3.6     7.22 C   -12.4   -20.5   -15.5    84.9    67.3    77.5 -99.000 -99.000 -99.000 -99.000   0.205    -3.7    -3.2    -2.1    -0.2     2.3
54933 20170111  2.422  -99.13   45.71   -17.4   -22.3   -19.8   -18.7     0.5     6.80 C   -14.4   -24.7   -18.2    79.2    72.3    75.6 -99.000 -99.000 -99.000 -99.000   0.204    -3.9    -3.4    -2.3    -0.4     2.1
54933 20170112  2.422  -99.13   45.71   -18.3   -26.5   -22.4   -21.8     0.0     8.13 C   -18.7   -29.0   -23.1    76.4    60.2    69.2 -99.000 -99.000 -99.000 -99.000   0.205    -4.4    -3.7    -2.5    -0.5     2.0
54933 20170113  2.422  -99.13   45.71   -12.3   -26.9   -19.6   -18.6     0.0     6.60 C   -14.0   -28.3   -19.1    82.1    64.6    76.3 -99.000 -99.000 -99.000 -99.000   0.204    -4.9    -4.2    -2.9    -0.7     1.8
54933 20170114  2.422  -99.13   45.71   -10.7   -19.8   -15.2   -15.5     0.0     8.44 C    -7.9   -21.9   -17.0    83.4    61.1    76.2 -99.000 -99.000 -99.000 -99.000   0.203    -4.9    -4.3    -3.1    -0.9     1.7
54933 20170115  2.422  -99.13   45.71    -7.4   -16.9   -12.1   -11.9     0.0     8.32 C    -5.9   -19.4   -14.9    84.4    61.4    74.9 -99.000 -99.000 -99.000 -99.000   0.207    -4.8    -4.3    -3.1    -1.1     1.5
54933 20170116  2.422  -99.13   45.71    -9.9   -15.9   -12.9   -13.1     0.0     8.20 C    -8.2   -18.0   -14.7    85.9    74.7    79.7 -99.000 -99.000 -99.000 -99.000   0.219    -4.7    -4.3    -3.2    -1.2     1.4
54933 20170117  2.422  -99.13   45.71    -2.5   -15.0    -8.8    -9.1     0.0     8.23 C    -2.2   -16.7   -10.8    88.3    66.3    79.5 -99.000 -99.000 -99.000 -99.000   0.218    -4.6    -4.2    -3.2    -1.3     1.3
54933 20170118  2.422  -99.13   45.71     2.7    -6.8    -2.0    -1.9     0.0     8.09 C    -0.2    -9.9    -5.4    79.9    49.4    66.7 -99.000 -99.000 -99.000 -99.000   0.219    -3.8    -3.6    -3.0    -1.3     1.1
54933 20170119  2.422  -99.13   45.71     0.3    -8.0    -3.8    -3.2     0.0     6.75 C    -0.1   -11.2    -4.9    96.2    68.9    90.2 -99.000 -99.000 -99.000 -99.000   0.218    -3.3    -3.1    -2.6    -1.3     1.0
54933 20170120  2.422  -99.13   45.71     0.3    -4.3    -2.0    -0.5     0.0     2.59 C     0.2    -5.0    -0.6    96.8    86.0    95.7 -99.000 -99.000 -99.000 -99.000   0.218    -2.5    -2.5    -2.2    -1.1     1.0
54933 20170121  2.422  -99.13   45.71    -0.9    -5.7    -3.3    -3.2     0.0     4.29 C     0.0    -7.5    -2.7    95.4    84.5    89.4 -99.000 -99.000 -99.000 -99.000   0.219    -2.0    -2.0    -1.9    -1.0     1.0
54933 20170122  2.422  -99.13   45.71    -1.9    -5.4    -3.7    -3.4     0.0     2.95 C    -2.0    -5.2    -3.2    95.7    86.6    93.1 -99.000 -99.000 -99.000 -99.000   0.219    -1.9    -1.8    -1.6    -0.8     1.0
54933 20170123  2.422  -99.13   45.71    -1.9    -3.9    -2.9    -3.3     1.3     3.29 C    -0.5    -3.7    -2.8    94.2    83.1    90.7 -99.000 -99.000 -99.000 -99.000   0.219    -1.7    -1.7    -1.5    -0.7     1.1
54933 20170124  2.422  -99.13   45.71    -3.6    -6.4    -5.0    -4.9     1.3     3.52 C    -3.7    -6.4    -4.8    94.2    86.1    89.8 -99.000 -99.000 -99.000 -99.000   0.219    -1.6    -1.6    -1.4    -0.6     1.1
54933 20170125  2.422  -99.13   45.71    -6.2    -8.5    -7.3    -7.2     0.6     4.76 C    -4.8    -8.7    -6.9    90.3    83.8    87.0 -99.000 -99.000 -99.000 -99.000   0.219    -1.7    -1.6    -1.3    -0.5     1.1
54933 20170126  2.422  -99.13   45.71    -8.5   -14.5   -11.5   -10.9     0.0     6.18 C    -6.8   -16.7   -11.3    87.4    76.4    83.0 -99.000 -99.000 -99.000 -99.000   0.219    -1.8    -1.6    -1.3    -0.4     1.2
54933 20170127  2.422  -99.13   45.71    -2.8   -12.4    -7.6    -6.1     0.0     8.29 C    -3.0   -14.4    -7.6    86.9    77.1    83.2 -99.000 -99.000 -99.000 -99.000   0.219    -2.2    -1.9    -1.4    -0.4     1.2
54933 20170128  2.422  -99.13   45.71     0.5    -6.2    -2.8    -2.8     0.0     5.60 C    -0.1    -8.1    -4.1    92.9    82.4    86.5 -99.000 -99.000 -99.000 -99.000   0.219    -2.1    -1.9    -1.5    -0.4     1.2
54933 20170129  2.422  -99.13   45.71     1.3    -3.9    -1.3    -0.8     0.0     5.92 C     0.3    -7.6    -2.3    95.3    81.9    88.6 -99.000 -99.000 -99.000 -99.000   0.219    -1.7    -1.6    -1.3    -0.4     1.2
54933 20170130  2.422  -99.13   45.71     3.1    -2.4     0.4     0.9     0.0     8.18 C     0.8    -3.8    -1.2    86.3    64.1    77.2 -99.000 -99.000 -99.000 -99.000   0.220    -1.3    -1.3    -1.1    -0.3     1.2
54933 20170131  2.422  -99.13   45.71    -0.5    -7.7    -4.1    -4.1     0.0     6.96 C    -0.8    -8.6    -4.8    88.6    76.9    82.2 -99.000 -99.000 -99.000 -99.000   0.215    -1.0    -1.1    -0.9    -0.2     1.2
54933 20170201  2.422  -99.13   45.71    -7.6   -16.0   -11.8   -13.2     0.0     9.96 C    -7.4   -16.6   -12.8    84.0    60.5    73.8 -99.000 -99.000 -99.000 -99.000   0.207    -1.5    -1.3    -0.9    -0.2     1.2
54933 20170202  2.422  -99.13   45.71   -13.5   -20.5   -17.0   -16.4     0.0    10.36 C   -11.2   -21.5   -16.5    81.2    62.6    73.9 -99.000 -99.000 -99.000 -99.000   0.207    -2.8    -2.2    -1.3    -0.2     1.3
54933 20170203  2.422  -99.13   45.71    -9.8   -22.2   -16.0   -15.9     0.0    10.65 C    -7.7   -22.8   -16.0    84.6    66.6    77.8 -99.000 -99.000 -99.000 -99.000   0.206    -4.1    -3.3    -2.0    -0.4     1.3
54933 20170204  2.422  -99.13   45.71    -6.7   -15.0   -10.9   -10.0     0.2     6.44 C    -2.6   -17.1   -10.3    89.3    78.2    84.3 -99.000 -99.000 -99.000 -99.000   0.219    -4.0    -3.5    -2.4    -0.7     1.2
54933 20170205  2.422  -99.13   45.71    -9.1   -15.0   -12.0   -12.2     0.0     9.77 C    -7.5   -17.1   -12.2    87.9    71.1    79.7 -99.000 -99.000 -99.000 -99.000   0.218    -4.0    -3.5    -2.6    -0.9     1.1
54933 20170206  2.422  -99.13   45.71    -9.8   -13.2   -11.5   -11.8     0.0     6.84 C    -8.0   -14.5   -11.9    88.7    79.4    85.1 -99.000 -99.000 -99.000 -99.000   0.218    -4.1    -3.7    -2.7    -1.1     0.9
54933 20170207  2.422  -99.13   45.71   -12.9   -21.3   -17.1   -17.0     0.6     9.42 C   -12.7   -23.7   -17.0    83.3    73.1    77.7 -99.000 -99.000 -99.000 -99.000   0.220    -4.4    -3.9    -2.9    -1.3     0.8
54933 20170208  2.422  -99.13   45.71   -17.1   -24.3   -20.7   -20.9     0.0     7.79 C   -15.4   -26.9   -21.9    78.6    69.4    75.8 -99.000 -99.000 -99.000 -99.000   0.252    -5.4    -4.7    -3.3    -1.5     0.7
54933 20170209  2.422  -99.13   45.71    -6.7   -22.4   -14.5   -14.4     1.7    10.47 C    -7.2   -26.6   -15.8    86.7    65.0    75.5 -99.000 -99.000 -99.000 -99.000   0.263    -5.9    -5.3    -3.9    -1.8     0.6
54933 20170210  2.422  -99.13   45.71     4.2    -9.5    -2.7    -0.4     0.0     9.78 C     1.9   -10.6    -2.7    88.0    68.5    78.7 -99.000 -99.000 -99.000 -99.000   0.263    -4.6    -4.4    -3.8    -2.0     0.4
54933 20170211  2.422  -99.13   45.71     3.5    -2.2     0.6     1.9     0.0     4.72 C     3.6    -4.1    -0.2    88.7    65.8    78.7 -99.000 -99.000 -99.000 -99.000   0.264    -2.3    -2.5    -2.4    -1.6     0.3
54933 20170212  2.422  -99.13   45.71     0.5    -6.8    -3.1    -2.6     0.0    12.06 C     3.2    -8.0    -3.3    82.1    64.1    75.1 -99.000 -99.000 -99.000 -99.000   0.262    -1.3    -1.4    -1.3    -0.8     0.4
54933 20170213  2.422  -99.13   45.71     1.5    -4.5    -1.5    -1.4     0.0    11.48 C     3.9    -6.7    -2.3    84.7    65.0    75.9 -99.000 -99.000 -99.000 -99.000   0.262    -1.1    -1.1    -1.0    -0.6     0.5
54933 20170214  2.422  -99.13   45.71     1.0    -5.9    -2.5    -2.7     0.0    11.94 C     4.3    -7.6    -2.9    88.9    74.7    83.5 -99.000 -99.000 -99.000 -99.000   0.263    -0.8    -0.9    -0.8    -0.4     0.6
54933 20170215  2.422  -99.13   45.71     5.1    -7.3    -1.1    -0.5     0.0    12.10 C     7.7    -9.4    -2.1    93.8    65.3    82.7 -99.000 -99.000 -99.000 -99.000   0.244    -0.8    -0.8    -0.7    -0.3     0.6
54933 20170216  2.422  -99.13   45.71     8.1    -1.2     3.4     3.4     0.0    12.00 C    10.7    -3.8     1.4    86.9    42.9    68.5 -99.000 -99.000 -99.000 -99.000   0.218    -0.5    -0.5    -0.4    -0.2     0.7
54933 20170217  2.422  -99.13   45.71     8.7    -1.8     3.4     4.8     0.0    12.23 C     8.7    -5.5     1.5    81.9    37.9    64.4 -99.000 -99.000 -99.000 -99.000   0.218    -0.3    -0.4    -0.3    -0.1     0.8
54933 20170218  2.422  -99.13   45.71     9.5    -1.0     4.2     3.3     0.0     8.22 C    13.5    -4.8     2.0    92.0    61.3    81.2 -99.000 -99.000 -99.000 -99.000   0.218    -0.2    -0.3    -0.3     0.0     0.8
54933 20170219  2.422  -99.13   45.71    12.6     1.1     6.9     5.9     0.0    10.40 C    12.4     0.0     4.7    92.2    65.4    83.9 -99.000 -99.000 -99.000 -99.000   0.218    -0.2    -0.3    -0.3     0.0     0.9
54933 20170220  2.422  -99.13   45.71     8.9     1.5     5.2     4.9     0.3     7.39 C     9.9    -2.8     3.8    95.8    77.3    88.7 -99.000 -99.000 -99.000 -99.000   0.219    -0.2    -0.3    -0.2     0.0     0.9
54933 20170221  2.422  -99.13   45.71    15.0     0.0     7.5     6.7     0.0    11.06 C    21.0    -1.7     5.7    86.8    40.2    66.5 -99.000 -99.000 -99.000 -99.000   0.219    -0.2    -0.3    -0.2     0.1     1.0
54933 20170222  2.422  -99.13   45.71     6.5    -4.3     1.1     1.3     0.0     5.11 C    13.0    -6.9     0.9    92.9    65.7    84.1 -99.000 -99.000 -99.000 -99.000   0.213    -0.2    -0.3    -0.2     0.1     1.0
54933 20170223  2.422  -99.13   45.71    -1.7    -6.8    -4.3    -3.9     0.0     3.50 C     1.1    -9.2    -3.9    92.0    69.5    82.9 -99.000 -99.000 -99.000 -99.000   0.206    -0.2    -0.3    -0.2     0.2     1.1
54933 20170224  2.422  -99.13   45.71    -2.2   -10.3    -6.2    -6.6     0.0    12.85 C     4.4   -13.3    -5.7    85.6    45.9    72.0 -99.000 -99.000 -99.000   0.223   0.206    -0.2    -0.3    -0.2     0.2     1.2
54933 20170225  2.422  -99.13   45.71     2.2   -10.7    -4.3    -4.8     0.0     9.87 C     9.5   -14.2    -5.1    91.8    40.5    74.2 -99.000 -99.000 -99.000   0.219   0.206    -0.2    -0.3    -0.2     0.2     1.2
54933 20170226  2.422  -99.13   45.71    -0.1   -12.6    -6.4    -5.5     0.3     8.95 C    12.1   -14.3    -3.9    93.6    59.4    81.6 -99.000 -99.000 -99.000   0.215   0.206    -0.2    -0.3    -0.2     0.2     1.2
54933 20170227  2.422  -99.13   45.71     3.0    -8.6    -2.8    -4.0     0.0    12.09 C    16.4    -8.8    -1.6    92.1    48.2    80.5 -99.000 -99.000 -99.000   0.212   0.208    -0.2    -0.3    -0.2     0.2     1.2
54933 20170228  2.422  -99.13   45.71    -0.2    -9.3    -4.8    -5.2     0.0    11.62 C     8.9    -9.8    -3.2    90.2    57.3    75.8 -99.000 -99.000 -99.000   0.210   0.208    -0.3    -0.3    -0.2     0.2     1.2
54933 20170301  2.422  -99.13   45.71    -2.8   -11.1    -6.9    -6.7     0.0    11.34 C     5.8   -13.4    -5.3    90.9    51.4    76.1 -99.000 -99.000 -99.000   0.208   0.209    -0.4    -0.3    -0.2     0.3     1.3
54933 20170302  2.422  -99.13   45.71    -5.0   -12.1    -8.6    -8.9     1.5     9.93 C     6.5   -14.0    -7.5    89.7    64.5    79.8 -99.000 -99.000 -99.000   0.206   0.208    -0.4    -0.3    -0.2     0.3     1.3
54933 20170303  2.422  -99.13   45.71     2.6   -11.8    -4.6    -4.9     0.0     7.93 C     5.5   -12.4    -4.6    92.9    57.0    79.9 -99.000 -99.000 -99.000   0.205   0.209    -0.6    -0.4    -0.2     0.3     1.3
54933 20170304  2.422  -99.13   45.71    10.6    -6.2     2.2     1.2     0.0    13.01 C    13.9    -6.9     0.9    94.4    39.3    74.3 -99.000 -99.000 -99.000   0.203   0.209    -0.6    -0.5    -0.2     0.3     1.3
54933 20170305  2.422  -99.13   45.71    17.8    -5.0     6.4     5.9     0.0    12.41 C    27.6    -7.5     5.7    94.1    23.2    69.1 -99.000 -99.000 -99.000   0.203   0.211    -0.4    -0.4    -0.2     0.3     1.3
54933 20170306  2.422  -99.13   45.71    12.6    -4.9     3.8     3.0     0.0     4.39 C    19.1    -5.2     3.0    96.1    64.4    83.5 -99.000 -99.000 -99.000   0.202   0.211    -0.4    -0.3    -0.2     0.3     1.3
54933 20170307  2.422  -99.13   45.71     3.8    -4.8    -0.5    -1.1     0.0    16.43 C     7.7    -6.3    -1.2    73.4    24.7    47.2 -99.000 -99.000 -99.000   0.200   0.211    -0.3    -0.3    -0.2     0.3     1.3
54933 20170308  2.422  -99.13   45.71    -1.6    -9.5    -5.5    -5.4     0.0     9.87 C    10.7   -10.5    -4.0    67.8    36.4    52.5 -99.000 -99.000 -99.000   0.198   0.210    -0.3    -0.3    -0.2     0.3     1.4
54933 20170309  2.422  -99.13   45.71    -6.0   -19.2   -12.6   -10.2     1.8     7.26 C    -4.8   -21.9    -9.6    82.7    60.3    72.7 -99.000 -99.000 -99.000   0.198   0.211    -0.4    -0.3    -0.2     0.3     1.4
54933 20170310  2.422  -99.13   45.71   -13.1   -20.7   -16.9   -15.9     0.4     8.80 C    -6.7   -24.5   -14.0    81.9    48.5    66.5 -99.000 -99.000 -99.000   0.196   0.210    -0.9    -0.6    -0.2     0.3     1.4
54933 20170311  2.422  -99.13   45.71   -12.0   -17.2   -14.6   -14.4     0.8    11.42 C    -7.9   -15.9   -12.6    81.4    67.0    73.8 -99.000 -99.000 -99.000   0.197   0.211    -1.2    -0.9    -0.3     0.3     1.4
54933 20170312  2.422  -99.13   45.71   -10.2   -12.7   -11.5   -11.6     8.5     8.87 C    -7.7   -14.2   -11.1    85.8    63.5    80.3 -99.000 -99.000 -99.000   0.196   0.211    -1.3    -1.0    -0.4     0.2     1.4
54933 20170313  2.422  -99.13   45.71   -11.2   -21.3   -16.3   -14.7     0.0    15.59 C    -4.6   -25.1   -14.3    83.3    57.7    71.4 -99.000 -99.000 -99.000   0.194   0.210    -1.5    -1.2    -0.5     0.2     1.3
54933 20170314  2.422  -99.13   45.71    -7.1   -14.0   -10.6   -10.7     0.0    16.69 C    -5.3   -15.1   -10.4    83.7    72.0    79.1 -99.000 -99.000 -99.000   0.194   0.212    -1.5    -1.2    -0.6     0.2     1.3
54933 20170315  2.422  -99.13   45.71    -1.5   -13.1    -7.3    -6.6     0.0    14.73 C    -0.2   -14.3    -6.6    92.3    77.6    85.0 -99.000 -99.000 -99.000   0.194   0.211    -1.4    -1.2    -0.6     0.1     1.3
54933 20170316  2.422  -99.13   45.71     2.5    -3.4    -0.5    -0.8     0.0     9.26 C     2.9    -5.4    -1.5    93.6    79.0    86.2 -99.000 -99.000 -99.000   0.194   0.211    -0.8    -0.8    -0.6     0.1     1.2
54933 20170317  2.422  -99.13   45.71     3.6    -5.3    -0.9     0.9     0.0    13.05 C     7.2    -7.0    -0.1    93.6    57.7    75.1 -99.000 -99.000 -99.000 -99.000   0.211    -0.5    -0.6    -0.5     0.1     1.2
54933 20170318  2.422  -99.13   45.71     5.4    -8.0    -1.3    -0.7     0.0    16.64 C    11.8   -11.6    -0.2    88.9    53.6    70.6 -99.000 -99.000 -99.000 -99.000   0.212    -0.5    -0.5    -0.4     0.2     1.2
54933 20170319  2.422  -99.13   45.71    15.8     0.1     7.9     6.4     0.0    14.57 C    22.4    -1.3     6.5    77.4    28.9    58.9 -99.000 -99.000 -99.000   0.190   0.211    -0.4    -0.4    -0.4     0.2     1.2
54933 20170320  2.422  -99.13   45.71    10.6    -2.1     4.2     3.9     0.6    13.47 C    24.2    -3.9     5.6    90.2    30.9    64.3 -99.000 -99.000 -99.000   0.191   0.212    -0.3    -0.4    -0.3     0.2     1.2
54933 20170321  2.422  -99.13   45.71    -1.0    -8.5    -4.7    -4.3     0.0    13.43 C    12.7    -8.6    -1.3    85.9    51.9    68.4 -99.000 -99.000 -99.000   0.190   0.211    -0.3    -0.3    -0.3     0.2     1.3
54933 20170322  2.422  -99.13   45.71     2.4    -8.5    -3.1    -2.5     0.0     9.53 C     6.6    -8.6    -1.6    85.8    59.0    73.6 -99.000 -99.000 -99.000   0.192   0.213    -0.3    -0.3    -0.2     0.3     1.3
54933 20170323  2.422  -99.13   45.71     8.0    -1.2     3.4     3.0     0.0     6.90 C    14.7    -2.4     3.4    91.1    55.5    74.8 -99.000 -99.000 -99.000   0.189   0.213    -0.2    -0.3    -0.2     0.3     1.3
54933 20170324  2.422  -99.13   45.71     8.9    -3.2     2.8     2.2     0.0    18.36 C    21.3    -4.3     4.3    96.0    49.2    78.4 -99.000 -99.000 -99.000   0.189   0.213    -0.2    -0.3    -0.2     0.3     1.3
54933 20170325  2.422  -99.13   45.71     8.2    -3.8     2.2     0.9     0.0    11.49 C    18.8    -4.2     2.4    96.5    55.0    85.4 -99.000 -99.000 -99.000   0.188   0.214    -0.2    -0.3    -0.2     0.3     1.3
54933 20170326  2.422  -99.13   45.71    10.7     1.0     5.8     5.2     0.0    11.17 C    24.1     0.7     6.8    96.6    47.4    77.2 -99.000 -99.000 -99.000   0.188   0.213    -0.2    -0.3    -0.2     0.4     1.3
54933 20170327  2.422  -99.13   45.71    15.0     1.0     8.0     7.7     0.0    18.85 C    31.2    -5.0     8.8    89.5    35.1    64.1 -99.000 -99.000 -99.000   0.190   0.213     0.0    -0.3    -0.1     0.4     1.3
54933 20170328  2.422  -99.13   45.71    12.7     0.3     6.5     6.4     0.0    11.46 C    20.5    -3.1     6.5    95.6    46.9    72.1 -99.000 -99.000 -99.000   0.189   0.213     0.1    -0.3    -0.1     0.4     1.3
54933 20170329  2.422  -99.13   45.71    15.9     0.9     8.4     8.6     0.0    18.82 C    28.9    -2.1     9.9    90.5    25.1    58.8 -99.000 -99.000 -99.000   0.186   0.214     0.5    -0.2    -0.1     0.4     1.3
54933 20170330  2.422  -99.13   45.71     8.7    -2.3     3.2     3.7     0.0    11.27 C    24.0    -5.0     5.5    97.6    61.4    80.6 -99.000 -99.000 -99.000   0.188   0.215     0.5    -0.1    -0.1     0.5     1.4
54933 20170331  2.422  -99.13   45.71    14.1    -0.6     6.8     7.4     0.0    18.69 C    31.2    -6.4     8.9    94.3    32.6    61.2   0.342   0.337 -99.000   0.191   0.215     1.1     0.3     0.0     0.6     1.4
54933 20170401  2.422  -99.13   45.71    16.7     3.3    10.0     9.1     0.0    19.14 C    33.3     0.6    11.3    96.4    26.5    61.2   0.334   0.320 -99.000   0.201   0.214     2.0     1.1     0.3     0.8     1.5
54933 20170402  2.422  -99.13   45.71    17.8    -0.4     8.7     8.1     0.0    15.93 C    32.1    -1.6     9.2    94.1    36.5    66.1   0.318   0.301   0.265   0.196   0.215     2.5     1.8     0.8     1.1     1.6
54933 20170403  2.422  -99.13   45.71    12.8     2.1     7.5     7.4     0.0    13.12 C    21.6    -1.4     7.6    87.2    34.6    61.5   0.310   0.281   0.232   0.201   0.215     2.9     2.3     1.3     1.4     1.7
54933 20170404  2.422  -99.13   45.71    14.1    -0.8     6.6     5.4     0.2    16.19 C    34.8    -5.8     6.5    95.2    26.6    71.1   0.304   0.278   0.240   0.211   0.215     3.1     2.5     1.6     1.7     1.9
54933 20170405  2.422  -99.13   45.71    10.5    -2.0     4.3     4.1     0.9    15.19 C    30.6    -6.9     5.6    95.0    47.0    79.1   0.299   0.276   0.244   0.221   0.216     3.5     3.0     2.0     2.1     2.1
54933 20170406  2.422  -99.13   45.71    11.6    -5.2     3.2     3.2     0.0    23.23 C    29.0   -11.3     5.8    95.1    28.8    61.8   0.295   0.273   0.247   0.227   0.215     3.5     3.1     2.2     2.5     2.3
54933 20170407  2.422  -99.13   45.71    22.7    -1.3    10.7    10.4     0.0    19.45 C    27.3    -2.5    10.7    80.0    25.8    51.4   0.291   0.270   0.255   0.228   0.217     4.3     3.8     3.0     2.9     2.6
54933 20170408  2.422  -99.13   45.71    22.1     6.1    14.1    13.4     0.3    18.56 C    31.1     4.0    14.2    84.2    21.9    53.3   0.287   0.268   0.255   0.230   0.218     5.7     5.0     4.0     3.3     2.8
54933 20170409  2.422  -99.13   45.71    14.8    -2.4     6.2     7.8     0.0    14.42 C    24.8    -2.1     7.9    85.4    39.0    64.6   0.283   0.265   0.254   0.231   0.218     6.0     5.6     4.8     3.9     3.1
54933 20170410  2.422  -99.13   45.71     7.2    -4.6     1.3    -0.1     0.0    15.49 C    19.2    -8.0     1.5    82.7    36.7    64.3   0.278   0.261   0.252   0.232   0.218     4.7     4.7     4.6     4.2     3.4
54933 20170411  2.422  -99.13   45.71    15.5    -5.0     5.3     5.6     0.0    22.93 C    31.3   -12.2     7.1    93.6    26.5    55.4   0.275   0.258   0.250   0.231   0.220     4.5     4.3     4.1     4.0     3.6
54933 20170412  2.422  -99.13   45.71    16.3     2.0     9.1     8.7     0.0    12.04 C    33.1    -3.0     9.5    91.4    20.9    57.4   0.273   0.257   0.249   0.230   0.220     5.6     5.2     4.6     4.2     3.7
54933 20170413  2.422  -99.13   45.71    16.3     1.0     8.7     8.1     0.0    18.86 C    28.4    -4.3     9.6    96.2    49.0    81.0   0.270   0.254   0.248   0.230   0.220     6.0     5.5     4.9     4.4     3.8
54933 20170414  2.422  -99.13   45.71    21.7     8.7    15.2    14.0     0.3    12.42 C    27.7     6.1    14.4    96.0    51.5    79.1   0.268   0.253   0.247   0.230   0.221     7.3     6.6     5.5     4.7     4.0
54933 20170415  2.422  -99.13   45.71    16.4     1.4     8.9     9.2     1.7    11.70 C    29.0    -2.7     9.0    83.1    28.8    64.1   0.266   0.252   0.247   0.229   0.222     7.6     7.1     6.2     5.2     4.2
54933 20170416  2.422  -99.13   45.71    16.7    -1.7     7.5     7.4     0.0    22.30 C    26.3    -5.4     7.9    89.9    19.9    51.3   0.262   0.249   0.245   0.228   0.223     7.0     6.7     6.1     5.5     4.5
54933 20170417  2.422  -99.13   45.71    11.6    -6.1     2.7     3.6     4.0    20.39 C    29.0   -10.3     6.7    91.2    30.7    63.0   0.259   0.246   0.244   0.228   0.224     6.5     6.3     6.0     5.5     4.6
54933 20170418  2.422  -99.13   45.71    10.7     3.5     7.1     6.7     4.8    11.73 C    22.6    -1.1     7.8    96.3    63.3    82.9   0.276   0.259   0.246   0.228   0.224     7.0     6.6     6.1     5.6     4.8
54933 20170419  2.422  -99.13   45.71     6.1     1.8     3.9     3.9     7.3     4.54 C     9.7     0.1     4.2    96.0    76.0    89.9   0.280   0.263   0.249   0.229   0.225     6.2     6.2     6.0     5.7     4.9
54933 20170420  2.422  -99.13   45.71    11.0     3.0     7.0     7.1     0.2    11.52 C    25.8    -2.3     8.2    93.5    54.2    75.4   0.296   0.278   0.257   0.231   0.226     6.5     6.2     5.8     5.6     5.0
54933 20170421  2.422  -99.13   45.71    15.6     1.7     8.7     9.4     0.0    20.53 C    35.2    -3.3    10.3    96.0    38.0    63.7   0.291   0.276   0.261   0.235   0.226     7.3     6.8     6.2     5.7     5.0
54933 20170422  2.422  -99.13   45.71    19.1     2.3    10.7    11.3     0.0    25.60 C    29.1    -1.2    11.8    90.0    23.1    53.0   0.285   0.272   0.259   0.236   0.227     8.0     7.4     6.7     6.0     5.1
54933 20170423  2.422  -99.13   45.71    13.9    -0.6     6.6     3.8     0.0    16.32 C    25.1    -1.1     6.2    96.5    54.5    81.7   0.280   0.267   0.259   0.237   0.228     7.6     7.4     6.9     6.2     5.3
54933 20170424  2.422  -99.13   45.71     6.4     0.2     3.3     2.9     0.0    10.14 C    16.1     0.5     5.0    94.4    69.6    85.1   0.275   0.263   0.257   0.237   0.228     6.9     6.7     6.6     6.2     5.4
54933 20170425  2.422  -99.13   45.71     0.3    -1.6    -0.7    -0.7     0.0     5.32 C     4.0    -1.3     0.5    94.5    78.7    85.2   0.272   0.260   0.255   0.235   0.229     5.7     5.9     6.2     6.1     5.5
54933 20170426  2.422  -99.13   45.71    -0.6    -2.7    -1.6    -1.7     1.1     5.90 C     3.5    -3.3    -0.8    93.3    78.1    86.4   0.269   0.257   0.252   0.234   0.230     4.6     4.9     5.4     5.8     5.5
54933 20170427  2.422  -99.13   45.71     9.6    -3.4     3.1     2.4     0.0    23.89 C    28.4    -7.2     6.2    86.4    36.8    64.2   0.268   0.255   0.250   0.233   0.230     5.2     5.0     5.1     5.4     5.4
54933 20170428  2.422  -99.13   45.71    11.5    -4.2     3.7     4.2     0.0    25.91 C    26.3   -10.7     5.6    95.6    19.5    51.3   0.265   0.253   0.249   0.232   0.230     5.8     5.6     5.4     5.4     5.3
54933 20170429  2.422  -99.13   45.71    13.9    -2.6     5.6     6.8     0.0    25.66 C    32.4    -8.9     9.5    85.3    17.4    40.9   0.261   0.249   0.248   0.231   0.231     6.4     6.0     5.6     5.5     5.3
54933 20170430  2.422  -99.13   45.71    13.9    -1.4     6.2     7.1     0.0    21.43 C    25.5    -7.3     7.5    81.5    21.6    46.7   0.258   0.246   0.246   0.230   0.232     6.8     6.5     6.0     5.6     5.3
54933 20170501  2.422  -99.13   45.71    16.2    -0.4     7.9     7.7     0.0    20.23 C    33.9    -4.9     9.8    92.3    16.3    52.0   0.253   0.242   0.244   0.228   0.232     7.0     6.6     6.1     5.8     5.4
54933 20170502  2.422  -99.13   45.71    16.6    -0.7     7.9     8.7     0.0    20.82 C    33.5    -3.3    10.9    99.2    27.0    64.9   0.248   0.239   0.242   0.226   0.232     7.6     7.1     6.4     5.9     5.5
54933 20170503  2.422  -99.13   45.71    18.0     2.1    10.1    10.5     0.0    23.71 C    31.8    -2.7    11.9    89.8    24.6    55.6   0.242   0.235   0.240   0.225   0.233     8.4     7.8     6.9     6.2     5.6
54933 20170504  2.422  -99.13   45.71    20.8     2.2    11.5    13.0     0.0    27.03 C    37.9    -3.0    14.1    81.7    21.1    43.9   0.234   0.229   0.238   0.223   0.233     8.8     8.1     7.2     6.5     5.7
54933 20170505  2.422  -99.13   45.71    26.3     8.9    17.6    17.8     0.0    26.47 C    40.8     4.5    19.0    56.5    15.2    36.6   0.220   0.222   0.235   0.221   0.234     9.9     9.1     7.9     6.9     5.9
54933 20170506  2.422  -99.13   45.71    25.2     9.1    17.1    17.4     0.0    27.53 C    41.4     4.5    19.8    45.5    17.5    32.2   0.206   0.213   0.231   0.218   0.233    10.8     9.9     8.6     7.4     6.1
54933 20170507  2.422  -99.13   45.71    29.4     7.9    18.6    19.4     0.0    25.60 C    38.1     6.1    20.2    65.0    25.3    40.6   0.190   0.203   0.227   0.216   0.235    11.3    10.5     9.1     7.8     6.4
54933 20170508  2.422  -99.13   45.71    18.9     7.6    13.2    14.2     5.6    15.61 C    25.2     3.1    13.9    88.2    43.2    61.5   0.180   0.195   0.223   0.215   0.235    11.4    10.7     9.6     8.3     6.6
54933 20170509  2.422  -99.13   45.71    19.2     4.3    11.8    12.5     0.0    19.80 C    37.1    -0.8    14.5    85.9    25.1    53.9   0.176   0.190   0.221   0.213   0.235    10.9    10.3     9.5     8.5     6.9
54933 20170510  2.422  -99.13   45.71    19.3     5.7    12.5    13.1     0.0    25.80 C    36.9     1.9    16.9    86.5    24.8    56.6   0.171   0.186   0.218   0.212   0.236    11.8    11.0     9.8     8.7     7.1
54933 20170511  2.422  -99.13   45.71    22.4     2.8    12.6    13.0     0.0    26.85 C    39.6    -1.4    16.0    87.0    25.8    52.6   0.162   0.179   0.214   0.210   0.236    11.8    11.1    10.0     8.9     7.4
54933 20170512  2.422  -99.13   45.71    27.2    10.0    18.6    18.9     0.0    27.33 C    42.9     7.0    20.8    61.5    19.9    38.2   0.152   0.173   0.208   0.207   0.236    12.7    11.7    10.4     9.2     7.5
54933 20170513  2.422  -99.13   45.71    28.3    10.5    19.4    20.4     0.0    28.41 C    36.9     8.1    21.4    59.7    17.1    35.3   0.142   0.165   0.201   0.204   0.236    13.1    12.2    10.9     9.5     7.7
54933 20170514  2.422  -99.13   45.71    25.0    11.0    18.0    18.8     0.0    26.74 C    40.1     5.5    21.5    68.2    29.8    48.2   0.136   0.158   0.195   0.200   0.236    13.8    12.7    11.2     9.8     7.9
54933 20170515  2.422  -99.13   45.71    25.4    12.6    19.0    18.2     0.0    23.25 C    40.3     9.8    20.5    79.1    21.6    39.0   0.133   0.153   0.190   0.197   0.235    13.8    12.8    11.5    10.1     8.2
54933 20170516  2.422  -99.13   45.71    21.0    11.6    16.3    15.6    24.7    19.89 C    34.3     9.4    18.1    94.6    50.8    79.4   0.204   0.187   0.186   0.195   0.236    14.5    13.4    11.9    10.4     8.4
54933 20170517  2.422  -99.13   45.71    11.9     7.2     9.6     9.6     0.0     7.98 C    15.7     6.7    10.4    90.4    70.2    79.7   0.240   0.205   0.185   0.195   0.236    13.1    12.9    12.1    10.8     8.6
54933 20170518  2.422  -99.13   45.71    14.3     3.0     8.6     8.5     0.0    25.79 C    30.6     2.1    12.3    85.6    34.9    58.0   0.234   0.204   0.184   0.195   0.236    11.8    11.6    11.2    10.6     8.8
54933 20170519  2.422  -99.13   45.71 -9999.0 -9999.0 -9999.0 -9999.0     0.0 -9999.00 U -9999.0 -9999.0 -9999.0 -9999.0 -9999.0 -9999.0 -99.000 -99.000 -99.000 -99.000 -99.000 -9999.0 -9999.0 -9999.0 -9999.0 -9999.0
54933 20170520  2.422  -99.13   45.71     9.3     2.1     5.7     5.5     2.6     7.87 C    16.2     2.4     6.6    92.7    47.9    72.9   0.219   0.196   0.181   0.194   0.237    10.6    10.6    10.5    10.1     8.9
54933 20170521  2.422  -99.13   45.71    18.1     2.3    10.2     9.5     1.6    23.38 C    31.3     2.5    12.8    92.3    31.5    67.6   0.214   0.193   0.179   0.192   0.236    10.7    10.3    10.0     9.8     8.8
54933 20170522  2.422  -99.13   45.71    15.3     3.7     9.5     9.7     0.0    13.85 C    30.9    -0.9    10.8    95.1    40.7    68.8   0.209   0.190   0.179   0.192   0.236    11.1    10.8    10.3     9.8     8.7
54933 20170523  2.422  -99.13   45.71    13.1     3.4     8.2     8.7     0.0    11.61 C    23.2    -1.5     9.3    90.7    54.0    75.1   0.204   0.187   0.180   0.191   0.235    10.8    10.6    10.2     9.8     8.8
54933 20170524  2.422  -99.13   45.71    18.3     2.0    10.2    10.8     0.0    26.71 C    30.3    -2.5    12.4    96.0    41.8    67.6   0.197   0.183   0.177   0.189   0.235    10.7    10.3    10.0     9.6     8.7
54933 20170525  2.422  -99.13   45.71    21.3     8.1    14.7    14.0     0.9    19.38 C    35.5     7.0    15.4    86.5    37.2    65.2   0.189   0.178   0.177   0.189   0.236    11.9    11.2    10.4     9.7     8.7
54933 20170526  2.422  -99.13   45.71    19.5     7.4    13.4    13.2     0.0    26.18 C    32.9     3.9    15.4    87.6    38.1    60.3   0.178   0.173   0.176   0.187   0.235    12.6    11.8    10.8     9.9     8.8
54933 20170527  2.422  -99.13   45.71    23.1     8.5    15.8    15.6     0.6    22.90 C    36.7     5.5    16.9    89.0    24.3    52.8   0.165   0.165   0.175   0.185   0.235    13.0    12.2    11.2    10.2     8.9
54933 20170528  2.422  -99.13   45.71    23.1     6.5    14.8    13.6     0.0    26.52 C    37.1     1.4    15.2    92.8    26.8    62.1   0.152   0.159   0.172   0.184   0.235    13.0    12.3    11.4    10.4     9.0
54933 20170529  2.422  -99.13   45.71    17.3     5.5    11.4    11.1     0.0    18.71 C    34.2     0.5    12.7    88.7    34.9    64.0   0.143   0.153   0.171   0.182   0.235    12.6    12.1    11.4    10.5     9.1
54933 20170530  2.422  -99.13   45.71    17.1     2.6     9.9    11.0     0.0    29.23 C    37.2    -0.7    14.0    88.5    40.0    61.2   0.137   0.147   0.168   0.179   0.234    12.5    11.8    11.2    10.5     9.2
54933 20170531  2.422  -99.13   45.71    22.3     3.1    12.7    14.1     0.0    31.20 C    41.5    -3.1    17.3    85.1    20.2    45.5   0.131   0.142   0.165   0.175   0.233    13.0    12.2    11.3    10.5     9.3
54933 20170601  2.422  -99.13   45.71    29.1     8.9    19.0    19.6     0.0    30.09 C    38.8     5.9    21.0    59.8    23.9    37.9   0.124   0.137   0.161   0.171   0.232    13.8    12.9    11.7    10.7     9.3
54933 20170602  2.422  -99.13   45.71    35.1    13.1    24.1    22.7     1.2    22.51 C    44.6    11.6    22.9    73.6    22.1    52.5   0.120   0.133   0.159   0.167   0.231    15.0    13.8    12.3    11.0     9.4
54933 20170603  2.422  -99.13   45.71    29.7    14.4    22.1    21.9     0.0    30.34 C    44.7     5.3    23.5    85.5    17.0    45.9   0.117   0.130   0.157   0.165   0.230    16.3    14.8    13.0    11.4     9.6
54933 20170604  2.422  -99.13   45.71    32.0    11.2    21.6    22.8     0.0    30.91 C    48.4     3.9    24.0    86.4    10.9    34.5   0.112   0.125   0.154   0.160   0.229    16.2    15.1    13.5    11.9     9.8
54933 20170605  2.422  -99.13   45.71    29.9    12.8    21.3    21.6     0.0    30.18 C    44.0    10.2    24.7    77.9    25.9    49.9   0.109   0.122   0.151   0.157   0.227    16.9    15.6    13.9    12.2    10.1
54933 20170606  2.422  -99.13   45.71    27.8    13.7    20.8    19.5     0.0    22.26 C    47.4    11.2    23.0    90.2    36.1    60.0   0.105   0.120   0.148   0.154   0.227    17.2    16.0    14.3    12.6    10.3
54933 20170607  2.422  -99.13   45.71    27.6    12.6    20.1    19.9     0.0    26.84 C    42.6     7.6    22.5    90.5    20.1    55.2   0.104   0.117   0.145   0.151   0.226    17.1    16.0    14.5    12.8    10.5
54933 20170608  2.422  -99.13   45.71    27.4    12.0    19.7    20.3     0.0    28.62 C    46.1     8.0    24.6    79.8    28.9    52.1   0.101   0.115   0.143   0.149   0.225    17.3    16.2    14.6    13.0    10.7
54933 20170609  2.422  -99.13   45.71    35.1    14.8    25.0    25.6     0.0    26.86 C    42.4    13.0    27.0    71.6    22.1    46.4   0.099   0.113   0.141   0.145   0.224    17.9    16.6    15.0    13.2    10.9
54933 20170610  2.422  -99.13   45.71    28.2    15.9    22.1    22.8     0.0    28.99 C    45.6    13.3    26.1    87.2    21.4    45.8   0.099   0.112   0.139   0.143   0.223    18.7    17.3    15.4    13.5    11.1
54933 20170611  2.422  -99.13   45.71    29.1    13.4    21.2    21.1     2.7    25.87 C    43.7     7.8    22.9    82.8    21.9    52.9   0.097   0.111   0.138   0.141   0.222    18.7    17.5    15.7    13.8    11.3
54933 20170612  2.422  -99.13   45.71    28.4    10.4    19.4    20.7     0.0    28.67 C    44.6     4.9    23.4    75.4    18.9    41.2   0.096   0.110   0.137   0.141   0.220    17.9    17.0    15.7    14.0    11.5
54933 20170613  2.422  -99.13   45.71    22.7    14.1    18.4    18.3    21.5    10.14 C    28.7    12.4    18.6    98.7    51.7    83.5   0.107   0.116   0.136   0.139   0.219    17.7    16.9    15.7    14.1    11.7
54933 20170614  2.422  -99.13   45.71    26.8    12.7    19.8    19.2     0.0    28.39 C    35.6    11.1    20.7    95.5    31.1    57.3   0.161   0.157   0.136   0.140   0.220    17.8    17.0    15.6    14.1    11.8
54933 20170615  2.422  -99.13   45.71    27.6    11.2    19.4    20.1     0.0    29.39 C    37.8    10.1    21.6    83.6    20.8    47.7   0.155   0.151   0.136   0.140   0.220    18.0    17.2    15.8    14.2    11.9
54933 20170616  2.422  -99.13   45.71    25.3    15.0    20.1    19.9     0.0    19.86 C    38.1     8.6    19.8    69.1    33.5    50.2   0.144   0.143   0.137   0.141   0.220    17.7    17.1    15.9    14.4    12.0
54933 20170617  2.422  -99.13   45.71    20.0    11.4    15.7    15.3     2.4    10.82 C    26.6     7.1    15.0    92.2    48.4    75.6   0.134   0.137   0.136   0.141   0.219    16.7    16.4    15.6    14.3    12.2
54933 20170618  2.422  -99.13   45.71    23.6    10.3    16.9    16.0     0.0    25.49 C    36.4     6.2    18.2    93.8    26.8    66.8   0.129   0.131   0.136   0.141   0.220    16.7    16.1    15.2    14.2    12.2
54933 20170619  2.422  -99.13   45.71    25.4     8.8    17.1    18.0     0.0    27.36 C    44.9     5.9    20.8    88.0    26.9    54.1   0.117   0.125   0.135   0.141   0.219    17.2    16.4    15.3    14.1    12.2
54933 20170620  2.422  -99.13   45.71    23.2     9.8    16.5    17.2     0.0    27.29 C    45.7     4.8    21.7    91.6    26.7    54.4   0.108   0.118   0.136   0.141   0.218    17.3    16.5    15.4    14.2    12.2
54933 20170621  2.422  -99.13   45.71    32.2    12.6    22.4    21.5     0.7    27.98 C    44.5    11.5    23.8    78.8    30.2    54.3   0.103   0.114   0.135   0.140   0.217    18.1    17.0    15.6    14.2    12.3
54933 20170622  2.422  -99.13   45.71    26.4    11.5    19.0    19.0     0.0    27.74 C    45.1     9.2    22.7    72.0    18.5    42.0   0.099   0.113   0.135   0.139   0.216    18.5    17.5    16.0    14.5    12.4
54933 20170623  2.422  -99.13   45.71    19.3     7.1    13.2    14.3     0.0    24.54 C    38.5     2.1    17.6    76.4    30.0    52.3   0.095   0.111   0.135   0.137   0.215    17.3    16.8    15.9    14.5    12.5
54933 20170624  2.422  -99.13   45.71    17.8     4.7    11.2    11.3     0.0    26.21 C    39.2     0.8    15.9    86.4    38.4    59.5   0.093   0.108   0.133   0.136   0.215    16.2    15.9    15.3    14.4    12.5
54933 20170625  2.422  -99.13   45.71    19.8     2.9    11.4    11.3     0.4    14.89 C    43.3    -0.4    12.9    91.2    33.8    66.1   0.090   0.106   0.132   0.135   0.214    15.1    15.1    14.8    14.1    12.5
54933 20170626  2.422  -99.13   45.71    22.3     5.5    13.9    14.3     0.0    32.24 C    44.9    -0.4    19.2    89.4    21.0    48.2   0.091   0.105   0.130   0.134   0.213    15.5    14.9    14.3    13.8    12.4
54933 20170627  2.422  -99.13   45.71    29.3     8.1    18.7    19.5     0.0    24.65 C    37.3     6.3    21.0    68.1    24.6    47.5   0.088   0.105   0.129   0.132   0.212    16.0    15.4    14.6    13.7    12.3
54933 20170628  2.422  -99.13   45.71    27.8    12.0    19.9    20.5     0.0    26.08 C    47.2     6.3    24.1    91.4    14.5    55.9   0.089   0.105   0.129   0.131   0.210    17.7    16.5    15.1    13.8    12.3
54933 20170629  2.422  -99.13   45.71    21.9    10.5    16.2    16.3     2.6     9.70 C    31.1     6.0    15.8    87.0    44.0    72.3   0.087   0.104   0.128   0.130   0.209    16.6    16.1    15.3    14.1    12.4
54933 20170630  2.422  -99.13   45.71    21.2    10.1    15.6    15.7     0.0    26.06 C    43.1     5.6    19.5    92.0    31.4    63.5   0.089   0.104   0.128   0.130   0.209    16.9    16.0    15.1    14.1    12.4
54933 20170701  2.422  -99.13   45.71    31.8     9.8    20.8    20.2     0.0    27.70 C    48.3     5.8    23.1    85.0    17.0    48.8   0.089   0.104   0.128   0.130   0.208    17.1    16.2    15.2    14.1    12.4
54933 20170702  2.422  -99.13   45.71    25.9    13.0    19.5    19.0     0.0    30.73 C    48.1    11.6    24.4    91.7    27.7    57.3   0.089   0.104   0.128   0.129   0.208    18.1    17.0    15.6    14.3    12.5
54933 20170703  2.422  -99.13   45.71    30.9    12.3    21.6    21.0     0.0    23.19 C    45.3    11.0    23.8    81.7    19.9    54.7   0.087   0.103   0.127   0.129   0.208    18.1    17.2    15.9    14.5    12.6
54933 20170704  2.422  -99.13   45.71    36.8    16.5    26.7    26.1     0.0    26.74 C    52.6    15.0    29.3    90.6    19.4    49.9   0.087   0.103   0.128   0.128   0.206    19.5    18.0    16.3    14.7    12.7
54933 20170705  2.422  -99.13   45.71    37.3    17.9    27.6    27.2     0.4    26.82 C    52.2    13.4    29.9    67.4    21.4    43.6   0.087   0.103   0.127   0.128   0.206    20.4    18.9    17.0    15.1    12.8
54933 20170706  2.422  -99.13   45.71    32.0    14.7    23.3    24.5     0.0    28.33 C    54.7     8.3    28.7    72.5    21.7    49.9   0.085   0.102   0.127   0.128   0.205    21.0    19.6    17.6    15.6    13.0
54933 20170707  2.422  -99.13   45.71    30.4    11.6    21.0    21.9     0.0    29.12 C    53.8     7.8    27.8    89.7    24.5    51.5   0.083   0.100   0.126   0.127   0.205    20.3    19.2    17.7    15.8    13.3
54933 20170708  2.422  -99.13   45.71    32.8    14.3    23.6    24.3     0.0    29.48 C    54.7    12.2    29.5    80.5    16.3    42.0   0.083   0.100   0.125   0.126   0.203    20.8    19.6    17.9    16.0    13.4
54933 20170709  2.422  -99.13   45.71    37.6    17.5    27.6    26.2     0.0    24.69 C    56.3    12.7    29.8    84.6    16.3    49.1   0.082   0.100   0.125   0.125   0.203    21.4    20.0    18.2    16.3    13.6
54933 20170710  2.422  -99.13   45.71    28.9    14.3    21.6    22.4     0.0    20.79 C    48.4    10.2    25.7    94.7    29.3    58.6   0.080   0.099   0.125   0.126   0.202    21.0    20.0    18.4    16.5    13.8
54933 20170711  2.422  -99.13   45.71    37.1    18.2    27.6    26.4     0.0    25.19 C    55.3    15.3    30.3    83.2    16.5    50.6   0.081   0.098   0.124   0.125   0.201    21.5    20.1    18.4    16.6    13.9
54933 20170712  2.422  -99.13   45.71    24.3    13.4    18.8    19.8     0.0    25.57 C    48.4    11.6    25.6    91.6    42.7    65.4   0.079   0.098   0.124   0.124   0.201    21.4    20.3    18.8    16.8    14.1
54933 20170713  2.422  -99.13   45.71    25.1    11.7    18.4    18.1     0.0    25.95 C    52.1    11.0    25.5    92.4    35.2    65.6   0.079   0.097   0.124   0.124   0.201    21.0    20.0    18.6    16.9    14.2
54933 20170714  2.422  -99.13   45.71    32.6     9.8    21.2    22.1     0.0    28.31 C    48.1     9.2    26.4    95.7    20.3    59.3   0.078   0.097   0.123   0.124   0.200    20.8    19.7    18.4    16.9    14.3
54933 20170715  2.422  -99.13   45.71    30.0    16.6    23.3    23.9     0.0    29.09 C    55.4    13.4    30.5    83.1    30.0    53.6   0.079   0.097   0.123   0.123   0.200    22.0    20.6    18.8    17.0    14.4
54933 20170716  2.422  -99.13   45.71    32.9    12.9    22.9    23.5     0.0    28.82 C    47.8    11.5    27.7    90.7    29.9    58.4   0.078   0.096   0.123   0.122   0.200    21.7    20.6    19.0    17.2    14.5
54933 20170717  2.422  -99.13   45.71    36.4    19.0    27.7    27.8     0.0    27.89 C    58.8    18.0    33.5    88.1    23.8    53.0   0.079   0.097   0.123   0.122   0.199    22.9    21.3    19.4    17.4    14.6
54933 20170718  2.422  -99.13   45.71    26.1    12.3    19.2    19.9    31.5    21.08 C    45.2    11.9    22.9    92.8    50.4    73.8   0.160   0.122   0.129   0.123   0.199    21.8    21.0    19.6    17.7    14.8
54933 20170719  2.422  -99.13   45.71    27.9    15.1    21.5    20.6    28.4    16.59 C    38.0    14.0    21.6    94.5    53.8    78.5   0.256   0.205   0.173   0.123   0.200    20.7    20.2    19.4    17.7    14.9
54933 20170720  2.422  -99.13   45.71    31.5    15.0    23.2    24.4     2.0    27.93 C    44.6    11.5    26.7    95.6    31.0    65.2   0.276   0.262   0.203   0.124   0.199    21.3    20.5    19.4    17.8    15.1
54933 20170721  2.422  -99.13   45.71    33.4    18.4    25.9    24.8    15.5    22.89 C    49.2    17.3    28.2    93.0    42.3    67.7   0.278   0.267   0.203   0.125   0.199    22.6    21.5    20.1    18.1    15.2
54933 20170722  2.422  -99.13   45.71    30.9    16.0    23.4    23.2     0.0    28.65 C    45.2    12.9    25.9    93.4    20.7    60.1   0.302   0.291   0.219   0.126   0.199    23.0    22.2    20.8    18.6    15.4
54933 20170723  2.422  -99.13   45.71    26.4    12.5    19.5    19.8     0.2    28.87 C    47.7    10.0    25.3    91.7    41.8    66.8   0.283   0.278   0.238   0.127   0.200    22.2    21.7    20.8    18.9    15.7
54933 20170724  2.422  -99.13   45.71    25.9    14.0    20.0    19.7     0.8    12.65 C    30.0    13.9    20.1    95.2    60.1    80.2   0.272   0.269   0.245   0.128   0.200    21.0    20.9    20.4    19.0    15.9
54933 20170725  2.422  -99.13   45.71    27.0    17.2    22.1    22.1     0.0    15.74 C    44.2    15.9    24.1    94.2    45.2    76.3   0.265   0.263   0.247   0.131   0.201    21.1    20.6    20.0    18.7    16.0
54933 20170726  2.422  -99.13   45.71    28.5    15.9    22.2    22.5     0.0    27.50 C    47.0    13.4    26.5    82.1    32.4    56.6   0.256   0.257   0.246   0.136   0.201    21.7    21.0    20.2    18.7    16.0
54933 20170727  2.422  -99.13   45.71    28.0    14.8    21.4    21.7     0.0    25.30 C    44.7    12.7    25.0    86.7    39.4    61.7   0.244   0.250   0.244   0.141   0.200    21.7    21.1    20.3    18.8    16.1
54933 20170728  2.422  -99.13   45.71    27.9    17.6    22.7    22.2     0.0    26.22 C    41.3    16.3    25.2    86.7    39.4    63.7   0.230   0.240   0.241   0.147   0.200    21.8    21.2    20.4    18.9    16.2
54933 20170729  2.422  -99.13   45.71    29.1    15.8    22.4    22.4     0.0    27.24 C    40.5    15.0    25.0    93.9    41.7    67.0   0.213   0.229   0.237   0.150   0.201    21.7    21.1    20.3    19.0    16.3
54933 20170730  2.422  -99.13   45.71    28.9    17.8    23.4    22.8     0.0    25.58 C    42.1    16.9    26.0    91.8    48.6    72.5   0.194   0.217   0.232   0.151   0.201    22.1    21.4    20.5    19.0    16.3
54933 20170731  2.422  -99.13   45.71    29.5    15.7    22.6    22.3     0.0    25.31 C    43.7    14.8    25.6    95.0    48.2    74.8   0.178   0.203   0.226   0.153   0.200    22.1    21.4    20.6    19.1    16.4
54933 20170801  2.422  -99.13   45.71    28.3    16.0    22.2    21.7     0.0    22.00 C    42.2    13.0    23.9    90.2    28.9    61.7   0.162   0.189   0.218   0.152   0.200    22.0    21.4    20.6    19.2    16.5
54933 20170802  2.422  -99.13   45.71    22.8    13.2    18.0    17.0    18.0    10.29 C    30.0    12.0    17.5    93.6    47.4    74.9   0.157   0.178   0.212   0.152   0.201    20.3    20.3    20.1    19.1    16.5
54933 20170803  2.422  -99.13   45.71    20.9    10.9    15.9    15.6     0.0    23.21 C    38.7     6.5    18.8    92.5    38.0    68.5   0.201   0.191   0.207   0.152   0.200    19.5    19.3    19.2    18.6    16.5
54933 20170804  2.422  -99.13   45.71    23.7     9.1    16.4    17.0     0.0    27.18 C    40.0     4.7    19.3    87.1    35.9    59.4   0.189   0.192   0.204   0.151   0.201    19.3    19.0    18.8    18.3    16.4
54933 20170805  2.422  -99.13   45.71    20.7    12.9    16.8    16.6    15.3     9.61 C    28.3    11.6    17.2    91.4    60.4    74.6   0.183   0.186   0.201   0.151   0.199    18.9    18.9    18.7    18.1    16.3
54933 20170806  2.422  -99.13   45.71    19.3    12.0    15.6    15.7     0.4     7.95 C    25.2     8.0    15.8    94.1    67.4    83.8   0.234   0.212   0.200   0.150   0.200    18.2    18.2    18.1    17.8    16.2
54933 20170807  2.422  -99.13   45.71    24.9    10.3    17.6    17.9     0.0    28.61 C    38.0     6.7    19.8    95.3    38.6    65.8   0.235   0.219   0.200   0.148   0.201    18.5    18.2    17.9    17.4    16.0
54933 20170808  2.422  -99.13   45.71    25.6    13.8    19.7    20.0     0.0    22.51 C    37.1    11.3    20.7    78.3    43.2    61.6   0.219   0.214   0.201   0.147   0.200    19.1    18.8    18.3    17.5    16.0
54933 20170809  2.422  -99.13   45.71    24.3    13.2    18.8    18.9     0.0    23.83 C    37.1    10.7    21.1    91.9    42.9    73.4   0.203   0.204   0.198   0.149   0.200    19.8    19.2    18.5    17.6    15.9
54933 20170810  2.422  -99.13   45.71    23.5    13.2    18.3    17.4     0.0    14.60 C    38.0     9.7    19.0    94.5    49.0    75.4   0.187   0.194   0.197   0.149   0.200    19.3    19.0    18.6    17.7    15.9
54933 20170811  2.422  -99.13   45.71    24.8    11.9    18.4    18.3     0.0    20.29 C    36.2     8.0    19.4    84.2    43.4    62.0   0.174   0.184   0.193   0.149   0.200    18.9    18.7    18.3    17.6    15.9
54933 20170812  2.422  -99.13   45.71    22.3    13.0    17.7    16.6     8.1    12.38 C    27.1    12.3    17.1    93.2    67.0    83.1   0.164   0.176   0.191   0.148   0.201    18.6    18.4    18.1    17.5    15.9
54933 20170813  2.422  -99.13   45.71    21.1    11.8    16.5    16.3     0.7    16.27 C    32.6     9.2    18.0    94.9    58.8    82.0   0.162   0.173   0.190   0.148   0.200    18.8    18.4    18.0    17.3    15.8
54933 20170814  2.422  -99.13   45.71    22.1    11.3    16.7    16.7     0.2    14.96 C    35.2     8.9    18.2    95.5    60.5    81.6   0.158   0.169   0.188   0.147   0.200    18.7    18.4    18.0    17.3    15.8
54933 20170815  2.422  -99.13   45.71    22.2    14.4    18.3    17.4     8.9    10.54 C    26.9    14.1    18.0    94.8    66.9    87.7   0.155   0.166   0.186   0.147   0.200    18.6    18.3    18.0    17.3    15.7
54933 20170816  2.422  -99.13   45.71    20.2    12.3    16.3    17.4     0.0     4.99 C    20.6     9.0    17.3    95.0    69.1    87.7   0.157   0.166   0.185   0.147   0.200    18.6    18.3    17.9    17.2    15.7
54933 20170817  2.422  -99.13   45.71    25.5    10.7    18.1    18.3     3.2    23.52 C    32.3     9.2    19.3    91.3    42.4    70.2   0.158   0.163   0.183   0.146   0.200    18.5    18.1    17.7    17.2    15.7
54933 20170818  2.422  -99.13   45.71    23.9    14.1    19.0    18.6     0.0    23.34 C    32.5    12.7    19.5    89.4    49.4    72.0   0.156   0.160   0.182   0.147   0.199    19.3    18.8    18.1    17.2    15.7
54933 20170819  2.422  -99.13   45.71    27.0    13.9    20.5    20.6     0.0    23.13 C    30.1    12.1    20.3    88.1    42.1    68.5   0.151   0.157   0.180   0.147   0.200    19.1    18.7    18.2    17.3    15.7
54933 20170820  2.422  -99.13   45.71    21.8    11.9    16.8    16.6     1.0    10.04 C    31.1     9.3    16.0    84.8    36.1    64.3   0.146   0.154   0.178   0.146   0.201    18.7    18.5    18.1    17.3    15.7
54933 20170821  2.422  -99.13   45.71    24.0    11.0    17.5    16.3     1.1    14.47 C    26.5     8.1    15.5    88.5    41.1    69.4   0.144   0.152   0.176   0.146   0.200    17.6    17.6    17.6    17.2    15.7
54933 20170822  2.422  -99.13   45.71    22.9     6.2    14.5    15.8     0.3    25.28 C    33.1     3.2    15.4    87.3    29.1    55.6   0.139   0.148   0.173   0.144   0.200    17.3    17.2    17.1    16.9    15.6
54933 20170823  2.422  -99.13   45.71    26.3    11.2    18.7    18.9     0.0    24.49 C    33.1     7.5    18.7    89.4    37.8    56.9   0.132   0.142   0.168   0.143   0.200    17.5    17.2    17.0    16.7    15.5
54933 20170824  2.422  -99.13   45.71    25.7    11.8    18.7    18.0     0.0    24.18 C    32.3    11.2    19.3    94.2    40.3    75.8   0.125   0.139   0.164   0.142   0.199    18.1    17.6    17.1    16.6    15.4
54933 20170825  2.422  -99.13   45.71    21.0    14.0    17.5    17.0     2.7     5.11 C    25.4    13.0    17.2    95.3    70.0    90.4   0.122   0.136   0.161   0.142   0.199    17.9    17.6    17.3    16.7    15.4
54933 20170826  2.422  -99.13   45.71    23.6    14.2    18.9    18.1     0.0    17.71 C    34.1    10.6    19.5    95.4    54.4    81.8   0.122   0.135   0.160   0.141   0.199    18.4    17.8    17.2    16.6    15.4
54933 20170827  2.422  -99.13   45.71    26.5    13.4    19.9    19.7     0.2    23.94 C    38.0    10.1    20.4    93.9    24.2    59.7   0.119   0.132   0.157   0.142   0.200    18.5    18.0    17.5    16.7    15.4
54933 20170828  2.422  -99.13   45.71    28.2    12.2    20.2    20.2     0.0    23.40 C    34.5     8.8    20.2    76.4    29.7    54.1   0.113   0.128   0.154   0.140   0.201    18.1    17.8    17.3    16.7    15.4
54933 20170829  2.422  -99.13   45.71    28.7    12.5    20.6    20.5     0.0    21.81 C    34.7    11.9    21.2    89.6    36.4    62.3   0.108   0.124   0.149   0.138   0.200    18.2    17.8    17.3    16.7    15.4
54933 20170830  2.422  -99.13   45.71    26.9    14.1    20.5    19.8     0.3    21.71 C    33.3    10.6    20.8    91.9    41.9    69.7   0.105   0.120   0.146   0.137   0.199    18.5    18.0    17.3    16.7    15.4
54933 20170831  2.422  -99.13   45.71    27.9    14.1    21.0    20.3     0.0    18.64 C    33.0    13.5    21.2    95.5    46.1    75.1   0.102   0.118   0.144   0.135   0.199    18.5    18.0    17.4    16.7    15.4
54933 20170901  2.422  -99.13   45.71    25.1    15.4    20.2    20.0     6.8    10.56 C    27.7    13.2    19.9    95.1    64.7    85.6   0.102   0.118   0.142   0.135   0.199    18.9    18.3    17.6    16.8    15.4
54933 20170902  2.422  -99.13   45.71    26.8    10.7    18.8    19.5     0.3    21.60 C    32.2     8.2    19.1    95.0    29.2    59.8   0.102   0.118   0.142   0.135   0.198    18.6    18.2    17.6    16.8    15.4
54933 20170903  2.422  -99.13   45.71    32.3    13.4    22.9    21.7     0.0    18.94 C    37.2     8.4    21.4    81.9    31.4    59.3   0.101   0.118   0.142   0.136   0.198    18.7    18.3    17.6    16.8    15.4
54933 20170904  2.422  -99.13   45.71    21.5     7.4    14.4    15.3     0.0    18.25 C    29.4     4.4    15.3    88.3    22.8    57.7   0.099   0.115   0.141   0.135   0.198    17.7    17.7    17.5    16.9    15.4
54933 20170905  2.422  -99.13   45.71    18.3     3.8    11.0    10.9     0.3    17.71 C    31.6     0.5    11.3    88.8    36.6    63.8   0.095   0.112   0.138   0.133   0.199    16.0    16.3    16.6    16.5    15.4
54933 20170906  2.422  -99.13   45.71    21.5     3.0    12.2    13.2     0.3    19.49 C    35.1    -0.7    13.9    90.0    25.8    55.1   0.092   0.109   0.135   0.131   0.198    15.3    15.5    15.8    16.0    15.3
54933 20170907  2.422  -99.13   45.71    28.2     9.4    18.8    18.3     0.0    21.78 C    42.0     3.9    19.3    65.7    16.6    44.5   0.092   0.108   0.133   0.130   0.198    16.0    15.8    15.7    15.7    15.1
54933 20170908  2.422  -99.13   45.71    23.7     9.7    16.7    15.0     0.0    17.68 C    29.1     9.6    16.3    95.7    43.1    74.6   0.090   0.106   0.132   0.129   0.197    16.3    16.1    15.8    15.6    15.0
54933 20170909  2.422  -99.13   45.71    27.0    10.8    18.9    17.5     0.0    19.68 C    34.6    10.3    18.8    93.5    37.4    74.0   0.089   0.105   0.130   0.127   0.196    16.6    16.2    15.8    15.6    14.9
54933 20170910  2.422  -99.13   45.71    29.1    13.0    21.1    20.2     0.0    19.98 C    35.1    12.0    21.4    92.2    37.5    68.3   0.088   0.105   0.129   0.127   0.196    17.2    16.7    16.1    15.6    14.8
54933 20170911  2.422  -99.13   45.71    27.7    15.7    21.7    21.2     0.0    18.86 C    36.2    13.7    22.1    87.3    22.0    46.5   0.088   0.105   0.129   0.127   0.196    17.7    17.1    16.4    15.8    14.8
54933 20170912  2.422  -99.13   45.71    35.1    14.7    24.9    24.3     0.0    19.31 C    40.9    10.7    24.5    95.1    24.7    61.1   0.086   0.103   0.127   0.126   0.196    18.1    17.4    16.6    15.8    14.8
54933 20170913  2.422  -99.13   45.71    29.2    14.7    21.9    22.2     0.0    15.20 C    39.3    12.2    23.3    85.9    20.1    50.3   0.086   0.103   0.127   0.126   0.196    18.6    18.0    17.1    16.1    14.9
54933 20170914  2.422  -99.13   45.71    25.8    14.0    19.9    18.6     0.0    15.86 C    36.3    14.3    21.0    81.4    51.4    70.9   0.084   0.102   0.126   0.125   0.195    18.3    17.8    17.1    16.2    14.9
54933 20170915  2.422  -99.13   45.71    14.1     9.7    11.9    11.0    12.4     3.03 C    14.3     9.8    11.4    94.8    77.1    90.3   0.083   0.101   0.125   0.127   0.195    16.5    16.7    16.7    16.2    15.0
54933 20170916  2.422  -99.13   45.71    11.4     5.3     8.4     8.8     0.4     7.36 C    17.0     4.6     9.6    94.1    67.7    84.1   0.086   0.101   0.124   0.125   0.195    14.9    15.2    15.7    15.8    14.9
54933 20170917  2.422  -99.13   45.71    16.4     2.8     9.6     9.4     0.0    18.32 C    23.9     1.9    11.0    95.2    44.6    73.6   0.085   0.101   0.124   0.123   0.194    14.2    14.5    15.0    15.3    14.8
54933 20170918  2.422  -99.13   45.71    24.0     7.6    15.8    15.2     0.9    19.34 C    30.7     6.9    15.6    93.3    27.0    65.0   0.086   0.101   0.124   0.123   0.194    14.8    14.8    14.8    15.0    14.6
54933 20170919  2.422  -99.13   45.71    24.4    11.4    17.9    17.6     4.2     4.32 C    25.2    10.6    17.1    96.0    68.6    85.3   0.088   0.103   0.124   0.123   0.194    15.8    15.6    15.2    15.0    14.5
54933 20170920  2.422  -99.13   45.71    20.8     5.3    13.0    13.1     0.3    19.84 C    24.5     4.4    12.8    92.2    26.7    58.5   0.088   0.103   0.125   0.124   0.193    15.2    15.3    15.2    15.0    14.4
54933 20170921  2.422  -99.13   45.71    28.2     8.2    18.2    18.1     0.0    18.56 C    30.6     7.2    17.3    85.3    37.1    62.5   0.088   0.102   0.124   0.124   0.194    14.8    14.8    14.9    14.9    14.3
54933 20170922  2.422  -99.13   45.71    29.1    10.0    19.5    16.2     0.0    13.66 C    33.3    10.5    17.4    95.2    35.7    82.4   0.089   0.104   0.125   0.124   0.194    16.0    15.6    15.2    14.9    14.3
54933 20170923  2.422  -99.13   45.71    11.2     9.0    10.1    10.2    15.7     2.38 C    13.7     9.1    10.6    94.7    81.3    90.7   0.089   0.104   0.125   0.124   0.194    14.8    15.1    15.1    14.9    14.2
54933 20170924  2.422  -99.13   45.71    11.2     6.6     8.9     9.8    20.6     3.98 C    13.8     5.9    10.2    94.5    80.1    89.0   0.181   0.169   0.141   0.123   0.194    13.4    13.8    14.3    14.6    14.2
54933 20170925  2.422  -99.13   45.71     9.8     6.5     8.1     8.4     1.6     3.38 C    13.3     5.9     9.2    92.8    74.5    83.1   0.244   0.211   0.164   0.123   0.193    12.8    13.1    13.7    14.2    14.1
54933 20170926  2.422  -99.13   45.71    14.3     6.1    10.2     9.6     0.2    11.48 C    26.3     1.1    10.8    93.0    56.0    79.6   0.248   0.222   0.163   0.123   0.192    12.9    13.0    13.3    13.8    13.9
54933 20170927  2.422  -99.13   45.71    20.6     4.0    12.3    12.0     0.3    18.03 C    27.4     0.2    11.6    95.0    36.3    67.9   0.245   0.230   0.162   0.122   0.193    12.4    12.7    13.1    13.6    13.7
54933 20170928  2.422  -99.13   45.71    23.4     6.6    15.0    13.3     0.0    16.56 C    38.6     1.9    13.5    89.8    32.3    65.6   0.242   0.231   0.162   0.122   0.193    13.1    13.1    13.2    13.4    13.6
54933 20170929  2.422  -99.13   45.71    17.3     2.5     9.9    10.3     0.3    18.11 C    31.7     0.0    12.4    91.0    37.0    66.5   0.238   0.229   0.161   0.122   0.192    12.8    13.0    13.2    13.4    13.5
54933 20170930  2.422  -99.13   45.71    19.5     8.0    13.7    13.5     0.0     9.12 C    22.8     6.8    13.6    84.9    61.6    74.2   0.234   0.227   0.160   0.123   0.193    12.7    12.9    13.1    13.3    13.4
54933 20171001  2.422  -99.13   45.71    23.1    10.0    16.5    15.2     0.0     8.03 C    29.0     8.6    15.1    92.0    42.1    77.3   0.231   0.225   0.160   0.122   0.193    13.5    13.4    13.2    13.3    13.3
54933 20171002  2.422  -99.13   45.71    13.5     6.3     9.9    10.1     0.0     8.76 C    28.5     5.3    11.1    93.8    54.2    76.8   0.228   0.222   0.160   0.123   0.193    13.2    13.3    13.3    13.4    13.2
54933 20171003  2.422  -99.13   45.71    14.3     3.6     9.0     8.6     1.2    13.67 C    20.2     2.0     9.1    89.5    35.2    67.4   0.225   0.221   0.159   0.124   0.193    12.7    12.9    13.1    13.3    13.2
54933 20171004  2.422  -99.13   45.71    14.7    -0.5     7.1     7.3     0.0    16.95 C    23.1    -1.4     9.3    93.3    39.8    69.9   0.220   0.216   0.157   0.123   0.192    11.5    12.0    12.6    13.1    13.1
54933 20171005  2.422  -99.13   45.71    17.6     5.8    11.7    11.4     0.0    12.74 C    33.8    -0.4    13.4    80.2    46.5    65.9   0.216   0.213   0.157   0.123   0.192    12.5    12.5    12.5    12.8    13.0
54933 20171006  2.422  -99.13   45.71    17.9     4.2    11.0    10.7     0.0    12.76 C    33.7    -0.5    12.2    88.5    41.6    63.7   0.211   0.209   0.156   0.122   0.192    12.3    12.4    12.6    12.8    12.9
54933 20171007  2.422  -99.13   45.71    21.7     6.3    14.0    13.8     0.0    16.11 C    30.9     4.0    13.4    89.9    21.6    55.2   0.204   0.204   0.156   0.121   0.191    12.3    12.5    12.5    12.8    12.8
54933 20171008  2.422  -99.13   45.71    14.3     6.0    10.1    10.1     0.0    11.43 C    30.5     4.2    11.1    68.4    35.7    53.0   0.197   0.199   0.154   0.121   0.191    12.2    12.3    12.5    12.7    12.8
54933 20171009  2.422  -99.13   45.71     7.6    -2.2     2.7     3.8     0.0    14.62 C    22.0    -7.6     3.8    86.2    36.4    55.6   0.190   0.193   0.153   0.121   0.191    11.1    11.6    12.1    12.5    12.7
54933 20171010  2.422  -99.13   45.71    15.5    -1.8     6.8     6.1     0.0    15.99 C    26.0    -6.3     6.3    78.5    23.6    48.9   0.183   0.187   0.151   0.121   0.191     9.7    10.4    11.2    12.1    12.6
54933 20171011  2.422  -99.13   45.71    16.4    -3.1     6.6     6.7     0.0    13.72 C    20.6    -3.9     6.5    92.0    31.9    60.5   0.177   0.183   0.149   0.120   0.192     9.4    10.0    10.7    11.7    12.4
54933 20171012  2.422  -99.13   45.71    20.2    -0.9     9.7     8.1     0.0    14.99 C    26.9    -4.6     8.3    90.5    38.3    67.9   0.172   0.178   0.148   0.120   0.191     9.8    10.1    10.6    11.4    12.1
54933 20171013  2.422  -99.13   45.71    13.9    -2.6     5.7     5.6     0.0    14.90 C    24.0    -6.4     5.7    86.6    30.2    58.7   0.166   0.174   0.146   0.120   0.191     9.2     9.8    10.4    11.2    12.0
54933 20171014  2.422  -99.13   45.71     6.0    -1.4     2.3     4.1    22.3     0.64 C     7.3    -3.3     3.5    94.3    57.0    80.3   0.201   0.180   0.145   0.120   0.190     8.6     9.3    10.1    11.0    11.8
54933 20171015  2.422  -99.13   45.71    13.6    -2.2     5.7     4.4     0.0    13.44 C    17.8    -4.8     3.2    92.4    28.2    67.4   0.258   0.233   0.144   0.118   0.191     7.7     8.4     9.3    10.6    11.6
54933 20171016  2.422  -99.13   45.71    21.4     1.4    11.4    10.6     0.0    14.09 C    26.4    -2.8     8.6    73.4    25.4    51.4   0.252   0.239   0.145   0.116   0.189     7.9     8.3     9.0    10.2    11.4
54933 20171017  2.422  -99.13   45.71    24.4     4.0    14.2    13.7     0.0    14.46 C    27.8    -2.3    10.6    70.9    15.3    44.9   0.246   0.237   0.148   0.117   0.190     8.5     8.8     9.2    10.1    11.2
54933 20171018  2.422  -99.13   45.71    14.9     5.0     9.9    10.5     0.0    10.32 C    22.8     1.1     9.0    63.4    21.7    40.9   0.241   0.234   0.151   0.117   0.189     9.0     9.3     9.5    10.1    11.0
54933 20171019  2.422  -99.13   45.71    22.0     2.9    12.4    12.3     0.0    13.65 C    26.3     1.1    11.4    75.9    28.5    49.4   0.236   0.230   0.151   0.118   0.189     8.8     9.1     9.4    10.1    11.0
54933 20171020  2.422  -99.13   45.71    23.4     7.3    15.3    14.6     0.0    10.71 C    24.5     6.0    13.8    91.0    42.6    69.9   0.232   0.228   0.152   0.118   0.189     9.9     9.8     9.8    10.1    10.9
54933 20171021  2.422  -99.13   45.71    14.6     4.4     9.5     9.5     0.0     4.47 C    16.7     1.8     8.5    92.0    56.2    72.9   0.230   0.225   0.153   0.119   0.189    10.2    10.4    10.3    10.4    10.9
54933 20171022  2.422  -99.13   45.71    18.5     0.6     9.5     9.9     0.0    12.44 C    23.7    -2.0     9.1    81.7    18.2    48.9   0.225   0.222   0.153   0.119   0.189     9.1     9.5     9.9    10.4    10.9
54933 20171023  2.422  -99.13   45.71    12.2     3.8     8.0     8.3     0.0     9.82 C    19.3     1.1     7.9    80.3    36.5    59.2   0.221   0.218   0.153   0.120   0.190     9.3     9.5     9.8    10.3    10.9
54933 20171024  2.422  -99.13   45.71    11.6     0.1     5.9     5.7     0.0    13.05 C    18.8    -1.9     5.6    87.1    33.0    60.1   0.216   0.214   0.154   0.119   0.190     8.4     8.9     9.5    10.2    10.8
54933 20171025  2.422  -99.13   45.71    15.9     3.6     9.8     9.3     0.0     9.94 C    28.3     1.8     9.5    73.6    38.3    55.0   0.212   0.211   0.154   0.119   0.190     8.5     8.8     9.2     9.9    10.7
54933 20171026  2.422  -99.13   45.71    12.6    -3.2     4.7     2.8     0.2     4.15 C    10.1    -4.4     2.9    84.5    42.8    62.9   0.208   0.208   0.155   0.119   0.189     8.3     8.8     9.3     9.9    10.6
54933 20171027  2.422  -99.13   45.71     3.9    -7.8    -1.9    -2.5     0.0    12.85 C    14.2   -15.2    -1.9    70.4    21.9    54.5   0.206   0.204   0.154   0.117   0.189     6.7     7.3     8.4     9.5    10.5
54933 20171028  2.422  -99.13   45.71     8.7    -7.8     0.5     0.7     0.0    11.67 C    23.3   -16.2     0.7    69.2    21.8    44.3   0.203   0.201   0.153   0.117   0.188     5.3     6.0     7.4     9.0    10.3
54933 20171029  2.422  -99.13   45.71    10.3     0.2     5.3     5.9     1.5     6.26 C    14.1    -1.4     5.0    88.2    41.0    65.2   0.203   0.201   0.154   0.117   0.188     6.5     6.7     7.3     8.5    10.0
54933 20171030  2.422  -99.13   45.71     0.9    -9.3    -4.2    -3.1     0.0     6.60 C     7.4   -10.8    -2.8    80.5    44.2    64.9   0.201   0.199   0.155   0.116   0.188     5.6     6.2     7.2     8.4     9.8
54933 20171031  2.422  -99.13   45.71     4.0    -9.6    -2.8    -2.8     0.0     9.75 C     9.0   -13.3    -2.5    86.1    38.5    67.6   0.199   0.196   0.154   0.116   0.187     4.2     5.0     6.3     8.0     9.6
54933 20171101  2.422  -99.13   45.71     4.1    -4.6    -0.3     0.1     2.1     3.61 C     6.8    -5.8     0.3    93.5    68.3    87.1   0.198   0.196   0.154   0.115   0.186     4.5     4.9     5.9     7.6     9.4
54933 20171102  2.422  -99.13   45.71     0.7    -3.0    -1.1    -0.9     0.0     2.91 C     4.7    -2.6    -0.1    94.9    65.6    79.5   0.198   0.196   0.154   0.115   0.186     4.8     5.2     6.0     7.4     9.2
54933 20171103  2.422  -99.13   45.71    -2.6    -4.2    -3.4    -3.3     2.8     1.70 C    -2.4    -3.9    -3.0    94.5    76.0    87.5   0.196   0.195   0.155   0.115   0.186     4.1     4.7     5.7     7.2     9.0
54933 20171104  2.422  -99.13   45.71     1.0    -4.6    -1.8    -1.1     0.0     2.24 C     0.4    -4.6    -1.2    94.7    77.2    89.1   0.194   0.194   0.155   0.116   0.186     4.0     4.5     5.4     6.9     8.8
54933 20171105  2.422  -99.13   45.71    -3.8   -10.1    -6.9    -6.6     0.0     8.93 C     4.2   -14.6    -6.3    91.5    64.5    77.5   0.195   0.193   0.155   0.116   0.185     3.6     4.2     5.2     6.7     8.6
54933 20171106  2.422  -99.13   45.71    -2.4   -10.7    -6.6    -6.0     0.6     2.78 C     1.4   -14.5    -5.0    91.0    75.1    85.5   0.193   0.192   0.155   0.114   0.185     2.7     3.4     4.7     6.4     8.4
54933 20171107  2.422  -99.13   45.71    -0.8   -12.0    -6.4    -5.9     0.2    10.58 C     1.8   -13.9    -5.5    87.3    51.3    74.2   0.192   0.191   0.155   0.112   0.184     2.3     3.0     4.2     6.0     8.2
54933 20171108  2.422  -99.13   45.71    -1.3   -11.1    -6.2    -6.2     0.0     8.11 C    12.2   -12.1    -4.5    88.1    64.7    79.7   0.190   0.190   0.154   0.111   0.185     1.9     2.6     3.8     5.6     7.9
54933 20171109  2.422  -99.13   45.71    -8.2   -16.6   -12.4   -11.5     0.0     7.85 C     8.4   -17.8    -8.8    85.8    48.8    69.1   0.175   0.189   0.154   0.111   0.185     1.5     2.2     3.5     5.4     7.7
54933 20171110  2.422  -99.13   45.71    -3.0   -10.4    -6.7    -7.6     0.0     5.22 C    -0.7   -10.0    -7.4    78.4    49.2    59.4   0.171   0.183   0.153   0.111   0.183     0.9     1.7     3.1     5.0     7.5
54933 20171111  2.422  -99.13   45.71     4.9    -8.4    -1.8    -3.1     0.0     9.13 C    18.3   -11.6    -2.9    88.9    36.6    73.2   0.170   0.174   0.153   0.111   0.184     0.5     1.2     2.6     4.6     7.2
54933 20171112  2.422  -99.13   45.71     9.9    -8.3     0.8     0.1     0.3     9.65 C    13.9   -12.0    -0.6    92.3    41.6    69.1   0.169   0.173   0.153   0.110   0.183     0.6     1.2     2.4     4.3     6.9
54933 20171113  2.422  -99.13   45.71    10.9    -3.4     3.8     2.7     0.0     9.07 C    19.6    -4.5     2.0    89.5    46.1    72.2   0.169   0.173   0.153   0.110   0.183     0.8     1.3     2.4     4.2     6.7
54933 20171114  2.422  -99.13   45.71     6.2    -3.0     1.6     2.4     0.0     3.94 C    12.2    -4.6     1.5    96.7    55.9    81.7   0.170   0.174   0.153   0.110   0.182     1.2     1.7     2.5     4.1     6.5
54933 20171115  2.422  -99.13   45.71     3.5   -10.8    -3.7    -5.7     0.0     8.91 C     4.4   -13.4    -4.7    92.0    53.5    73.1   0.169   0.180   0.154   0.110   0.183     1.6     2.0     2.8     4.2     6.4
54933 20171116  2.422  -99.13   45.71     3.0    -9.3    -3.2    -3.3     0.0     4.26 C     2.4    -8.2    -2.9    92.4    58.3    77.2   0.168   0.177   0.154   0.111   0.182     1.2     1.7     2.7     4.2     6.3
54933 20171117  2.422  -99.13   45.71     4.4    -4.3     0.0     0.6     0.0     3.32 C    12.2    -6.9     0.2    85.1    58.9    72.7   0.168   0.179   0.154   0.111   0.182     1.2     1.6     2.5     4.1     6.2
54933 20171118  2.422  -99.13   45.71    -2.3    -9.6    -5.9    -5.6     0.2     8.87 C     3.4   -11.9    -5.9    92.1    47.0    72.0   0.167   0.184   0.154   0.111   0.181     1.3     1.7     2.6     4.0     6.1
54933 20171119  2.422  -99.13   45.71     7.1    -8.4    -0.6    -0.1     0.0     6.67 C    11.6   -11.6    -1.6    80.5    36.7    61.4   0.166   0.172   0.154   0.111   0.181     1.0     1.5     2.4     3.9     6.0
54933 20171120  2.422  -99.13   45.71    13.7    -1.8     5.9     4.8     0.0     6.54 C    17.6    -4.5     2.8    67.0    19.7    43.7   0.165   0.171   0.154   0.109   0.182     1.1     1.5     2.4     3.8     5.9
54933 20171121  2.422  -99.13   45.71    -1.8   -14.7    -8.3   -10.5     0.0     8.79 C     2.7   -18.4   -10.0    81.8    47.3    65.2   0.165   0.171   0.153   0.110   0.182     1.1     1.5     2.4     3.8     5.8
54933 20171122  2.422  -99.13   45.71     8.8   -13.5    -2.4    -4.1     0.0     3.78 C     8.3   -18.4    -5.8    84.7    40.7    67.3   0.164   0.169   0.154   0.111   0.180     0.5     1.1     2.1     3.6     5.7
54933 20171123  2.422  -99.13   45.71    17.6    -5.3     6.1     5.8     0.0     6.50 C    21.0    -7.4     4.2    88.0    38.7    67.0   0.163   0.169   0.153   0.110   0.180     0.4     0.9     1.8     3.4     5.6
54933 20171124  2.422  -99.13   45.71    10.3     0.1     5.2     7.0     0.3     6.46 C    14.2    -3.1     5.3    83.8    49.6    65.8   0.164   0.170   0.154   0.110   0.182     1.2     1.4     2.0     3.4     5.5
54933 20171125  2.422  -99.13   45.71     7.8    -5.3     1.3     0.9     0.3     7.96 C    16.0    -8.1     0.3    88.3    49.1    72.3   0.164   0.170   0.154   0.111   0.182     1.5     1.8     2.4     3.6     5.4
54933 20171126  2.422  -99.13   45.71    12.5    -2.5     5.0     3.8     0.0     6.14 C    21.3    -5.4     3.2    77.6    26.3    56.8   0.164   0.174   0.154   0.110   0.181     1.7     2.0     2.5     3.6     5.4
54933 20171127  2.422  -99.13   45.71    13.4    -0.9     6.2     5.1     0.0     4.52 C    14.6    -2.9     4.1    88.2    36.4    65.4   0.173   0.183   0.155   0.110   0.181     2.3     2.4     2.8     3.7     5.4
54933 20171128  2.422  -99.13   45.71     7.5    -3.2     2.2     1.6     0.0     8.19 C    10.5    -8.4    -0.5    73.7    23.3    48.4   0.182   0.184   0.156   0.111   0.181     2.0     2.7     3.1     3.9     5.4
54933 20171129  2.422  -99.13   45.71    12.4    -5.1     3.6     3.2     0.0     6.18 C    13.1    -7.2     1.7    69.8    26.2    49.6   0.181   0.183   0.155   0.110   0.180     1.5     2.2     2.9     3.9     5.4
54933 20171130  2.422  -99.13   45.71     8.0    -5.5     1.3     0.9     0.0     7.64 C    11.5    -8.0    -1.3    78.9    30.9    54.5   0.181   0.183   0.155   0.110   0.180     1.6     2.3     2.8     3.9     5.4
54933 20171201  2.422  -99.13   45.71     7.2    -5.7     0.7     0.9     0.0     3.93 C    13.7   -10.6    -1.7    77.4    34.5    54.6   0.180   0.182   0.155   0.110   0.181     1.3     2.0     2.7     3.8     5.4
54933 20171202  2.422  -99.13   45.71    11.1    -5.8     2.6     1.4     0.0     6.52 C    14.9   -11.5    -1.5    76.1    26.9    55.7   0.177   0.181   0.156   0.111   0.181     1.1     1.8     2.5     3.7     5.4
54933 20171203  2.422  -99.13   45.71     5.1    -2.6     1.3     1.3     0.0     3.13 C     8.6    -9.8    -1.2    86.0    46.1    60.7   0.169   0.181   0.156   0.111   0.181     1.1     1.8     2.4     3.6     5.3
54933 20171204  2.422  -99.13   45.71    -0.6   -10.3    -5.4    -3.8     2.5     0.65 C    -0.3   -12.9    -4.8    90.8    64.4    81.9   0.175   0.181   0.155   0.111   0.182     1.1     1.8     2.4     3.6     5.2
54933 20171205  2.422  -99.13   45.71    -4.7   -14.1    -9.4    -9.4     0.0     5.05 C    -4.7   -17.0   -10.8    89.7    65.5    81.1   0.149   0.181   0.155   0.110   0.181     1.0     1.5     2.3     3.5     5.2
54933 20171206  2.422  -99.13   45.71    -4.5   -17.4   -11.0   -10.2     0.0     7.59 C    -4.9   -20.0   -11.0    89.8    68.1    76.0   0.139   0.179   0.155   0.111   0.180     0.8     1.3     2.1     3.3     5.1
54933 20171207  2.422  -99.13   45.71    -2.4   -18.6   -10.5    -9.9     0.0     4.44 C    -3.3   -20.8   -10.8    87.8    75.1    81.8   0.138   0.165   0.155   0.111   0.180     0.4     0.9     1.8     3.2     5.0
54933 20171208  2.422  -99.13   45.71     0.0    -7.7    -3.9    -3.1     0.0     5.31 C    -0.7    -9.0    -4.2    89.1    71.1    79.7   0.137   0.164   0.154   0.111   0.181     0.3     0.8     1.6     3.0     4.9
54933 20171209  2.422  -99.13   45.71     1.3   -11.4    -5.0    -3.8     0.2     7.24 C     0.0   -15.9    -5.7    92.3    63.4    79.2   0.137   0.164   0.154   0.109   0.180     0.3     0.8     1.6     2.9     4.7
54933 20171210  2.422  -99.13   45.71     4.9    -3.6     0.6     1.1     0.0     5.97 C     8.1    -6.1    -0.7    79.4    52.0    66.3   0.138   0.164   0.154   0.109   0.180     0.4     0.8     1.6     2.8     4.6
54933 20171211  2.422  -99.13   45.71     3.4   -10.7    -3.6    -1.5     0.0     2.20 C     2.4   -13.5    -2.5    88.7    54.2    75.4   0.157   0.164   0.155   0.110   0.179     0.5     0.9     1.6     2.8     4.6
54933 20171212  2.422  -99.13   45.71     7.2    -9.4    -1.1     0.4     0.0     4.15 C     7.1   -10.9    -0.7    92.3    36.1    69.6   0.157   0.164   0.154   0.110   0.179     0.5     0.9     1.6     2.7     4.5
54933 20171213  2.422  -99.13   45.71     6.9    -0.6     3.1     1.6     0.0     0.45 C     5.3    -1.4     0.7    78.0    38.5    69.9   0.159   0.164   0.155   0.111   0.179     0.6     1.0     1.6     2.7     4.4
54933 20171214  2.422  -99.13   45.71     0.0    -3.7    -1.8    -1.3     0.0     1.61 C     2.7    -6.1    -1.7    89.5    60.2    77.5   0.175   0.165   0.155   0.110   0.180     0.8     1.0     1.7     2.7     4.4
54933 20171215  2.422  -99.13   45.71     3.8    -3.4     0.2     0.4     0.0     2.32 C     5.0    -3.9    -0.2    85.4    53.3    68.6   0.182   0.164   0.154   0.110   0.179     0.8     1.0     1.7     2.7     4.4
54933 20171216  2.422  -99.13   45.71     4.0    -2.2     0.9     0.9     0.0     2.96 C     9.2    -4.8    -0.1    91.7    65.6    80.1   0.186   0.168   0.156   0.110   0.180     0.9     1.1     1.7     2.7     4.4
54933 20171217  2.422  -99.13   45.71     3.7    -5.3    -0.8    -1.7     0.0     5.87 C     9.8    -8.5    -2.4    94.7    43.3    80.1   0.196   0.194   0.155   0.109   0.179     0.9     1.2     1.8     2.8     4.3
54933 20171218  2.422  -99.13   45.71     8.5    -3.5     2.5     1.1     1.0     4.95 C    10.8    -5.3     0.0    93.7    41.3    71.1   0.206   0.207   0.159   0.110   0.179     0.8     1.2     1.7     2.8     4.3
54933 20171219  2.422  -99.13   45.71     0.3    -4.3    -2.0    -2.1     0.0     3.57 C     0.3    -5.9    -3.0    90.7    61.0    75.9   0.209   0.209   0.166   0.109   0.179     0.9     1.2     1.7     2.7     4.3
54933 20171220  2.422  -99.13   45.71    -2.0   -10.8    -6.4    -7.0     0.0     4.26 C     0.0   -10.8    -6.4    88.9    59.9    75.4   0.205   0.207   0.169   0.109   0.179     0.7     1.0     1.7     2.7     4.2
54933 20171221  2.422  -99.13   45.71    -9.3   -15.9   -12.6   -12.4     0.0     5.93 C     0.3   -20.5   -11.4    85.2    56.1    75.1   0.203   0.206   0.169   0.110   0.178     0.2     0.7     1.4     2.6     4.2
54933 20171222  2.422  -99.13   45.71    -5.5   -15.4   -10.4   -10.6     0.3     2.96 C    -3.2   -17.0   -10.8    86.8    68.9    80.1 -99.000 -99.000   0.169   0.109   0.179    -0.4     0.2     1.1     2.4     4.2
54933 20171223  2.422  -99.13   45.71    -6.8   -16.0   -11.4   -11.8     0.0     5.06 C    -2.8   -17.6   -12.4    81.1    56.8    71.2 -99.000 -99.000   0.166   0.110   0.179    -0.9    -0.1     0.8     2.2     4.1
54933 20171224  2.422  -99.13   45.71    -8.6   -18.6   -13.6   -13.7     0.0     4.56 C    -5.1   -20.5   -14.2    85.8    61.4    76.3 -99.000 -99.000   0.163   0.110   0.178    -1.3    -0.5     0.6     2.0     3.9
54933 20171225  2.422  -99.13   45.71   -18.2   -25.7   -21.9   -22.7     0.0     7.25 C   -15.0   -26.5   -22.4    73.1    55.0    66.3 -99.000 -99.000   0.147   0.109   0.179    -2.4    -1.2     0.3     1.9     3.8
54933 20171226  2.422  -99.13   45.71   -18.4   -27.5   -22.9   -23.4     0.0     7.15 C   -12.8   -30.1   -24.0    73.5    48.4    65.1 -99.000 -99.000 -99.000   0.109   0.179    -3.8    -2.4    -0.2     1.6     3.7
54933 20171227  2.422  -99.13   45.71   -13.7   -25.5   -19.6   -19.1     0.0     4.56 C    -9.9   -30.4   -19.3    84.6    58.6    71.4 -99.000 -99.000 -99.000   0.109   0.178    -4.6    -3.3    -1.0     1.2     3.5
54933 20171228  2.422  -99.13   45.71   -14.1   -21.5   -17.8   -17.3     0.0     6.11 C   -11.3   -24.8   -17.1    86.3    65.6    76.4 -99.000 -99.000 -99.000   0.108   0.177    -4.2    -3.3    -1.6     0.7     3.3
54933 20171229  2.422  -99.13   45.71   -17.9   -24.6   -21.3   -19.9     0.4     4.04 C   -14.4   -26.0   -19.3    78.1    65.7    72.1 -99.000 -99.000 -99.000 -99.000   0.177    -4.2    -3.5    -2.1     0.2     3.1
54933 20171230  2.422  -99.13   45.71   -24.6   -30.3   -27.4   -27.1     0.0     4.93 C   -21.0   -33.4   -26.5    74.0    66.1    69.3 -99.000 -99.000 -99.000 -99.000   0.176    -4.3    -3.6    -2.3    -0.1     2.8
54933 20171231  2.422  -99.13   45.71   -24.8   -33.2   -29.0   -29.2     0.0     7.79 C   -23.4   -36.8   -30.9    74.8    68.6    72.4 -99.000 -99.000 -99.000 -99.000   0.176    -4.8    -4.0    -2.6    -0.4     2.6
