92826 20170101  2.423  -81.32   25.90    31.6    14.7    23.2    21.9     0.0    12.10 C    38.1    13.9    23.4    94.5    47.0    75.8   0.066   0.098 -99.000 -99.000 -99.000    21.5    21.7 -9999.0 -9999.0 -9999.0
92826 20170102  2.423  -81.32   25.90    33.1    18.3    25.7    23.7     0.7    12.54 C    40.8    17.8    25.0    96.9    47.7    82.4   0.068   0.100 -99.000 -99.000 -99.000    22.7    22.8 -9999.0 -9999.0 -9999.0
92826 20170103  2.423  -81.32   25.90    29.8    17.9    23.9    23.0     0.0    12.13 C    35.3    17.9    24.1    98.6    62.2    88.1   0.073   0.099 -99.000 -99.000 -99.000    23.0    23.2 -9999.0 -9999.0 -9999.0
92826 20170104  2.423  -81.32   25.90    27.9    17.9    22.9    22.7    10.6    10.41 C    32.1    17.6    23.5    98.6    69.6    89.3   0.126   0.129 -99.000 -99.000 -99.000    23.3    23.5 -9999.0 -9999.0 -9999.0
92826 20170105  2.423  -81.32   25.90    26.7    12.6    19.6    18.8     0.0    14.83 C    33.9    12.4    20.5    98.5    54.8    84.3   0.131   0.144 -99.000 -99.000 -99.000    21.7    22.4 -9999.0 -9999.0 -9999.0
92826 20170106  2.423  -81.32   25.90    28.7    12.0    20.3    18.8     0.0     7.39 C    33.7    11.8    19.7   100.0    61.9    91.0   0.126   0.142 -99.000 -99.000 -99.000    20.9    21.6 -9999.0 -9999.0 -9999.0
92826 20170107  2.423  -81.32   25.90    27.1     9.3    18.2    19.5    10.3     4.27 C    30.2     9.2    19.4    97.2    73.5    89.1   0.153   0.171 -99.000 -99.000 -99.000    21.3    21.9 -9999.0 -9999.0 -9999.0
92826 20170108  2.423  -81.32   25.90    17.5     4.6    11.1    10.4     0.0    16.27 C    20.9     4.3    11.3    83.3    43.7    66.7   0.155   0.177 -99.000 -99.000 -99.000    17.6    18.9 -9999.0 -9999.0 -9999.0
92826 20170109  2.423  -81.32   25.90    23.8     6.3    15.0    13.3     0.0    14.79 C    29.4     5.8    14.4    88.3    35.4    67.6   0.147   0.167 -99.000 -99.000 -99.000    17.2    18.1 -9999.0 -9999.0 -9999.0
92826 20170110  2.423  -81.32   25.90    25.4     9.0    17.2    16.1     0.0    10.06 C    32.1     8.4    17.3    93.4    34.4    71.5   0.143   0.163 -99.000 -99.000 -99.000    17.8    18.4 -9999.0 -9999.0 -9999.0
92826 20170111  2.423  -81.32   25.90    27.1    15.3    21.2    19.9     0.0    11.86 C    32.8    15.3    21.2    94.1    42.8    73.7   0.141   0.160 -99.000 -99.000 -99.000    19.7    19.9 -9999.0 -9999.0 -9999.0
92826 20170112  2.423  -81.32   25.90    28.3    15.4    21.9    20.3     0.0    12.91 C    35.8    14.7    21.7    96.5    47.3    76.3   0.139   0.157 -99.000 -99.000 -99.000    20.1    20.4 -9999.0 -9999.0 -9999.0
92826 20170113  2.423  -81.32   25.90    28.6    15.2    21.9    20.2     0.0    10.45 C    35.3    14.7    21.2    96.3    43.7    77.4   0.138   0.155 -99.000 -99.000 -99.000    20.3    20.7 -9999.0 -9999.0 -9999.0
92826 20170114  2.423  -81.32   25.90    26.3    14.2    20.3    19.7     0.0     9.05 C    31.3    14.0    20.7    96.2    53.8    79.0   0.137   0.153 -99.000 -99.000 -99.000    20.2    20.6 -9999.0 -9999.0 -9999.0
92826 20170115  2.423  -81.32   25.90    26.3    16.6    21.5    20.8     0.0     8.39 C    31.7    16.2    21.7    91.1    56.1    76.8   0.142   0.152 -99.000 -99.000 -99.000    20.9    21.1 -9999.0 -9999.0 -9999.0
92826 20170116  2.423  -81.32   25.90    29.2    16.3    22.7    21.2     0.0    11.39 C    34.8    15.8    22.6    94.6    44.3    75.2   0.138   0.150 -99.000 -99.000 -99.000    21.0    21.3 -9999.0 -9999.0 -9999.0
92826 20170117  2.423  -81.32   25.90    30.5    14.7    22.6    20.8     0.0    13.94 C    36.9    14.1    22.3    96.7    42.1    76.5   0.133   0.147 -99.000 -99.000 -99.000    20.7    21.0 -9999.0 -9999.0 -9999.0
92826 20170118  2.423  -81.32   25.90    29.6    12.5    21.1    19.7     0.0    16.21 C    37.5    12.3    21.3    98.1    44.3    77.8   0.125   0.145 -99.000 -99.000 -99.000    20.4    20.8 -9999.0 -9999.0 -9999.0
92826 20170119  2.423  -81.32   25.90    28.7    11.8    20.3    19.1     0.0    16.19 C    38.2    11.4    20.9    97.6    45.1    79.1   0.122   0.142 -99.000 -99.000 -99.000    20.2    20.6 -9999.0 -9999.0 -9999.0
92826 20170120  2.423  -81.32   25.90    28.5    11.9    20.2    18.9     0.0    13.30 C    35.8    11.6    20.2    98.5    55.1    84.4   0.121   0.140 -99.000 -99.000 -99.000    20.2    20.5 -9999.0 -9999.0 -9999.0
92826 20170121  2.423  -81.32   25.90    28.6    12.4    20.5    20.0     0.0    15.81 C    34.8    12.1    21.2   100.0    49.2    82.5   0.121   0.139 -99.000 -99.000 -99.000    20.5    20.7 -9999.0 -9999.0 -9999.0
92826 20170122  2.423  -81.32   25.90    28.9    17.3    23.1    23.8     0.0    15.36 C    33.2    16.7    24.7    97.3    64.5    81.7   0.121   0.137 -99.000 -99.000 -99.000    21.9    21.7 -9999.0 -9999.0 -9999.0
92826 20170123  2.423  -81.32   25.90    25.0    18.5    21.7    21.4    20.0    12.47 C    28.1    18.0    21.9    94.5    50.0    70.9   0.184   0.211 -99.000 -99.000 -99.000    21.4    21.7 -9999.0 -9999.0 -9999.0
92826 20170124  2.423  -81.32   25.90    26.3    12.4    19.4    18.7     0.0    17.40 C    31.5    11.8    19.9    97.1    46.7    76.8   0.166   0.183 -99.000 -99.000 -99.000    20.2    20.7 -9999.0 -9999.0 -9999.0
92826 20170125  2.423  -81.32   25.90    25.8     9.7    17.8    16.9     0.0    17.45 C    32.8     9.3    18.6   100.0    52.9    85.2   0.159   0.173 -99.000 -99.000 -99.000    19.5    20.1 -9999.0 -9999.0 -9999.0
92826 20170126  2.423  -81.32   25.90    27.8    13.1    20.4    19.8     0.0    15.72 C    32.6    12.5    20.8    98.1    55.1    84.7   0.155   0.168 -99.000 -99.000 -99.000    20.3    20.5 -9999.0 -9999.0 -9999.0
92826 20170127  2.423  -81.32   25.90    27.9    15.0    21.4    20.3     0.0    14.44 C    33.1    14.8    21.4    98.8    57.0    80.5   0.151   0.165 -99.000 -99.000 -99.000    20.8    21.1 -9999.0 -9999.0 -9999.0
92826 20170128  2.423  -81.32   25.90    23.5     9.0    16.2    15.5     0.0    16.95 C    31.1     8.1    17.2    82.1    32.9    59.0   0.145   0.161 -99.000 -99.000 -99.000    19.2    19.9 -9999.0 -9999.0 -9999.0
92826 20170129  2.423  -81.32   25.90    14.1     8.2    11.2    11.6    15.7     2.18 C    15.3     7.7    11.6    98.6    47.7    83.8   0.182   0.207 -99.000 -99.000 -99.000    17.3    18.4 -9999.0 -9999.0 -9999.0
92826 20170130  2.423  -81.32   25.90    23.0     8.2    15.6    14.5     0.0    16.00 C    29.7     7.4    16.1    99.1    46.6    78.5   0.180   0.202 -99.000 -99.000 -99.000    17.3    18.0 -9999.0 -9999.0 -9999.0
92826 20170131  2.423  -81.32   25.90    24.8     5.0    14.9    14.2     0.0    17.94 C    32.8     4.2    16.0    92.3    35.7    65.3   0.168   0.185 -99.000 -99.000 -99.000    16.9    17.6 -9999.0 -9999.0 -9999.0
92826 20170201  2.423  -81.32   25.90    28.7     8.5    18.6    17.6     0.0    16.72 C    36.8     7.6    19.6    94.6    39.4    71.6   0.162   0.177 -99.000 -99.000 -99.000    17.8    18.2 -9999.0 -9999.0 -9999.0
92826 20170202  2.423  -81.32   25.90    29.2    11.4    20.3    19.0     0.0    16.75 C    39.0    10.6    21.1    98.0    37.6    75.6   0.158   0.172 -99.000 -99.000 -99.000    18.7    18.9 -9999.0 -9999.0 -9999.0
92826 20170203  2.423  -81.32   25.90    29.6    12.3    20.9    19.6     0.0    17.14 C    38.5    11.7    21.7    97.4    40.3    77.2   0.154   0.169 -99.000 -99.000 -99.000    19.5    19.6 -9999.0 -9999.0 -9999.0
92826 20170204  2.423  -81.32   25.90    29.3    13.4    21.3    19.8     0.0    17.38 C    37.0    12.5    21.7    92.6    37.6    71.2   0.150   0.165 -99.000 -99.000 -99.000    19.7    19.9 -9999.0 -9999.0 -9999.0
92826 20170205  2.423  -81.32   25.90    30.0    13.5    21.8    20.2     0.0    17.51 C    38.7    13.3    22.4    98.2    37.7    76.9   0.146   0.163 -99.000 -99.000 -99.000    20.1    20.2 -9999.0 -9999.0 -9999.0
92826 20170206  2.423  -81.32   25.90 -9999.0 -9999.0 -9999.0 -9999.0     0.0 -9999.00 U -9999.0 -9999.0 -9999.0 -9999.0 -9999.0 -9999.0 -99.000 -99.000 -99.000 -99.000 -99.000 -9999.0 -9999.0 -9999.0 -9999.0 -9999.0
92826 20170207  2.423  -81.32   25.90    31.5    16.0    23.8    21.9     0.0    16.78 C    48.3    13.1    23.2    97.8    46.8    80.0   0.139   0.158 -99.000 -99.000 -99.000    21.1    21.2 -9999.0 -9999.0 -9999.0
92826 20170208  2.423  -81.32   25.90    29.3    16.1    22.7    21.5     0.0    16.54 C    44.4    13.9    23.4    98.8    57.3    86.0   0.137   0.155 -99.000 -99.000 -99.000    21.6    21.6 -9999.0 -9999.0 -9999.0
92826 20170209  2.423  -81.32   25.90    29.0    15.1    22.0    21.0     0.0    12.40 C    41.7    10.6    21.8    98.6    59.0    85.7   0.134   0.153 -99.000 -99.000 -99.000    21.5    21.7 -9999.0 -9999.0 -9999.0
92826 20170210  2.423  -81.32   25.90    27.9    11.0    19.4    18.7     0.0    18.74 C    43.0     9.0    19.9    85.4    34.3    63.7   0.129   0.151 -99.000 -99.000 -99.000    20.2    20.8 -9999.0 -9999.0 -9999.0
92826 20170211  2.423  -81.32   25.90    29.9    10.6    20.3    18.7     0.0    18.94 C    46.3     8.0    20.4    96.0    33.1    75.3   0.125   0.148 -99.000 -99.000 -99.000    20.1    20.5 -9999.0 -9999.0 -9999.0
92826 20170212  2.423  -81.32   25.90    29.0    10.7    19.9    19.1     0.0    18.80 C    46.3     8.5    20.8    97.2    41.6    76.0   0.122   0.146 -99.000 -99.000 -99.000    20.1    20.4 -9999.0 -9999.0 -9999.0
92826 20170213  2.423  -81.32   25.90    28.3    11.4    19.8    19.1     0.0    14.55 C    46.9     8.9    20.4    98.2    49.1    82.9   0.119   0.143 -99.000 -99.000 -99.000    20.1    20.4 -9999.0 -9999.0 -9999.0
92826 20170214  2.423  -81.32   25.90    28.9    13.7    21.3    19.9     0.0    16.39 C    46.2    11.7    21.9    98.5    52.1    84.3   0.118   0.142 -99.000 -99.000 -99.000    21.0    21.2 -9999.0 -9999.0 -9999.0
92826 20170215  2.423  -81.32   25.90    28.0    13.6    20.8    21.1     0.0    17.28 C    42.4    11.5    23.2    98.6    61.5    84.9   0.116   0.140 -99.000 -99.000 -99.000    21.4    21.4 -9999.0 -9999.0 -9999.0
92826 20170216  2.423  -81.32   25.90    25.9    12.7    19.3    20.4     0.0    14.73 C    41.1     8.1    22.1    90.1    47.8    71.3   0.115   0.139 -99.000 -99.000 -99.000    21.8    21.9 -9999.0 -9999.0 -9999.0
92826 20170217  2.423  -81.32   25.90    29.0     7.4    18.2    16.4     0.0    19.11 C    45.2     5.1    18.5    95.2    38.1    74.0   0.111   0.135 -99.000 -99.000 -99.000    20.1    20.5 -9999.0 -9999.0 -9999.0
92826 20170218  2.423  -81.32   25.90    30.1    11.9    21.0    20.5     0.0    14.89 C    46.7     9.3    21.9    97.1    50.9    79.3   0.109   0.133 -99.000 -99.000 -99.000    20.9    21.0 -9999.0 -9999.0 -9999.0
92826 20170219  2.423  -81.32   25.90    30.8    16.1    23.5    22.7     0.0    19.68 C    46.4    14.2    24.9    98.4    45.6    80.0   0.108   0.132 -99.000 -99.000 -99.000    22.4    22.2 -9999.0 -9999.0 -9999.0
92826 20170220  2.423  -81.32   25.90    31.9    13.6    22.8    22.0     0.0    19.30 C    48.5    10.9    24.5    98.3    33.9    74.9   0.107   0.129 -99.000 -99.000 -99.000    22.3    22.2 -9999.0 -9999.0 -9999.0
92826 20170221  2.423  -81.32   25.90    29.1    16.5    22.8    21.1     0.0    11.90 C    44.7    12.2    22.7    92.7    45.4    73.9   0.103   0.127 -99.000 -99.000 -99.000    22.3    22.4 -9999.0 -9999.0 -9999.0
92826 20170222  2.423  -81.32   25.90    23.9    15.1    19.5    18.8    15.8     7.50 C    33.7    11.8    18.8    96.0    72.2    88.5   0.147   0.149 -99.000 -99.000 -99.000    21.1    21.6 -9999.0 -9999.0 -9999.0
92826 20170223  2.423  -81.32   25.90    26.6    14.1    20.3    19.6     0.0    16.22 C    42.7    12.3    21.3    97.7    54.0    81.7   0.163   0.172 -99.000 -99.000 -99.000    21.0    21.3 -9999.0 -9999.0 -9999.0
92826 20170224  2.423  -81.32   25.90    28.9    16.0    22.4    21.0     0.0    15.18 C    46.6    13.4    23.4    98.0    51.5    85.2   0.155   0.167 -99.000 -99.000 -99.000    21.6    21.9 -9999.0 -9999.0 -9999.0
92826 20170225  2.423  -81.32   25.90    29.5    15.6    22.6    21.2     0.0    19.87 C    45.7    13.0    23.9    98.4    55.9    83.4   0.151   0.163 -99.000 -99.000 -99.000    22.2    22.4 -9999.0 -9999.0 -9999.0
92826 20170226  2.423  -81.32   25.90    30.6    12.9    21.8    20.9     0.0    18.59 C    48.2    11.5    22.9    98.5    39.5    75.7   0.143   0.159 -99.000 -99.000 -99.000    21.5    21.9 -9999.0 -9999.0 -9999.0
92826 20170227  2.423  -81.32   25.90    33.8    17.2    25.5    23.6     0.0    17.64 C    52.1    15.1    25.4    95.9    36.6    73.5   0.139   0.155 -99.000 -99.000 -99.000    22.4    22.5 -9999.0 -9999.0 -9999.0
92826 20170228  2.423  -81.32   25.90    33.6    18.6    26.1    24.2     0.0    15.93 C    51.0    15.0    25.1    98.2    39.6    75.6   0.134   0.151 -99.000 -99.000 -99.000    22.7    22.8 -9999.0 -9999.0 -9999.0
92826 20170301  2.423  -81.32   25.90    33.6    16.6    25.1    23.2     0.0    16.96 C    52.2    13.4    24.4    98.1    45.4    81.3   0.129   0.148 -99.000 -99.000 -99.000    22.7    22.8 -9999.0 -9999.0 -9999.0
92826 20170302  2.423  -81.32   25.90    30.7    17.4    24.1    23.2     0.0    20.38 C    47.4    15.8    25.8    98.2    52.0    81.2   0.126   0.145 -99.000 -99.000 -99.000    23.3    23.4 -9999.0 -9999.0 -9999.0
92826 20170303  2.423  -81.32   25.90    27.1    17.1    22.1    21.3     0.0    18.99 C    42.4    16.0    23.6    95.0    53.5    70.2   0.123   0.141 -99.000 -99.000 -99.000    22.7    23.1 -9999.0 -9999.0 -9999.0
92826 20170304  2.423  -81.32   25.90    27.1    12.6    19.8    19.3     0.0    20.54 C    44.2    10.7    21.6    87.2    38.2    62.0   0.117   0.137 -99.000 -99.000 -99.000    21.7    22.1 -9999.0 -9999.0 -9999.0
92826 20170305  2.423  -81.32   25.90    27.0    12.0    19.5    19.0     0.0    17.02 C    46.9     9.7    21.2    88.0    31.3    62.4   0.112   0.133 -99.000 -99.000 -99.000    21.3    21.6 -9999.0 -9999.0 -9999.0
92826 20170306  2.423  -81.32   25.90    27.6    15.0    21.3    20.0     0.0    17.82 C    46.7    10.3    22.0    85.5    38.5    63.6   0.110   0.131 -99.000 -99.000 -99.000    21.6    21.8 -9999.0 -9999.0 -9999.0
92826 20170307  2.423  -81.32   25.90    30.2    15.3    22.7    20.9     0.0    15.43 C    50.2    11.7    22.9    93.7    38.3    70.6   0.107   0.128 -99.000 -99.000 -99.000    22.0    22.1 -9999.0 -9999.0 -9999.0
92826 20170308  2.423  -81.32   25.90    32.0    14.7    23.4    21.7     0.0    17.05 C    51.8    11.4    23.7    96.2    33.9    71.4   0.105   0.125 -99.000 -99.000 -99.000    22.3    22.3 -9999.0 -9999.0 -9999.0
92826 20170309  2.423  -81.32   25.90    32.2    14.1    23.2    21.6     0.0    18.50 C    51.9    11.5    24.2    95.4    35.6    72.0   0.104   0.121 -99.000 -99.000 -99.000    22.7    22.6 -9999.0 -9999.0 -9999.0
92826 20170310  2.423  -81.32   25.90    30.2    14.3    22.2    21.2     0.0    17.30 C    49.5    11.9    23.1    96.9    42.3    73.4   0.099   0.118 -99.000 -99.000 -99.000    22.7    22.8 -9999.0 -9999.0 -9999.0
92826 20170311  2.423  -81.32   25.90    32.3    15.4    23.8    22.0     6.4    20.76 C    53.5    12.1    25.7    96.2    33.4    76.7   0.106   0.115 -99.000 -99.000 -99.000    23.1    23.0 -9999.0 -9999.0 -9999.0
92826 20170312  2.423  -81.32   25.90    29.3    14.9    22.1    21.6     0.0    21.09 C    45.4    13.8    24.1    98.3    48.6    78.7   0.127   0.117 -99.000 -99.000 -99.000    23.1    23.2 -9999.0 -9999.0 -9999.0
92826 20170313  2.423  -81.32   25.90    29.9    14.3    22.1    22.2    18.5    17.96 C    46.6    12.9    25.5    98.4    46.4    78.7   0.129   0.123 -99.000 -99.000 -99.000    23.0    23.1 -9999.0 -9999.0 -9999.0
92826 20170314  2.423  -81.32   25.90    25.5    13.1    19.3    20.1     0.0    18.87 C    39.3    10.9    21.9    91.4    49.5    73.4   0.181   0.204 -99.000 -99.000 -99.000    22.5    22.9 -9999.0 -9999.0 -9999.0
92826 20170315  2.423  -81.32   25.90    22.7     8.3    15.5    14.8     0.0    23.39 C    41.2     6.9    18.3    91.7    38.5    69.4   0.162   0.179 -99.000 -99.000 -99.000    20.3    21.2 -9999.0 -9999.0 -9999.0
92826 20170316  2.423  -81.32   25.90    22.2     5.0    13.6    13.0     0.0    24.42 C    39.8     4.3    16.1    88.4    21.3    53.2   0.152   0.169 -99.000 -99.000 -99.000    18.7    19.8 -9999.0 -9999.0 -9999.0
92826 20170317  2.423  -81.32   25.90    27.0     7.0    17.0    16.0     0.0    22.66 C    44.4     4.5    18.9    85.6    27.9    60.7   0.145   0.163 -99.000 -99.000 -99.000    19.0    19.7 -9999.0 -9999.0 -9999.0
92826 20170318  2.423  -81.32   25.90    27.8     9.3    18.6    17.7     0.0    22.69 C    49.0     7.2    21.0    92.5    33.0    66.2   0.139   0.158 -99.000 -99.000 -99.000    19.8    20.3 -9999.0 -9999.0 -9999.0
92826 20170319  2.423  -81.32   25.90    28.1     8.5    18.3    17.9     0.0    22.62 C    45.7     7.0    20.2    97.9    36.0    70.5   0.134   0.154 -99.000 -99.000 -99.000    20.0    20.4 -9999.0 -9999.0 -9999.0
92826 20170320  2.423  -81.32   25.90    28.0     9.3    18.6    18.0     0.0    23.70 C    46.6     7.1    21.2    91.8    28.2    65.5   0.129   0.149 -99.000 -99.000 -99.000    20.3    20.7 -9999.0 -9999.0 -9999.0
92826 20170321  2.423  -81.32   25.90    28.5    10.2    19.3    18.4     0.0    22.29 C    45.6     8.0    21.1    95.8    33.2    69.9   0.124   0.144 -99.000 -99.000 -99.000    20.4    20.7 -9999.0 -9999.0 -9999.0
92826 20170322  2.423  -81.32   25.90    28.6    10.0    19.3    18.9     0.0    23.79 C    46.8     9.0    22.2    98.4    35.3    72.6   0.121   0.140 -99.000 -99.000 -99.000    21.0    21.1 -9999.0 -9999.0 -9999.0
92826 20170323  2.423  -81.32   25.90    31.1    12.6    21.9    19.4    17.2    14.93 C    49.0    11.9    22.3    98.5    41.1    84.1   0.144   0.162 -99.000 -99.000 -99.000    21.1    21.3 -9999.0 -9999.0 -9999.0
92826 20170324  2.423  -81.32   25.90    28.9    15.9    22.4    21.2     0.0    17.73 C    46.9    15.1    23.4    95.6    48.6    76.1   0.172   0.191 -99.000 -99.000 -99.000    21.5    21.6 -9999.0 -9999.0 -9999.0
92826 20170325  2.423  -81.32   25.90    31.0    16.3    23.7    22.0     0.0    17.18 C    51.5    14.4    24.0    95.0    41.1    72.9   0.163   0.179 -99.000 -99.000 -99.000    21.9    22.1 -9999.0 -9999.0 -9999.0
92826 20170326  2.423  -81.32   25.90    28.9    17.0    22.9    21.4     0.0    14.11 C    47.9    14.4    23.4    96.2    50.9    78.6   0.157   0.172 -99.000 -99.000 -99.000    22.0    22.3 -9999.0 -9999.0 -9999.0
92826 20170327  2.423  -81.32   25.90    30.8    14.0    22.4    21.7     0.0    21.87 C    50.8    11.9    24.9    96.6    37.0    70.9   0.151   0.166 -99.000 -99.000 -99.000    22.2    22.4 -9999.0 -9999.0 -9999.0
92826 20170328  2.423  -81.32   25.90    31.5    13.6    22.5    21.5     0.0    25.01 C    50.0    11.6    25.1    95.1    32.5    68.8   0.144   0.160 -99.000 -99.000 -99.000    22.4    22.7 -9999.0 -9999.0 -9999.0
92826 20170329  2.423  -81.32   25.90    31.2    13.9    22.5    22.1     0.0    20.24 C    50.4    12.6    25.0    96.6    46.1    74.4   0.137   0.154 -99.000 -99.000 -99.000    22.7    22.8 -9999.0 -9999.0 -9999.0
92826 20170330  2.423  -81.32   25.90    33.2    14.2    23.7    22.4     0.0    22.18 C    54.2    12.7    25.2    97.2    36.5    73.8   0.132   0.149 -99.000 -99.000 -99.000    22.9    23.1 -9999.0 -9999.0 -9999.0
92826 20170331  2.423  -81.32   25.90    30.5    16.1    23.3    23.2     0.0    16.26 C    47.5    14.6    25.4    97.5    55.1    81.8   0.128   0.144 -99.000 -99.000 -99.000    23.2    23.2 -9999.0 -9999.0 -9999.0
92826 20170401  2.423  -81.32   25.90    33.2    19.4    26.3    24.9     0.0    22.21 C    52.1    17.0    28.4    97.6    46.7    78.2   0.124   0.141 -99.000 -99.000 -99.000    24.4    24.2 -9999.0 -9999.0 -9999.0
92826 20170402  2.423  -81.32   25.90    33.3    19.3    26.3    24.9     0.0    14.58 C    52.1    18.2    28.0    98.2    52.2    81.9   0.122   0.134 -99.000 -99.000 -99.000    24.8    24.7 -9999.0 -9999.0 -9999.0
92826 20170403  2.423  -81.32   25.90    34.4    19.8    27.1    25.7     0.0    23.68 C    53.4    17.2    29.2    97.4    42.2    73.1   0.122   0.130 -99.000 -99.000 -99.000    25.3    25.2 -9999.0 -9999.0 -9999.0
92826 20170404  2.423  -81.32   25.90    33.5    19.0    26.2    25.2     0.0    24.06 C    52.0    16.6    28.9    98.1    46.1    78.1   0.126   0.123 -99.000 -99.000 -99.000    25.8    25.4 -9999.0 -9999.0 -9999.0
92826 20170405  2.423  -81.32   25.90    33.3    19.0    26.2    25.4     0.0    21.36 C    51.9    16.7    28.5    98.1    45.0    79.3   0.122   0.117 -99.000 -99.000 -99.000    25.9    25.6 -9999.0 -9999.0 -9999.0
92826 20170406  2.423  -81.32   25.90    30.4    16.7    23.5    23.9     0.0    15.21 C    45.7    14.5    25.7    97.9    41.0    75.7   0.118   0.115 -99.000 -99.000 -99.000    25.4    25.3 -9999.0 -9999.0 -9999.0
92826 20170407  2.423  -81.32   25.90    26.6    12.3    19.4    18.4     0.0    26.25 C    47.1     7.5    22.4    91.6    30.4    58.1   0.114   0.113 -99.000 -99.000 -99.000    23.9    24.3 -9999.0 -9999.0 -9999.0
92826 20170408  2.423  -81.32   25.90    26.5     7.2    16.9    16.7     0.0    26.01 C    48.1     4.9    20.7    89.0    20.5    54.7   0.098   0.110 -99.000 -99.000 -99.000    22.8    23.3 -9999.0 -9999.0 -9999.0
92826 20170409  2.423  -81.32   25.90    31.4    11.1    21.3    20.3     0.0    15.74 C    54.9     8.9    23.0    79.8    35.2    58.5   0.093   0.107 -99.000 -99.000 -99.000    23.1    23.3 -9999.0 -9999.0 -9999.0
92826 20170410  2.423  -81.32   25.90    30.6    12.5    21.6    20.8     0.0    18.21 C    53.7     9.3    23.3    91.3    41.6    68.3   0.091   0.107 -99.000 -99.000 -99.000    23.4    23.6 -9999.0 -9999.0 -9999.0
92826 20170411  2.423  -81.32   25.90    32.5    13.4    23.0    22.2     0.0    20.98 C    56.1    11.3    25.8    94.3    33.9    66.9   0.100   0.105 -99.000 -99.000 -99.000    24.1    24.1 -9999.0 -9999.0 -9999.0
92826 20170412  2.423  -81.32   25.90    27.8    14.5    21.2    21.2     0.0    17.03 C    49.5    13.1    24.2    92.3    54.5    78.8   0.099   0.104 -99.000 -99.000 -99.000    24.1    24.3 -9999.0 -9999.0 -9999.0
92826 20170413  2.423  -81.32   25.90    30.2    17.5    23.8    23.4     0.0    17.80 C    54.7    13.6    27.1    94.3    43.3    67.7   0.099   0.103 -99.000 -99.000 -99.000    24.8    24.7 -9999.0 -9999.0 -9999.0
92826 20170414  2.423  -81.32   25.90    32.2    13.7    23.0    22.4     0.0    19.91 C    56.7    11.4    25.8    93.4    30.4    64.9   0.093   0.102 -99.000 -99.000 -99.000    24.6    24.7 -9999.0 -9999.0 -9999.0
92826 20170415  2.423  -81.32   25.90    31.6    17.1    24.4    23.2     0.0    20.41 C    55.9    15.2    26.6    92.9    38.7    68.1   0.084   0.100 -99.000 -99.000 -99.000    25.1    25.1 -9999.0 -9999.0 -9999.0
92826 20170416  2.423  -81.32   25.90    31.6    17.2    24.4    23.1     0.0    19.38 C    56.2    14.6    26.9    94.0    39.1    69.9   0.083   0.099 -99.000 -99.000 -99.000    25.2    25.2 -9999.0 -9999.0 -9999.0
92826 20170417  2.423  -81.32   25.90    28.8    16.4    22.6    20.8     0.7    10.80 C    42.1    14.1    22.6    94.9    53.5    82.5   0.081   0.098 -99.000 -99.000 -99.000    24.1    24.5 -9999.0 -9999.0 -9999.0
92826 20170418  2.423  -81.32   25.90    31.2    18.4    24.8    23.6     0.0    12.97 C    47.1    16.2    25.8    93.1    43.3    70.6   0.080   0.099 -99.000 -99.000 -99.000    24.4    24.6 -9999.0 -9999.0 -9999.0
92826 20170419  2.423  -81.32   25.90    31.8    18.0    24.9    23.3     0.0    14.43 C    52.5    15.0    25.9    93.5    40.9    71.8   0.081   0.098 -99.000 -99.000 -99.000    24.6    24.8 -9999.0 -9999.0 -9999.0
92826 20170420  2.423  -81.32   25.90    32.0    17.5    24.7    23.4     0.0    21.28 C    56.8    13.6    27.8    91.8    40.4    69.3   0.081   0.097 -99.000 -99.000 -99.000    25.3    25.3 -9999.0 -9999.0 -9999.0
92826 20170421  2.423  -81.32   25.90    32.3    15.4    23.8    22.8     0.0    20.38 C    59.3    13.4    27.4    90.6    32.6    65.6   0.079   0.095 -99.000 -99.000 -99.000    25.3    25.3 -9999.0 -9999.0 -9999.0
92826 20170422  2.423  -81.32   25.90    31.9    20.1    26.0    22.8    11.2    11.57 C    54.6    19.8    24.9    94.3    47.5    83.0   0.095   0.100 -99.000 -99.000 -99.000    25.0    25.2 -9999.0 -9999.0 -9999.0
92826 20170423  2.423  -81.32   25.90    31.2    19.5    25.4    22.7    66.0    13.14 C    52.0    17.6    24.2    96.6    56.4    90.0   0.183   0.208 -99.000 -99.000 -99.000    24.0    24.5 -9999.0 -9999.0 -9999.0
92826 20170424  2.423  -81.32   25.90    29.1    16.8    23.0    22.6     0.0    22.83 C    47.1    14.8    25.5    98.2    57.0    80.2   0.185   0.218 -99.000 -99.000 -99.000    24.1    24.5 -9999.0 -9999.0 -9999.0
92826 20170425  2.423  -81.32   25.90    28.9    14.7    21.8    21.7     0.0    24.59 C    51.2    12.7    25.1    94.5    40.1    69.0   0.172   0.193 -99.000 -99.000 -99.000    23.8    24.3 -9999.0 -9999.0 -9999.0
92826 20170426  2.423  -81.32   25.90    32.7    13.7    23.2    23.2     0.0    24.34 C    52.9    12.9    27.2    95.7    46.0    75.7   0.164   0.181 -99.000 -99.000 -99.000    24.1    24.4 -9999.0 -9999.0 -9999.0
92826 20170427  2.423  -81.32   25.90    33.6    20.8    27.2    26.3     0.0    24.78 C    52.8    18.4    30.1    97.9    47.3    78.0   0.153   0.173 -99.000 -99.000 -99.000    25.7    25.7 -9999.0 -9999.0 -9999.0
92826 20170428  2.423  -81.32   25.90    37.1    22.0    29.6    27.7     0.0    22.11 C    58.1    19.9    31.4    97.6    38.0    73.9   0.146   0.166 -99.000 -99.000 -99.000    26.5    26.4 -9999.0 -9999.0 -9999.0
92826 20170429  2.423  -81.32   25.90    34.8    21.5    28.2    27.2     0.0    24.56 C    57.4    18.7    31.5    95.5    38.5    69.1   0.138   0.159 -99.000 -99.000 -99.000    26.8    26.8 -9999.0 -9999.0 -9999.0
92826 20170430  2.423  -81.32   25.90    34.1    20.7    27.4    26.5     0.0    19.74 C    56.4    19.0    30.2    96.1    43.9    73.1   0.130   0.152 -99.000 -99.000 -99.000    26.8    26.8 -9999.0 -9999.0 -9999.0
92826 20170501  2.423  -81.32   25.90    33.8    21.3    27.6    25.3    14.1    22.06 C    54.7    18.9    29.4    94.4    51.7    81.7   0.146   0.164 -99.000 -99.000 -99.000    26.8    26.9 -9999.0 -9999.0 -9999.0
92826 20170502  2.423  -81.32   25.90    32.5    19.9    26.2    25.6     0.0    25.80 C    51.2    19.6    30.3    97.8    53.0    79.1   0.178   0.186 -99.000 -99.000 -99.000    27.0    27.1 -9999.0 -9999.0 -9999.0
92826 20170503  2.423  -81.32   25.90    35.4    17.9    26.6    25.0     6.2    20.90 C    56.0    17.9    29.4    96.6    38.9    77.1   0.164   0.175 -99.000 -99.000 -99.000    26.4    26.7 -9999.0 -9999.0 -9999.0
92826 20170504  2.423  -81.32   25.90    32.8    18.7    25.7    25.2     0.0    25.31 C    51.0    18.4    29.0    97.8    50.4    80.4   0.171   0.183 -99.000 -99.000 -99.000    26.6    26.8 -9999.0 -9999.0 -9999.0
92826 20170505  2.423  -81.32   25.90    28.9    17.6    23.2    23.5    22.5    15.75 C    44.5    15.5    25.2    95.7    59.6    79.8   0.210   0.252 -99.000 -99.000 -99.000    25.5    26.0 -9999.0 -9999.0 -9999.0
92826 20170506  2.423  -81.32   25.90    27.6    15.5    21.5    21.2     0.0    27.71 C    48.0    13.6    25.2    85.5    38.6    61.0   0.195   0.217 -99.000 -99.000 -99.000    24.3    25.0 -9999.0 -9999.0 -9999.0
92826 20170507  2.423  -81.32   25.90    29.7    12.1    20.9    20.5     0.0    28.53 C    49.7    11.3    25.0    93.0    27.3    66.7   0.172   0.192 -99.000 -99.000 -99.000    23.8    24.4 -9999.0 -9999.0 -9999.0
92826 20170508  2.423  -81.32   25.90    32.3    14.2    23.3    22.6     0.0    28.04 C    51.5    12.5    27.1    95.3    31.8    67.5   0.162   0.180 -99.000 -99.000 -99.000    24.3    24.8 -9999.0 -9999.0 -9999.0
92826 20170509  2.423  -81.32   25.90    32.7    15.1    23.9    23.9     0.0    27.65 C    52.8    13.9    28.2    97.0    31.8    67.5   0.148   0.171 -99.000 -99.000 -99.000    24.9    25.2 -9999.0 -9999.0 -9999.0
92826 20170510  2.423  -81.32   25.90    32.6    17.3    24.9    24.8     0.0    26.64 C    53.4    16.1    29.1    96.0    41.1    72.0   0.139   0.164 -99.000 -99.000 -99.000    25.7    25.7 -9999.0 -9999.0 -9999.0
92826 20170511  2.423  -81.32   25.90    32.4    17.1    24.8    24.7     0.0    27.37 C    52.5    15.7    29.5    96.6    49.5    75.7   0.131   0.157 -99.000 -99.000 -99.000    26.2    26.2 -9999.0 -9999.0 -9999.0
92826 20170512  2.423  -81.32   25.90    32.2    17.1    24.7    24.5     0.0    27.19 C    53.1    15.7    29.1    98.1    47.6    77.4   0.124   0.150 -99.000 -99.000 -99.000    26.4    26.4 -9999.0 -9999.0 -9999.0
92826 20170513  2.423  -81.32   25.90    32.4    19.5    26.0    25.8     0.0    24.90 C    54.3    17.3    30.2    96.2    46.3    73.2   0.117   0.143 -99.000 -99.000 -99.000    26.8    26.7 -9999.0 -9999.0 -9999.0
92826 20170514  2.423  -81.32   25.90    33.1    18.9    26.0    26.2     1.0    21.56 C    53.2    16.3    29.2    94.0    50.9    73.2   0.117   0.137 -99.000 -99.000 -99.000    27.2    27.0 -9999.0 -9999.0 -9999.0
92826 20170515  2.423  -81.32   25.90    34.1    15.5    24.8    24.9     0.0    28.57 C    55.1    14.3    29.9    98.0    35.2    72.3   0.109   0.129 -99.000 -99.000 -99.000    26.8    26.8 -9999.0 -9999.0 -9999.0
92826 20170516  2.423  -81.32   25.90    35.2    19.1    27.1    26.3     0.0    20.46 C    56.7    17.5    30.4    96.7    40.3    72.9   0.104   0.122 -99.000 -99.000 -99.000    27.3    27.1 -9999.0 -9999.0 -9999.0
92826 20170517  2.423  -81.32   25.90    36.2    21.2    28.7    27.6     0.0    25.18 C    61.6    19.7    33.0    95.5    39.1    70.4   0.100   0.116 -99.000 -99.000 -99.000    28.3    27.9 -9999.0 -9999.0 -9999.0
92826 20170518  2.423  -81.32   25.90    35.1    21.9    28.5    27.0     0.3    21.71 C    58.4    20.3    32.1    95.6    45.2    76.1   0.096   0.110 -99.000 -99.000 -99.000    28.6    28.3 -9999.0 -9999.0 -9999.0
92826 20170519  2.423  -81.32   25.90    33.5    22.9    28.2    26.7     2.5    18.09 C    58.0    22.1    29.6    96.3    52.1    81.2   0.095   0.107 -99.000 -99.000 -99.000    28.2    28.1 -9999.0 -9999.0 -9999.0
92826 20170520  2.423  -81.32   25.90    36.8    21.9    29.4    28.0     0.0    24.33 C    58.8    20.3    32.4    95.6    36.9    69.8   0.097   0.106 -99.000 -99.000 -99.000    28.3    28.2 -9999.0 -9999.0 -9999.0
92826 20170521  2.423  -81.32   25.90    36.4    20.6    28.5    26.8     0.0    24.79 C    59.4    18.5    31.5    96.3    37.7    72.2   0.095   0.104 -99.000 -99.000 -99.000    28.3    28.3 -9999.0 -9999.0 -9999.0
92826 20170522  2.423  -81.32   25.90    34.8    19.0    26.9    26.2     0.0    24.03 C    57.6    18.2    31.5    94.5    44.3    74.1   0.092   0.100 -99.000 -99.000 -99.000    28.5    28.4 -9999.0 -9999.0 -9999.0
92826 20170523  2.423  -81.32   25.90    33.7    19.7    26.7    26.1     0.0    21.08 C    57.2    17.9    30.3    96.9    51.5    78.5   0.089   0.098 -99.000 -99.000 -99.000    28.4    28.3 -9999.0 -9999.0 -9999.0
92826 20170524  2.423  -81.32   25.90    32.5    21.5    27.0    26.6    11.4    19.48 C    51.3    21.3    30.6    95.8    60.8    81.5   0.105   0.105 -99.000 -99.000 -99.000    28.2    28.2 -9999.0 -9999.0 -9999.0
92826 20170525  2.423  -81.32   25.90    31.2    22.2    26.7    26.5    14.4    13.46 C    44.9    22.0    27.2    94.2    68.5    83.6   0.170   0.174 -99.000 -99.000 -99.000    27.2    27.6 -9999.0 -9999.0 -9999.0
92826 20170526  2.423  -81.32   25.90    35.2    21.3    28.3    27.2     0.0    26.58 C    55.2    21.3    32.4    96.5    47.8    75.6   0.168   0.186 -99.000 -99.000 -99.000    28.0    28.0 -9999.0 -9999.0 -9999.0
92826 20170527  2.423  -81.32   25.90    36.0    20.8    28.4    27.6     0.0    27.65 C    56.4    20.2    32.3    95.1    44.8    71.1   0.153   0.168 -99.000 -99.000 -99.000    28.3    28.4 -9999.0 -9999.0 -9999.0
92826 20170528  2.423  -81.32   25.90    35.5    17.9    26.7    26.9     0.0    27.91 C    53.9    17.6    31.5    98.6    38.9    71.5   0.139   0.157 -99.000 -99.000 -99.000    28.0    28.2 -9999.0 -9999.0 -9999.0
92826 20170529  2.423  -81.32   25.90    36.0    21.0    28.5    26.6     0.5    24.55 C    57.4    20.4    31.6    97.4    43.0    78.1   0.129   0.147 -99.000 -99.000 -99.000    28.3    28.4 -9999.0 -9999.0 -9999.0
92826 20170530  2.423  -81.32   25.90    35.7    20.3    28.0    26.9     0.0    20.54 C    53.7    20.2    30.6    97.0    51.4    76.9   0.122   0.140 -99.000 -99.000 -99.000    28.2    28.3 -9999.0 -9999.0 -9999.0
92826 20170531  2.423  -81.32   25.90    36.3    21.1    28.7    27.1     0.6    23.32 C    57.6    20.7    31.5    97.2    40.8    75.6   0.116   0.132 -99.000 -99.000 -99.000    28.5    28.6 -9999.0 -9999.0 -9999.0
92826 20170601  2.423  -81.32   25.90    33.2    21.3    27.3    26.1     7.5    19.97 C    49.0    21.2    29.0    97.2    53.2    84.4   0.131   0.128 -99.000 -99.000 -99.000    28.2    28.4 -9999.0 -9999.0 -9999.0
92826 20170602  2.423  -81.32   25.90    30.7    22.7    26.7    25.1    34.8     9.32 C    36.6    23.2    26.5    95.9    69.0    88.5   0.192   0.218 -99.000 -99.000 -99.000    27.1    27.6 -9999.0 -9999.0 -9999.0
92826 20170603  2.423  -81.32   25.90    32.7    22.2    27.4    24.8     6.8    13.05 C    47.9    22.5    27.5    96.9    53.9    87.8   0.197   0.237 -99.000 -99.000 -99.000    27.1    27.5 -9999.0 -9999.0 -9999.0
92826 20170604  2.423  -81.32   25.90    31.4    22.0    26.7    25.7     1.7    12.70 C    40.2    22.5    27.8    97.6    60.6    85.9   0.192   0.224 -99.000 -99.000 -99.000    27.2    27.5 -9999.0 -9999.0 -9999.0
92826 20170605  2.423  -81.32   25.90    27.2    22.0    24.6    24.4    23.0     4.87 C    30.7    22.3    25.3    97.1    88.3    93.3   0.208   0.247 -99.000 -99.000 -99.000    26.3    26.8 -9999.0 -9999.0 -9999.0
92826 20170606  2.423  -81.32   25.90    28.1    21.9    25.0    23.7   377.4     2.25 C    29.6    21.7    23.8    97.5    85.8    95.5   0.331   0.344 -99.000 -99.000 -99.000    24.1    25.2 -9999.0 -9999.0 -9999.0
92826 20170607  2.423  -81.32   25.90    28.4    21.8    25.1    23.8    55.4     8.49 C    41.7    21.6    24.6    97.5    71.1    92.6   0.284   0.329 -99.000 -99.000 -99.000    24.6    25.4 -9999.0 -9999.0 -9999.0
92826 20170608  2.423  -81.32   25.90    30.5    23.3    26.9    27.3     0.0    21.26 C    47.0    21.3    29.1    97.1    65.4    82.2   0.225   0.270 -99.000 -99.000 -99.000    26.3    26.5 -9999.0 -9999.0 -9999.0
92826 20170609  2.423  -81.32   25.90    33.3    24.7    29.0    28.1     1.7    25.28 C    50.4    23.0    32.3    93.4    51.8    77.2   0.222   0.263 -99.000 -99.000 -99.000    27.9    27.8 -9999.0 -9999.0 -9999.0
92826 20170610  2.423  -81.32   25.90    31.1    26.1    28.6    27.3     0.0    10.41 C    47.6    25.0    29.4    93.6    70.3    85.2   0.221   0.262 -99.000 -99.000 -99.000    27.6    27.9 -9999.0 -9999.0 -9999.0
92826 20170611  2.423  -81.32   25.90    33.6    26.4    30.0    29.1     0.0    18.64 C    53.8    25.0    32.3    95.3    54.8    76.5   0.218   0.259 -99.000 -99.000 -99.000    28.4    28.3 -9999.0 -9999.0 -9999.0
92826 20170612  2.423  -81.32   25.90    31.5    25.8    28.7    27.5     8.4     9.59 C    46.0    23.3    28.3    92.9    65.8    84.1   0.225   0.273 -99.000 -99.000 -99.000    27.7    28.0 -9999.0 -9999.0 -9999.0
92826 20170613  2.423  -81.32   25.90    33.6    24.6    29.1    27.4     0.0    14.45 C    51.2    24.2    29.7    95.0    56.8    82.1   0.212   0.252 -99.000 -99.000 -99.000    27.8    28.1 -9999.0 -9999.0 -9999.0
92826 20170614  2.423  -81.32   25.90    29.6    23.4    26.5    25.6     6.2     7.51 C    38.2    23.1    26.2    96.2    74.5    89.2   0.214   0.254 -99.000 -99.000 -99.000    26.9    27.4 -9999.0 -9999.0 -9999.0
92826 20170615  2.423  -81.32   25.90    32.1    23.6    27.9    26.0     0.9    14.24 C    44.8    22.8    28.2    97.4    62.2    86.0   0.206   0.240 -99.000 -99.000 -99.000    27.0    27.3 -9999.0 -9999.0 -9999.0
92826 20170616  2.423  -81.32   25.90    32.7    23.7    28.2    27.4     1.3    24.98 C    50.3    21.9    31.5    95.1    56.2    79.1   0.198   0.226 -99.000 -99.000 -99.000    27.9    27.9 -9999.0 -9999.0 -9999.0
92826 20170617  2.423  -81.32   25.90    32.8    24.3    28.5    27.6    12.2    19.67 C    45.8    23.7    29.7    92.0    60.7    80.9   0.222   0.265 -99.000 -99.000 -99.000    28.1    28.2 -9999.0 -9999.0 -9999.0
92826 20170618  2.423  -81.32   25.90    32.7    24.4    28.5    27.3     7.2    16.39 C    49.8    24.5    29.2    93.1    55.2    82.2   0.211   0.244 -99.000 -99.000 -99.000    28.2    28.4 -9999.0 -9999.0 -9999.0
92826 20170619  2.423  -81.32   25.90    30.3    24.1    27.2    26.6    18.0    11.93 C    36.9    24.0    27.9    95.1    69.4    85.7   0.224   0.268 -99.000 -99.000 -99.000    27.8    28.1 -9999.0 -9999.0 -9999.0
92826 20170620  2.423  -81.32   25.90    33.1    25.4    29.3    29.0     0.0    22.88 C    50.9    24.7    32.5    88.5    58.5    75.5   0.202   0.231 -99.000 -99.000 -99.000    28.9    28.9 -9999.0 -9999.0 -9999.0
92826 20170621  2.423  -81.32   25.90    34.4    25.2    29.8    29.1     0.0    18.33 C    55.0    24.8    32.4    93.4    56.3    78.8   0.188   0.210 -99.000 -99.000 -99.000    29.2    29.3 -9999.0 -9999.0 -9999.0
92826 20170622  2.423  -81.32   25.90    34.0    26.1    30.0    29.5     0.0    25.62 C    53.4    24.2    33.8    94.3    51.9    73.9   0.180   0.201 -99.000 -99.000 -99.000    29.6    29.6 -9999.0 -9999.0 -9999.0
92826 20170623  2.423  -81.32   25.90    34.3    25.7    30.0    28.9     0.0    19.68 C    54.6    23.9    32.1    93.4    56.0    76.9   0.173   0.193 -99.000 -99.000 -99.000    29.2    29.4 -9999.0 -9999.0 -9999.0
92826 20170624  2.423  -81.32   25.90    35.3    25.7    30.5    29.0     0.0    21.84 C    54.8    23.8    32.6    95.4    54.4    78.5   0.167   0.189 -99.000 -99.000 -99.000    29.4    29.5 -9999.0 -9999.0 -9999.0
92826 20170625  2.423  -81.32   25.90    34.8    25.6    30.2    28.6     8.3    21.20 C    54.1    24.4    32.0    95.1    47.7    79.9   0.179   0.198 -99.000 -99.000 -99.000    29.3    29.4 -9999.0 -9999.0 -9999.0
92826 20170626  2.423  -81.32   25.90    33.9    24.1    29.0    27.3    46.9    16.41 C    48.8    23.4    29.0    96.0    57.4    84.9   0.238   0.262 -99.000 -99.000 -99.000    28.4    28.8 -9999.0 -9999.0 -9999.0
92826 20170627  2.423  -81.32   25.90    33.8    24.2    29.0    28.1     0.4    27.23 C    50.1    23.2    32.5    97.2    52.4    79.9   0.216   0.253 -99.000 -99.000 -99.000    29.1    29.1 -9999.0 -9999.0 -9999.0
92826 20170628  2.423  -81.32   25.90    35.5    24.9    30.2    27.9    18.2    21.67 C    54.5    24.1    31.1    96.1    51.7    82.2   0.217   0.248 -99.000 -99.000 -99.000    29.0    29.3 -9999.0 -9999.0 -9999.0
92826 20170629  2.423  -81.32   25.90    35.0    24.2    29.6    27.6    54.0    14.64 C    50.9    24.1    29.2    96.2    51.1    84.7   0.235   0.270 -99.000 -99.000 -99.000    28.1    28.7 -9999.0 -9999.0 -9999.0
92826 20170630  2.423  -81.32   25.90    34.9    24.9    29.9    28.0     0.0    21.56 C    54.5    23.5    31.4    97.1    52.1    82.3   0.208   0.238 -99.000 -99.000 -99.000    28.8    29.0 -9999.0 -9999.0 -9999.0
92826 20170701  2.423  -81.32   25.90    35.6    23.4    29.5    28.7    27.6    24.52 C    52.4    23.7    32.8    96.4    44.2    79.5   0.214   0.242 -99.000 -99.000 -99.000    29.1    29.3 -9999.0 -9999.0 -9999.0
92826 20170702  2.423  -81.32   25.90    34.9    25.1    30.0    28.2     5.8    20.51 C    51.6    24.7    31.4    96.2    50.1    82.2   0.222   0.257 -99.000 -99.000 -99.000    29.1    29.3 -9999.0 -9999.0 -9999.0
92826 20170703  2.423  -81.32   25.90    34.0    25.8    29.9    28.8     0.0    22.01 C    48.8    24.3    31.6    96.0    56.0    79.3   0.201   0.226 -99.000 -99.000 -99.000    29.2    29.4 -9999.0 -9999.0 -9999.0
92826 20170704  2.423  -81.32   25.90    34.4    24.5    29.4    27.5    11.3    16.36 C    51.3    24.7    29.7    96.3    54.7    84.4   0.209   0.237 -99.000 -99.000 -99.000    28.7    29.1 -9999.0 -9999.0 -9999.0
92826 20170705  2.423  -81.32   25.90    35.1    25.5    30.3    29.3     0.0    22.99 C    51.7    24.4    32.3    95.6    54.3    76.6   0.200   0.226 -99.000 -99.000 -99.000    29.3    29.4 -9999.0 -9999.0 -9999.0
92826 20170706  2.423  -81.32   25.90    33.9    25.5    29.7    28.0     0.0    18.42 C    53.3    24.4    30.5    95.1    55.9    80.6   0.185   0.205 -99.000 -99.000 -99.000    29.1    29.3 -9999.0 -9999.0 -9999.0
92826 20170707  2.423  -81.32   25.90    34.0    24.8    29.4    27.4     6.8    16.22 C    51.4    24.0    29.7    97.8    55.4    85.7   0.191   0.209 -99.000 -99.000 -99.000    28.7    29.0 -9999.0 -9999.0 -9999.0
92826 20170708  2.423  -81.32   25.90    34.0    24.9    29.5    27.6     0.0    16.57 C    50.0    23.8    29.5    97.6    55.4    84.1   0.193   0.211 -99.000 -99.000 -99.000    28.4    28.7 -9999.0 -9999.0 -9999.0
92826 20170709  2.423  -81.32   25.90    32.9    24.6    28.7    27.6     6.0    20.09 C    47.5    24.1    30.5    96.5    59.0    83.2   0.189   0.205 -99.000 -99.000 -99.000    28.7    29.0 -9999.0 -9999.0 -9999.0
92826 20170710  2.423  -81.32   25.90    33.7    25.2    29.4    27.2     0.4    12.82 C    47.5    24.6    28.6    97.2    60.2    87.1   0.194   0.211 -99.000 -99.000 -99.000    28.4    28.8 -9999.0 -9999.0 -9999.0
92826 20170711  2.423  -81.32   25.90    33.2    22.3    27.8    25.4    53.6    10.42 C    45.6    21.7    26.5    95.3    58.4    86.4   0.228   0.254 -99.000 -99.000 -99.000    26.9    27.8 -9999.0 -9999.0 -9999.0
92826 20170712  2.423  -81.32   25.90    33.6    22.7    28.2    25.3     3.4    13.14 C    48.7    21.7    27.1    96.8    59.5    88.0   0.214   0.247 -99.000 -99.000 -99.000    26.7    27.3 -9999.0 -9999.0 -9999.0
92826 20170713  2.423  -81.32   25.90    31.6    23.4    27.5    27.2     0.0    16.85 C    48.2    23.3    29.7    96.5    67.3    84.7   0.201   0.224 -99.000 -99.000 -99.000    27.8    27.9 -9999.0 -9999.0 -9999.0
92826 20170714  2.423  -81.32   25.90    33.7    25.3    29.5    27.7     2.9    15.66 C    49.7    24.5    29.6    95.7    62.2    85.2   0.195   0.212 -99.000 -99.000 -99.000    28.5    28.6 -9999.0 -9999.0 -9999.0
92826 20170715  2.423  -81.32   25.90    35.1    25.4    30.3    28.4     0.0    21.72 C    52.2    24.4    32.0    96.9    49.6    80.9   0.187   0.203 -99.000 -99.000 -99.000    29.0    29.1 -9999.0 -9999.0 -9999.0
92826 20170716  2.423  -81.32   25.90    34.8    24.5    29.7    28.5     0.0    20.89 C    53.2    23.9    32.3    96.5    53.7    79.2   0.177   0.195 -99.000 -99.000 -99.000    29.2    29.3 -9999.0 -9999.0 -9999.0
92826 20170717  2.423  -81.32   25.90    32.9    25.5    29.2    28.3     2.9    18.36 C    47.9    24.9    30.4    96.2    62.4    81.5   0.182   0.195 -99.000 -99.000 -99.000    29.2    29.4 -9999.0 -9999.0 -9999.0
92826 20170718  2.423  -81.32   25.90    31.9    25.1    28.5    27.9     7.7    16.29 C    40.8    24.4    29.5    95.9    62.5    82.3   0.199   0.216 -99.000 -99.000 -99.000    28.8    29.1 -9999.0 -9999.0 -9999.0
92826 20170719  2.423  -81.32   25.90    34.3    25.4    29.8    28.4     0.0    16.31 C    52.1    24.3    30.5    96.4    53.9    82.9   0.189   0.206 -99.000 -99.000 -99.000    28.8    29.0 -9999.0 -9999.0 -9999.0
92826 20170720  2.423  -81.32   25.90    32.8    25.1    29.0    28.4    13.1    15.50 C    44.5    24.6    29.6    97.8    61.9    82.0   0.213   0.240 -99.000 -99.000 -99.000    28.5    28.8 -9999.0 -9999.0 -9999.0
92826 20170721  2.423  -81.32   25.90    31.5    22.2    26.9    26.8    23.2    11.40 C    36.3    22.8    27.3    95.7    61.1    85.9   0.233   0.269 -99.000 -99.000 -99.000    27.5    28.1 -9999.0 -9999.0 -9999.0
92826 20170722  2.423  -81.32   25.90    34.1    24.4    29.2    28.1     0.0    17.51 C    46.9    23.1    30.2    96.2    55.1    81.3   0.202   0.226 -99.000 -99.000 -99.000    28.2    28.3 -9999.0 -9999.0 -9999.0
92826 20170723  2.423  -81.32   25.90    34.4    24.6    29.5    28.3     0.0    18.55 C    50.1    23.6    30.7    96.7    55.4    80.4   0.186   0.205 -99.000 -99.000 -99.000    28.6    28.8 -9999.0 -9999.0 -9999.0
92826 20170724  2.423  -81.32   25.90    36.1    25.3    30.7    29.7     0.0    23.02 C    51.0    24.1    33.0    96.2    45.4    77.1   0.177   0.194 -99.000 -99.000 -99.000    29.3    29.3 -9999.0 -9999.0 -9999.0
92826 20170725  2.423  -81.32   25.90    36.3    25.1    30.7    29.2     0.0    17.01 C    53.0    25.1    31.8    95.6    52.0    80.5   0.169   0.188 -99.000 -99.000 -99.000    29.5    29.6 -9999.0 -9999.0 -9999.0
92826 20170726  2.423  -81.32   25.90    34.3    26.1    30.2    29.1     2.1    13.53 C    45.0    24.8    29.8    93.5    59.2    81.8   0.171   0.187 -99.000 -99.000 -99.000    29.0    29.3 -9999.0 -9999.0 -9999.0
92826 20170727  2.423  -81.32   25.90    36.1    24.7    30.4    28.7     0.0    21.09 C    53.9    24.0    31.9    97.3    51.6    79.8   0.168   0.186 -99.000 -99.000 -99.000    29.4    29.6 -9999.0 -9999.0 -9999.0
92826 20170728  2.423  -81.32   25.90    35.2    25.4    30.3    29.7     0.0    24.08 C    52.4    24.6    33.1    95.6    53.1    76.4   0.159   0.182 -99.000 -99.000 -99.000    30.0    29.9 -9999.0 -9999.0 -9999.0
92826 20170729  2.423  -81.32   25.90    32.7    25.7    29.2    28.9     7.8    14.48 C    42.3    24.9    29.8    95.4    63.9    82.7   0.185   0.198 -99.000 -99.000 -99.000    29.4    29.6 -9999.0 -9999.0 -9999.0
92826 20170730  2.423  -81.32   25.90    31.6    23.7    27.6    27.8    38.8    10.32 C    39.0    23.4    28.2    94.4    63.7    83.8   0.219   0.236 -99.000 -99.000 -99.000    28.3    28.8 -9999.0 -9999.0 -9999.0
92826 20170731  2.423  -81.32   25.90    28.8    22.7    25.7    25.9    50.7     4.28 C    31.2    21.5    25.5    96.6    73.7    88.9   0.269   0.307 -99.000 -99.000 -99.000    26.5    27.3 -9999.0 -9999.0 -9999.0
92826 20170801  2.423  -81.32   25.90    31.4    23.7    27.5    25.5    23.9     9.52 C    42.0    23.4    26.3    96.4    67.0    89.8   0.258   0.303 -99.000 -99.000 -99.000    26.7    27.3 -9999.0 -9999.0 -9999.0
92826 20170802  2.423  -81.32   25.90    34.6    23.5    29.0    28.1     0.0    21.89 C    49.7    22.6    30.7    96.4    55.7    80.9   0.208   0.238 -99.000 -99.000 -99.000    28.1    28.1 -9999.0 -9999.0 -9999.0
92826 20170803  2.423  -81.32   25.90    36.1    26.4    31.2    30.2     0.0    22.73 C    52.1    25.0    33.3    96.7    52.5    79.6   0.191   0.212 -99.000 -99.000 -99.000    29.4    29.3 -9999.0 -9999.0 -9999.0
92826 20170804  2.423  -81.32   25.90    35.6    26.8    31.2    30.5     0.0    23.95 C    53.7    25.2    33.9    94.4    51.4    75.8   0.180   0.202 -99.000 -99.000 -99.000    30.0    29.9 -9999.0 -9999.0 -9999.0
92826 20170805  2.423  -81.32   25.90    36.1    27.0    31.6    30.4     0.0    21.41 C    51.3    25.3    33.3    94.5    51.0    78.0   0.171   0.196 -99.000 -99.000 -99.000    30.3    30.3 -9999.0 -9999.0 -9999.0
92826 20170806  2.423  -81.32   25.90    35.6    26.7    31.2    29.9     0.0    22.87 C    53.6    25.2    33.5    94.7    52.1    76.7   0.163   0.192 -99.000 -99.000 -99.000    30.3    30.3 -9999.0 -9999.0 -9999.0
92826 20170807  2.423  -81.32   25.90    35.5    26.4    31.0    30.2     0.0    23.74 C    53.4    25.0    33.7    94.6    51.7    73.8   0.156   0.189 -99.000 -99.000 -99.000    30.5    30.4 -9999.0 -9999.0 -9999.0
92826 20170808  2.423  -81.32   25.90    36.0    26.4    31.2    30.1     0.0    22.05 C    55.0    25.0    33.5    94.4    48.5    75.3   0.150   0.186 -99.000 -99.000 -99.000    30.4    30.4 -9999.0 -9999.0 -9999.0
92826 20170809  2.423  -81.32   25.90    35.2    26.1    30.7    30.0     0.0    22.83 C    53.7    24.5    33.5    94.6    46.4    73.2   0.143   0.184 -99.000 -99.000 -99.000    30.3    30.3 -9999.0 -9999.0 -9999.0
92826 20170810  2.423  -81.32   25.90    30.2    24.4    27.3    27.5     0.0     7.20 C    37.8    24.8    28.5    96.6    66.9    85.5   0.139   0.184 -99.000 -99.000 -99.000    29.1    29.4 -9999.0 -9999.0 -9999.0
92826 20170811  2.423  -81.32   25.90    34.8    24.4    29.6    27.7     5.8    18.98 C    51.4    24.7    30.8    95.8    57.1    82.0   0.165   0.192 -99.000 -99.000 -99.000    29.4    29.5 -9999.0 -9999.0 -9999.0
92826 20170812  2.423  -81.32   25.90    35.3    25.0    30.1    29.1     0.0    24.08 C    51.8    24.2    32.9    95.4    49.5    76.5   0.157   0.188 -99.000 -99.000 -99.000    29.8    29.9 -9999.0 -9999.0 -9999.0
92826 20170813  2.423  -81.32   25.90    36.2    25.7    31.0    30.2     0.0    25.75 C    52.8    24.7    34.1    97.4    41.0    74.0   0.147   0.183 -99.000 -99.000 -99.000    30.3    30.2 -9999.0 -9999.0 -9999.0
92826 20170814  2.423  -81.32   25.90    35.2    26.7    30.9    29.8     0.0    21.06 C    53.8    25.3    33.1    96.4    53.5    79.4   0.139   0.180 -99.000 -99.000 -99.000    30.5    30.4 -9999.0 -9999.0 -9999.0
92826 20170815  2.423  -81.32   25.90    35.6    24.7    30.2    28.8    27.3    20.06 C    54.1    23.6    31.9    95.6    53.9    82.9   0.174   0.225 -99.000 -99.000 -99.000    29.6    29.7 -9999.0 -9999.0 -9999.0
92826 20170816  2.423  -81.32   25.90    37.0    25.3    31.2    28.9     0.0    21.48 C    52.0    24.6    31.6    94.6    47.0    80.0   0.199   0.233 -99.000 -99.000 -99.000    29.5    29.7 -9999.0 -9999.0 -9999.0
92826 20170817  2.423  -81.32   25.90    35.9    23.8    29.9    28.1    24.8    17.22 C    52.5    22.4    30.5    96.6    46.0    81.4   0.211   0.242 -99.000 -99.000 -99.000    28.9    29.4 -9999.0 -9999.0 -9999.0
92826 20170818  2.423  -81.32   25.90    36.2    21.9    29.0    27.8    14.5    16.94 C    49.6    22.1    29.8    96.8    44.7    79.3   0.224   0.263 -99.000 -99.000 -99.000    28.5    28.9 -9999.0 -9999.0 -9999.0
92826 20170819  2.423  -81.32   25.90    35.0    23.4    29.2    28.6     0.4    23.58 C    51.5    23.1    31.7    96.5    49.3    77.9   0.205   0.238 -99.000 -99.000 -99.000    29.0    29.1 -9999.0 -9999.0 -9999.0
92826 20170820  2.423  -81.32   25.90    34.3    25.4    29.9    28.2     0.3    14.95 C    48.6    24.7    30.2    94.6    57.4    82.6   0.186   0.206 -99.000 -99.000 -99.000    29.2    29.4 -9999.0 -9999.0 -9999.0
92826 20170821  2.423  -81.32   25.90    35.1    25.8    30.4    29.3     0.0    19.32 C    51.6    25.1    31.9    95.2    49.5    76.0   0.175   0.196 -99.000 -99.000 -99.000    29.4    29.6 -9999.0 -9999.0 -9999.0
92826 20170822  2.423  -81.32   25.90    35.7    25.6    30.6    29.3     0.3    20.72 C    51.7    24.7    32.9    95.3    52.4    77.4   0.164   0.189 -99.000 -99.000 -99.000    29.7    29.8 -9999.0 -9999.0 -9999.0
92826 20170823  2.423  -81.32   25.90    32.9    23.4    28.2    26.7    40.8     9.16 C    46.8    24.0    27.8    97.1    59.4    89.7   0.208   0.245 -99.000 -99.000 -99.000    28.3    28.9 -9999.0 -9999.0 -9999.0
92826 20170824  2.423  -81.32   25.90    31.7    23.0    27.3    26.1    51.3    11.37 C    43.4    22.5    27.3    97.1    68.1    90.8   0.235   0.274 -99.000 -99.000 -99.000    27.8    28.3 -9999.0 -9999.0 -9999.0
92826 20170825  2.423  -81.32   25.90    29.1    22.9    26.0    24.6   105.6     4.87 C    34.1    22.8    24.9    96.4    79.4    93.5   0.299   0.338 -99.000 -99.000 -99.000    25.9    27.0 -9999.0 -9999.0 -9999.0
92826 20170826  2.423  -81.32   25.90    29.3    23.8    26.5    25.4     8.3     8.26 C    32.4    23.6    26.0    96.5    74.2    90.7   0.237   0.284 -99.000 -99.000 -99.000    26.5    27.1 -9999.0 -9999.0 -9999.0
92826 20170827  2.423  -81.32   25.90    29.1    23.8    26.5    25.7    12.6     7.89 C    31.9    23.9    26.3    96.7    73.9    90.4   0.239   0.286 -99.000 -99.000 -99.000    26.7    27.2 -9999.0 -9999.0 -9999.0
92826 20170828  2.423  -81.32   25.90    32.5    25.4    29.0    28.4     0.0    22.18 C    46.6    24.4    31.0    94.9    63.0    82.1   0.215   0.252 -99.000 -99.000 -99.000    28.3    28.2 -9999.0 -9999.0 -9999.0
92826 20170829  2.423  -81.32   25.90    34.7    25.5    30.1    29.2     0.0    22.49 C    49.7    24.2    31.8    97.4    55.0    80.1   0.197   0.225 -99.000 -99.000 -99.000    28.8    28.9 -9999.0 -9999.0 -9999.0
92826 20170830  2.423  -81.32   25.90    36.7    25.9    31.3    29.9     0.8    24.89 C    50.8    24.4    32.8    93.7    49.0    75.9   0.189   0.216 -99.000 -99.000 -99.000    29.5    29.4 -9999.0 -9999.0 -9999.0
92826 20170831  2.423  -81.32   25.90    36.2    26.7    31.4    29.4    13.2    20.06 C    51.6    25.8    31.7    95.3    57.0    82.5   0.211   0.245 -99.000 -99.000 -99.000    29.7    29.7 -9999.0 -9999.0 -9999.0
92826 20170901  2.423  -81.32   25.90    35.0    24.1    29.6    28.0    41.2    15.07 C    48.4    22.7    29.6    95.4    60.2    85.6   0.240   0.273 -99.000 -99.000 -99.000    28.9    29.3 -9999.0 -9999.0 -9999.0
92826 20170902  2.423  -81.32   25.90    33.8    22.9    28.4    27.4     1.4    16.16 C    45.2    22.7    29.2    96.3    59.6    81.5   0.224   0.260 -99.000 -99.000 -99.000    28.4    28.7 -9999.0 -9999.0 -9999.0
92826 20170903  2.423  -81.32   25.90    32.0    24.4    28.2    27.4     0.0    11.21 C    38.0    24.1    28.8    95.1    62.1    80.7   0.197   0.221 -99.000 -99.000 -99.000    28.2    28.6 -9999.0 -9999.0 -9999.0
92826 20170904  2.423  -81.32   25.90    34.9    24.7    29.8    27.7    11.8    17.90 C    49.6    24.1    30.2    96.2    49.1    82.4   0.206   0.231 -99.000 -99.000 -99.000    28.3    28.7 -9999.0 -9999.0 -9999.0
92826 20170905  2.423  -81.32   25.90    36.2    25.0    30.6    27.8    11.7    18.96 C    49.8    24.9    30.1    97.2    50.0    85.5   0.224   0.259 -99.000 -99.000 -99.000    28.7    28.9 -9999.0 -9999.0 -9999.0
92826 20170906  2.423  -81.32   25.90    34.3    25.5    29.9    28.7     0.0    19.46 C    45.3    25.1    31.0    97.5    59.6    83.2   0.208   0.235 -99.000 -99.000 -99.000    29.0    29.1 -9999.0 -9999.0 -9999.0
92826 20170907  2.423  -81.32   25.90    35.6    24.9    30.2    28.8    61.5    19.05 C    48.7    24.9    31.5    97.1    47.0    82.6   0.227   0.252 -99.000 -99.000 -99.000    28.8    29.3 -9999.0 -9999.0 -9999.0
92826 20170908  2.423  -81.32   25.90    33.9    25.0    29.5    28.5    33.1    15.93 C    46.7    24.9    29.5    96.8    59.3    83.1   0.241   0.278 -99.000 -99.000 -99.000    28.2    28.8 -9999.0 -9999.0 -9999.0
92826 20170909  2.423  -81.32   25.90    30.0    23.5    26.8    26.5    32.4     4.79 C    31.5    23.7    26.4    93.3    74.5    88.0   0.249   0.281 -99.000 -99.000 -99.000    27.2    27.9 -9999.0 -9999.0 -9999.0
92826 20170910  2.423  -81.32   25.90    26.9    23.6    25.3    25.1   205.7     0.13 C    25.7    23.2    24.5    98.3    81.1    93.2   0.350   0.337 -99.000 -99.000 -99.000    25.2    26.1 -9999.0 -9999.0 -9999.0
92826 20170911  2.423  -81.32   25.90    29.0    25.3    27.2    27.4     2.0    19.04 C    31.0    24.1    26.6    87.4    70.4    79.4   0.391   0.349 -99.000 -99.000 -99.000    26.4    26.7 -9999.0 -9999.0 -9999.0
92826 20170912  2.423  -81.32   25.90    31.4    25.6    28.5    28.0     0.0    21.41 C    40.7    24.0    29.5    93.0    57.6    76.9   0.397   0.350 -99.000 -99.000 -99.000    27.6    27.7 -9999.0 -9999.0 -9999.0
92826 20170913  2.423  -81.32   25.90    32.9    25.3    29.1    28.3     0.4    16.50 C    45.4    24.0    29.8    92.8    59.5    79.3   0.372   0.351 -99.000 -99.000 -99.000    27.8    28.0 -9999.0 -9999.0 -9999.0
92826 20170914  2.423  -81.32   25.90    34.3    25.2    29.7    28.9    29.1    22.07 C    48.0    24.1    31.4    93.5    58.4    81.1   0.353   0.353 -99.000 -99.000 -99.000    28.6    28.7 -9999.0 -9999.0 -9999.0
92826 20170915  2.423  -81.32   25.90    33.7    25.5    29.6    29.2     0.0    18.13 C    44.8    24.7    31.0    95.2    50.4    75.8   0.331   0.350 -99.000 -99.000 -99.000    28.6    28.7 -9999.0 -9999.0 -9999.0
92826 20170916  2.423  -81.32   25.90    33.8    26.0    29.9    29.3     0.0    19.31 C    46.4    25.2    31.3    93.4    51.0    73.1   0.300   0.336 -99.000 -99.000 -99.000    28.6    28.8 -9999.0 -9999.0 -9999.0
92826 20170917  2.423  -81.32   25.90    33.0    25.6    29.3    28.9     0.0    21.89 C    47.1    24.4    31.5    90.5    50.4    70.6   0.278   0.318 -99.000 -99.000 -99.000    28.4    28.7 -9999.0 -9999.0 -9999.0
92826 20170918  2.423  -81.32   25.90    32.9    24.6    28.8    28.2     0.0    20.70 C    46.7    22.7    30.4    86.8    44.6    70.1   0.261   0.302 -99.000 -99.000 -99.000    28.0    28.3 -9999.0 -9999.0 -9999.0
92826 20170919  2.423  -81.32   25.90    33.6    24.8    29.2    28.3     0.0    21.26 C    47.9    24.2    31.5    93.1    53.5    77.5   0.249   0.289 -99.000 -99.000 -99.000    28.4    28.6 -9999.0 -9999.0 -9999.0
92826 20170920  2.423  -81.32   25.90    33.6    26.2    29.9    29.0     0.0    20.61 C    47.2    24.7    31.6    96.1    51.3    75.8   0.240   0.279 -99.000 -99.000 -99.000    28.7    28.8 -9999.0 -9999.0 -9999.0
92826 20170921  2.423  -81.32   25.90    33.5    26.1    29.8    29.0     0.0    18.75 C    47.3    25.1    31.6    94.8    52.1    75.6   0.231   0.268 -99.000 -99.000 -99.000    28.7    28.9 -9999.0 -9999.0 -9999.0
92826 20170922  2.423  -81.32   25.90    34.8    24.1    29.5    27.8    15.1    18.76 C    48.2    24.5    30.8    95.3    47.4    81.0   0.238   0.272 -99.000 -99.000 -99.000    28.5    28.8 -9999.0 -9999.0 -9999.0
92826 20170923  2.423  -81.32   25.90    33.0    24.6    28.8    27.2    12.2    18.06 C    43.4    24.4    29.2    95.4    53.5    83.4   0.242   0.282 -99.000 -99.000 -99.000    28.2    28.5 -9999.0 -9999.0 -9999.0
92826 20170924  2.423  -81.32   25.90    34.2    24.9    29.5    28.2     0.0    16.85 C    45.5    24.7    30.1    95.5    52.7    80.1   0.222   0.256 -99.000 -99.000 -99.000    28.4    28.6 -9999.0 -9999.0 -9999.0
92826 20170925  2.423  -81.32   25.90    34.2    26.1    30.2    28.9     0.0    17.88 C    46.4    25.1    31.1    93.8    54.9    78.5   0.213   0.242 -99.000 -99.000 -99.000    28.8    28.9 -9999.0 -9999.0 -9999.0
92826 20170926  2.423  -81.32   25.90    33.7    24.3    29.0    28.2    20.7    15.67 C    44.9    23.6    29.5    93.4    56.2    79.7   0.236   0.273 -99.000 -99.000 -99.000    28.5    28.8 -9999.0 -9999.0 -9999.0
92826 20170927  2.423  -81.32   25.90    31.9    25.2    28.6    28.1     0.0    12.80 C    43.5    24.8    28.9    94.9    64.1    80.9   0.228   0.264 -99.000 -99.000 -99.000    28.3    28.6 -9999.0 -9999.0 -9999.0
92826 20170928  2.423  -81.32   25.90    34.5    25.2    29.8    28.2     0.0    17.35 C    46.3    24.1    30.1    93.1    50.8    77.6   0.213   0.242 -99.000 -99.000 -99.000    28.2    28.6 -9999.0 -9999.0 -9999.0
92826 20170929  2.423  -81.32   25.90    29.1    23.6    26.4    25.9    32.2     7.68 C    35.1    23.5    26.5    95.5    75.6    90.1   0.249   0.291 -99.000 -99.000 -99.000    27.6    28.1 -9999.0 -9999.0 -9999.0
92826 20170930  2.423  -81.32   25.90    32.1    23.6    27.8    26.5     1.5    13.75 C    41.0    23.5    27.5    95.6    62.8    84.9   0.226   0.261 -99.000 -99.000 -99.000    27.5    27.8 -9999.0 -9999.0 -9999.0
92826 20171001  2.423  -81.32   25.90    32.9    25.4    29.1    28.6     0.0    19.44 C    44.7    24.2    30.3    96.2    53.8    76.2   0.213   0.242 -99.000 -99.000 -99.000    28.1    28.2 -9999.0 -9999.0 -9999.0
92826 20171002  2.423  -81.32   25.90    30.9    25.7    28.3    27.6     0.0    12.64 C    43.0    24.9    28.9    92.9    64.7    80.2   0.209   0.235 -99.000 -99.000 -99.000    27.9    28.2 -9999.0 -9999.0 -9999.0
92826 20171003  2.423  -81.32   25.90    31.1    24.4    27.8    26.5     9.0    13.27 C    41.8    23.8    27.6    92.6    64.7    83.8   0.212   0.236 -99.000 -99.000 -99.000    27.4    27.8 -9999.0 -9999.0 -9999.0
92826 20171004  2.423  -81.32   25.90    30.4    23.6    27.0    26.0     4.9    15.97 C    39.9    23.8    27.1    92.7    61.0    82.6   0.220   0.246 -99.000 -99.000 -99.000    27.2    27.5 -9999.0 -9999.0 -9999.0
92826 20171005  2.423  -81.32   25.90    27.1    23.0    25.0    24.8     9.8     6.02 C    31.7    23.1    25.2    94.9    83.3    92.2   0.225   0.254 -99.000 -99.000 -99.000    26.5    26.9 -9999.0 -9999.0 -9999.0
92826 20171006  2.423  -81.32   25.90    30.7    25.5    28.1    27.5     0.0    11.48 C    36.2    24.3    28.0    96.6    71.0    85.8   0.211   0.235 -99.000 -99.000 -99.000    27.4    27.5 -9999.0 -9999.0 -9999.0
92826 20171007  2.423  -81.32   25.90    32.9    26.8    29.9    28.9     0.0    14.83 C    42.8    25.5    30.3    91.4    62.8    80.7   0.208   0.233 -99.000 -99.000 -99.000    28.1    28.2 -9999.0 -9999.0 -9999.0
92826 20171008  2.423  -81.32   25.90    32.9    25.1    29.0    27.6    23.8     9.74 C    42.4    24.4    28.0    94.6    67.3    87.9   0.241   0.285 -99.000 -99.000 -99.000    27.7    28.0 -9999.0 -9999.0 -9999.0
92826 20171009  2.423  -81.32   25.90    32.9    25.2    29.1    28.7     0.0    17.76 C    42.4    24.1    29.7    96.5    55.8    79.4   0.221   0.257 -99.000 -99.000 -99.000    27.9    28.0 -9999.0 -9999.0 -9999.0
92826 20171010  2.423  -81.32   25.90    32.1    25.3    28.7    28.1     0.0    16.06 C    41.3    24.2    28.6    94.0    57.3    77.6   0.213   0.243 -99.000 -99.000 -99.000    27.9    28.2 -9999.0 -9999.0 -9999.0
92826 20171011  2.423  -81.32   25.90    31.8    23.9    27.9    27.3     0.0    17.85 C    40.8    23.0    28.3    94.0    58.9    76.1   0.207   0.233 -99.000 -99.000 -99.000    27.5    27.9 -9999.0 -9999.0 -9999.0
92826 20171012  2.423  -81.32   25.90    27.8    22.7    25.3    25.3     0.0     8.55 C    32.4    21.7    25.4    92.8    74.5    85.4   0.204   0.227 -99.000 -99.000 -99.000    26.5    27.1 -9999.0 -9999.0 -9999.0
92826 20171013  2.423  -81.32   25.90    31.8    24.3    28.0    27.2     0.5    15.89 C    40.7    23.4    27.8    95.3    60.1    82.1   0.201   0.224 -99.000 -99.000 -99.000    27.1    27.4 -9999.0 -9999.0 -9999.0
92826 20171014  2.423  -81.32   25.90    32.4    25.1    28.8    27.5     0.0    16.07 C    42.7    23.9    28.8    96.6    59.9    83.6   0.198   0.220 -99.000 -99.000 -99.000    27.5    27.7 -9999.0 -9999.0 -9999.0
92826 20171015  2.423  -81.32   25.90    33.5    24.4    28.9    27.9     0.0    17.29 C    44.0    23.6    29.2    94.6    48.9    78.6   0.194   0.216 -99.000 -99.000 -99.000    27.6    27.8 -9999.0 -9999.0 -9999.0
92826 20171016  2.423  -81.32   25.90    32.9    24.6    28.7    28.3     0.0    18.65 C    40.4    23.1    28.8    96.7    47.6    76.0   0.188   0.214 -99.000 -99.000 -99.000    27.5    27.8 -9999.0 -9999.0 -9999.0
92826 20171017  2.423  -81.32   25.90    32.5    24.5    28.5    27.3     0.3    13.38 C    40.8    23.6    27.8    96.1    54.9    79.6   0.185   0.213 -99.000 -99.000 -99.000    27.4    27.7 -9999.0 -9999.0 -9999.0
92826 20171018  2.423  -81.32   25.90    31.7    23.9    27.8    26.4     0.3    13.56 C    40.2    23.4    27.1    91.8    56.8    80.0   0.183   0.213 -99.000 -99.000 -99.000    27.1    27.5 -9999.0 -9999.0 -9999.0
92826 20171019  2.423  -81.32   25.90    31.7    23.1    27.4    26.2     0.8    13.80 C    40.6    22.2    27.2    94.4    57.5    81.7   0.182   0.211 -99.000 -99.000 -99.000    26.9    27.3 -9999.0 -9999.0 -9999.0
92826 20171020  2.423  -81.32   25.90    31.6    23.4    27.5    26.4     0.3    14.26 C    39.9    22.6    26.8    94.1    62.7    81.8   0.182   0.210 -99.000 -99.000 -99.000    26.9    27.3 -9999.0 -9999.0 -9999.0
92826 20171021  2.423  -81.32   25.90    29.9    24.2    27.0    26.3     0.0    11.15 C    36.5    23.3    26.3    92.4    68.0    83.1   0.181   0.208 -99.000 -99.000 -99.000    26.8    27.1 -9999.0 -9999.0 -9999.0
92826 20171022  2.423  -81.32   25.90    31.4    24.6    28.0    27.0     0.0    11.47 C    38.8    22.9    27.1    95.1    60.9    82.1   0.180   0.206 -99.000 -99.000 -99.000    27.1    27.3 -9999.0 -9999.0 -9999.0
92826 20171023  2.423  -81.32   25.90    32.1    24.5    28.3    26.4     6.6     9.90 C    38.9    23.1    26.4    95.4    59.7    86.3   0.192   0.215 -99.000 -99.000 -99.000    26.8    27.2 -9999.0 -9999.0 -9999.0
92826 20171024  2.423  -81.32   25.90    30.2    22.6    26.4    25.7    85.7    10.92 C    35.8    21.9    26.1    96.7    69.8    88.6   0.238   0.256 -99.000 -99.000 -99.000    26.5    27.0 -9999.0 -9999.0 -9999.0
92826 20171025  2.423  -81.32   25.90    23.3    15.6    19.5    20.4     0.0    13.47 C    27.7    13.5    20.3    95.0    44.3    68.7   0.230   0.265 -99.000 -99.000 -99.000    23.7    25.0 -9999.0 -9999.0 -9999.0
92826 20171026  2.423  -81.32   25.90    23.5    14.6    19.1    18.5     0.0    18.77 C    30.9    11.8    18.5    89.1    34.9    66.8   0.198   0.219 -99.000 -99.000 -99.000    22.0    23.1 -9999.0 -9999.0 -9999.0
92826 20171027  2.423  -81.32   25.90    27.8    16.4    22.1    21.5     0.0    16.45 C    36.5    15.2    22.1    91.0    53.4    74.5   0.191   0.211 -99.000 -99.000 -99.000    22.6    23.4 -9999.0 -9999.0 -9999.0
92826 20171028  2.423  -81.32   25.90    26.0    19.3    22.7    22.6    55.1     3.47 C    29.3    18.8    22.7    96.7    76.5    89.9   0.238   0.256 -99.000 -99.000 -99.000    23.4    24.0 -9999.0 -9999.0 -9999.0
92826 20171029  2.423  -81.32   25.90    24.3    14.1    19.2    19.6     1.7    16.11 C    30.1    12.1    19.9    95.7    56.1    78.4   0.231   0.264 -99.000 -99.000 -99.000    22.6    23.4 -9999.0 -9999.0 -9999.0
92826 20171030  2.423  -81.32   25.90    20.8    12.6    16.7    15.8     0.0    18.62 C    29.0     9.7    16.0    90.0    36.4    64.3   0.198   0.217 -99.000 -99.000 -99.000    20.4    21.6 -9999.0 -9999.0 -9999.0
92826 20171031  2.423  -81.32   25.90    25.7    12.7    19.2    18.6     0.0    16.71 C    35.5     9.9    18.9    89.7    46.6    69.6   0.190   0.210 -99.000 -99.000 -99.000    20.4    21.2 -9999.0 -9999.0 -9999.0
92826 20171101  2.423  -81.32   25.90    28.1    16.1    22.1    21.4     0.0    17.75 C    36.8    14.1    21.8    96.4    48.7    75.2   0.186   0.207 -99.000 -99.000 -99.000    21.6    22.1 -9999.0 -9999.0 -9999.0
92826 20171102  2.423  -81.32   25.90    29.1    17.5    23.3    23.0     0.0    16.69 C    36.8    15.1    23.5    95.5    48.5    75.5   0.183   0.205 -99.000 -99.000 -99.000    22.4    22.7 -9999.0 -9999.0 -9999.0
92826 20171103  2.423  -81.32   25.90    28.0    18.8    23.4    22.9     0.0    12.77 C    35.8    17.6    23.1    95.3    56.5    80.7   0.180   0.203 -99.000 -99.000 -99.000    22.9    23.2 -9999.0 -9999.0 -9999.0
92826 20171104  2.423  -81.32   25.90    29.3    20.1    24.7    23.9     0.0    16.35 C    37.2    17.9    24.4    94.9    49.4    76.3   0.177   0.202 -99.000 -99.000 -99.000    23.4    23.7 -9999.0 -9999.0 -9999.0
92826 20171105  2.423  -81.32   25.90    29.3    19.2    24.2    23.3     0.0    15.58 C    36.6    16.9    24.0    97.1    51.0    81.1   0.175   0.201 -99.000 -99.000 -99.000    23.4    23.8 -9999.0 -9999.0 -9999.0
92826 20171106  2.423  -81.32   25.90    30.7    20.7    25.7    24.6     0.0    13.70 C    39.1    18.9    25.6    98.2    53.1    81.4   0.173   0.200 -99.000 -99.000 -99.000    24.0    24.3 -9999.0 -9999.0 -9999.0
92826 20171107  2.423  -81.32   25.90    30.3    21.6    25.9    24.8     0.0    12.85 C    39.1    19.9    25.3    97.4    56.1    81.2   0.171   0.199 -99.000 -99.000 -99.000    24.3    24.6 -9999.0 -9999.0 -9999.0
92826 20171108  2.423  -81.32   25.90    30.1    21.2    25.6    24.4     0.0    13.97 C    37.9    19.0    24.4    97.3    54.5    81.6   0.169   0.199 -99.000 -99.000 -99.000    24.1    24.5 -9999.0 -9999.0 -9999.0
92826 20171109  2.423  -81.32   25.90    31.5    20.8    26.2    25.2     0.0    14.06 C    40.3    19.0    25.5    96.8    49.9    80.6   0.166   0.198 -99.000 -99.000 -99.000    24.2    24.5 -9999.0 -9999.0 -9999.0
92826 20171110  2.423  -81.32   25.90    29.9    21.6    25.8    24.7     0.0    12.00 C    38.0    20.2    25.2    97.4    60.7    82.1   0.165   0.197 -99.000 -99.000 -99.000    24.4    24.7 -9999.0 -9999.0 -9999.0
92826 20171111  2.423  -81.32   25.90    28.7    20.8    24.7    24.3     0.0    15.96 C    37.4    20.0    25.3    91.7    54.1    74.7   0.162   0.195 -99.000 -99.000 -99.000    24.3    24.6 -9999.0 -9999.0 -9999.0
92826 20171112  2.423  -81.32   25.90    29.3    20.8    25.0    24.1     0.5     9.13 C    36.7    19.7    24.2    95.6    65.8    86.4   0.161   0.194 -99.000 -99.000 -99.000    24.3    24.5 -9999.0 -9999.0 -9999.0
92826 20171113  2.423  -81.32   25.90    28.4    22.2    25.3    24.4     0.0     8.32 C    33.6    21.4    24.7    93.4    68.9    83.9   0.161   0.194 -99.000 -99.000 -99.000    24.5    24.8 -9999.0 -9999.0 -9999.0
92826 20171114  2.423  -81.32   25.90    28.9    20.5    24.7    23.9     0.0    15.14 C    36.3    19.6    24.8    93.8    57.9    78.6   0.159   0.192 -99.000 -99.000 -99.000    24.2    24.6 -9999.0 -9999.0 -9999.0
92826 20171115  2.423  -81.32   25.90    27.8    18.1    23.0    22.2     0.0    11.84 C    35.5    17.3    22.7    91.1    59.6    78.1   0.156   0.190 -99.000 -99.000 -99.000    23.5    24.0 -9999.0 -9999.0 -9999.0
92826 20171116  2.423  -81.32   25.90    26.6    19.0    22.8    21.9     0.0    13.65 C    34.3    18.5    23.2    92.4    58.7    79.5   0.154   0.189 -99.000 -99.000 -99.000    23.4    23.8 -9999.0 -9999.0 -9999.0
92826 20171117  2.423  -81.32   25.90    26.8    17.7    22.3    21.7     0.0    13.68 C    35.9    16.0    22.3    93.5    52.7    76.8   0.151   0.187 -99.000 -99.000 -99.000    23.1    23.5 -9999.0 -9999.0 -9999.0
92826 20171118  2.423  -81.32   25.90    28.6    16.1    22.4    21.5     0.0    15.91 C    38.8    14.0    21.7    95.1    47.0    75.7   0.148   0.186 -99.000 -99.000 -99.000    22.6    23.1 -9999.0 -9999.0 -9999.0
92826 20171119  2.423  -81.32   25.90    27.8    16.8    22.3    21.8     0.0    15.94 C    36.3    14.0    22.1    94.7    51.9    79.5   0.144   0.184 -99.000 -99.000 -99.000    22.5    22.9 -9999.0 -9999.0 -9999.0
92826 20171120  2.423  -81.32   25.90    27.2    18.8    23.0    22.3     0.0    12.77 C    36.1    17.7    23.2    94.0    60.9    77.3   0.143   0.183 -99.000 -99.000 -99.000    23.0    23.2 -9999.0 -9999.0 -9999.0
92826 20171121  2.423  -81.32   25.90    29.8    19.2    24.5    23.4     0.0    13.52 C    38.1    17.6    24.0    93.2    46.4    77.3   0.140   0.183 -99.000 -99.000 -99.000    23.3    23.5 -9999.0 -9999.0 -9999.0
92826 20171122  2.423  -81.32   25.90    31.2    19.0    25.1    23.7     0.0    16.12 C    40.2    16.7    24.2    96.4    47.6    79.9   0.137   0.182 -99.000 -99.000 -99.000    23.4    23.7 -9999.0 -9999.0 -9999.0
92826 20171123  2.423  -81.32   25.90    29.0    20.2    24.6    23.8     0.0    12.23 C    37.8    18.2    24.2    95.7    66.5    84.1   0.135   0.181 -99.000 -99.000 -99.000    23.8    24.0 -9999.0 -9999.0 -9999.0
92826 20171124  2.423  -81.32   25.90    27.0    17.6    22.3    22.1     0.0    13.65 C    35.8    14.4    22.7    93.8    58.1    80.0   0.133   0.180 -99.000 -99.000 -99.000    23.5    23.9 -9999.0 -9999.0 -9999.0
92826 20171125  2.423  -81.32   25.90    25.9    16.6    21.3    20.5     0.0    14.92 C    34.7    14.1    21.7    97.3    44.4    77.8   0.131   0.179 -99.000 -99.000 -99.000    22.5    22.9 -9999.0 -9999.0 -9999.0
92826 20171126  2.423  -81.32   25.90    26.8    16.5    21.7    21.1     0.0    14.91 C    35.6    14.0    21.5    91.9    47.4    70.4   0.128   0.178 -99.000 -99.000 -99.000    22.4    22.8 -9999.0 -9999.0 -9999.0
92826 20171127  2.423  -81.32   25.90    26.7    15.9    21.3    20.7     0.0    11.28 C    35.6    13.8    21.0    90.8    56.9    77.1   0.126   0.177 -99.000 -99.000 -99.000    22.1    22.5 -9999.0 -9999.0 -9999.0
92826 20171128  2.423  -81.32   25.90    28.7    18.5    23.6    23.1     0.0    13.10 C    37.2    16.7    24.0    93.8    55.9    79.1   0.125   0.176 -99.000 -99.000 -99.000    22.9    22.9 -9999.0 -9999.0 -9999.0
92826 20171129  2.423  -81.32   25.90    30.1    20.1    25.1    23.3     1.8    12.35 C    40.5    18.6    23.7    95.0    62.8    84.9   0.127   0.176 -99.000 -99.000 -99.000    23.4    23.5 -9999.0 -9999.0 -9999.0
92826 20171130  2.423  -81.32   25.90    28.3    19.0    23.7    22.7     0.0    12.58 C    36.2    17.7    22.7    96.3    54.4    79.7   0.130   0.176 -99.000 -99.000 -99.000    23.0    23.4 -9999.0 -9999.0 -9999.0
92826 20171201  2.423  -81.32   25.90    28.5    17.9    23.2    22.1     0.0    13.33 C    36.8    16.4    22.6    96.4    51.5    79.3   0.127   0.175 -99.000 -99.000 -99.000    22.7    23.1 -9999.0 -9999.0 -9999.0
92826 20171202  2.423  -81.32   25.90    29.2    17.1    23.1    21.7     0.0    13.56 C    37.8    15.2    22.0    95.7    49.6    78.3   0.124   0.174 -99.000 -99.000 -99.000    22.4    22.9 -9999.0 -9999.0 -9999.0
92826 20171203  2.423  -81.32   25.90    28.6    16.8    22.7    21.8     0.0    14.32 C    37.4    14.8    22.0    95.4    44.5    76.6   0.122   0.172 -99.000 -99.000 -99.000    22.2    22.6 -9999.0 -9999.0 -9999.0
92826 20171204  2.423  -81.32   25.90    28.8    17.1    22.9    21.7     0.0    12.76 C    38.7    15.1    21.7    95.8    51.2    80.5   0.120   0.171 -99.000 -99.000 -99.000    22.2    22.6 -9999.0 -9999.0 -9999.0
92826 20171205  2.423  -81.32   25.90    29.7    18.1    23.9    22.5     0.0    14.09 C    40.2    16.1    23.0    96.0    54.6    81.3   0.119   0.169 -99.000 -99.000 -99.000    22.6    22.8 -9999.0 -9999.0 -9999.0
92826 20171206  2.423  -81.32   25.90    30.4    18.7    24.6    23.1     0.0    13.13 C    39.0    16.4    23.3    97.1    54.3    83.9   0.117   0.168 -99.000 -99.000 -99.000    22.7    23.0 -9999.0 -9999.0 -9999.0
92826 20171207  2.423  -81.32   25.90    30.9    18.7    24.8    23.6     0.0    11.91 C    40.5    16.5    23.7    98.2    58.6    86.6   0.116   0.166 -99.000 -99.000 -99.000    23.0    23.2 -9999.0 -9999.0 -9999.0
92826 20171208  2.423  -81.32   25.90    29.7    21.6    25.7    25.0     0.0    13.19 C    38.3    19.6    25.9    98.4    65.0    86.6   0.115   0.165 -99.000 -99.000 -99.000    23.9    23.9 -9999.0 -9999.0 -9999.0
92826 20171209  2.423  -81.32   25.90    25.6    11.8    18.7    19.5    21.0     3.02 C    25.0    10.8    19.3    94.2    78.6    87.7   0.184   0.232 -99.000 -99.000 -99.000    22.4    23.2 -9999.0 -9999.0 -9999.0
92826 20171210  2.423  -81.32   25.90    16.2     7.5    11.9    11.0     0.0    15.61 C    22.7     5.0    11.3    92.2    41.5    65.7   0.181   0.211 -99.000 -99.000 -99.000    18.3    19.8 -9999.0 -9999.0 -9999.0
92826 20171211  2.423  -81.32   25.90    19.5     5.0    12.3    11.5     0.0    15.62 C    26.3     2.7    11.3    91.8    28.3    67.6   0.171   0.196 -99.000 -99.000 -99.000    16.8    18.2 -9999.0 -9999.0 -9999.0
92826 20171212  2.423  -81.32   25.90    22.0     6.8    14.4    14.7     0.0    14.12 C    29.4     3.8    14.2    95.4    53.0    79.5   0.166   0.190 -99.000 -99.000 -99.000    17.0    18.0 -9999.0 -9999.0 -9999.0
92826 20171213  2.423  -81.32   25.90    19.7     8.7    14.2    13.6     0.0    15.47 C    27.5     5.3    13.5    95.2    34.5    67.5   0.162   0.186 -99.000 -99.000 -99.000    17.0    18.1 -9999.0 -9999.0 -9999.0
92826 20171214  2.423  -81.32   25.90    23.3     8.3    15.8    14.5     0.0    14.79 C    30.7     5.2    14.2    95.7    41.1    79.0   0.157   0.183 -99.000 -99.000 -99.000    16.6    17.6 -9999.0 -9999.0 -9999.0
92826 20171215  2.423  -81.32   25.90    26.8    10.4    18.6    17.0     0.0    13.94 C    33.2     7.9    16.7    96.7    42.8    77.7   0.154   0.180 -99.000 -99.000 -99.000    17.4    18.1 -9999.0 -9999.0 -9999.0
92826 20171216  2.423  -81.32   25.90    27.0    11.7    19.3    18.6     0.0    13.83 C    34.7     9.5    18.2    96.9    44.3    76.8   0.153   0.179 -99.000 -99.000 -99.000    18.2    18.7 -9999.0 -9999.0 -9999.0
92826 20171217  2.423  -81.32   25.90    29.2    15.3    22.3    21.0     0.0    13.70 C    38.1    13.5    21.5    96.6    60.4    83.3   0.151   0.178 -99.000 -99.000 -99.000    19.7    19.9 -9999.0 -9999.0 -9999.0
92826 20171218  2.423  -81.32   25.90    29.6    16.9    23.2    22.0     0.0    12.06 C    38.0    14.8    22.4    98.6    55.7    85.1   0.148   0.176 -99.000 -99.000 -99.000    20.5    20.7 -9999.0 -9999.0 -9999.0
92826 20171219  2.423  -81.32   25.90    29.0    16.8    22.9    21.9     0.0    13.13 C    37.9    14.7    22.0    98.5    54.0    82.9   0.146   0.175 -99.000 -99.000 -99.000    20.8    21.1 -9999.0 -9999.0 -9999.0
92826 20171220  2.423  -81.32   25.90    28.8    15.2    22.0    21.2     0.0    13.14 C    36.8    13.1    20.9    98.4    54.7    84.2   0.143   0.173 -99.000 -99.000 -99.000    20.4    20.9 -9999.0 -9999.0 -9999.0
92826 20171221  2.423  -81.32   25.90    28.8    17.2    23.0    21.7     0.0    12.96 C    37.9    14.9    21.8    98.3    61.5    87.7   0.140   0.171 -99.000 -99.000 -99.000    20.9    21.2 -9999.0 -9999.0 -9999.0
92826 20171222  2.423  -81.32   25.90    29.4    17.5    23.5    21.5     0.0    12.30 C    36.3    16.3    22.1    98.8    52.5    85.1   0.139   0.171 -99.000 -99.000 -99.000    21.3    21.6 -9999.0 -9999.0 -9999.0
92826 20171223  2.423  -81.32   25.90    29.4    16.2    22.8    21.9     0.0    10.91 C    37.8    14.4    21.9    98.7    59.2    85.0   0.137   0.169 -99.000 -99.000 -99.000    21.2    21.6 -9999.0 -9999.0 -9999.0
92826 20171224  2.423  -81.32   25.90    28.4    15.9    22.1    20.9     0.0    13.10 C    37.7    13.7    20.6    97.6    49.1    79.1   0.134   0.168 -99.000 -99.000 -99.000    20.8    21.4 -9999.0 -9999.0 -9999.0
92826 20171225  2.423  -81.32   25.90    28.3    15.2    21.8    21.0     0.0    13.55 C    35.1    12.7    21.3    97.4    49.1    78.7   0.132   0.166 -99.000 -99.000 -99.000    20.6    21.0 -9999.0 -9999.0 -9999.0
92826 20171226  2.423  -81.32   25.90    28.9    15.4    22.1    21.0     0.0    12.58 C    37.4    14.6    21.7    95.4    54.2    80.5   0.129   0.164 -99.000 -99.000 -99.000    21.0    21.3 -9999.0 -9999.0 -9999.0
92826 20171227  2.423  -81.32   25.90    29.4    16.9    23.1    21.8     0.0    13.36 C    38.5    14.7    21.9    97.5    49.0    77.6   0.127   0.163 -99.000 -99.000 -99.000    21.2    21.5 -9999.0 -9999.0 -9999.0
92826 20171228  2.423  -81.32   25.90    28.6    18.0    23.3    21.9     0.3    12.28 C    37.2    15.3    23.0    97.2    53.1    82.0   0.125   0.162 -99.000 -99.000 -99.000    21.6    21.8 -9999.0 -9999.0 -9999.0
92826 20171229  2.423  -81.32   25.90    23.0    14.9    19.0    18.8     0.0    13.10 C    30.2    12.7    19.6    98.4    62.2    85.6   0.124   0.161 -99.000 -99.000 -99.000    21.1    21.6 -9999.0 -9999.0 -9999.0
92826 20171230  2.423  -81.32   25.90    21.6    13.2    17.4    16.4     0.0    12.64 C    29.8    10.6    17.5    96.6    53.1    82.1   0.122   0.159 -99.000 -99.000 -99.000    19.9    20.6 -9999.0 -9999.0 -9999.0
92826 20171231  2.423  -81.32   25.90    24.1    10.5    17.3    16.0     0.0    14.36 C    31.3     7.5    16.2    96.0    45.2    76.8   0.119   0.158 -99.000 -99.000 -99.000    18.9    19.6 -9999.0 -9999.0 -9999.0
