04131 20170101  2.423 -110.71   43.66    -8.5   -26.5   -17.5   -16.9     1.7     3.07 C    -9.5   -30.1   -18.1    88.1    75.7    82.1 -99.000 -99.000 -99.000 -99.000 -99.000     0.0     0.1 -9999.0 -9999.0 -9999.0
04131 20170102  2.423 -110.71   43.66    -8.1   -22.8   -15.4   -13.3     1.5     2.15 C    -9.6   -31.2   -17.3    88.4    57.2    79.8 -99.000 -99.000 -99.000 -99.000 -99.000     0.0     0.1 -9999.0 -9999.0 -9999.0
04131 20170103  2.423 -110.71   43.66   -10.8   -23.0   -16.9   -14.4     2.9     1.50 C   -10.6   -31.4   -15.9    86.1    79.6    82.6 -99.000 -99.000 -99.000 -99.000 -99.000     0.0     0.1 -9999.0 -9999.0 -9999.0
04131 20170104  2.423 -110.71   43.66   -10.3   -20.4   -15.4   -12.2     5.8     2.51 C   -10.5   -30.1   -13.4    86.0    49.1    73.3 -99.000 -99.000 -99.000 -99.000 -99.000     0.0     0.1 -9999.0 -9999.0 -9999.0
04131 20170105  2.423 -110.71   43.66   -20.0   -33.3   -26.6   -26.9     0.0     9.21 C   -22.8   -40.6   -33.7    84.1    60.1    72.7 -99.000 -99.000 -99.000 -99.000 -99.000     0.0     0.1 -9999.0 -9999.0 -9999.0
04131 20170106  2.423 -110.71   43.66   -20.8   -35.6   -28.2   -28.9     0.0     8.67 C   -21.6   -41.3   -33.8    78.8    68.4    73.1 -99.000 -99.000 -99.000 -99.000 -99.000     0.0     0.1 -9999.0 -9999.0 -9999.0
04131 20170107  2.423 -110.71   43.66   -10.5   -35.4   -23.0   -25.2     4.2     6.82 C   -10.7   -40.5   -27.3    87.3    65.8    75.4 -99.000 -99.000 -99.000 -99.000 -99.000     0.0     0.1 -9999.0 -9999.0 -9999.0
04131 20170108  2.423 -110.71   43.66    -0.7   -10.5    -5.6    -5.0    22.6     2.51 C    -1.1   -10.7    -5.4    93.6    82.8    89.4 -99.000 -99.000 -99.000 -99.000 -99.000     0.0     0.1 -9999.0 -9999.0 -9999.0
04131 20170109  2.423 -110.71   43.66     1.9    -4.5    -1.3    -0.2    21.0     2.82 C     0.1    -7.1    -1.7    95.3    50.9    78.2 -99.000 -99.000 -99.000 -99.000 -99.000     0.0     0.1 -9999.0 -9999.0 -9999.0
04131 20170110  2.423 -110.71   43.66    -0.3    -5.1    -2.7    -2.6    14.6     2.57 C    -1.4    -6.0    -3.6    93.0    59.0    81.1 -99.000 -99.000 -99.000 -99.000 -99.000    -0.1     0.0 -9999.0 -9999.0 -9999.0
04131 20170111  2.423 -110.71   43.66    -0.3    -7.1    -3.7    -2.1    10.1     3.68 C    -1.3   -17.5    -3.9    94.3    48.4    80.0 -99.000 -99.000 -99.000 -99.000 -99.000    -0.1     0.0 -9999.0 -9999.0 -9999.0
04131 20170112  2.423 -110.71   43.66    -6.2   -23.5   -14.9   -11.5     0.0     9.60 C    -9.3   -27.8   -17.0    87.9    54.7    72.1 -99.000 -99.000 -99.000 -99.000 -99.000    -0.1     0.0 -9999.0 -9999.0 -9999.0
04131 20170113  2.423 -110.71   43.66   -15.8   -29.4   -22.6   -23.4     0.0     9.29 C   -15.4   -33.3   -27.0    85.1    71.4    78.8 -99.000 -99.000 -99.000 -99.000 -99.000    -0.1     0.0 -9999.0 -9999.0 -9999.0
04131 20170114  2.423 -110.71   43.66   -16.1   -29.9   -23.0   -23.9     0.0     9.00 C   -13.6   -34.0   -26.9    83.3    68.8    77.9 -99.000 -99.000 -99.000 -99.000 -99.000    -0.1     0.0 -9999.0 -9999.0 -9999.0
04131 20170115  2.423 -110.71   43.66   -17.4   -30.8   -24.1   -24.8     0.0     9.63 C   -16.0   -35.0   -28.5    81.6    71.2    76.6 -99.000 -99.000 -99.000 -99.000 -99.000    -0.1     0.0 -9999.0 -9999.0 -9999.0
04131 20170116  2.423 -110.71   43.66   -15.4   -30.2   -22.8   -24.3     0.0     9.66 C   -15.6   -34.6   -28.3    82.5    70.1    76.3 -99.000 -99.000 -99.000 -99.000 -99.000    -0.1     0.0 -9999.0 -9999.0 -9999.0
04131 20170117  2.423 -110.71   43.66   -13.3   -26.9   -20.1   -21.0     0.0     9.87 C   -12.5   -30.0   -24.4    83.3    73.1    78.9 -99.000 -99.000 -99.000 -99.000 -99.000    -0.1     0.0 -9999.0 -9999.0 -9999.0
04131 20170118  2.423 -110.71   43.66   -12.2   -27.4   -19.8   -19.3     0.0     9.00 C   -10.6   -31.4   -22.2    85.4    74.3    80.3 -99.000 -99.000 -99.000 -99.000 -99.000    -0.1     0.0 -9999.0 -9999.0 -9999.0
04131 20170119  2.423 -110.71   43.66    -2.9   -13.2    -8.1    -7.4     1.7     4.99 C    -4.4   -13.3    -8.2    93.4    79.0    84.4 -99.000 -99.000 -99.000 -99.000 -99.000     0.0     0.0 -9999.0 -9999.0 -9999.0
04131 20170120  2.423 -110.71   43.66    -1.9   -12.7    -7.3    -7.2     0.0     8.76 C    -4.2   -20.3   -10.5    92.8    56.8    82.6 -99.000 -99.000 -99.000 -99.000 -99.000    -0.1     0.0 -9999.0 -9999.0 -9999.0
04131 20170121  2.423 -110.71   43.66    -3.6   -10.8    -7.2    -7.5     1.2     6.77 C    -4.0   -13.5    -8.9    85.9    68.3    78.1 -99.000 -99.000 -99.000 -99.000 -99.000    -0.1     0.0 -9999.0 -9999.0 -9999.0
04131 20170122  2.423 -110.71   43.66    -1.6    -5.9    -3.7    -4.5     4.0     5.67 C    -3.3    -9.7    -6.3    90.3    50.6    78.0 -99.000 -99.000 -99.000 -99.000 -99.000    -0.1     0.0 -9999.0 -9999.0 -9999.0
04131 20170123  2.423 -110.71   43.66    -3.6   -11.1    -7.3    -6.6     3.3     3.84 C    -4.5   -13.3    -7.6    91.5    79.0    86.4 -99.000 -99.000 -99.000 -99.000 -99.000    -0.1     0.0 -9999.0 -9999.0 -9999.0
04131 20170124  2.423 -110.71   43.66    -4.4    -9.9    -7.1    -7.2     6.2     5.39 C    -5.2   -12.9    -8.9    90.5    65.2    84.5 -99.000 -99.000 -99.000 -99.000 -99.000    -0.1     0.0 -9999.0 -9999.0 -9999.0
04131 20170125  2.423 -110.71   43.66    -8.1   -19.9   -14.0   -13.0     0.0     6.63 C    -9.1   -28.6   -16.5    88.5    50.1    76.2 -99.000 -99.000 -99.000 -99.000 -99.000    -0.1     0.0 -9999.0 -9999.0 -9999.0
04131 20170126  2.423 -110.71   43.66    -9.1   -26.4   -17.7   -15.2     0.4     6.33 C    -8.0   -30.5   -18.3    89.2    68.1    79.3 -99.000 -99.000 -99.000 -99.000 -99.000    -0.1     0.0 -9999.0 -9999.0 -9999.0
04131 20170127  2.423 -110.71   43.66   -13.8   -27.9   -20.8   -21.9     0.0     9.87 C   -14.1   -31.9   -25.2    83.4    72.2    78.0 -99.000 -99.000 -99.000 -99.000 -99.000    -0.1     0.0 -9999.0 -9999.0 -9999.0
04131 20170128  2.423 -110.71   43.66   -11.2   -25.7   -18.5   -18.3     0.0     9.87 C   -10.6   -30.3   -20.6    87.3    67.7    79.2 -99.000 -99.000 -99.000 -99.000 -99.000    -0.1     0.0 -9999.0 -9999.0 -9999.0
04131 20170129  2.423 -110.71   43.66    -9.4   -22.2   -15.8   -17.0     0.0     9.50 C    -8.3   -26.9   -20.2    86.6    66.5    79.7 -99.000 -99.000 -99.000 -99.000 -99.000    -0.1     0.0 -9999.0 -9999.0 -9999.0
04131 20170130  2.423 -110.71   43.66     0.9   -23.3   -11.2   -13.6     0.0     8.87 C    -4.2   -27.8   -17.1    84.4    40.0    75.3 -99.000 -99.000 -99.000 -99.000 -99.000    -0.1     0.0 -9999.0 -9999.0 -9999.0
04131 20170131  2.423 -110.71   43.66     1.7    -2.3    -0.3     0.4     0.2     4.45 C    -2.6    -5.5    -4.2    80.5    39.4    49.7 -99.000 -99.000 -99.000 -99.000 -99.000    -0.1     0.0 -9999.0 -9999.0 -9999.0
04131 20170201  2.423 -110.71   43.66     0.1    -8.5    -4.2    -3.1    10.5     2.87 C    -2.3    -8.6    -5.4    88.9    48.1    73.0 -99.000 -99.000 -99.000 -99.000 -99.000    -0.1     0.0 -9999.0 -9999.0 -9999.0
04131 20170202  2.423 -110.71   43.66    -3.0   -11.0    -7.0    -7.0    13.0     1.12 C    -3.1   -17.0    -7.7    90.0    78.1    85.5 -99.000 -99.000 -99.000 -99.000 -99.000    -0.1     0.0 -9999.0 -9999.0 -9999.0
04131 20170203  2.423 -110.71   43.66    -0.5   -11.6    -6.1    -6.5     9.3     1.40 C    -0.8   -11.3    -6.2    94.6    77.7    85.4 -99.000 -99.000 -99.000 -99.000 -99.000    -0.1     0.0 -9999.0 -9999.0 -9999.0
04131 20170204  2.423 -110.71   43.66     2.2    -0.7     0.7     0.6     6.9     6.45 C     0.2    -2.3    -0.9    94.4    63.2    80.5 -99.000 -99.000 -99.000 -99.000 -99.000    -0.1     0.0 -9999.0 -9999.0 -9999.0
04131 20170205  2.423 -110.71   43.66     2.6    -1.7     0.5     0.2     2.2     6.67 C     0.1    -7.1    -2.0    93.1    67.9    81.3 -99.000 -99.000 -99.000 -99.000 -99.000    -0.1     0.0 -9999.0 -9999.0 -9999.0
04131 20170206  2.423 -110.71   43.66     2.4    -0.9     0.7     0.4    10.1     4.51 C     0.2    -2.5    -0.9    95.3    61.1    82.5 -99.000 -99.000 -99.000 -99.000 -99.000    -0.1     0.0 -9999.0 -9999.0 -9999.0
04131 20170207  2.423 -110.71   43.66     3.6    -3.2     0.2    -1.1    20.5     3.36 C     0.1    -3.6    -2.0    92.2    62.0    84.8 -99.000 -99.000 -99.000 -99.000 -99.000    -0.1     0.0 -9999.0 -9999.0 -9999.0
04131 20170208  2.423 -110.71   43.66     2.3    -1.6     0.4     0.4     3.9     7.83 C    -0.1    -2.8    -1.2    93.8    47.3    71.1 -99.000 -99.000 -99.000 -99.000 -99.000    -0.1     0.0 -9999.0 -9999.0 -9999.0
04131 20170209  2.423 -110.71   43.66     3.9     0.3     2.1     1.9    29.8     2.83 C     0.2    -0.1     0.0    95.2    86.7    92.7 -99.000 -99.000 -99.000 -99.000 -99.000    -0.1    -0.1 -9999.0 -9999.0 -9999.0
04131 20170210  2.423 -110.71   43.66     5.1     0.5     2.8     1.8    10.9     3.56 C     0.1    -0.9    -0.1    93.5    70.0    84.2 -99.000 -99.000 -99.000 -99.000 -99.000    -0.1    -0.1 -9999.0 -9999.0 -9999.0
04131 20170211  2.423 -110.71   43.66     0.5   -13.7    -6.6    -2.8     0.0     8.15 C    -0.9   -18.5    -6.4    82.4    30.8    61.5 -99.000 -99.000 -99.000 -99.000 -99.000    -0.1    -0.1 -9999.0 -9999.0 -9999.0
04131 20170212  2.423 -110.71   43.66    -5.8   -19.7   -12.7   -13.0     0.0    13.75 C    -5.3   -22.7   -16.0    86.8    55.0    74.9 -99.000 -99.000 -99.000 -99.000 -99.000    -0.1    -0.1 -9999.0 -9999.0 -9999.0
04131 20170213  2.423 -110.71   43.66    -2.4   -18.3   -10.4   -11.4     0.0    13.83 C    -3.7   -22.2   -14.7    88.2    51.2    76.7 -99.000 -99.000 -99.000 -99.000 -99.000    -0.1    -0.1 -9999.0 -9999.0 -9999.0
04131 20170214  2.423 -110.71   43.66    -1.5   -17.8    -9.6   -10.6     0.0    13.73 C    -2.6   -21.5   -14.3    89.0    56.9    78.1 -99.000 -99.000 -99.000 -99.000 -99.000    -0.1    -0.1 -9999.0 -9999.0 -9999.0
04131 20170215  2.423 -110.71   43.66    -1.4   -17.7    -9.6   -10.8     0.0    14.15 C    -2.2   -21.9   -14.3    88.6    59.0    80.4 -99.000 -99.000 -99.000 -99.000 -99.000    -0.1    -0.1 -9999.0 -9999.0 -9999.0
04131 20170216  2.423 -110.71   43.66     4.5   -15.7    -5.6    -5.6     0.6     9.30 C    -0.6   -19.7    -8.5    92.7    42.8    76.2 -99.000 -99.000 -99.000 -99.000 -99.000    -0.1    -0.1 -9999.0 -9999.0 -9999.0
04131 20170217  2.423 -110.71   43.66     3.3    -4.4    -0.6     0.2     1.0    13.43 C    -0.6   -12.6    -4.2    93.8    39.4    62.4 -99.000 -99.000 -99.000 -99.000 -99.000    -0.1    -0.1 -9999.0 -9999.0 -9999.0
04131 20170218  2.423 -110.71   43.66     3.1    -1.0     1.0     0.9     6.9     6.30 C     0.3    -1.4    -0.3    94.5    79.4    90.1 -99.000 -99.000 -99.000 -99.000 -99.000    -0.1    -0.1 -9999.0 -9999.0 -9999.0
04131 20170219  2.423 -110.71   43.66     3.3    -3.9    -0.3     0.3    11.9     7.44 C     0.3   -10.9    -1.6    95.4    58.2    83.4 -99.000 -99.000 -99.000 -99.000 -99.000    -0.1    -0.1 -9999.0 -9999.0 -9999.0
04131 20170220  2.423 -110.71   43.66     0.9    -2.5    -0.8    -0.6    12.3     3.64 C     0.1    -5.8    -1.4    95.2    78.3    89.8 -99.000 -99.000 -99.000 -99.000 -99.000    -0.1    -0.1 -9999.0 -9999.0 -9999.0
04131 20170221  2.423 -110.71   43.66     6.2    -1.5     2.4     1.4     7.8     7.66 C     0.3    -6.3    -1.1    95.5    45.6    76.1 -99.000 -99.000 -99.000 -99.000 -99.000    -0.1    -0.1 -9999.0 -9999.0 -9999.0
04131 20170222  2.423 -110.71   43.66    -0.7    -9.3    -5.0    -3.5     0.0     9.25 C    -1.9   -14.7    -7.2    79.3    45.6    62.4 -99.000 -99.000 -99.000 -99.000 -99.000    -0.1    -0.1 -9999.0 -9999.0 -9999.0
04131 20170223  2.423 -110.71   43.66    -2.8    -9.4    -6.1    -6.0     0.3     7.76 C    -4.8   -11.7    -7.9    87.7    46.9    63.8 -99.000 -99.000 -99.000 -99.000 -99.000    -0.1    -0.1 -9999.0 -9999.0 -9999.0
04131 20170224  2.423 -110.71   43.66    -6.4   -12.1    -9.3    -8.8     0.9    13.26 C    -5.7   -17.4   -11.1    88.4    44.4    73.0 -99.000 -99.000 -99.000 -99.000 -99.000    -0.1    -0.1 -9999.0 -9999.0 -9999.0
04131 20170225  2.423 -110.71   43.66    -7.9   -14.6   -11.3   -11.3     0.6    10.40 C    -7.6   -21.4   -13.1    83.1    48.8    66.9 -99.000 -99.000 -99.000 -99.000 -99.000    -0.1    -0.1 -9999.0 -9999.0 -9999.0
04131 20170226  2.423 -110.71   43.66    -6.2   -12.2    -9.2    -9.1     1.2    10.90 C    -7.1   -13.5   -10.1    86.3    54.2    74.5 -99.000 -99.000 -99.000 -99.000 -99.000    -0.1    -0.1 -9999.0 -9999.0 -9999.0
04131 20170227  2.423 -110.71   43.66    -5.1   -12.2    -8.7    -8.6     3.4     8.58 C    -5.9   -17.7   -10.7    87.9    57.9    76.6 -99.000 -99.000 -99.000 -99.000 -99.000    -0.1    -0.1 -9999.0 -9999.0 -9999.0
04131 20170228  2.423 -110.71   43.66    -5.6   -10.3    -8.0    -8.4     1.7     9.72 C    -6.4   -13.2    -9.5    84.1    52.7    73.8 -99.000 -99.000 -99.000 -99.000 -99.000    -0.1    -0.1 -9999.0 -9999.0 -9999.0
04131 20170301  2.423 -110.71   43.66    -3.5   -11.5    -7.5    -6.7     0.8     8.72 C    -4.2   -17.1    -8.9    79.8    55.9    68.8 -99.000 -99.000 -99.000 -99.000 -99.000    -0.1    -0.1 -9999.0 -9999.0 -9999.0
04131 20170302  2.423 -110.71   43.66     1.1    -7.6    -3.3    -3.5     0.0    16.83 C    -1.2   -15.5    -8.3    73.8    48.9    62.6 -99.000 -99.000 -99.000 -99.000 -99.000    -0.1    -0.1 -9999.0 -9999.0 -9999.0
04131 20170303  2.423 -110.71   43.66     3.9   -11.0    -3.6    -3.2     0.0    16.56 C    -0.7   -14.2    -8.0    74.7    37.0    56.5 -99.000 -99.000 -99.000 -99.000 -99.000    -0.1    -0.1 -9999.0 -9999.0 -9999.0
04131 20170304  2.423 -110.71   43.66     5.2    -5.7    -0.2     0.5     0.6    10.04 C     0.5   -12.9    -4.3    92.0    35.6    52.4 -99.000 -99.000 -99.000 -99.000 -99.000     0.0    -0.1 -9999.0 -9999.0 -9999.0
04131 20170305  2.423 -110.71   43.66     5.1    -5.3    -0.1    -1.0     2.9    11.74 C     0.4   -10.8    -3.5    94.8    37.8    74.6 -99.000 -99.000 -99.000 -99.000 -99.000     0.0    -0.1 -9999.0 -9999.0 -9999.0
04131 20170306  2.423 -110.71   43.66    -4.7    -9.2    -6.9    -7.4     2.8    10.13 C    -5.6   -12.7    -9.0    87.1    43.6    61.7 -99.000 -99.000 -99.000 -99.000 -99.000     0.0    -0.1 -9999.0 -9999.0 -9999.0
04131 20170307  2.423 -110.71   43.66    -1.6    -8.2    -4.9    -5.0     2.4    13.34 C    -2.6   -11.0    -6.3    88.9    50.1    70.7 -99.000 -99.000 -99.000 -99.000 -99.000     0.0    -0.1 -9999.0 -9999.0 -9999.0
04131 20170308  2.423 -110.71   43.66     3.5    -3.3     0.1     0.6     3.9     5.52 C     0.1    -5.2    -1.6    90.4    58.2    75.6 -99.000 -99.000 -99.000 -99.000 -99.000     0.0    -0.1 -9999.0 -9999.0 -9999.0
04131 20170309  2.423 -110.71   43.66     5.0     0.6     2.8     2.8     8.3    10.58 C     0.3    -0.3     0.0    92.7    64.7    79.7 -99.000 -99.000 -99.000 -99.000 -99.000     0.0    -0.1 -9999.0 -9999.0 -9999.0
04131 20170310  2.423 -110.71   43.66     5.2     1.4     3.3     3.4     7.7     6.70 C     0.3    -3.1    -0.2    90.3    52.9    77.2 -99.000 -99.000 -99.000 -99.000 -99.000     0.0    -0.2 -9999.0 -9999.0 -9999.0
04131 20170311  2.423 -110.71   43.66     5.5    -6.4    -0.4     0.6     0.0    16.84 C     0.1   -10.6    -3.3    89.8    47.8    68.8 -99.000 -99.000 -99.000 -99.000 -99.000     0.0    -0.2 -9999.0 -9999.0 -9999.0
04131 20170312  2.423 -110.71   43.66     5.0    -5.1    -0.1     2.4     1.2    14.97 C     0.2    -9.2    -2.1    77.2    25.1    49.1 -99.000 -99.000 -99.000 -99.000 -99.000     0.0    -0.2 -9999.0 -9999.0 -9999.0
04131 20170313  2.423 -110.71   43.66     7.7    -5.4     1.1     1.1     0.0    14.82 C     0.4    -9.5    -2.3    76.3    35.0    56.9 -99.000 -99.000 -99.000 -99.000 -99.000     0.0    -0.2 -9999.0 -9999.0 -9999.0
04131 20170314  2.423 -110.71   43.66    10.0    -0.8     4.6     5.9     0.0    10.83 C     0.5    -4.4    -0.6    80.7    44.5    56.8 -99.000 -99.000 -99.000 -99.000 -99.000     0.0    -0.2 -9999.0 -9999.0 -9999.0
04131 20170315  2.423 -110.71   43.66    12.7    -4.6     4.0     3.1     0.0    18.73 C     0.2    -8.5    -2.8    88.8    23.2    61.6 -99.000 -99.000 -99.000 -99.000 -99.000     0.0    -0.2 -9999.0 -9999.0 -9999.0
04131 20170316  2.423 -110.71   43.66     7.5     3.5     5.5     5.7     2.8    13.59 C     0.4    -1.6    -0.3    74.7    39.5    54.9 -99.000 -99.000 -99.000 -99.000 -99.000    -0.1    -0.2 -9999.0 -9999.0 -9999.0
04131 20170317  2.423 -110.71   43.66     8.7    -0.1     4.3     4.0     0.0    12.14 C     0.5    -3.6    -1.1    68.0    42.6    56.9 -99.000 -99.000 -99.000 -99.000 -99.000    -0.1    -0.2 -9999.0 -9999.0 -9999.0
04131 20170318  2.423 -110.71   43.66    11.7    -4.0     3.9     4.1     0.0    18.86 C     0.3    -7.5    -2.3    90.1    35.4    62.0 -99.000 -99.000 -99.000 -99.000 -99.000    -0.1    -0.2 -9999.0 -9999.0 -9999.0
04131 20170319  2.423 -110.71   43.66     8.3     1.6     4.9     4.3     8.6    14.60 C     0.2    -0.4     0.0    94.2    48.9    77.9 -99.000 -99.000 -99.000 -99.000 -99.000    -0.1    -0.3 -9999.0 -9999.0 -9999.0
04131 20170320  2.423 -110.71   43.66     5.7    -0.3     2.7     3.0     0.7    10.44 C     0.3    -3.1    -0.3    94.8    74.1    85.6 -99.000 -99.000 -99.000 -99.000 -99.000    -0.2    -0.3 -9999.0 -9999.0 -9999.0
04131 20170321  2.423 -110.71   43.66    10.6    -0.8     4.9     3.2     0.0    12.77 C     0.6    -3.1    -0.6    95.7    46.3    79.4 -99.000 -99.000 -99.000 -99.000 -99.000    -0.2    -0.3 -9999.0 -9999.0 -9999.0
04131 20170322  2.423 -110.71   43.66     7.8     0.6     4.2     3.3     3.7    12.63 C     0.6    -1.0    -0.2    93.4    56.6    85.1 -99.000 -99.000 -99.000 -99.000 -99.000    -0.2    -0.3 -9999.0 -9999.0 -9999.0
04131 20170323  2.423 -110.71   43.66     6.6    -2.4     2.1     2.1     0.0     8.85 C     0.1    -5.9    -1.5    94.1    44.0    73.2 -99.000 -99.000 -99.000 -99.000 -99.000    -0.1    -0.3 -9999.0 -9999.0 -9999.0
04131 20170324  2.423 -110.71   43.66     7.8    -7.2     0.3     1.0     1.1    21.11 C     0.0   -10.8    -3.3    93.3    31.6    65.4 -99.000 -99.000 -99.000 -99.000 -99.000    -0.2    -0.3 -9999.0 -9999.0 -9999.0
04131 20170325  2.423 -110.71   43.66     5.5    -3.7     0.9     1.3     1.7    10.92 C     0.5    -7.4    -0.9    95.3    53.5    84.8 -99.000 -99.000 -99.000 -99.000 -99.000    -0.2    -0.3 -9999.0 -9999.0 -9999.0
04131 20170326  2.423 -110.71   43.66     5.3    -6.7    -0.7     0.2     0.2    19.67 C    -0.1   -10.9    -2.8    93.2    37.5    69.0 -99.000 -99.000 -99.000 -99.000 -99.000    -0.2    -0.3 -9999.0 -9999.0 -9999.0
04131 20170327  2.423 -110.71   43.66     5.5    -0.8     2.4     1.5     1.6    12.92 C     0.5    -3.5    -0.7    93.9    52.2    81.1 -99.000 -99.000 -99.000 -99.000 -99.000    -0.2    -0.3 -9999.0 -9999.0 -9999.0
04131 20170328  2.423 -110.71   43.66     5.6    -5.5     0.0     0.8     0.0    22.44 C     0.2    -8.7    -3.0    90.4    33.7    62.8 -99.000 -99.000 -99.000 -99.000 -99.000    -0.2    -0.3 -9999.0 -9999.0 -9999.0
04131 20170329  2.423 -110.71   43.66     7.3    -7.9    -0.3     0.4     1.2    18.45 C     0.5   -10.8    -3.5    91.5    39.6    68.3 -99.000 -99.000 -99.000 -99.000 -99.000    -0.2    -0.3 -9999.0 -9999.0 -9999.0
04131 20170330  2.423 -110.71   43.66     7.6     0.5     4.1     3.6     6.1    13.84 C     0.4    -0.6     0.0    94.7    50.9    79.5 -99.000 -99.000 -99.000 -99.000 -99.000    -0.2    -0.3 -9999.0 -9999.0 -9999.0
04131 20170331  2.423 -110.71   43.66     7.3    -0.7     3.3     4.2     0.0    11.96 C     0.1    -4.2    -0.6    75.9    40.6    57.8 -99.000 -99.000 -99.000 -99.000 -99.000    -0.1    -0.3 -9999.0 -9999.0 -9999.0
04131 20170401  2.423 -110.71   43.66     9.9    -3.4     3.2     2.6     0.0    23.08 C     0.5    -7.6    -2.7    84.6    34.2    61.7 -99.000 -99.000 -99.000 -99.000 -99.000    -0.1    -0.3 -9999.0 -9999.0 -9999.0
04131 20170402  2.423 -110.71   43.66     4.4    -2.2     1.1     0.3     9.2     9.74 C     0.7    -5.3    -1.2    94.0    53.7    85.4 -99.000 -99.000 -99.000 -99.000 -99.000    -0.1    -0.2 -9999.0 -9999.0 -9999.0
04131 20170403  2.423 -110.71   43.66     1.4   -11.2    -4.9    -3.3     4.3    17.76 C     0.4   -20.2    -5.8    94.5    38.3    74.7 -99.000 -99.000 -99.000 -99.000 -99.000     0.0    -0.2 -9999.0 -9999.0 -9999.0
04131 20170404  2.423 -110.71   43.66     3.0    -8.3    -2.7    -2.8     0.0    23.39 C    -0.3   -14.2    -6.3    85.4    25.4    56.0 -99.000 -99.000 -99.000 -99.000 -99.000    -0.1    -0.2 -9999.0 -9999.0 -9999.0
04131 20170405  2.423 -110.71   43.66     7.1    -9.9    -1.4    -1.8     0.0    20.29 C     0.7   -14.6    -5.2    84.3    35.3    62.1 -99.000 -99.000 -99.000 -99.000 -99.000    -0.1    -0.2 -9999.0 -9999.0 -9999.0
04131 20170406  2.423 -110.71   43.66    13.6    -6.0     3.8     3.6     0.0    17.91 C     0.7    -9.4    -2.6    88.9    25.8    58.6 -99.000 -99.000 -99.000 -99.000 -99.000    -0.1    -0.2 -9999.0 -9999.0 -9999.0
04131 20170407  2.423 -110.71   43.66     9.7     0.4     5.0     5.7     5.6     7.25 C     0.6    -1.5     0.0    94.0    40.6    64.3 -99.000 -99.000 -99.000 -99.000 -99.000     0.0    -0.2 -9999.0 -9999.0 -9999.0
04131 20170408  2.423 -110.71   43.66     6.1    -0.6     2.8     1.2     7.8    11.70 C     1.3    -1.9    -0.2    96.0    54.5    86.3 -99.000 -99.000 -99.000 -99.000 -99.000     0.0    -0.1 -9999.0 -9999.0 -9999.0
04131 20170409  2.423 -110.71   43.66     0.3    -3.3    -1.5    -1.4     2.6    13.11 C     0.4    -7.5    -2.2    89.8    52.2    72.6 -99.000 -99.000 -99.000 -99.000 -99.000     0.0    -0.1 -9999.0 -9999.0 -9999.0
04131 20170410  2.423 -110.71   43.66     5.1    -9.1    -2.0    -0.7     0.2    18.67 C     1.7   -13.1    -3.9    87.2    33.5    64.8 -99.000 -99.000 -99.000 -99.000 -99.000     0.0    -0.1 -9999.0 -9999.0 -9999.0
04131 20170411  2.423 -110.71   43.66     8.5    -3.9     2.3     2.7     0.0    16.16 C     2.7    -8.3    -0.8    87.3    32.3    62.7 -99.000 -99.000 -99.000 -99.000 -99.000     0.1    -0.1 -9999.0 -9999.0 -9999.0
04131 20170412  2.423 -110.71   43.66    14.1    -0.7     6.7     6.3     0.0    22.04 C    15.4    -2.7     4.0    81.9    25.9    55.8   0.225 -99.000 -99.000 -99.000 -99.000     0.6     0.8 -9999.0 -9999.0 -9999.0
04131 20170413  2.423 -110.71   43.66    18.5    -4.0     7.3     7.1     0.0    22.98 C    27.8    -3.7     8.6    88.6    12.7    52.1   0.197 -99.000 -99.000 -99.000 -99.000     3.5     4.0 -9999.0 -9999.0 -9999.0
04131 20170414  2.423 -110.71   43.66     6.0    -1.8     2.1     1.5     1.1    17.71 C    26.3    -3.8     6.0    82.0    38.2    62.4   0.169   0.138 -99.000 -99.000 -99.000     4.7     5.0 -9999.0 -9999.0 -9999.0
04131 20170415  2.423 -110.71   43.66     6.1    -4.7     0.7     0.2     0.0    22.75 C    25.4    -5.2     5.6    64.9    25.0    45.3   0.152   0.128 -99.000 -99.000 -99.000     4.4     4.7 -9999.0 -9999.0 -9999.0
04131 20170416  2.423 -110.71   43.66    13.1    -7.0     3.0     3.0     0.0    24.00 C    28.9    -5.5     8.7    82.7    17.7    49.9   0.140   0.124 -99.000 -99.000 -99.000     6.1     6.2 -9999.0 -9999.0 -9999.0
04131 20170417  2.423 -110.71   43.66     8.3     0.7     4.5     4.7     0.5     7.98 C    15.2    -0.1     5.7    74.6    42.7    61.8   0.133   0.122 -99.000 -99.000 -99.000     4.9     5.4 -9999.0 -9999.0 -9999.0
04131 20170418  2.423 -110.71   43.66     8.4     1.9     5.1     4.5     7.2     8.82 C    18.9     1.9     6.8    92.7    67.1    82.2   0.160   0.133 -99.000 -99.000 -99.000     5.8     5.6 -9999.0 -9999.0 -9999.0
04131 20170419  2.423 -110.71   43.66     9.4    -3.1     3.2     3.5     2.3    19.67 C    26.4    -1.6     8.7    94.8    22.6    68.8   0.173   0.150 -99.000 -99.000 -99.000     7.5     7.5 -9999.0 -9999.0 -9999.0
04131 20170420  2.423 -110.71   43.66    10.0    -4.9     2.6     1.9     1.8    14.84 C    22.7    -3.4     6.3    93.5    29.5    70.0   0.155   0.135 -99.000 -99.000 -99.000     5.5     6.0 -9999.0 -9999.0 -9999.0
04131 20170421  2.423 -110.71   43.66     5.7    -1.3     2.2     2.0     0.9    14.59 C    22.8    -1.2     6.4    89.8    36.9    65.4   0.158   0.137 -99.000 -99.000 -99.000     5.9     6.2 -9999.0 -9999.0 -9999.0
04131 20170422  2.423 -110.71   43.66    12.2    -5.2     3.5     3.3     0.0    25.87 C    28.0    -4.2     9.0    89.9    28.8    61.6   0.144   0.131 -99.000 -99.000 -99.000     7.4     7.5 -9999.0 -9999.0 -9999.0
04131 20170423  2.423 -110.71   43.66    13.0    -2.7     5.1     4.6     0.0    12.98 C    24.0    -1.9     7.3    87.4    29.6    61.5   0.134   0.125 -99.000 -99.000 -99.000     6.3     7.0 -9999.0 -9999.0 -9999.0
04131 20170424  2.423 -110.71   43.66     5.5    -1.0     2.3     2.3     4.9     9.43 C    13.3     0.3     5.4    94.3    69.5    86.3   0.149   0.127 -99.000 -99.000 -99.000     5.5     5.9 -9999.0 -9999.0 -9999.0
04131 20170425  2.423 -110.71   43.66     9.3    -0.2     4.5     2.4     4.3    15.49 C    25.8     0.2     7.4    95.0    34.4    80.5   0.163   0.140 -99.000 -99.000 -99.000     6.7     6.7 -9999.0 -9999.0 -9999.0
04131 20170426  2.423 -110.71   43.66     5.4    -0.1     2.7     1.7     6.2    11.00 C    16.7    -0.7     4.7    93.9    59.0    82.1   0.179   0.150 -99.000 -99.000 -99.000     5.2     5.7 -9999.0 -9999.0 -9999.0
04131 20170427  2.423 -110.71   43.66     3.5    -1.4     1.0     0.4    16.5    20.62 C     6.5    -2.1     0.7    95.6    48.7    79.9   0.198   0.166 -99.000 -99.000 -99.000     1.7     2.5 -9999.0 -9999.0 -9999.0
04131 20170428  2.423 -110.71   43.66     5.0    -2.6     1.2     0.8     3.1    12.34 C    11.3    -3.9     2.0    93.6    39.9    67.3   0.186   0.154 -99.000 -99.000 -99.000     2.8     3.0 -9999.0 -9999.0 -9999.0
04131 20170429  2.423 -110.71   43.66     7.9    -4.3     1.8     1.6     0.0    26.00 C    27.4    -4.3     7.6    81.9    23.6    52.6   0.164   0.139 -99.000 -99.000 -99.000     6.1     5.9 -9999.0 -9999.0 -9999.0
04131 20170430  2.423 -110.71   43.66     9.7    -5.3     2.2     2.8     0.4    18.01 C    29.3    -3.4     7.6    88.5    35.2    64.9   0.143   0.130 -99.000 -99.000 -99.000     6.1     6.5 -9999.0 -9999.0 -9999.0
04131 20170501  2.423 -110.71   43.66    10.2     1.4     5.8     5.4     0.0    23.42 C    30.9     2.0    12.1    93.0    30.4    56.7   0.140   0.128 -99.000 -99.000 -99.000     9.3     9.3 -9999.0 -9999.0 -9999.0
04131 20170502  2.423 -110.71   43.66    12.0     0.5     6.3     5.9     4.9    22.27 C    32.9     1.9    12.7    95.1    28.0    63.5   0.139   0.125 -99.000 -99.000 -99.000    10.1    10.4 -9999.0 -9999.0 -9999.0
04131 20170503  2.423 -110.71   43.66    14.8    -3.4     5.7     5.6     0.0    27.74 C    29.8    -1.7    11.9    95.2    17.6    59.1   0.147   0.132 -99.000 -99.000 -99.000    10.1    10.5 -9999.0 -9999.0 -9999.0
04131 20170504  2.423 -110.71   43.66    20.3    -2.0     9.1     9.0     0.0    28.02 C    36.1    -0.6    15.2    86.3    20.0    51.3   0.128   0.124 -99.000 -99.000 -99.000    12.0    12.2 -9999.0 -9999.0 -9999.0
04131 20170505  2.423 -110.71   43.66    23.6    -1.4    11.1    10.8     0.0    27.53 C    39.0     0.3    16.9    88.7    15.2    51.7   0.116   0.118 -99.000 -99.000 -99.000    13.4    13.6 -9999.0 -9999.0 -9999.0
04131 20170506  2.423 -110.71   43.66    22.7     1.3    12.0    10.8     0.0    17.94 C    38.6     2.9    14.9    86.8    19.8    55.6   0.106   0.111 -99.000 -99.000 -99.000    12.6    13.3 -9999.0 -9999.0 -9999.0
04131 20170507  2.423 -110.71   43.66    18.2     3.8    11.0    10.6     0.0    20.42 C    37.8     5.0    15.5    86.7    25.0    57.7   0.101   0.106 -99.000 -99.000 -99.000    13.0    13.4 -9999.0 -9999.0 -9999.0
04131 20170508  2.423 -110.71   43.66    18.9     0.5     9.7     9.1     1.1    20.55 C    40.0     1.6    15.6    89.8    26.8    64.5   0.094   0.101 -99.000 -99.000 -99.000    13.0    13.3 -9999.0 -9999.0 -9999.0
04131 20170509  2.423 -110.71   43.66    15.9     1.6     8.8     8.0     0.4    19.46 C    36.8     2.4    13.6    94.7    36.3    71.1   0.092   0.096 -99.000 -99.000 -99.000    12.5    13.0 -9999.0 -9999.0 -9999.0
04131 20170510  2.423 -110.71   43.66    19.1    -1.9     8.6     8.5     0.0    28.73 C    40.5    -0.7    16.6    91.8    14.6    54.9   0.086   0.093 -99.000 -99.000 -99.000    13.7    13.7 -9999.0 -9999.0 -9999.0
04131 20170511  2.423 -110.71   43.66    21.4    -1.2    10.1    10.3     0.0    27.91 C    43.5     0.4    18.6    88.4    17.5    51.8   0.076   0.086 -99.000 -99.000 -99.000    15.1    15.2 -9999.0 -9999.0 -9999.0
04131 20170512  2.423 -110.71   43.66    23.1     1.1    12.1    12.2     0.0    21.60 C    41.8     2.8    17.7    85.3    18.1    48.0   0.063   0.079 -99.000 -99.000 -99.000    14.8    15.2 -9999.0 -9999.0 -9999.0
04131 20170513  2.423 -110.71   43.66    13.2    -2.6     5.3     4.5     0.0    20.86 C    36.8    -0.1    12.5    92.0    29.4    57.0   0.055   0.071 -99.000 -99.000 -99.000    12.3    13.4 -9999.0 -9999.0 -9999.0
04131 20170514  2.423 -110.71   43.66    13.6    -3.7     4.9     5.5     0.0    21.81 C    35.2    -2.0    13.9    80.7    18.4    46.1   0.048   0.066 -99.000 -99.000 -99.000    12.1    12.7 -9999.0 -9999.0 -9999.0
04131 20170515  2.423 -110.71   43.66    15.7     0.7     8.2     8.3     0.0    20.45 C    36.8     2.0    15.3    84.4    14.5    46.2   0.041   0.062 -99.000 -99.000 -99.000    13.1    13.6 -9999.0 -9999.0 -9999.0
04131 20170516  2.423 -110.71   43.66    12.9    -3.1     4.9     5.1     3.0    17.96 C    36.4    -1.3    12.9    93.1    24.4    63.6   0.035   0.057 -99.000 -99.000 -99.000    12.0    12.7 -9999.0 -9999.0 -9999.0
04131 20170517  2.423 -110.71   43.66     3.3    -2.5     0.4     0.4     3.8    12.24 C    18.1     0.1     6.1    93.4    41.5    69.8   0.080   0.069 -99.000 -99.000 -99.000     7.6     9.1 -9999.0 -9999.0 -9999.0
04131 20170518  2.423 -110.71   43.66     8.1    -2.8     2.7     2.0     0.9     9.59 C    16.4    -1.6     5.1    89.9    46.6    68.8   0.078   0.074 -99.000 -99.000 -99.000     6.3     7.4 -9999.0 -9999.0 -9999.0
04131 20170519  2.423 -110.71   43.66    10.5    -3.5     3.5     3.6     0.0    16.93 C    27.2    -2.6     8.8    87.7    38.4    62.2   0.072   0.074 -99.000 -99.000 -99.000     8.2     8.5 -9999.0 -9999.0 -9999.0
04131 20170520  2.423 -110.71   43.66    13.3    -2.0     5.7     6.1     0.0    18.07 C    32.7    -1.0    11.7    95.1    33.2    68.0   0.065   0.072 -99.000 -99.000 -99.000    10.4    10.7 -9999.0 -9999.0 -9999.0
04131 20170521  2.423 -110.71   43.66    15.4    -0.5     7.4     7.7     0.0    29.95 C    38.0     0.9    16.2    91.9    20.8    56.2   0.060   0.070 -99.000 -99.000 -99.000    14.1    13.8 -9999.0 -9999.0 -9999.0
04131 20170522  2.423 -110.71   43.66    17.0    -1.3     7.8     8.0     0.0    21.70 C    43.2     0.7    14.8    85.4    23.4    52.8   0.051   0.064 -99.000 -99.000 -99.000    13.2    13.6 -9999.0 -9999.0 -9999.0
04131 20170523  2.423 -110.71   43.66    20.4    -1.9     9.3     9.6     0.0    29.47 C    43.2     0.2    18.7    89.6    21.5    54.6   0.044   0.059 -99.000 -99.000 -99.000    15.4    15.3 -9999.0 -9999.0 -9999.0
04131 20170524  2.423 -110.71   43.66    21.7    -0.5    10.6    11.9     0.0    25.32 C    41.7     1.1    17.7    92.5    14.5    43.8   0.034   0.053 -99.000 -99.000 -99.000    15.4    15.9 -9999.0 -9999.0 -9999.0
04131 20170525  2.423 -110.71   43.66    12.3    -1.8     5.2     7.9     0.0    22.28 C    39.2     0.1    15.5    62.3    19.9    33.9   0.028   0.048 -99.000 -99.000 -99.000    14.3    15.0 -9999.0 -9999.0 -9999.0
04131 20170526  2.423 -110.71   43.66     8.4    -0.2     4.1     3.2     7.5     9.87 C    20.1     1.9     7.8    94.5    64.9    81.8   0.054   0.061 -99.000 -99.000 -99.000     9.8    11.3 -9999.0 -9999.0 -9999.0
04131 20170527  2.423 -110.71   43.66    15.1    -2.3     6.4     6.1     0.0    23.29 C    31.5    -1.2    12.3    95.3    29.3    65.9   0.073   0.076 -99.000 -99.000 -99.000    11.4    12.0 -9999.0 -9999.0 -9999.0
04131 20170528  2.423 -110.71   43.66    19.3    -0.6     9.4     9.8     0.0    29.24 C    41.1     1.0    17.8    92.2    22.8    55.2   0.063   0.070 -99.000 -99.000 -99.000    15.0    15.0 -9999.0 -9999.0 -9999.0
04131 20170529  2.423 -110.71   43.66    19.4     0.0     9.7    10.1     0.0    25.05 C    43.9     2.6    17.8    90.7    19.7    53.5   0.052   0.062 -99.000 -99.000 -99.000    15.7    16.3 -9999.0 -9999.0 -9999.0
04131 20170530  2.423 -110.71   43.66    22.8     0.1    11.5    11.7     0.0    27.83 C    45.7     1.9    20.3    89.6    15.8    50.8   0.043   0.054 -99.000 -99.000 -99.000    17.1    17.4 -9999.0 -9999.0 -9999.0
04131 20170531  2.423 -110.71   43.66    25.3     0.6    13.0    12.7     0.0    26.10 C    48.5     3.1    21.1    89.6    16.4    52.7   0.032   0.048 -99.000 -99.000 -99.000    18.1    18.6 -9999.0 -9999.0 -9999.0
04131 20170601  2.423 -110.71   43.66    22.7     2.4    12.5    12.7     0.5    22.54 C    47.5     4.7    20.0    90.9    22.6    55.3   0.025   0.043 -99.000 -99.000 -99.000    17.5    18.3 -9999.0 -9999.0 -9999.0
04131 20170602  2.423 -110.71   43.66    20.0     3.8    11.9    12.5     0.0    30.04 C    45.6     5.4    22.8    91.8    27.3    57.5   0.024   0.041 -99.000 -99.000 -99.000    19.3    19.8 -9999.0 -9999.0 -9999.0
04131 20170603  2.423 -110.71   43.66    23.8     0.9    12.3    13.2     0.0    29.06 C    49.2     3.5    23.5    90.8    17.3    52.2   0.021   0.039 -99.000 -99.000 -99.000    19.7    20.4 -9999.0 -9999.0 -9999.0
04131 20170604  2.423 -110.71   43.66    27.3     2.8    15.0    15.1     0.0    28.12 C    51.3     5.7    24.9    89.0    17.4    49.9   0.021   0.039 -99.000 -99.000 -99.000    20.9    21.5 -9999.0 -9999.0 -9999.0
04131 20170605  2.423 -110.71   43.66    23.1     4.1    13.6    14.4     0.0    29.07 C    49.7     7.9    25.0    89.6    21.5    52.4   0.020   0.036 -99.000 -99.000 -99.000    21.6    22.4 -9999.0 -9999.0 -9999.0
04131 20170606  2.423 -110.71   43.66    25.2     0.4    12.8    13.0     0.0    25.41 C    51.5     3.7    22.6    91.7    21.5    55.3   0.016   0.034 -99.000 -99.000 -99.000    20.2    21.4 -9999.0 -9999.0 -9999.0
04131 20170607  2.423 -110.71   43.66    27.6     6.1    16.8    15.5     0.0    24.70 C    51.8     8.0    25.0    90.7    20.8    54.7   0.015   0.032 -99.000 -99.000 -99.000    21.8    22.3 -9999.0 -9999.0 -9999.0
04131 20170608  2.423 -110.71   43.66    26.9     4.8    15.8    15.8     0.0    27.72 C    49.5     6.8    25.1    87.7    12.6    46.8   0.012   0.031 -99.000 -99.000 -99.000    21.5    22.6 -9999.0 -9999.0 -9999.0
04131 20170609  2.423 -110.71   43.66    20.5     4.7    12.6    12.2     6.8    16.97 C    45.9     6.9    19.6    91.4    27.3    52.3   0.017   0.029 -99.000 -99.000 -99.000    18.4    20.5 -9999.0 -9999.0 -9999.0
04131 20170610  2.423 -110.71   43.66    11.8     5.0     8.4     7.5     0.0    10.40 C    19.9     7.4    12.1    89.6    52.0    74.9   0.048   0.043 -99.000 -99.000 -99.000    12.6    15.1 -9999.0 -9999.0 -9999.0
04131 20170611  2.423 -110.71   43.66    18.7     2.8    10.7    10.3     0.4    22.44 C    36.9     4.7    16.6    94.2    39.6    67.2   0.050   0.048 -99.000 -99.000 -99.000    15.5    16.4 -9999.0 -9999.0 -9999.0
04131 20170612  2.423 -110.71   43.66    18.4     0.7     9.5     8.7     6.0    12.65 C    31.8     3.9    12.8    94.5    45.2    75.2   0.056   0.049 -99.000 -99.000 -99.000    13.2    15.1 -9999.0 -9999.0 -9999.0
04131 20170613  2.423 -110.71   43.66     6.6     1.8     4.2     4.4    16.6     5.94 C    10.7     4.3     7.5    94.1    79.6    87.8   0.118   0.101 -99.000 -99.000 -99.000     8.5    10.1 -9999.0 -9999.0 -9999.0
04131 20170614  2.423 -110.71   43.66    16.8     4.2    10.5    10.0     0.0    24.85 C    31.9     4.6    15.2    87.2    31.0    58.3   0.122   0.126 -99.000 -99.000 -99.000    13.3    13.9 -9999.0 -9999.0 -9999.0
04131 20170615  2.423 -110.71   43.66    20.5     4.5    12.5    13.9     0.0    21.28 C    31.2     5.7    17.5    82.3    29.2    48.9   0.099   0.113 -99.000 -99.000 -99.000    14.8    16.1 -9999.0 -9999.0 -9999.0
04131 20170616  2.423 -110.71   43.66    18.7    11.0    14.8    14.9    20.4    15.23 C    35.5    11.0    17.4    89.0    39.8    56.4   0.108   0.123 -99.000 -99.000 -99.000    15.5    16.7 -9999.0 -9999.0 -9999.0
04131 20170617  2.423 -110.71   43.66    16.6     7.8    12.2    11.9     1.5    20.47 C    32.4    10.0    17.1    91.4    32.2    65.5   0.147   0.143 -99.000 -99.000 -99.000    15.8    17.0 -9999.0 -9999.0 -9999.0
04131 20170618  2.423 -110.71   43.66    19.9     3.4    11.6    12.9     0.0    22.26 C    34.3     5.8    17.9    89.3    37.0    58.4   0.125   0.127 -99.000 -99.000 -99.000    15.8    17.1 -9999.0 -9999.0 -9999.0
04131 20170619  2.423 -110.71   43.66    24.4     5.1    14.7    14.7     0.0    30.17 C    41.0     7.3    21.8    93.0    24.1    60.2   0.113   0.121 -99.000 -99.000 -99.000    18.4    19.6 -9999.0 -9999.0 -9999.0
04131 20170620  2.423 -110.71   43.66    26.8     6.0    16.4    15.2     0.4    24.36 C    40.9     8.6    21.3    92.1    30.2    64.2   0.102   0.114 -99.000 -99.000 -99.000    18.2    19.8 -9999.0 -9999.0 -9999.0
04131 20170621  2.423 -110.71   43.66    26.6     5.5    16.1    16.1     0.0    29.68 C    44.6     8.1    23.5    94.2    22.9    58.6   0.093   0.110 -99.000 -99.000 -99.000    19.9    21.1 -9999.0 -9999.0 -9999.0
04131 20170622  2.423 -110.71   43.66    20.8     5.1    13.0    13.8     0.0    31.37 C    44.0     8.1    23.0    89.5     9.0    43.3   0.083   0.105 -99.000 -99.000 -99.000    20.0    21.8 -9999.0 -9999.0 -9999.0
04131 20170623  2.423 -110.71   43.66    20.5     2.1    11.3    11.7     0.0    31.27 C    44.4     5.6    22.1    81.9    14.7    45.2   0.074   0.098 -99.000 -99.000 -99.000    19.6    21.6 -9999.0 -9999.0 -9999.0
04131 20170624  2.423 -110.71   43.66    22.5     0.9    11.7    12.2     0.0    29.91 C    47.1     5.0    22.4    90.5    21.1    51.8   0.065   0.094 -99.000 -99.000 -99.000    19.7    21.6 -9999.0 -9999.0 -9999.0
04131 20170625  2.423 -110.71   43.66    24.9     4.1    14.5    14.4     0.0    30.50 C    47.7     6.9    24.2    83.6    19.5    51.4   0.054   0.089 -99.000 -99.000 -99.000    20.8    22.4 -9999.0 -9999.0 -9999.0
04131 20170626  2.423 -110.71   43.66    27.3     4.3    15.8    16.3     0.0    29.90 C    50.3     7.3    25.8    87.7    18.0    52.6   0.043   0.085 -99.000 -99.000 -99.000    21.8    23.0 -9999.0 -9999.0 -9999.0
04131 20170627  2.423 -110.71   43.66    21.1     7.8    14.4    14.3     2.4    19.88 C    40.1     9.9    20.4    87.1    37.9    62.7   0.039   0.079 -99.000 -99.000 -99.000    19.4    21.6 -9999.0 -9999.0 -9999.0
04131 20170628  2.423 -110.71   43.66    17.5     3.3    10.4    10.5     3.6    17.66 C    32.3     6.8    16.0    94.2    41.3    72.3   0.051   0.077 -99.000 -99.000 -99.000    16.2    18.2 -9999.0 -9999.0 -9999.0
04131 20170629  2.423 -110.71   43.66    14.1     2.4     8.2     8.3     0.5    16.64 C    29.2     5.3    13.4    94.8    49.6    74.1   0.056   0.077 -99.000 -99.000 -99.000    14.0    16.0 -9999.0 -9999.0 -9999.0
04131 20170630  2.423 -110.71   43.66    21.6    -0.3    10.6    10.7     0.0    30.22 C    41.1     2.6    19.5    95.0    23.6    62.9   0.053   0.078 -99.000 -99.000 -99.000    17.6    18.4 -9999.0 -9999.0 -9999.0
04131 20170701  2.423 -110.71   43.66    24.9     2.0    13.4    14.4     0.0    30.34 C    46.4     5.2    23.4    92.9    18.8    53.9   0.044   0.076 -99.000 -99.000 -99.000    20.2    21.2 -9999.0 -9999.0 -9999.0
04131 20170702  2.423 -110.71   43.66    22.6     5.9    14.2    13.6     0.8    16.18 C    43.2     8.7    19.2    90.5    31.2    65.8   0.036   0.071 -99.000 -99.000 -99.000    18.3    20.0 -9999.0 -9999.0 -9999.0
04131 20170703  2.423 -110.71   43.66    27.8     5.8    16.8    16.6     0.0    29.54 C    48.5     7.5    24.7    92.5    13.9    54.9   0.035   0.070 -99.000 -99.000 -99.000    20.9    21.6 -9999.0 -9999.0 -9999.0
04131 20170704  2.423 -110.71   43.66    28.8     5.9    17.4    17.6     0.0    29.86 C    51.5     8.4    26.4    87.0    13.0    49.0   0.031   0.068 -99.000 -99.000 -99.000    22.6    23.2 -9999.0 -9999.0 -9999.0
04131 20170705  2.423 -110.71   43.66    30.8     5.5    18.2    18.4     0.8    23.23 C    53.2     9.2    25.2    89.3    17.5    49.1   0.025   0.061 -99.000 -99.000 -99.000    22.3    23.4 -9999.0 -9999.0 -9999.0
04131 20170706  2.423 -110.71   43.66    30.1     8.6    19.4    19.5     0.0    29.03 C    51.0    10.0    27.6    82.7    15.9    47.9   0.024   0.058 -99.000 -99.000 -99.000    23.5    24.1 -9999.0 -9999.0 -9999.0
04131 20170707  2.423 -110.71   43.66    28.9     7.0    17.9    17.7     0.0    23.30 C    49.2    10.0    25.6    84.1    19.7    51.0   0.021   0.053 -99.000 -99.000 -99.000    22.9    24.1 -9999.0 -9999.0 -9999.0
04131 20170708  2.423 -110.71   43.66    30.5     6.6    18.6    19.3     0.0    27.09 C    54.9     9.7    28.2    89.9    14.3    49.3   0.022   0.051 -99.000 -99.000 -99.000    24.4    24.8 -9999.0 -9999.0 -9999.0
04131 20170709  2.423 -110.71   43.66    29.1     7.6    18.3    18.4     1.9    18.27 C    49.0    11.1    25.1    87.4    20.8    54.0   0.016   0.047 -99.000 -99.000 -99.000    22.8    23.9 -9999.0 -9999.0 -9999.0
04131 20170710  2.423 -110.71   43.66    28.0     9.6    18.8    17.8     0.0    25.25 C    49.2    12.5    25.6    94.4    23.4    61.4   0.021   0.047 -99.000 -99.000 -99.000    23.3    24.2 -9999.0 -9999.0 -9999.0
04131 20170711  2.423 -110.71   43.66    27.1     6.4    16.8    17.0     0.0    29.20 C    51.9     9.1    26.7    87.0    19.2    50.6   0.018   0.045 -99.000 -99.000 -99.000    23.6    24.6 -9999.0 -9999.0 -9999.0
04131 20170712  2.423 -110.71   43.66    27.8     5.6    16.7    16.6     0.0    29.69 C    52.7     8.6    27.3    87.1    18.4    49.8   0.013   0.043 -99.000 -99.000 -99.000    24.2    25.1 -9999.0 -9999.0 -9999.0
04131 20170713  2.423 -110.71   43.66    30.1     4.8    17.5    17.6     0.0    27.76 C    55.4     8.5    28.2    89.9    14.6    49.8   0.011   0.042 -99.000 -99.000 -99.000    24.9    25.6 -9999.0 -9999.0 -9999.0
04131 20170714  2.423 -110.71   43.66    30.6     7.6    19.1    18.7     0.0    20.68 C    53.9    10.9    26.8    81.9    10.5    45.4   0.009   0.040 -99.000 -99.000 -99.000    24.5    25.2 -9999.0 -9999.0 -9999.0
04131 20170715  2.423 -110.71   43.66    30.2     6.9    18.6    19.9     0.2    25.71 C    55.8    10.5    29.2    86.1    18.2    46.1   0.007   0.039 -99.000 -99.000 -99.000    25.6    25.9 -9999.0 -9999.0 -9999.0
04131 20170716  2.423 -110.71   43.66    28.7     7.0    17.9    17.3     0.4    21.38 C    51.9    10.5    25.2    90.7    22.5    56.2   0.006   0.037 -99.000 -99.000 -99.000    23.7    24.9 -9999.0 -9999.0 -9999.0
04131 20170717  2.423 -110.71   43.66    27.5     5.3    16.4    14.8     1.0    18.91 C    50.7     8.3    21.3    91.0    21.5    61.1   0.006   0.035 -99.000 -99.000 -99.000    20.9    22.3 -9999.0 -9999.0 -9999.0
04131 20170718  2.423 -110.71   43.66    28.7     5.6    17.1    16.6     0.0    24.89 C    52.9     6.1    24.8    95.6    19.6    60.0   0.007   0.034 -99.000 -99.000 -99.000    22.2    22.5 -9999.0 -9999.0 -9999.0
04131 20170719  2.423 -110.71   43.66    30.7     8.0    19.3    18.2     0.0    27.59 C    54.5     9.7    28.2    86.7    11.7    49.0   0.005   0.035 -99.000 -99.000 -99.000    24.8    24.9 -9999.0 -9999.0 -9999.0
04131 20170720  2.423 -110.71   43.66    29.0     6.2    17.6    15.7     7.8    20.58 C    55.1     9.9    23.5    95.3    29.8    66.9   0.019   0.051 -99.000 -99.000 -99.000    21.9    23.3 -9999.0 -9999.0 -9999.0
04131 20170721  2.423 -110.71   43.66    26.7     7.9    17.3    16.2     0.0    28.35 C    45.0     9.4    24.0    95.4    12.4    56.1   0.037   0.073 -99.000 -99.000 -99.000    21.8    23.1 -9999.0 -9999.0 -9999.0
04131 20170722  2.423 -110.71   43.66    28.4     3.4    15.9    16.2     0.0    28.87 C    49.4     7.7    25.7    82.7    14.0    45.5   0.032   0.068 -99.000 -99.000 -99.000    22.6    24.1 -9999.0 -9999.0 -9999.0
04131 20170723  2.423 -110.71   43.66    28.5     5.3    16.9    16.0     0.0    23.32 C    48.2     9.3    24.5    85.1    18.7    52.9   0.028   0.063 -99.000 -99.000 -99.000    22.2    23.9 -9999.0 -9999.0 -9999.0
04131 20170724  2.423 -110.71   43.66    29.7     5.8    17.8    17.9     0.0    25.28 C    52.1     9.1    26.7    87.3    12.8    46.8   0.024   0.059 -99.000 -99.000 -99.000    23.6    24.7 -9999.0 -9999.0 -9999.0
04131 20170725  2.423 -110.71   43.66    17.9     9.3    13.6    13.6     2.0     6.26 C    26.2    13.4    17.8    91.2    53.4    74.7   0.020   0.054 -99.000 -99.000 -99.000    18.7    21.0 -9999.0 -9999.0 -9999.0
04131 20170726  2.423 -110.71   43.66    22.6     7.4    15.0    15.4     0.0    15.76 C    39.2     9.6    20.3    95.2    41.4    71.9   0.030   0.052 -99.000 -99.000 -99.000    19.2    20.0 -9999.0 -9999.0 -9999.0
04131 20170727  2.423 -110.71   43.66    23.2     6.5    14.9    14.8     0.3    19.49 C    44.9     8.6    21.0    93.1    35.3    68.2   0.029   0.051 -99.000 -99.000 -99.000    19.8    20.8 -9999.0 -9999.0 -9999.0
04131 20170728  2.423 -110.71   43.66    26.3     4.5    15.4    16.0     0.0    26.87 C    51.8     6.9    25.4    94.4    19.5    58.3   0.026   0.051 -99.000 -99.000 -99.000    22.2    22.5 -9999.0 -9999.0 -9999.0
04131 20170729  2.423 -110.71   43.66    27.9     6.6    17.2    17.5     0.0    25.51 C    52.8    10.0    26.8    90.9    17.3    53.2   0.020   0.050 -99.000 -99.000 -99.000    23.7    24.4 -9999.0 -9999.0 -9999.0
04131 20170730  2.423 -110.71   43.66    27.3     6.1    16.7    16.5     0.0    21.09 C    48.6     9.1    24.2    89.2    14.6    52.0   0.017   0.049 -99.000 -99.000 -99.000    22.4    23.4 -9999.0 -9999.0 -9999.0
04131 20170731  2.423 -110.71   43.66    30.0     5.8    17.9    17.9     0.0    27.40 C    53.3     8.3    27.3    85.8    12.3    46.4   0.019   0.047 -99.000 -99.000 -99.000    24.0    24.3 -9999.0 -9999.0 -9999.0
04131 20170801  2.423 -110.71   43.66    30.0     6.8    18.4    17.8     0.0    21.61 C    48.2     9.9    25.5    79.7    13.6    43.6   0.014   0.046 -99.000 -99.000 -99.000    23.5    24.3 -9999.0 -9999.0 -9999.0
04131 20170802  2.423 -110.71   43.66    29.3     5.8    17.5    17.5     0.0    27.36 C    53.1     8.6    27.0    75.8     5.4    37.7   0.009   0.045 -99.000 -99.000 -99.000    24.3    24.6 -9999.0 -9999.0 -9999.0
04131 20170803  2.423 -110.71   43.66    28.6     6.4    17.5    17.3     0.0    26.41 C    52.2     9.6    27.3    83.2     9.9    47.0   0.006   0.043 -99.000 -99.000 -99.000    24.8    25.2 -9999.0 -9999.0 -9999.0
04131 20170804  2.423 -110.71   43.66    28.9     4.8    16.8    16.6     0.0    25.61 C    52.1     8.4    26.3    89.5    14.2    46.7   0.005   0.041 -99.000 -99.000 -99.000    24.4    24.9 -9999.0 -9999.0 -9999.0
04131 20170805  2.423 -110.71   43.66    27.0     4.3    15.6    16.3     0.0    24.57 C    50.2     7.9    25.4    76.6    14.5    40.8   0.005   0.039 -99.000 -99.000 -99.000    23.8    24.4 -9999.0 -9999.0 -9999.0
04131 20170806  2.423 -110.71   43.66    26.2     7.9    17.1    16.4     0.0    24.32 C    48.8     9.9    25.4    79.8     8.4    44.9   0.004   0.037 -99.000 -99.000 -99.000    23.9    24.4 -9999.0 -9999.0 -9999.0
04131 20170807  2.423 -110.71   43.66    22.2     6.5    14.4    13.7     0.0    13.91 C    36.2     9.0    20.2    84.9    34.8    61.2   0.004   0.033 -99.000 -99.000 -99.000    20.9    22.4 -9999.0 -9999.0 -9999.0
04131 20170808  2.423 -110.71   43.66    17.7     5.3    11.5    11.3     6.3    13.04 C    30.6     8.0    16.4    91.8    47.5    77.0   0.021   0.046 -99.000 -99.000 -99.000    17.8    19.5 -9999.0 -9999.0 -9999.0
04131 20170809  2.423 -110.71   43.66    23.2     4.6    13.9    12.5     1.4    18.92 C    41.1     7.0    18.9    93.8    21.1    70.0   0.033   0.056 -99.000 -99.000 -99.000    18.4    19.5 -9999.0 -9999.0 -9999.0
04131 20170810  2.423 -110.71   43.66    23.5     2.9    13.2    12.5     0.0    25.32 C    41.7     5.7    20.5    95.5    17.3    66.5   0.033   0.055 -99.000 -99.000 -99.000    19.5    20.3 -9999.0 -9999.0 -9999.0
04131 20170811  2.423 -110.71   43.66    25.3     4.4    14.8    13.7     0.0    18.63 C    42.7     6.9    20.0    89.2    21.1    58.5   0.028   0.054 -99.000 -99.000 -99.000    19.3    20.3 -9999.0 -9999.0 -9999.0
04131 20170812  2.423 -110.71   43.66    25.8     5.1    15.5    15.0     0.0    21.60 C    47.4     7.7    22.5    90.8    21.2    57.1   0.028   0.058 -99.000 -99.000 -99.000    20.8    21.4 -9999.0 -9999.0 -9999.0
04131 20170813  2.423 -110.71   43.66    25.5     4.8    15.1    15.8     0.0    16.01 C    38.7     8.3    21.4    90.6    21.3    53.2   0.023   0.065 -99.000 -99.000 -99.000    20.1    21.3 -9999.0 -9999.0 -9999.0
04131 20170814  2.423 -110.71   43.66    17.6     7.8    12.7    12.4     0.0     8.45 C    28.2    10.4    16.7    88.8    46.0    69.0   0.018   0.061 -99.000 -99.000 -99.000    17.5    19.5 -9999.0 -9999.0 -9999.0
04131 20170815  2.423 -110.71   43.66    20.5     5.5    13.0    12.7     0.0    19.54 C    43.3     6.7    20.2    93.5    30.3    62.2   0.016   0.059 -99.000 -99.000 -99.000    19.2    19.9 -9999.0 -9999.0 -9999.0
04131 20170816  2.423 -110.71   43.66    24.6     2.7    13.7    12.9     0.0    23.42 C    47.0     4.8    21.3    89.4    17.6    54.7   0.015   0.059 -99.000 -99.000 -99.000    20.1    20.9 -9999.0 -9999.0 -9999.0
04131 20170817  2.423 -110.71   43.66    25.3     2.8    14.1    13.8     0.0    25.21 C    48.7     5.3    22.8    87.1    16.6    48.7   0.017   0.059 -99.000 -99.000 -99.000    21.2    22.0 -9999.0 -9999.0 -9999.0
04131 20170818  2.423 -110.71   43.66    26.8     3.0    14.9    14.3     0.0    25.46 C    49.2     5.6    23.4    85.5    12.8    45.8   0.014   0.057 -99.000 -99.000 -99.000    21.8    22.6 -9999.0 -9999.0 -9999.0
04131 20170819  2.423 -110.71   43.66    27.3     2.9    15.1    14.3     0.0    24.87 C    48.6     5.8    23.1    80.2     8.3    42.3   0.010   0.055 -99.000 -99.000 -99.000    22.0    22.8 -9999.0 -9999.0 -9999.0
04131 20170820  2.423 -110.71   43.66    26.6     4.1    15.3    14.9     0.0    24.34 C    48.3     6.9    23.3    73.5    10.4    37.0   0.006   0.053 -99.000 -99.000 -99.000    22.1    22.9 -9999.0 -9999.0 -9999.0
04131 20170821  2.423 -110.71   43.66    26.1     2.2    14.1    13.2     0.0    21.26 C    46.7     5.9    21.2    76.7    10.5    43.2   0.005   0.051 -99.000 -99.000 -99.000    20.9    21.9 -9999.0 -9999.0 -9999.0
04131 20170822  2.423 -110.71   43.66    29.1     2.4    15.7    14.6     0.0    24.63 C    49.8     5.2    23.3    84.5     7.8    43.6   0.004   0.049 -99.000 -99.000 -99.000    22.1    22.5 -9999.0 -9999.0 -9999.0
04131 20170823  2.423 -110.71   43.66    25.6     3.3    14.5    13.5     0.4    15.03 C    45.8     6.2    19.2    91.9    27.9    55.6   0.005   0.045 -99.000 -99.000 -99.000    19.8    21.3 -9999.0 -9999.0 -9999.0
04131 20170824  2.423 -110.71   43.66    24.7     4.3    14.5    14.4     0.0    15.06 C    41.7     6.1    19.4    94.2    24.6    60.4   0.005   0.043 -99.000 -99.000 -99.000    19.3    20.2 -9999.0 -9999.0 -9999.0
04131 20170825  2.423 -110.71   43.66    25.2     5.0    15.1    14.4     0.0    19.26 C    46.0     6.2    21.1    89.6    24.1    56.4   0.004   0.042 -99.000 -99.000 -99.000    20.5    21.1 -9999.0 -9999.0 -9999.0
04131 20170826  2.423 -110.71   43.66    28.2     3.4    15.8    15.5     0.0    23.88 C    49.2     5.8    23.2    89.8    12.9    46.6   0.003   0.040 -99.000 -99.000 -99.000    22.0    22.2 -9999.0 -9999.0 -9999.0
04131 20170827  2.423 -110.71   43.66    29.3     2.8    16.1    15.2     0.0    23.29 C    48.9     5.6    23.4    83.0    12.5    45.5   0.004   0.039 -99.000 -99.000 -99.000    22.4    22.6 -9999.0 -9999.0 -9999.0
04131 20170828  2.423 -110.71   43.66    30.0     4.3    17.2    16.1     0.0    22.90 C    49.3     6.5    23.7    78.9     8.3    42.7   0.004   0.037 -99.000 -99.000 -99.000    22.6    23.0 -9999.0 -9999.0 -9999.0
04131 20170829  2.423 -110.71   43.66    27.3     5.4    16.3    16.0     1.1    18.37 C    48.3     7.2    20.9    77.9    16.3    45.0   0.002   0.034 -99.000 -99.000 -99.000    20.7    21.8 -9999.0 -9999.0 -9999.0
04131 20170830  2.423 -110.71   43.66    26.0     5.7    15.9    15.5     0.3    14.24 C    44.6     8.3    19.9    80.7    22.6    54.3   0.003   0.032 -99.000 -99.000 -99.000    19.7    20.7 -9999.0 -9999.0 -9999.0
04131 20170831  2.423 -110.71   43.66    22.1     7.4    14.7    14.3     0.0    12.82 C    34.9     8.9    18.7    86.2    40.9    64.7   0.005   0.030 -99.000 -99.000 -99.000    19.0    20.0 -9999.0 -9999.0 -9999.0
04131 20170901  2.423 -110.71   43.66    26.7     5.2    15.9    14.8     0.0    22.21 C    46.4     6.3    21.9    90.3    17.6    54.6   0.005   0.032 -99.000 -99.000 -99.000    21.0    21.1 -9999.0 -9999.0 -9999.0
04131 20170902  2.423 -110.71   43.66    30.1     2.8    16.5    15.8     0.0    22.71 C    48.5     5.1    22.8    86.6    12.4    44.7   0.004   0.031 -99.000 -99.000 -99.000    21.9    22.0 -9999.0 -9999.0 -9999.0
04131 20170903  2.423 -110.71   43.66    30.8     4.2    17.5    16.0     0.0    21.68 C    48.2     6.1    22.6    76.9     7.0    40.6   0.004   0.030 -99.000 -99.000 -99.000    22.0    22.3 -9999.0 -9999.0 -9999.0
04131 20170904  2.423 -110.71   43.66    29.5     5.2    17.3    15.7     0.0    18.64 C    44.1     6.4    21.1    68.3     9.7    38.9   0.004   0.029 -99.000 -99.000 -99.000    21.1    21.8 -9999.0 -9999.0 -9999.0
04131 20170905  2.423 -110.71   43.66    25.2     3.2    14.2    13.5     0.0    19.06 C    42.3     5.3    19.9    81.3    18.7    50.6   0.004   0.026 -99.000 -99.000 -99.000    20.5    21.3 -9999.0 -9999.0 -9999.0
04131 20170906  2.423 -110.71   43.66    27.2     2.0    14.6    13.7     0.0    19.80 C    44.7     4.4    20.3    86.8    10.7    49.0   0.004   0.024 -99.000 -99.000 -99.000    20.5    21.1 -9999.0 -9999.0 -9999.0
04131 20170907  2.423 -110.71   43.66    25.9     3.6    14.7    13.4     0.0    16.87 C    39.9     5.8    19.1    78.8    12.3    48.6   0.004   0.023 -99.000 -99.000 -99.000    19.8    20.8 -9999.0 -9999.0 -9999.0
04131 20170908  2.423 -110.71   43.66    23.7     3.4    13.5    12.3     0.0    10.67 C    31.7     5.2    15.8    82.3    25.9    57.5   0.004   0.020 -99.000 -99.000 -99.000    17.3    18.7 -9999.0 -9999.0 -9999.0
04131 20170909  2.423 -110.71   43.66    26.1     5.0    15.5    15.5     0.0    19.20 C    47.7     6.0    21.9    88.7    24.2    54.3   0.004   0.019 -99.000 -99.000 -99.000    20.5    20.4 -9999.0 -9999.0 -9999.0
04131 20170910  2.423 -110.71   43.66    24.9     9.4    17.2    16.1     0.0    15.16 C    48.7    11.0    22.3    84.4    31.5    61.7   0.004   0.020 -99.000 -99.000 -99.000    21.4    21.9 -9999.0 -9999.0 -9999.0
04131 20170911  2.423 -110.71   43.66    27.3     4.8    16.1    15.0     0.0    20.74 C    45.9     6.5    21.9    93.0    21.5    59.9   0.004   0.019 -99.000 -99.000 -99.000    21.2    21.6 -9999.0 -9999.0 -9999.0
04131 20170912  2.423 -110.71   43.66    27.5     4.7    16.1    15.7     0.0    18.84 C    46.2     6.2    21.5    87.6    14.8    49.8   0.004   0.018 -99.000 -99.000 -99.000    21.0    21.7 -9999.0 -9999.0 -9999.0
04131 20170913  2.423 -110.71   43.66    24.2     8.2    16.2    14.6     4.1    16.16 C    44.5    10.2    20.1    82.3    27.7    60.1   0.012   0.018 -99.000 -99.000 -99.000    19.5    20.7 -9999.0 -9999.0 -9999.0
04131 20170914  2.423 -110.71   43.66    18.8     8.9    13.8    12.3    18.3    11.21 C    27.2     9.2    15.9    93.3    47.7    78.3   0.046   0.066 -99.000 -99.000 -99.000    16.4    17.8 -9999.0 -9999.0 -9999.0
04131 20170915  2.423 -110.71   43.66     9.2     3.6     6.4     6.8     4.6     2.85 C    14.1     5.2    10.2    92.5    66.0    84.0   0.113   0.124 -99.000 -99.000 -99.000    12.0    13.9 -9999.0 -9999.0 -9999.0
04131 20170916  2.423 -110.71   43.66     7.3    -1.5     2.9     3.5     2.1     9.43 C    17.9     1.4     7.7    93.8    45.5    77.3   0.112   0.124 -99.000 -99.000 -99.000     9.9    11.6 -9999.0 -9999.0 -9999.0
04131 20170917  2.423 -110.71   43.66    16.1    -3.8     6.1     4.2     0.0    15.69 C    26.2    -0.8     8.6    95.5    22.1    69.2   0.099   0.116 -99.000 -99.000 -99.000    10.2    11.6 -9999.0 -9999.0 -9999.0
04131 20170918  2.423 -110.71   43.66    18.6    -1.4     8.6     7.7     7.4    11.72 C    25.5     0.8    10.4    92.7    24.1    63.6   0.094   0.115 -99.000 -99.000 -99.000    10.6    12.0 -9999.0 -9999.0 -9999.0
04131 20170919  2.423 -110.71   43.66     7.5     2.3     4.9     4.0    10.6     7.14 C    13.8     0.9     6.5    92.9    46.9    72.5   0.137   0.139 -99.000 -99.000 -99.000     8.4    10.2 -9999.0 -9999.0 -9999.0
04131 20170920  2.423 -110.71   43.66    11.4     0.5     6.0     6.1     9.1     8.25 C    18.0    -0.2     7.4    90.9    38.9    59.7   0.127   0.126 -99.000 -99.000 -99.000     8.0     9.3 -9999.0 -9999.0 -9999.0
04131 20170921  2.423 -110.71   43.66     3.9     0.1     2.0     1.7    29.7     3.06 C     8.8     0.9     4.5    95.9    87.6    92.6   0.161   0.152 -99.000 -99.000 -99.000     6.2     7.2 -9999.0 -9999.0 -9999.0
04131 20170922  2.423 -110.71   43.66     9.1     0.3     4.7     3.8     0.5    10.36 C    18.6     1.8     7.5    95.7    45.7    79.1   0.141   0.133 -99.000 -99.000 -99.000     8.1     8.5 -9999.0 -9999.0 -9999.0
04131 20170923  2.423 -110.71   43.66     9.8    -1.8     4.0     4.4     0.0    12.86 C    20.8    -0.6     7.8    95.2    40.8    70.3   0.128   0.121 -99.000 -99.000 -99.000     8.7     9.4 -9999.0 -9999.0 -9999.0
04131 20170924  2.423 -110.71   43.66    10.4     0.0     5.2     4.5     2.3    12.76 C    23.0    -0.1     7.9    91.3    44.9    72.6   0.122   0.116 -99.000 -99.000 -99.000     8.5     9.6 -9999.0 -9999.0 -9999.0
04131 20170925  2.423 -110.71   43.66     8.7    -0.2     4.2     3.7     1.6    10.25 C    23.8     1.7     8.3    95.1    38.7    74.5   0.129   0.123 -99.000 -99.000 -99.000     9.1    10.0 -9999.0 -9999.0 -9999.0
04131 20170926  2.423 -110.71   43.66    12.8    -1.0     5.9     4.6     0.0    13.84 C    27.4     1.6     9.0    92.6    33.7    70.5   0.120   0.117 -99.000 -99.000 -99.000     9.7    10.4 -9999.0 -9999.0 -9999.0
04131 20170927  2.423 -110.71   43.66    15.6    -3.4     6.1     5.9     0.0    18.91 C    25.9    -1.1     9.1    91.5    27.6    61.3   0.115   0.113 -99.000 -99.000 -99.000     9.8    10.8 -9999.0 -9999.0 -9999.0
04131 20170928  2.423 -110.71   43.66    17.0    -2.6     7.2     7.1     0.0    18.71 C    27.0    -1.0     9.9    88.8    24.4    57.3   0.110   0.111 -99.000 -99.000 -99.000    10.3    11.3 -9999.0 -9999.0 -9999.0
04131 20170929  2.423 -110.71   43.66    15.4    -2.1     6.6     6.2     0.0    14.98 C    26.0    -0.2     9.8    94.4    37.7    70.8   0.106   0.109 -99.000 -99.000 -99.000    10.1    11.4 -9999.0 -9999.0 -9999.0
04131 20170930  2.423 -110.71   43.66     9.7    -0.5     4.6     4.7     9.1     6.30 C    15.8     1.1     7.7    94.5    64.6    87.2   0.117   0.113 -99.000 -99.000 -99.000     8.7    10.1 -9999.0 -9999.0 -9999.0
04131 20171001  2.423 -110.71   43.66     3.5    -1.7     0.9     1.5     3.5     5.73 C    13.0     0.4     4.9    94.5    69.2    89.2   0.145   0.140 -99.000 -99.000 -99.000     6.9     8.1 -9999.0 -9999.0 -9999.0
04131 20171002  2.423 -110.71   43.66     5.2    -2.0     1.6     0.0     3.3     7.96 C    16.6    -5.3     3.8    96.0    55.4    88.7   0.141   0.134 -99.000 -99.000 -99.000     6.3     7.0 -9999.0 -9999.0 -9999.0
04131 20171003  2.423 -110.71   43.66     6.4    -2.1     2.2     1.2     0.0    14.02 C    19.4    -0.8     5.6    93.5    43.2    74.3   0.130   0.126 -99.000 -99.000 -99.000     7.2     7.7 -9999.0 -9999.0 -9999.0
04131 20171004  2.423 -110.71   43.66     8.3    -1.2     3.6     3.4     0.7     7.73 C    13.1    -1.5     4.8    92.7    50.4    75.4   0.128   0.120 -99.000 -99.000 -99.000     6.0     6.9 -9999.0 -9999.0 -9999.0
04131 20171005  2.423 -110.71   43.66    12.5    -3.8     4.4     4.0     0.0    16.55 C    21.4    -2.2     7.2    96.1    23.8    67.9   0.125   0.120 -99.000 -99.000 -99.000     7.9     8.2 -9999.0 -9999.0 -9999.0
04131 20171006  2.423 -110.71   43.66    10.1    -1.9     4.1     4.8     0.0    13.05 C    19.9     0.1     7.1    93.9    37.6    64.5   0.120   0.115 -99.000 -99.000 -99.000     7.9     8.8 -9999.0 -9999.0 -9999.0
04131 20171007  2.423 -110.71   43.66    15.4     3.6     9.5     9.9     0.0    13.67 C    21.4     0.6     7.8    67.8    24.5    39.2   0.115   0.113 -99.000 -99.000 -99.000     7.9     8.8 -9999.0 -9999.0 -9999.0
04131 20171008  2.423 -110.71   43.66     8.3    -4.0     2.1     2.3     3.3     8.93 C    13.0    -3.0     3.5    92.0    36.8    62.0   0.120   0.115 -99.000 -99.000 -99.000     5.8     7.0 -9999.0 -9999.0 -9999.0
04131 20171009  2.423 -110.71   43.66     8.3    -8.2     0.1    -1.2     0.0    16.83 C    17.9    -5.4     2.5    86.9    23.9    60.9   0.116   0.114 -99.000 -99.000 -99.000     5.1     5.7 -9999.0 -9999.0 -9999.0
04131 20171010  2.423 -110.71   43.66    12.9    -7.2     2.8     1.4     0.0    13.66 C    18.4    -4.9     3.1    90.7    17.6    56.6   0.112   0.112 -99.000 -99.000 -99.000     5.0     5.8 -9999.0 -9999.0 -9999.0
04131 20171011  2.423 -110.71   43.66    14.4    -7.2     3.6     3.8     0.0    12.87 C    21.8    -4.9     4.5    88.7    15.4    50.1   0.110   0.110 -99.000 -99.000 -99.000     5.5     6.3 -9999.0 -9999.0 -9999.0
04131 20171012  2.423 -110.71   43.66     7.2    -4.3     1.5     2.7     0.0    16.24 C    18.7    -4.1     4.6    68.3    18.3    38.7   0.105   0.109 -99.000 -99.000 -99.000     5.8     6.9 -9999.0 -9999.0 -9999.0
04131 20171013  2.423 -110.71   43.66     6.8    -5.8     0.5     0.8     5.7     8.23 C    12.6    -4.7     2.2    93.5    26.0    54.3   0.104   0.105 -99.000 -99.000 -99.000     3.9     5.1 -9999.0 -9999.0 -9999.0
04131 20171014  2.423 -110.71   43.66     2.3    -7.7    -2.7    -1.6     4.7    13.45 C     9.8    -7.2    -0.7    94.1    43.7    72.7   0.136   0.121 -99.000 -99.000 -99.000     3.8     4.7 -9999.0 -9999.0 -9999.0
04131 20171015  2.423 -110.71   43.66     7.3    -9.5    -1.1    -2.3     0.0    15.42 C    15.4    -6.2     1.2    91.4    34.4    70.5   0.134   0.122 -99.000 -99.000 -99.000     3.7     4.1 -9999.0 -9999.0 -9999.0
04131 20171016  2.423 -110.71   43.66 -9999.0 -9999.0 -9999.0 -9999.0     0.0 -9999.00 U -9999.0 -9999.0 -9999.0 -9999.0 -9999.0 -9999.0 -99.000 -99.000 -99.000 -99.000 -99.000 -9999.0 -9999.0 -9999.0 -9999.0 -9999.0
04131 20171017  2.423 -110.71   43.66    17.8    -6.3     5.7     5.0     0.0    13.46 C    21.7    -4.7     4.5    89.8    12.1    47.7   0.098   0.116 -99.000 -99.000 -99.000     5.4     5.7 -9999.0 -9999.0 -9999.0
04131 20171018  2.423 -110.71   43.66    16.5    -3.0     6.7     6.9     0.0    14.25 C    21.3    -3.6     5.4    78.1    13.1    39.2   0.095   0.114 -99.000 -99.000 -99.000     6.2     6.6 -9999.0 -9999.0 -9999.0
04131 20171019  2.423 -110.71   43.66    18.6    -5.1     6.8     4.3     0.0    14.29 C    21.9    -3.9     4.7    86.6     8.6    52.3   0.089   0.111 -99.000 -99.000 -99.000     5.9     6.5 -9999.0 -9999.0 -9999.0
04131 20171020  2.423 -110.71   43.66     9.5    -4.1     2.7     0.5     6.6     3.21 C     9.5    -6.0     0.8    93.7    43.8    72.8   0.088   0.108 -99.000 -99.000 -99.000     3.5     4.4 -9999.0 -9999.0 -9999.0
04131 20171021  2.423 -110.71   43.66     1.6    -4.3    -1.4    -0.9     0.6     4.57 C    -0.4   -12.3    -2.8    90.7    46.2    69.2   0.111   0.118 -99.000 -99.000 -99.000     2.7     3.4 -9999.0 -9999.0 -9999.0
04131 20171022  2.423 -110.71   43.66     8.8    -0.3     4.2     5.4     1.2     3.96 C    10.4    -0.7     3.6    82.1    50.2    63.7   0.123   0.132 -99.000 -99.000 -99.000     4.1     4.2 -9999.0 -9999.0 -9999.0
04131 20171023  2.423 -110.71   43.66    10.0    -3.6     3.2     3.5     0.0    12.42 C    16.6    -3.1     3.5    83.0    25.3    53.0   0.112   0.126 -99.000 -99.000 -99.000     5.0     5.2 -9999.0 -9999.0 -9999.0
04131 20171024  2.423 -110.71   43.66    11.5    -6.7     2.4     1.0     0.0     7.84 C    17.7    -5.0     2.6    90.8    33.1    68.5   0.101   0.120 -99.000 -99.000 -99.000     4.4     4.6 -9999.0 -9999.0 -9999.0
04131 20171025  2.423 -110.71   43.66    16.5    -7.6     4.5     4.1     0.0     6.59 C    18.9    -5.3     3.7    91.1    15.4    54.5   0.097   0.117 -99.000 -99.000 -99.000     4.7     4.9 -9999.0 -9999.0 -9999.0
04131 20171026  2.423 -110.71   43.66     8.4    -4.5     2.0     3.1     0.0     6.37 C    16.1    -3.2     4.3    77.0    29.0    54.8   0.093   0.114 -99.000 -99.000 -99.000     5.3     5.7 -9999.0 -9999.0 -9999.0
04131 20171027  2.423 -110.71   43.66    12.0    -7.5     2.2     2.4     0.0     5.52 C    17.4    -5.2     4.2    88.3    28.8    58.2   0.089   0.112 -99.000 -99.000 -99.000     4.8     4.9 -9999.0 -9999.0 -9999.0
04131 20171028  2.423 -110.71   43.66    14.2    -3.1     5.6     4.0     0.0     5.33 C    20.5    -2.5     5.2    92.1    33.2    66.4   0.088   0.111 -99.000 -99.000 -99.000     6.0     6.2 -9999.0 -9999.0 -9999.0
04131 20171029  2.423 -110.71   43.66    14.8    -6.0     4.4     3.4     0.0     5.58 C    19.9    -4.3     4.6    92.7    32.6    66.4   0.084   0.109 -99.000 -99.000 -99.000     5.3     5.5 -9999.0 -9999.0 -9999.0
04131 20171030  2.423 -110.71   43.66     5.2    -7.6    -1.2    -0.5     0.0     4.19 C    15.1    -5.5     1.0    85.9    41.2    57.6   0.081   0.107 -99.000 -99.000 -99.000     3.8     4.5 -9999.0 -9999.0 -9999.0
04131 20171031  2.423 -110.71   43.66     6.0   -10.3    -2.1    -0.6     0.0     3.94 C    11.6    -7.3     0.8    88.1    21.9    56.6   0.092   0.105 -99.000 -99.000 -99.000     2.2     2.9 -9999.0 -9999.0 -9999.0
04131 20171101  2.423 -110.71   43.66     8.6    -0.2     4.2     4.7    11.4     0.59 C     6.2    -0.3     2.3    96.0    28.9    52.5   0.091   0.110 -99.000 -99.000 -99.000     2.9     3.4 -9999.0 -9999.0 -9999.0
04131 20171102  2.423 -110.71   43.66     2.6    -1.2     0.7     0.3    10.0     2.36 C     0.1    -1.7    -0.7    94.8    83.8    92.2   0.130   0.137 -99.000 -99.000 -99.000     2.0     2.4 -9999.0 -9999.0 -9999.0
04131 20171103  2.423 -110.71   43.66     2.9    -0.5     1.2     1.8     8.4     3.49 C     0.6    -2.1    -0.1    95.1    85.8    92.4   0.142   0.145 -99.000 -99.000 -99.000     1.6     1.8 -9999.0 -9999.0 -9999.0
04131 20171104  2.423 -110.71   43.66     1.9    -2.3    -0.2    -0.1    11.0     2.39 C     1.5    -4.5    -0.6    94.6    57.8    82.2   0.145   0.149 -99.000 -99.000 -99.000     1.4     1.5 -9999.0 -9999.0 -9999.0
04131 20171105  2.423 -110.71   43.66    -0.2    -4.0    -2.1    -2.0     0.6     5.11 C     0.5    -6.5    -2.9    86.3    52.6    66.7   0.122   0.132 -99.000 -99.000 -99.000     1.1     1.4 -9999.0 -9999.0 -9999.0
04131 20171106  2.423 -110.71   43.66    -0.1   -10.8    -5.5    -3.0     2.5     6.36 C    -0.5   -14.4    -3.9    89.5    53.8    78.0   0.119   0.128 -99.000 -99.000 -99.000     1.3     1.4 -9999.0 -9999.0 -9999.0
04131 20171107  2.423 -110.71   43.66    -2.8   -15.1    -9.0   -10.0     0.0    11.12 C    -2.4   -16.9   -10.5    89.9    52.1    77.1   0.138   0.124 -99.000 -99.000 -99.000     0.8     0.8 -9999.0 -9999.0 -9999.0
04131 20171108  2.423 -110.71   43.66    -5.0   -13.4    -9.2    -8.4     0.0     6.88 C    -1.7   -11.7    -6.0    84.8    62.0    72.7   0.145 -99.000 -99.000 -99.000 -99.000     0.3     0.5 -9999.0 -9999.0 -9999.0
04131 20171109  2.423 -110.71   43.66     3.6   -11.7    -4.0    -2.8     0.3     6.83 C     2.1   -11.2    -3.2    91.2    49.9    73.7   0.140 -99.000 -99.000 -99.000 -99.000     0.3     0.4 -9999.0 -9999.0 -9999.0
04131 20171110  2.423 -110.71   43.66     5.2     0.0     2.6     1.9     0.2     4.98 C     7.4    -2.3     0.4    93.8    46.5    77.2   0.132   0.124 -99.000 -99.000 -99.000     1.0     0.8 -9999.0 -9999.0 -9999.0
04131 20171111  2.423 -110.71   43.66     4.4    -8.5    -2.0    -0.2     2.5     9.55 C    10.5    -5.5     0.1    94.4    43.1    74.7   0.141   0.134 -99.000 -99.000 -99.000     1.3     1.1 -9999.0 -9999.0 -9999.0
04131 20171112  2.423 -110.71   43.66     4.9   -10.9    -3.0    -3.7     0.0     9.78 C     6.4    -7.8    -2.0    87.4    45.4    70.4   0.149 -99.000 -99.000 -99.000 -99.000     0.2     0.3 -9999.0 -9999.0 -9999.0
04131 20171113  2.423 -110.71   43.66     9.6    -8.8     0.4    -0.2     0.0     9.24 C     9.0    -6.4    -0.6    90.9    30.9    65.6 -99.000 -99.000 -99.000 -99.000 -99.000     0.6     0.6 -9999.0 -9999.0 -9999.0
04131 20171114  2.423 -110.71   43.66     4.2    -4.4    -0.1     1.1     4.2     5.18 C     0.8    -9.2    -1.8    94.7    34.0    63.7   0.136   0.128 -99.000 -99.000 -99.000     0.6     0.8 -9999.0 -9999.0 -9999.0
04131 20171115  2.423 -110.71   43.66     3.1   -11.7    -4.3    -3.5     6.3     5.51 C     0.4   -11.4    -4.2    94.9    51.1    70.0   0.149 -99.000 -99.000 -99.000 -99.000     0.1     0.2 -9999.0 -9999.0 -9999.0
04131 20171116  2.423 -110.71   43.66     3.0     0.1     1.5     1.6    20.2     1.08 C     0.2    -0.1     0.0    95.1    84.0    91.6   0.191 -99.000 -99.000 -99.000 -99.000     0.3     0.3 -9999.0 -9999.0 -9999.0
04131 20171117  2.423 -110.71   43.66     1.2    -9.5    -4.2    -2.1     6.3     1.32 C    -0.1   -18.6    -4.7    94.1    45.8    77.0   0.171   0.139 -99.000 -99.000 -99.000     0.5     0.5 -9999.0 -9999.0 -9999.0
04131 20171118  2.423 -110.71   43.66    -2.3   -16.7    -9.5   -10.7     0.0     4.76 C    -3.4   -24.6   -16.4    90.5    61.3    77.9   0.161 -99.000 -99.000 -99.000 -99.000     0.3     0.3 -9999.0 -9999.0 -9999.0
04131 20171119  2.423 -110.71   43.66    -3.7   -14.8    -9.3    -9.7     0.0     9.09 C    -6.4   -21.0   -11.6    87.3    63.1    78.2   0.150 -99.000 -99.000 -99.000 -99.000     0.1     0.2 -9999.0 -9999.0 -9999.0
04131 20171120  2.423 -110.71   43.66     3.6   -10.4    -3.4    -0.5     5.5     1.93 C    -0.1   -13.6    -2.6    93.9    46.6    72.1   0.146 -99.000 -99.000 -99.000 -99.000     0.1     0.1 -9999.0 -9999.0 -9999.0
04131 20171121  2.423 -110.71   43.66     7.4    -0.6     3.4     2.8     3.5     6.80 C     0.3    -5.1    -0.6    95.2    57.4    84.1   0.162 -99.000 -99.000 -99.000 -99.000     0.3     0.3 -9999.0 -9999.0 -9999.0
04131 20171122  2.423 -110.71   43.66     9.5     1.1     5.3     6.0     0.0     0.61 C     2.3    -0.7     0.7    94.5    65.6    81.2   0.178 -99.000 -99.000 -99.000 -99.000     0.7     0.4 -9999.0 -9999.0 -9999.0
04131 20171123  2.423 -110.71   43.66    12.4    -1.5     5.4     5.7     0.0     4.51 C    10.8    -2.0     3.0    95.7    47.4    72.4   0.148 -99.000 -99.000 -99.000 -99.000     2.3     1.8 -9999.0 -9999.0 -9999.0
04131 20171124  2.423 -110.71   43.66    10.2    -0.1     5.0     5.1     6.9     2.84 C    10.1    -2.3     3.5    90.5    47.1    66.2   0.136   0.145 -99.000 -99.000 -99.000     3.6     3.4 -9999.0 -9999.0 -9999.0
04131 20171125  2.423 -110.71   43.66     8.4    -2.0     3.2     2.8     0.0     7.53 C    13.1    -3.2     1.6    84.5    41.5    62.1   0.131   0.130 -99.000 -99.000 -99.000     2.3     2.3 -9999.0 -9999.0 -9999.0
04131 20171126  2.423 -110.71   43.66    14.7    -3.7     5.5     3.1     0.0     6.30 C    12.2    -3.6     1.2    90.4    25.6    65.2   0.124   0.123 -99.000 -99.000 -99.000     2.1     2.2 -9999.0 -9999.0 -9999.0
04131 20171127  2.423 -110.71   43.66     9.5    -5.8     1.8     3.0     3.6     1.36 C     5.9    -5.1     1.7    93.2    46.3    75.0   0.123   0.129 -99.000 -99.000 -99.000     2.5     2.5 -9999.0 -9999.0 -9999.0
04131 20171128  2.423 -110.71   43.66     1.7   -10.7    -4.5    -5.1     0.0     7.82 C     3.9    -8.0    -3.7    90.4    47.2    76.7   0.148 -99.000 -99.000 -99.000 -99.000     0.3     0.5 -9999.0 -9999.0 -9999.0
04131 20171129  2.423 -110.71   43.66     1.9   -10.1    -4.1    -2.3     0.0     5.52 C     3.0    -7.7    -2.7    85.1    22.9    59.0 -99.000 -99.000 -99.000 -99.000 -99.000    -0.3    -0.1 -9999.0 -9999.0 -9999.0
04131 20171130  2.423 -110.71   43.66    -1.3   -12.5    -6.9    -7.0     0.0     6.66 C     3.2   -10.1    -4.4    87.9    48.6    71.3 -99.000 -99.000 -99.000 -99.000 -99.000    -1.3    -0.9 -9999.0 -9999.0 -9999.0
04131 20171201  2.423 -110.71   43.66     1.2    -7.1    -3.0    -2.3     0.8     4.14 C     3.7    -7.1    -1.9    91.4    59.4    78.6 -99.000 -99.000 -99.000 -99.000 -99.000    -0.6    -0.7 -9999.0 -9999.0 -9999.0
04131 20171202  2.423 -110.71   43.66     6.2    -4.8     0.7     0.8     0.0     5.27 C     6.3    -6.4    -1.4    82.2    37.5    60.6 -99.000 -99.000 -99.000 -99.000 -99.000    -0.7    -0.7 -9999.0 -9999.0 -9999.0
04131 20171203  2.423 -110.71   43.66     3.9    -4.2    -0.2     0.0     2.8     1.15 C     1.0    -3.6    -1.1    94.2    51.0    74.9 -99.000 -99.000 -99.000 -99.000 -99.000    -0.4    -0.6 -9999.0 -9999.0 -9999.0
04131 20171204  2.423 -110.71   43.66    -3.1   -13.8    -8.5    -6.8     0.0     8.13 C    -1.7   -13.3    -7.2    88.4    43.1    69.3 -99.000 -99.000 -99.000 -99.000 -99.000    -0.5    -0.5 -9999.0 -9999.0 -9999.0
04131 20171205  2.423 -110.71   43.66    -4.4   -14.0    -9.2    -8.7     0.0     4.62 C    -2.1   -13.5    -7.7    83.4    58.2    73.1 -99.000 -99.000 -99.000 -99.000 -99.000    -1.4    -1.1 -9999.0 -9999.0 -9999.0
04131 20171206  2.423 -110.71   43.66    -2.7   -16.6    -9.7   -10.0     0.0     7.50 C    -3.3   -15.8   -10.3    85.0    38.8    68.2 -99.000 -99.000 -99.000 -99.000 -99.000    -2.2    -1.8 -9999.0 -9999.0 -9999.0
04131 20171207  2.423 -110.71   43.66    -0.1   -16.1    -8.1    -9.6     0.0     7.89 C    -1.0   -15.3   -10.0    88.7    43.1    73.3 -99.000 -99.000 -99.000 -99.000 -99.000    -2.7    -2.4 -9999.0 -9999.0 -9999.0
04131 20171208  2.423 -110.71   43.66    -1.2   -15.5    -8.3   -10.0     0.0     7.07 C    -1.6   -15.3   -10.3    90.9    55.1    80.1 -99.000 -99.000 -99.000 -99.000 -99.000    -3.4    -3.3 -9999.0 -9999.0 -9999.0
04131 20171209  2.423 -110.71   43.66    -2.5   -14.5    -8.5   -10.3     0.0     6.03 C    -2.4   -15.6   -10.2    90.4    59.7    81.8 -99.000 -99.000 -99.000 -99.000 -99.000    -3.8    -4.0 -9999.0 -9999.0 -9999.0
04131 20171210  2.423 -110.71   43.66    -0.9   -15.6    -8.3   -10.0     0.0     6.56 C    -1.4   -15.9   -10.3    89.7    49.5    79.6 -99.000 -99.000 -99.000 -99.000 -99.000    -4.3    -4.5 -9999.0 -9999.0 -9999.0
04131 20171211  2.423 -110.71   43.66     0.8   -13.9    -6.5    -8.6     0.0     7.32 C    -0.5   -14.5    -9.5    91.0    41.6    74.7 -99.000 -99.000 -99.000 -99.000 -99.000    -4.3    -4.6 -9999.0 -9999.0 -9999.0
04131 20171212  2.423 -110.71   43.66     1.4   -14.8    -6.7    -8.0     0.0     7.81 C    -0.3   -15.4    -9.4    87.4    41.0    73.2 -99.000 -99.000 -99.000 -99.000 -99.000    -4.5    -4.8 -9999.0 -9999.0 -9999.0
04131 20171213  2.423 -110.71   43.66    -2.1    -9.7    -5.9    -5.4     0.5     2.29 C     0.1   -13.8    -6.5    93.2    62.7    80.8 -99.000 -99.000 -99.000 -99.000 -99.000    -3.4    -3.8 -9999.0 -9999.0 -9999.0
04131 20171214  2.423 -110.71   43.66     0.3   -15.3    -7.5    -8.3     0.0     7.89 C    -1.5   -17.7   -11.4    90.6    45.9    76.5 -99.000 -99.000 -99.000 -99.000 -99.000    -4.0    -4.2 -9999.0 -9999.0 -9999.0
04131 20171215  2.423 -110.71   43.66    -3.4   -14.5    -9.0    -8.3     0.0     5.37 C    -2.5   -15.2    -8.3    87.1    59.9    75.5 -99.000 -99.000 -99.000 -99.000 -99.000    -4.3    -4.6 -9999.0 -9999.0 -9999.0
04131 20171216  2.423 -110.71   43.66    -2.0   -13.5    -7.8    -4.9     2.0     3.60 C    -2.8   -19.5    -7.0    90.6    67.4    80.8 -99.000 -99.000 -99.000 -99.000 -99.000    -3.0    -3.4 -9999.0 -9999.0 -9999.0
04131 20171217  2.423 -110.71   43.66    -5.2   -17.8   -11.5   -10.0     0.3     4.18 C    -3.6   -21.3   -10.8    88.8    64.4    79.7 -99.000 -99.000 -99.000 -99.000 -99.000    -3.9    -4.2 -9999.0 -9999.0 -9999.0
04131 20171218  2.423 -110.71   43.66     0.2    -6.0    -2.9    -2.8     0.9     3.35 C    -1.0    -6.6    -3.8    86.5    63.2    75.4 -99.000 -99.000 -99.000 -99.000 -99.000    -2.5    -2.9 -9999.0 -9999.0 -9999.0
04131 20171219  2.423 -110.71   43.66     3.4    -3.2     0.1     0.8     0.0     2.41 C    -0.3    -8.6    -3.0    78.3    48.1    61.1 -99.000 -99.000 -99.000 -99.000 -99.000    -1.7    -2.0 -9999.0 -9999.0 -9999.0
04131 20171220  2.423 -110.71   43.66     0.4    -8.3    -4.0    -2.5     3.4     1.69 C    -0.7   -12.5    -4.6    93.7    49.4    78.6 -99.000 -99.000 -99.000 -99.000 -99.000    -1.4    -1.7 -9999.0 -9999.0 -9999.0
04131 20171221  2.423 -110.71   43.66    -5.1   -16.3   -10.7   -10.9     0.0     7.85 C    -8.8   -24.1   -16.1    85.4    40.5    69.0 -99.000 -99.000 -99.000 -99.000 -99.000    -2.0    -2.1 -9999.0 -9999.0 -9999.0
04131 20171222  2.423 -110.71   43.66    -5.5   -15.0   -10.2    -8.3     9.4     1.98 C    -6.5   -20.7    -8.8    87.6    63.6    80.2 -99.000 -99.000 -99.000 -99.000 -99.000    -2.4    -2.5 -9999.0 -9999.0 -9999.0
04131 20171223  2.423 -110.71   43.66    -4.6   -26.4   -15.5   -10.3     3.7     2.77 C    -5.0   -36.8   -15.0    88.2    39.0    76.7 -99.000 -99.000 -99.000 -99.000 -99.000    -1.8    -2.0 -9999.0 -9999.0 -9999.0
04131 20171224  2.423 -110.71   43.66   -12.7   -29.8   -21.2   -19.4     1.6     6.45 C   -12.4   -36.6   -23.6    83.2    60.0    73.1 -99.000 -99.000 -99.000 -99.000 -99.000    -2.1    -2.3 -9999.0 -9999.0 -9999.0
04131 20171225  2.423 -110.71   43.66    -1.2   -14.7    -7.9    -7.2     5.4     4.10 C    -2.3   -20.4    -9.1    87.1    63.9    78.1 -99.000 -99.000 -99.000 -99.000 -99.000    -2.0    -2.2 -9999.0 -9999.0 -9999.0
04131 20171226  2.423 -110.71   43.66    -4.2   -12.1    -8.1    -7.4     0.0     2.57 C    -6.6   -20.0   -12.3    89.8    53.7    72.6 -99.000 -99.000 -99.000 -99.000 -99.000    -1.6    -1.9 -9999.0 -9999.0 -9999.0
04131 20171227  2.423 -110.71   43.66     0.7   -10.3    -4.8    -1.3     0.0     3.29 C    -2.6   -12.2    -4.9    76.2    50.6    60.0 -99.000 -99.000 -99.000 -99.000 -99.000    -1.6    -1.7 -9999.0 -9999.0 -9999.0
04131 20171228  2.423 -110.71   43.66     2.3    -1.9     0.2     0.4     0.0     2.42 C    -1.5    -8.7    -4.6    63.8    40.8    55.2 -99.000 -99.000 -99.000 -99.000 -99.000    -1.3    -1.5 -9999.0 -9999.0 -9999.0
04131 20171229  2.423 -110.71   43.66     5.7    -0.9     2.4     3.7     3.8     1.87 C     0.0    -4.1    -1.6    91.6    25.3    42.8 -99.000 -99.000 -99.000 -99.000 -99.000    -1.1    -1.3 -9999.0 -9999.0 -9999.0
04131 20171230  2.423 -110.71   43.66     6.1   -12.0    -3.0     0.7     2.1     4.06 C     0.5   -22.9    -5.8    83.5    24.9    43.6 -99.000 -99.000 -99.000 -99.000 -99.000    -0.9    -1.1 -9999.0 -9999.0 -9999.0
04131 20171231  2.423 -110.71   43.66    -6.3   -19.4   -12.9   -13.8     0.0     7.93 C   -10.4   -24.6   -19.3    85.0    47.9    70.8 -99.000 -99.000 -99.000 -99.000 -99.000    -1.6    -1.7 -9999.0 -9999.0 -9999.0
