53974 20170101  2.422  -96.61   39.10     9.6    -9.0     0.3     0.9     0.0     5.13 C    15.7   -10.6     0.0    85.6    33.2    65.0   0.419   0.406 -99.000 -99.000 -99.000     2.2     3.0     3.8     6.3 -9999.0
53974 20170102  2.422  -96.61   39.10    12.8     1.9     7.3     7.3     2.0     2.05 C    14.7    -1.4     7.1    94.0    73.8    85.8   0.427   0.413 -99.000 -99.000 -99.000     4.0     4.3     4.3     6.2 -9999.0
53974 20170103  2.422  -96.61   39.10     2.4    -9.6    -3.6    -4.3     0.0     8.69 C     3.0   -10.8    -3.1    91.4    46.2    64.0   0.426   0.412 -99.000 -99.000 -99.000     3.6     4.4     4.8     6.4 -9999.0
53974 20170104  2.422  -96.61   39.10    -5.4   -13.5    -9.4    -9.5     1.4     6.91 C     1.6   -13.9    -7.7    81.3    44.2    61.1   0.412   0.398 -99.000 -99.000 -99.000     1.7     2.6     3.7     6.4 -9999.0
53974 20170105  2.422  -96.61   39.10    -8.8   -17.6   -13.2   -12.1     1.5     6.78 C    -3.7   -20.5   -11.9    82.2    50.2    68.4   0.409   0.394 -99.000 -99.000 -99.000     1.3     2.2     3.0     6.1 -9999.0
53974 20170106  2.422  -96.61   39.10    -8.4   -21.5   -14.9   -14.9     0.0     9.27 C    -3.9   -23.3   -15.3    80.4    46.7    67.0   0.392   0.380 -99.000 -99.000 -99.000     0.6     1.6     2.6     5.8 -9999.0
53974 20170107  2.422  -96.61   39.10    -3.4   -17.3   -10.3   -10.6     0.0     9.74 C     2.1   -19.3   -11.1    80.3    47.9    66.5 -99.000   0.368 -99.000 -99.000 -99.000     0.3     1.3     2.3     5.4 -9999.0
53974 20170108  2.422  -96.61   39.10     5.8   -14.0    -4.1    -2.8     0.0     8.67 C     5.6   -16.4    -3.7    81.4    29.5    57.0 -99.000   0.365 -99.000 -99.000 -99.000     0.2     1.1     2.1     5.2 -9999.0
53974 20170109  2.422  -96.61   39.10     9.6    -6.8     1.4     2.7     0.0     6.99 C    12.0    -8.7     1.1    78.3    34.1    56.5 -99.000   0.362 -99.000 -99.000 -99.000     0.2     1.1     2.0     5.0 -9999.0
53974 20170110  2.422  -96.61   39.10    13.3     1.5     7.4     7.5     0.0     9.35 C    15.0    -3.1     6.6    71.2    41.9    55.0 -99.000   0.394 -99.000 -99.000 -99.000     0.8     1.8     2.4     4.8 -9999.0
53974 20170111  2.422  -96.61   39.10    13.3    -7.1     3.1     3.3     0.0     6.19 C    14.0    -6.1     3.5    73.2    39.1    54.9   0.416   0.408 -99.000 -99.000 -99.000     2.1     2.8     3.1     4.9 -9999.0
53974 20170112  2.422  -96.61   39.10    -3.5   -10.7    -7.1    -7.1     0.0     4.99 C     3.3   -11.6    -5.8    70.0    47.5    59.7   0.405   0.395 -99.000 -99.000 -99.000     1.3     2.2     2.9     5.1 -9999.0
53974 20170113  2.422  -96.61   39.10    -2.4    -8.5    -5.4    -4.8     0.0     3.40 C     1.3   -10.0    -3.8    65.4    46.2    54.9   0.393   0.381 -99.000 -99.000 -99.000     0.9     1.7     2.4     5.0 -9999.0
53974 20170114  2.422  -96.61   39.10     0.8    -2.9    -1.1    -1.1     0.0     3.90 C     6.1    -2.1     0.8    58.9    40.4    49.9   0.396   0.384 -99.000 -99.000 -99.000     1.2     1.9     2.4     4.9 -9999.0
53974 20170115  2.422  -96.61   39.10     0.2    -1.5    -0.7    -0.4    10.7     1.15 C     1.2    -1.2     0.0    93.1    53.6    83.5   0.445   0.415 -99.000 -99.000 -99.000     1.6     2.2     2.6     4.8 -9999.0
53974 20170116  2.422  -96.61   39.10     4.1     0.1     2.1     1.4    15.3     1.59 C     5.2     0.1     1.6    95.6    92.5    93.8   0.529   0.465 -99.000 -99.000 -99.000     1.9     2.4     2.8     4.8 -9999.0
53974 20170117  2.422  -96.61   39.10     7.2    -3.5     1.8     1.5     0.0     9.02 C    11.0    -6.1     1.3    93.6    48.6    78.4   0.532   0.472 -99.000 -99.000 -99.000     2.7     3.1     3.3     4.9 -9999.0
53974 20170118  2.422  -96.61   39.10    14.9    -4.9     5.0     4.3     0.0     9.14 C    16.9    -6.5     2.9    91.2    26.5    67.3   0.522   0.471 -99.000 -99.000 -99.000     2.4     2.9     3.3     5.0 -9999.0
53974 20170119  2.422  -96.61   39.10     8.7     5.7     7.2     7.1     0.6     2.07 C    11.4     3.9     6.8    94.7    67.4    85.5   0.516   0.470 -99.000 -99.000 -99.000     4.0     4.3     4.0     5.1 -9999.0
53974 20170120  2.422  -96.61   39.10    10.6     4.0     7.3     7.7     0.2     2.98 C    14.0     0.8     7.3    95.8    80.9    90.6   0.516   0.466 -99.000 -99.000 -99.000     4.9     5.2     4.9     5.4 -9999.0
53974 20170121  2.422  -96.61   39.10    13.9     1.0     7.5     7.6     0.4    10.37 C    18.0    -0.5     7.2    91.9    43.7    75.4   0.513   0.468 -99.000 -99.000 -99.000     5.4     5.7     5.4     5.8 -9999.0
53974 20170122  2.422  -96.61   39.10     7.3    -4.2     1.6     3.4     0.0     8.37 C    14.0    -6.0     2.8    91.9    57.8    78.2   0.510   0.467 -99.000 -99.000 -99.000     5.2     5.7     5.7     6.1 -9999.0
53974 20170123  2.422  -96.61   39.10    12.8    -6.5     3.1     1.9     0.0    11.00 C    19.3    -7.7     1.9    92.8    38.7    78.3   0.477   0.458 -99.000 -99.000 -99.000     3.6     4.4     4.9     6.3 -9999.0
53974 20170124  2.422  -96.61   39.10    17.1     0.7     8.9     5.7     0.0     9.68 C    21.0    -1.2     6.0    87.7    38.8    71.3   0.474   0.458 -99.000 -99.000 -99.000     4.7     5.0     5.0     6.2 -9999.0
53974 20170125  2.422  -96.61   39.10     2.3    -2.7    -0.2     0.0     0.0     4.08 C     4.0    -2.5     0.4    77.0    55.7    65.0   0.463   0.443 -99.000 -99.000 -99.000     4.2     4.9     5.1     6.3 -9999.0
53974 20170126  2.422  -96.61   39.10     4.0    -5.8    -0.9    -1.3     0.0     9.88 C    12.3    -6.8    -0.8    77.1    40.7    60.9   0.449   0.439 -99.000 -99.000 -99.000     3.1     3.8     4.3     6.2 -9999.0
53974 20170127  2.422  -96.61   39.10     8.4    -4.3     2.0     1.2     0.0    11.37 C    11.7    -5.8     0.7    71.0    20.6    52.5   0.444   0.428 -99.000 -99.000 -99.000     2.5     3.2     3.8     6.1 -9999.0
53974 20170128  2.422  -96.61   39.10     9.3    -1.8     3.8     3.7     0.0     9.77 C    14.4    -3.7     3.2    79.3    34.1    57.5   0.440   0.428 -99.000 -99.000 -99.000     3.0     3.5     3.7     5.9 -9999.0
53974 20170129  2.422  -96.61   39.10    13.6    -0.7     6.5     5.5     0.0    10.45 C    18.8    -3.7     4.5    76.5    34.3    59.5   0.435   0.425 -99.000 -99.000 -99.000     3.8     4.2     4.3     5.8 -9999.0
53974 20170130  2.422  -96.61   39.10    18.2    -0.7     8.7     6.6     0.0    11.15 C    23.0    -4.4     4.2    77.0    19.6    49.3   0.431   0.425 -99.000 -99.000 -99.000     3.7     4.3     4.5     5.9 -9999.0
53974 20170131  2.422  -96.61   39.10    12.3    -5.2     3.5     3.5     0.0     8.63 C    22.5    -7.3     3.2    80.2    31.1    55.3   0.427   0.421 -99.000 -99.000 -99.000     3.5     4.2     4.5     6.0 -9999.0
53974 20170201  2.422  -96.61   39.10     5.0    -4.5     0.3     1.3     0.0     6.75 C    14.3    -5.6     2.3    72.7    40.8    58.4   0.425   0.416 -99.000 -99.000 -99.000     4.0     4.6     4.7     6.0 -9999.0
53974 20170202  2.422  -96.61   39.10     0.5   -10.2    -4.8    -4.1     0.0    10.10 C    10.8   -11.4    -2.8    79.2    27.1    50.0   0.417   0.412 -99.000 -99.000 -99.000     2.3     3.3     4.0     6.0 -9999.0
53974 20170203  2.422  -96.61   39.10     1.9    -5.3    -1.7    -2.7     0.0    11.44 C    11.3    -7.7    -0.9    68.5    38.8    52.4   0.414   0.408 -99.000 -99.000 -99.000     2.3     3.0     3.6     5.8 -9999.0
53974 20170204  2.422  -96.61   39.10    12.9    -4.3     4.3     4.4     0.0    12.20 C    14.8    -6.6     3.4    64.1    30.3    47.9   0.412   0.404 -99.000 -99.000 -99.000     2.5     3.0     3.4     5.6 -9999.0
53974 20170205  2.422  -96.61   39.10     9.9    -3.3     3.3     3.0     0.0    11.40 C    17.6    -6.5     1.9    84.2    37.4    62.1   0.412   0.405 -99.000 -99.000 -99.000     3.1     3.7     3.9     5.5 -9999.0
53974 20170206  2.422  -96.61   39.10    17.1    -2.7     7.2     6.2     0.0     5.03 C    19.0    -4.7     5.7    87.8    54.3    75.2   0.412   0.403 -99.000 -99.000 -99.000     3.8     4.1     4.1     5.6 -9999.0
53974 20170207  2.422  -96.61   39.10     6.6    -3.1     1.8     1.9     0.0     6.48 C    12.7    -3.4     3.1    95.5    55.5    78.8   0.412   0.405 -99.000 -99.000 -99.000     4.5     4.8     4.8     5.7 -9999.0
53974 20170208  2.422  -96.61   39.10    -0.8   -10.7    -5.8    -5.1     0.0     8.76 C    10.3   -12.1    -3.5    75.7    44.6    62.5   0.407   0.401 -99.000 -99.000 -99.000     2.9     3.6     4.2     5.8 -9999.0
53974 20170209  2.422  -96.61   39.10     5.2    -9.9    -2.4    -2.2     0.0    11.95 C    14.1   -11.8    -0.9    75.0    29.9    49.5   0.400   0.397 -99.000 -99.000 -99.000     1.7     2.6     3.4     5.7 -9999.0
53974 20170210  2.422  -96.61   39.10    22.5     2.4    12.4    13.1     0.0    11.74 C    27.5     0.5    12.1    49.5    21.8    37.9   0.406   0.396 -99.000 -99.000 -99.000     4.2     4.2     3.9     5.5 -9999.0
53974 20170211  2.422  -96.61   39.10    19.2     6.7    12.9    12.6     0.0     8.33 C    30.0     3.2    11.6    86.2    43.1    66.8   0.405   0.401 -99.000 -99.000 -99.000     6.3     6.3     5.5     5.7 -9999.0
53974 20170212  2.422  -96.61   39.10    11.7    -2.1     4.8     6.1     0.0    11.51 C    20.5    -5.0     5.8    70.3    16.7    44.3   0.403   0.399 -99.000 -99.000 -99.000     6.1     6.4     6.2     6.2 -9999.0
53974 20170213  2.422  -96.61   39.10    10.2    -3.9     3.2     3.3     0.3     4.73 C    13.9    -7.0     2.6    74.6    28.1    55.1   0.401   0.396 -99.000 -99.000 -99.000     4.4     5.1     5.5     6.4 -9999.0
53974 20170214  2.422  -96.61   39.10    13.4    -2.4     5.5     4.9     0.0    12.34 C    21.8    -5.4     4.3    86.3    19.9    57.4   0.401   0.397 -99.000 -99.000 -99.000     4.7     5.4     5.4     6.4 -9999.0
53974 20170215  2.422  -96.61   39.10    13.9    -6.9     3.5     4.5     0.0    14.42 C    21.1    -8.9     3.9    85.2    23.9    51.5   0.399   0.393 -99.000 -99.000 -99.000     4.2     4.9     5.2     6.4 -9999.0
53974 20170216  2.422  -96.61   39.10    23.5     5.5    14.5    13.1     0.0    13.61 C    27.5     3.2    11.9    50.2    14.8    33.6   0.397   0.393 -99.000 -99.000 -99.000     5.9     6.1     5.7     6.4 -9999.0
53974 20170217  2.422  -96.61   39.10    24.1     6.4    15.2    14.4     0.0    14.39 C    27.9     2.7    13.0    64.8    16.9    40.2   0.397   0.393 -99.000 -99.000 -99.000     7.4     7.5     6.7     6.6 -9999.0
53974 20170218  2.422  -96.61   39.10    23.9     1.3    12.6    12.9     0.0    14.18 C    33.2    -1.1    12.2    86.8    23.7    55.3   0.394   0.392 -99.000 -99.000 -99.000     8.3     8.1     7.3     7.0 -9999.0
53974 20170219  2.422  -96.61   39.10    17.7     8.7    13.2    13.3     0.0     8.91 C    25.1     6.7    13.1    88.6    63.3    78.4   0.396   0.389 -99.000 -99.000 -99.000     9.1     8.9     8.0     7.4 -9999.0
53974 20170220  2.422  -96.61   39.10    17.2     7.6    12.4    14.4    12.7     4.76 C    19.3     2.6    12.6    89.1    65.2    81.1   0.513   0.467 -99.000 -99.000 -99.000    10.7    10.4     9.1     7.9 -9999.0
53974 20170221  2.422  -96.61   39.10    21.6    -1.3    10.2    10.9     0.0    15.79 C    28.9    -2.6    10.1    94.2    19.6    58.3   0.500   0.467 -99.000 -99.000 -99.000     9.2     9.5     8.9     8.3 -9999.0
53974 20170222  2.422  -96.61   39.10    25.8    11.0    18.4    16.3     0.0    11.91 C    31.8     4.7    14.3    46.0    16.2    33.8   0.478   0.466 -99.000 -99.000 -99.000    10.0    10.0     9.1     8.6 -9999.0
53974 20170223  2.422  -96.61   39.10    17.3     4.6    11.0    10.6     0.0    10.90 C    28.7     5.3    11.7    80.6    45.4    61.2   0.461   0.461 -99.000 -99.000 -99.000     9.9    10.1     9.4     8.8 -9999.0
53974 20170224  2.422  -96.61   39.10     5.3    -5.2     0.0    -0.6     0.2     5.67 C     7.4    -6.6     0.3    90.0    63.8    77.6   0.449   0.445 -99.000 -99.000 -99.000     7.5     8.4     8.8     8.9 -9999.0
53974 20170225  2.422  -96.61   39.10     7.0    -7.9    -0.5    -0.9     0.0    16.18 C    15.8   -10.1     0.2    78.2    21.8    51.9   0.434   0.431 -99.000 -99.000 -99.000     5.1     6.2     7.0     8.7 -9999.0
53974 20170226  2.422  -96.61   39.10    11.3    -2.9     4.2     4.1     0.0    15.72 C    24.4    -6.4     5.4    85.8    27.0    53.3   0.432   0.433 -99.000 -99.000 -99.000     6.0     6.6     6.7     8.3 -9999.0
53974 20170227  2.422  -96.61   39.10    17.7    -5.1     6.3     7.4     0.0    11.64 C    28.4    -7.3     6.2    87.2    38.8    65.3   0.428   0.428 -99.000 -99.000 -99.000     5.8     6.3     6.6     8.0 -9999.0
53974 20170228  2.422  -96.61   39.10    15.9     4.9    10.4    12.4     0.0     8.83 C    23.7     4.4    12.1    88.7    30.8    66.4   0.428   0.430 -99.000 -99.000 -99.000     8.9     8.7     7.8     8.0 -9999.0
53974 20170301  2.422  -96.61   39.10    11.9    -3.5     4.2     4.2     0.0    16.33 C    19.3    -7.4     4.1    70.5    20.7    49.5   0.422   0.423 -99.000 -99.000 -99.000     7.5     8.1     8.0     8.2 -9999.0
53974 20170302  2.422  -96.61   39.10    13.3    -7.5     2.9     3.4     0.0    16.50 C    23.4    -9.3     3.0    77.8    24.2    46.9   0.411   0.419 -99.000 -99.000 -99.000     5.7     6.6     7.0     8.3 -9999.0
53974 20170303  2.422  -96.61   39.10    19.6    -3.9     7.9     8.0     0.0    16.87 C    24.0    -6.5     7.7    75.7    16.9    40.6   0.408   0.416 -99.000 -99.000 -99.000     6.0     6.6     6.7     8.1 -9999.0
53974 20170304  2.422  -96.61   39.10    22.1     9.1    15.6    15.2     0.0    16.95 C    27.0     5.7    14.4    63.7    17.2    32.9   0.405   0.412 -99.000 -99.000 -99.000     8.2     8.2     7.5     8.0 -9999.0
53974 20170305  2.422  -96.61   39.10    18.1    12.0    15.0    14.7     0.0     6.51 C    21.6    11.3    14.7    76.1    57.9    69.5   0.403   0.409 -99.000 -99.000 -99.000    10.1     9.8     8.8     8.3 -9999.0
53974 20170306  2.422  -96.61   39.10    26.1     5.7    15.9    17.6     0.8    14.99 C    30.3     3.9    17.0    76.6    14.0    49.5   0.407   0.409 -99.000 -99.000 -99.000    12.1    11.6    10.1     8.7 -9999.0
53974 20170307  2.422  -96.61   39.10    17.1     0.3     8.7     8.1     0.0    17.83 C    21.2    -5.0     6.8    57.5     7.5    28.4   0.404   0.404 -99.000 -99.000 -99.000     9.1     9.7     9.7     9.3 -9999.0
53974 20170308  2.422  -96.61   39.10    21.0    -2.5     9.3     8.8     0.0    16.57 C    27.4    -6.2     7.5    63.7    11.8    33.4   0.398   0.401 -99.000 -99.000 -99.000     8.0     8.6     8.7     9.3 -9999.0
53974 20170309  2.422  -96.61   39.10    21.9    -0.8    10.5     8.4     0.0    13.70 C    35.2    -3.3     9.3    75.0    18.6    46.3   0.396   0.397 -99.000 -99.000 -99.000     8.3     8.8     8.7     9.2 -9999.0
53974 20170310  2.422  -96.61   39.10     5.6    -4.2     0.7     1.2     0.0    14.00 C    20.7    -5.7     3.9    67.6    26.8    42.9   0.391   0.393 -99.000 -99.000 -99.000     7.2     8.1     8.4     9.2 -9999.0
53974 20170311  2.422  -96.61   39.10     2.0    -4.1    -1.1    -0.8     2.2     4.85 C     3.4    -6.4     0.2    89.5    33.2    65.4   0.388   0.390 -99.000 -99.000 -99.000     5.8     6.8     7.6     8.9 -9999.0
53974 20170312  2.422  -96.61   39.10     7.0    -5.6     0.7     1.2     0.0     6.38 C     8.5    -7.9     1.1    92.5    51.3    76.7   0.392   0.391 -99.000 -99.000 -99.000     4.7     5.6     6.6     8.6 -9999.0
53974 20170313  2.422  -96.61   39.10     4.0    -4.6    -0.3    -1.4     0.0     9.38 C    19.6    -6.5     0.4    81.9    41.5    58.4   0.391   0.389 -99.000 -99.000 -99.000     4.6     5.4     6.1     8.1 -9999.0
53974 20170314  2.422  -96.61   39.10     0.2    -5.7    -2.8    -3.2     0.0     7.07 C     6.0    -8.0    -1.4    80.2    59.6    68.6   0.389   0.388 -99.000 -99.000 -99.000     3.9     4.7     5.6     7.8 -9999.0
53974 20170315  2.422  -96.61   39.10     8.5    -5.7     1.4     1.6     0.0    11.63 C    18.7    -8.2     3.4    83.9    33.0    55.7   0.390   0.385 -99.000 -99.000 -99.000     4.4     5.0     5.4     7.5 -9999.0
53974 20170316  2.422  -96.61   39.10    24.5     0.9    12.7    12.8     0.0    18.19 C    30.2    -2.5    12.8    78.1    35.2    52.8   0.389   0.387 -99.000 -99.000 -99.000     7.0     6.8     6.2     7.3 -9999.0
53974 20170317  2.422  -96.61   39.10    22.8     9.1    15.9    15.8     0.0    16.40 C    35.7     3.8    15.5    92.1    20.7    50.7   0.390   0.387 -99.000 -99.000 -99.000    10.0     9.7     8.3     7.6 -9999.0
53974 20170318  2.422  -96.61   39.10    20.3     3.7    12.0    12.3     0.0    19.45 C    33.4    -1.4    13.4    60.7    13.5    30.7   0.386   0.382 -99.000 -99.000 -99.000     9.6     9.7     8.9     8.2 -9999.0
53974 20170319  2.422  -96.61   39.10    33.3    12.3    22.8    22.6     0.0    18.44 C    37.7     7.7    21.7    53.8    21.1    35.8   0.375   0.382 -99.000 -99.000 -99.000    12.1    11.4     9.9     8.6 -9999.0
53974 20170320  2.422  -96.61   39.10    26.5    12.9    19.7    19.7     0.0    18.07 C    41.8     8.7    20.4    82.1    30.3    49.5   0.370   0.382 -99.000 -99.000 -99.000    13.9    13.4    11.6     9.3 -9999.0
53974 20170321  2.422  -96.61   39.10    17.2     6.4    11.8    11.5     0.0    13.72 C    27.0     5.5    12.1    59.7    21.2    42.1   0.361   0.375 -99.000 -99.000 -99.000    11.8    12.1    11.6    10.0 -9999.0
53974 20170322  2.422  -96.61   39.10    15.7     3.5     9.6     9.7     0.0    13.48 C    27.7     2.9    11.7    52.1    17.7    35.6   0.354   0.373 -99.000 -99.000 -99.000    10.5    10.9    10.8    10.2 -9999.0
53974 20170323  2.422  -96.61   39.10    25.9     7.6    16.8    18.2     0.8    17.06 C    31.0     7.7    18.0    86.1    35.5    52.6   0.347   0.369 -99.000 -99.000 -99.000    12.2    12.0    11.0    10.2 -9999.0
53974 20170324  2.422  -96.61   39.10    22.3     7.0    14.6    17.0    29.7     7.11 C    25.7     7.8    16.3    91.0    38.0    58.9   0.391   0.402 -99.000 -99.000 -99.000    13.2    13.1    12.1    10.5 -9999.0
53974 20170325  2.422  -96.61   39.10     7.7     5.6     6.6     6.5     4.4     2.98 C    11.9     6.0     7.8    90.8    85.5    89.1   0.533   0.479 -99.000 -99.000 -99.000    10.6    11.1    11.4    10.8 -9999.0
53974 20170326  2.422  -96.61   39.10    11.7     5.4     8.6     7.8     7.4     7.11 C    21.5     6.0     9.5    91.5    71.8    85.7   0.542   0.482 -99.000 -99.000 -99.000    10.5    10.8    10.7    10.8 -9999.0
53974 20170327  2.422  -96.61   39.10    12.9     7.2    10.1     9.8     2.7     5.89 C    17.8     6.7    10.7    92.0    68.9    81.1   0.548   0.486 -99.000 -99.000 -99.000    10.5    10.8    10.6    10.7 -9999.0
53974 20170328  2.422  -96.61   39.10    13.5     6.9    10.2    10.5    10.1     8.71 C    21.7     5.4    11.4    90.2    59.9    78.6   0.549   0.483 -99.000 -99.000 -99.000    11.0    11.3    10.9    10.6 -9999.0
53974 20170329  2.422  -96.61   39.10    10.1     8.1     9.1     9.3    51.4     1.50 C    10.8     8.1     9.3    92.4    89.6    91.0   0.554   0.489 -99.000 -99.000 -99.000    10.3    10.7    10.8    10.7 -9999.0
53974 20170330  2.422  -96.61   39.10     9.6     6.0     7.8     6.9     3.3     2.38 C     9.5     6.6     7.6    93.1    85.2    89.4   0.552   0.487 -99.000 -99.000 -99.000     9.5     9.9    10.2    10.7 -9999.0
53974 20170331  2.422  -96.61   39.10     9.9     5.7     7.8     7.8     0.0     6.00 C    14.9     3.6     8.9    86.8    71.1    79.0   0.553   0.484 -99.000 -99.000 -99.000     9.6     9.8     9.8    10.5 -9999.0
53974 20170401  2.422  -96.61   39.10    12.6     5.2     8.9     8.3     1.7    12.60 C    21.6     2.7     9.7    87.5    63.0    78.9   0.550   0.482 -99.000 -99.000 -99.000    10.2    10.4    10.0    10.3 -9999.0
53974 20170402  2.422  -96.61   39.10    12.8     7.8    10.3    10.0     2.4     4.62 C    16.7     7.7    10.9    93.0    83.0    89.8   0.551   0.483 -99.000 -99.000 -99.000    10.6    10.9    10.5    10.3 -9999.0
53974 20170403  2.422  -96.61   39.10    19.9     9.3    14.6    13.3    19.9    11.52 C    29.4     8.3    13.9    93.4    45.6    78.3   0.556   0.484 -99.000 -99.000 -99.000    12.0    12.0    11.0    10.5 -9999.0
53974 20170404  2.422  -96.61   39.10     9.5     6.7     8.1     8.3    26.9     2.33 C    11.9     6.4     8.5    91.7    76.1    82.6   0.554   0.486 -99.000 -99.000 -99.000    10.6    11.2    11.2    10.8 -9999.0
53974 20170405  2.422  -96.61   39.10    15.8     4.4    10.1     9.9     6.1    14.83 C    24.8     0.9    10.2    88.6    34.1    63.2   0.555   0.486 -99.000 -99.000 -99.000    10.2    10.7    10.5    10.8 -9999.0
53974 20170406  2.422  -96.61   39.10    15.8     2.2     9.0     8.8     0.0    22.97 C    30.2    -0.4    10.5    84.0    30.2    57.7   0.551   0.482 -99.000 -99.000 -99.000    10.2    10.6    10.4    10.7 -9999.0
53974 20170407  2.422  -96.61   39.10    20.8    -0.5    10.2    11.6     0.0    20.81 C    30.1    -2.1    12.2    88.3    26.4    51.1   0.524   0.473 -99.000 -99.000 -99.000    10.3    10.7    10.5    10.7 -9999.0
53974 20170408  2.422  -96.61   39.10    26.6    13.2    19.9    19.7     0.0    16.99 C    32.5    10.4    19.0    64.6    35.8    51.2   0.499   0.468 -99.000 -99.000 -99.000    12.8    12.5    11.4    10.7 -9999.0
53974 20170409  2.422  -96.61   39.10    27.6    16.6    22.1    21.9     0.0    13.35 C    32.4    13.8    20.9    76.9    31.9    61.0   0.493   0.465 -99.000 -99.000 -99.000    15.2    14.7    13.1    11.1 -9999.0
53974 20170410  2.422  -96.61   39.10    17.6     3.5    10.5    11.7     0.0    23.73 C    27.0     0.1    12.9    79.3    35.6    55.2   0.471   0.452 -99.000 -99.000 -99.000    14.2    14.5    13.7    11.8 -9999.0
53974 20170411  2.422  -96.61   39.10    20.5    -1.3     9.6    10.3     0.0    22.06 C    35.7    -2.4    13.1    90.8    25.2    57.5   0.451   0.436 -99.000 -99.000 -99.000    12.5    13.0    12.8    12.1 -9999.0
53974 20170412  2.422  -96.61   39.10    25.9     8.3    17.1    17.9     1.0    14.26 C    34.8     3.9    16.9    74.0    36.3    55.8   0.444   0.432 -99.000 -99.000 -99.000    13.7    13.7    13.0    12.1 -9999.0
53974 20170413  2.422  -96.61   39.10    25.9    15.0    20.4    19.7     1.7    14.60 C    37.3    13.0    19.5    82.8    45.9    64.9   0.446   0.431 -99.000 -99.000 -99.000    15.4    15.2    13.9    12.2 -9999.0
53974 20170414  2.422  -96.61   39.10    27.2    15.6    21.4    20.4     2.2    13.22 C    32.0    13.6    19.7    86.4    40.3    66.5   0.465   0.452 -99.000 -99.000 -99.000    16.2    16.0    14.8    12.7 -9999.0
53974 20170415  2.422  -96.61   39.10    28.0    16.1    22.1    21.7     3.0    16.12 C    33.4    14.1    21.1    80.2    44.5    62.2   0.462   0.441 -99.000 -99.000 -99.000    16.8    16.6    15.3    13.1 -9999.0
53974 20170416  2.422  -96.61   39.10    18.2     9.6    13.9    15.1     5.6     7.45 C    23.0     7.3    14.2    88.2    43.6    71.1   0.471   0.444 -99.000 -99.000 -99.000    15.8    16.2    15.7    13.5 -9999.0
53974 20170417  2.422  -96.61   39.10    23.8     7.7    15.7    16.1     0.0    23.82 C    36.3     5.8    17.8    91.0    41.6    68.0   0.485   0.461 -99.000 -99.000 -99.000    15.7    15.8    15.1    13.7 -9999.0
53974 20170418  2.422  -96.61   39.10    28.1    14.3    21.2    20.8     0.4    22.29 C    35.3    11.8    21.5    85.2    35.0    62.0   0.476   0.451 -99.000 -99.000 -99.000    17.1    17.0    15.8    13.8 -9999.0
53974 20170419  2.422  -96.61   39.10    28.5    14.7    21.6    21.8    14.9    22.17 C    33.6    13.6    21.6    88.1    40.4    65.9   0.510   0.458 -99.000 -99.000 -99.000    18.1    18.0    16.7    14.1 -9999.0
53974 20170420  2.422  -96.61   39.10    20.8    10.3    15.6    15.0     0.5    22.97 C    36.1     9.5    18.4    90.5    35.5    64.7   0.543   0.488 -99.000 -99.000 -99.000    17.5    17.9    17.0    14.5 -9999.0
53974 20170421  2.422  -96.61   39.10    12.8     8.5    10.6    10.4     2.1     5.26 C    15.6     7.5    10.4    73.4    56.0    64.4   0.519   0.484 -99.000 -99.000 -99.000    14.4    15.4    16.0    14.8 -9999.0
53974 20170422  2.422  -96.61   39.10    18.6     4.3    11.5    12.3     0.0    22.26 C    36.1     2.2    14.4    70.0    25.5    49.6   0.509   0.481 -99.000 -99.000 -99.000    14.1    14.7    14.7    14.4 -9999.0
53974 20170423  2.422  -96.61   39.10    21.5    -0.2    10.6    12.0     0.0    25.86 C    36.0    -1.2    14.3    89.4    20.7    51.6   0.493   0.462 -99.000 -99.000 -99.000    13.9    14.5    14.4    14.1 -9999.0
53974 20170424  2.422  -96.61   39.10    24.5    10.8    17.6    17.8     0.0    24.23 C    31.4     7.4    17.9    59.3    28.1    42.7   0.474   0.443 -99.000 -99.000 -99.000    14.6    15.0    14.6    13.9 -9999.0
53974 20170425  2.422  -96.61   39.10    19.6     7.0    13.3    14.9     0.0     9.09 C    26.6     8.0    15.9    80.1    50.3    63.1   0.457   0.435 -99.000 -99.000 -99.000    14.9    15.4    15.1    14.0 -9999.0
53974 20170426  2.422  -96.61   39.10    11.8     3.9     7.8     7.3     0.0    11.13 C    24.8     1.9    10.0    79.5    49.4    63.9   0.451   0.425 -99.000 -99.000 -99.000    12.6    13.7    14.2    14.1 -9999.0
53974 20170427  2.422  -96.61   39.10    15.5    -1.4     7.0     8.6     2.9    16.89 C    32.2    -2.0    10.4    89.6    37.1    66.3   0.440   0.418 -99.000 -99.000 -99.000    12.0    12.9    13.3    13.8 -9999.0
53974 20170428  2.422  -96.61   39.10    17.3     6.3    11.8    10.5     5.3     9.82 C    26.8     7.3    12.5    89.4    71.5    85.3   0.482   0.442 -99.000 -99.000 -99.000    13.1    13.6    13.4    13.5 -9999.0
53974 20170429  2.422  -96.61   39.10     8.2     5.2     6.7     6.6    13.3     1.69 C     9.4     5.8     7.3    91.4    86.5    89.6   0.513   0.465 -99.000 -99.000 -99.000    11.1    12.0    12.9    13.4 -9999.0
53974 20170430  2.422  -96.61   39.10    12.4     4.7     8.5     7.2    19.7     8.89 C    22.7     4.9     8.4    92.3    73.7    88.0   0.532   0.489 -99.000 -99.000 -99.000    10.6    11.3    11.8    13.0 -9999.0
53974 20170501  2.422  -96.61   39.10    18.7     3.0    10.8    10.7     0.9    23.88 C    22.5     3.2    11.2    90.7    24.3    59.0   0.538   0.491 -99.000 -99.000 -99.000    11.3    12.0    11.8    12.7 -9999.0
53974 20170502  2.422  -96.61   39.10    19.3     8.3    13.8    13.5     0.0    16.41 C    31.4     4.9    15.0    82.6    30.6    58.7   0.533   0.488 -99.000 -99.000 -99.000    12.9    13.2    12.6    12.6 -9999.0
53974 20170503  2.422  -96.61   39.10    15.4     6.7    11.0    11.6     1.5    13.74 C    27.4     4.5    12.7    91.7    58.6    77.2   0.527   0.486 -99.000 -99.000 -99.000    13.8    14.0    13.4    12.9 -9999.0
53974 20170504  2.422  -96.61   39.10    20.6     3.8    12.2    12.6     0.0    25.00 C    36.3     2.7    15.2    93.8    30.0    63.6   0.512   0.479 -99.000 -99.000 -99.000    13.5    14.0    13.5    13.0 -9999.0
53974 20170505  2.422  -96.61   39.10    23.7     3.7    13.7    14.8     0.0    27.01 C    38.5     2.9    16.8    89.8    25.1    56.6   0.492   0.463 -99.000 -99.000 -99.000    14.5    14.8    13.9    13.1 -9999.0
53974 20170506  2.422  -96.61   39.10    28.4    10.6    19.5    19.9     0.0    27.01 C    42.1     6.9    21.4    69.0    26.0    47.1   0.477   0.446 -99.000 -99.000 -99.000    16.4    16.2    14.9    13.4 -9999.0
53974 20170507  2.422  -96.61   39.10 -9999.0 -9999.0 -9999.0 -9999.0     0.0 -9999.00 U -9999.0 -9999.0 -9999.0 -9999.0 -9999.0 -9999.0 -99.000 -99.000 -99.000 -99.000 -99.000 -9999.0 -9999.0 -9999.0 -9999.0 -9999.0
53974 20170508  2.422  -96.61   39.10    29.6    16.4    23.0    23.1     0.0    27.93 C    40.4    13.4    24.4    67.7    34.4    51.6   0.438   0.426 -99.000 -99.000 -99.000    18.3    18.2    16.8    14.4 -9999.0
53974 20170509  2.422  -96.61   39.10    28.7    14.5    21.6    22.6     0.0    23.84 C    49.2    10.7    25.6    85.9    42.8    60.5   0.422   0.420 -99.000 -99.000 -99.000    19.2    19.1    17.6    14.9 -9999.0
53974 20170510  2.422  -96.61   39.10    25.4    16.8    21.1    21.9     0.3    15.93 C    36.6    15.6    22.9    82.2    52.6    68.1   0.406   0.412 -99.000 -99.000 -99.000    19.4    19.4    18.2    15.4 -9999.0
53974 20170511  2.422  -96.61   39.10    22.4    14.5    18.5    17.4     6.1    15.26 C    32.8    10.6    18.7    91.3    42.6    71.4   0.430   0.427 -99.000 -99.000 -99.000    18.2    18.5    17.9    15.9 -9999.0
53974 20170512  2.422  -96.61   39.10    23.3     6.7    15.0    16.1     0.0    29.96 C    41.0     4.3    19.8    88.2    25.3    51.2   0.423   0.423 -99.000 -99.000 -99.000    17.4    17.8    17.3    16.0 -9999.0
53974 20170513  2.422  -96.61   39.10    25.7     5.0    15.3    17.3     0.0    29.80 C    39.5     3.3    19.8    91.0    33.0    58.4   0.397   0.408 -99.000 -99.000 -99.000    17.1    17.5    17.1    16.0 -9999.0
53974 20170514  2.422  -96.61   39.10    30.8    16.1    23.5    23.6     0.0    27.60 C    40.5    13.6    24.8    71.2    37.2    52.0   0.375   0.396 -99.000 -99.000 -99.000    18.5    18.6    17.6    16.0 -9999.0
53974 20170515  2.422  -96.61   39.10    32.5    19.8    26.1    26.0     0.0    27.63 C    42.2    17.4    27.7    74.7    37.2    58.1   0.353   0.389 -99.000 -99.000 -99.000    20.7    20.5    18.8    16.3 -9999.0
53974 20170516  2.422  -96.61   39.10    30.2    19.7    25.0    24.6     0.0    23.77 C    39.0    18.1    25.9    75.7    50.0    61.6   0.331   0.379 -99.000 -99.000 -99.000    21.0    21.0    19.7    16.8 -9999.0
53974 20170517  2.422  -96.61   39.10    25.4    15.2    20.3    21.1     0.3    20.99 C    33.8    10.6    21.5    79.8    36.4    58.0   0.314   0.367 -99.000 -99.000 -99.000    19.6    20.2    19.6    17.3 -9999.0
53974 20170518  2.422  -96.61   39.10    23.6    11.5    17.5    16.6    15.6    16.80 C    35.1     8.8    18.2    89.9    55.8    74.9   0.326   0.381 -99.000 -99.000 -99.000    18.1    18.7    18.7    17.4 -9999.0
53974 20170519  2.422  -96.61   39.10    18.7    14.7    16.7    16.6    22.9     4.19 C    22.3    14.5    16.8    91.9    86.9    90.0   0.471   0.464 -99.000 -99.000 -99.000    17.5    18.0    18.1    17.3 -9999.0
53974 20170520  2.422  -96.61   39.10    18.7     7.6    13.1    12.1     0.0    12.87 C    18.7     6.2    12.7    91.8    55.3    74.7   0.529   0.487 -99.000 -99.000 -99.000    16.0    17.0    17.4    17.0 -9999.0
53974 20170521  2.422  -96.61   39.10    22.1     4.8    13.5    13.7     0.0    30.23 C    37.4     2.1    17.6    84.6    32.4    62.2   0.479   0.478 -99.000 -99.000 -99.000    15.8    16.5    16.4    16.6 -9999.0
53974 20170522  2.422  -96.61   39.10    19.4    12.0    15.7    15.2     8.8     9.91 C    22.7     9.5    15.0    90.9    67.3    80.7   0.499   0.485 -99.000 -99.000 -99.000    16.4    17.0    16.9    16.4 -9999.0
53974 20170523  2.422  -96.61   39.10    19.4     9.5    14.4    13.9     1.1    19.92 C    31.8     7.4    15.7    91.0    47.1    67.7   0.520   0.491 -99.000 -99.000 -99.000    15.9    16.8    16.7    16.3 -9999.0
53974 20170524  2.422  -96.61   39.10    19.8     7.7    13.7    13.1     0.0    24.26 C    39.1     6.1    16.6    88.0    41.9    68.1   0.487   0.483 -99.000 -99.000 -99.000    15.9    16.6    16.5    16.3 -9999.0
53974 20170525  2.422  -96.61   39.10    25.7     8.2    16.9    18.3     5.1    28.90 C    36.3     5.9    19.7    87.1    39.9    60.1   0.466   0.474 -99.000 -99.000 -99.000    16.9    17.2    16.7    16.2 -9999.0
53974 20170526  2.422  -96.61   39.10    28.1    13.7    20.9    21.4     1.4    28.12 C    41.6    12.1    24.1    93.8    45.6    72.9   0.484   0.487 -99.000 -99.000 -99.000    19.5    19.5    18.1    16.3 -9999.0
53974 20170527  2.422  -96.61   39.10    25.5    15.0    20.2    19.0    10.6    19.74 C    35.2    13.6    20.2    89.7    60.0    78.8   0.524   0.498 -99.000 -99.000 -99.000    19.5    19.8    18.9    16.7 -9999.0
53974 20170528  2.422  -96.61   39.10    26.4    12.5    19.5    19.3     0.0    30.30 C    37.4    10.5    21.4    92.3    30.0    63.1   0.497   0.490 -99.000 -99.000 -99.000    19.6    20.1    19.1    17.1 -9999.0
53974 20170529  2.422  -96.61   39.10    26.5    12.0    19.2    19.3     0.0    29.94 C    39.4     9.9    21.5    84.9    30.0    57.0   0.471   0.472 -99.000 -99.000 -99.000    19.9    20.3    19.5    17.4 -9999.0
53974 20170530  2.422  -96.61   39.10    28.0     8.4    18.2    19.1     0.0    28.75 C    37.5     7.6    20.5    87.9    31.9    58.4   0.448   0.450 -99.000 -99.000 -99.000    19.8    20.3    19.5    17.6 -9999.0
53974 20170531  2.422  -96.61   39.10    24.8    11.9    18.3    18.6    11.1    23.00 C    34.4    10.8    19.1    88.2    41.1    68.5   0.471   0.460 -99.000 -99.000 -99.000    19.6    20.1    19.5    17.8 -9999.0
53974 20170601  2.422  -96.61   39.10    26.0    16.2    21.1    21.2     0.9    19.53 C    32.3    15.5    21.5    89.7    61.1    76.0   0.481   0.476 -99.000 -99.000 -99.000    20.5    20.8    19.8    17.9 -9999.0
53974 20170602  2.422  -96.61   39.10    28.8    17.7    23.3    23.2     0.0    29.48 C    36.6    16.6    24.2    87.0    42.0    66.0   0.461   0.462 -99.000 -99.000 -99.000    21.9    22.0    20.6    18.1 -9999.0
53974 20170603  2.422  -96.61   39.10    27.8    15.4    21.6    22.1     4.0    21.03 C    35.8    14.6    22.3    92.1    55.0    75.8   0.446   0.456 -99.000 -99.000 -99.000    22.1    22.3    21.2    18.5 -9999.0
53974 20170604  2.422  -96.61   39.10    29.0    18.1    23.6    22.9     0.0    21.75 C    36.0    16.5    23.8    92.0    51.3    77.0   0.439   0.453 -99.000 -99.000 -99.000    22.8    22.9    21.6    18.8 -9999.0
53974 20170605  2.422  -96.61   39.10    32.0    15.7    23.8    24.3     0.0    27.97 C    39.2    14.5    24.9    93.9    32.3    68.0   0.407   0.431 -99.000 -99.000 -99.000    23.3    23.4    22.1    19.2 -9999.0
53974 20170606  2.422  -96.61   39.10    28.3    15.6    21.9    22.1     0.0    25.63 C    34.6    13.8    22.3    87.0    38.6    62.5   0.370   0.416 -99.000 -99.000 -99.000    23.1    23.4    22.4    19.4 -9999.0
53974 20170607  2.422  -96.61   39.10    26.8    13.8    20.3    20.7     0.0    30.83 C    34.4    12.0    21.5    88.9    30.3    56.5   0.342   0.399 -99.000 -99.000 -99.000    22.5    23.0    22.1    19.7 -9999.0
53974 20170608  2.422  -96.61   39.10    27.8    12.4    20.1    21.3     0.0    29.42 C    34.9    10.3    21.6    86.1    34.9    53.9   0.318   0.378 -99.000 -99.000 -99.000    22.2    22.6    21.9    19.7 -9999.0
53974 20170609  2.422  -96.61   39.10    30.1    16.1    23.1    23.9     0.0    29.81 C    35.6    14.4    24.4    74.7    38.1    55.3   0.293   0.357 -99.000 -99.000 -99.000    22.8    23.0    22.1    19.8 -9999.0
53974 20170610  2.422  -96.61   39.10    31.2    19.2    25.2    25.4     0.0    28.31 C    35.4    18.1    26.1    80.9    52.8    65.8   0.267   0.334 -99.000 -99.000 -99.000    23.6    23.6    22.6    20.0 -9999.0
53974 20170611  2.422  -96.61   39.10    32.8    21.9    27.4    27.2     0.0    28.29 C    37.5    20.8    27.6    74.6    43.1    59.9   0.242   0.308 -99.000 -99.000 -99.000    24.2    24.3    23.1    20.3 -9999.0
53974 20170612  2.422  -96.61   39.10    32.6    21.9    27.3    27.1     0.0    26.41 C    37.8    20.2    27.5    73.9    51.3    62.1   0.220   0.280 -99.000 -99.000 -99.000    24.8    24.8    23.5    20.6 -9999.0
53974 20170613  2.422  -96.61   39.10    33.2    23.0    28.1    27.8     0.0    28.22 C    38.1    21.5    28.2    79.9    46.8    62.5   0.199   0.257 -99.000 -99.000 -99.000    25.4    25.3    24.0    20.9 -9999.0
53974 20170614  2.422  -96.61   39.10    34.2    19.3    26.7    27.1     0.0    23.19 C    41.8    17.3    27.5    75.8    26.1    58.1   0.183   0.238 -99.000 -99.000 -99.000    25.8    25.7    24.3    21.2 -9999.0
53974 20170615  2.422  -96.61   39.10    34.5    16.4    25.4    25.0     0.7    25.03 C    41.0    14.8    25.3    89.7    43.2    67.0   0.171   0.223   0.316 -99.000 -99.000    25.4    25.6    24.4    21.4 -9999.0
53974 20170616  2.422  -96.61   39.10    33.7    16.9    25.3    26.9     0.0    28.25 C    40.4    15.7    27.9    88.1    46.1    61.7   0.165   0.214   0.302 -99.000 -99.000    25.7    25.6    24.3    21.5 -9999.0
53974 20170617  2.422  -96.61   39.10    35.3    19.2    27.2    27.3     1.8    25.17 C    42.6    18.5    28.6    84.3    45.5    67.5   0.157   0.205   0.286 -99.000 -99.000    27.0    26.8    25.1    21.7 -9999.0
53974 20170618  2.422  -96.61   39.10    28.6    16.8    22.7    22.4     0.6    29.83 C    37.6    14.5    23.5    87.8    26.2    56.9   0.150   0.198   0.275 -99.000 -99.000    25.3    25.7    24.8    22.0 -9999.0
53974 20170619  2.422  -96.61   39.10    31.2    16.4    23.8    23.7     0.0    21.70 C    39.5    14.5    24.2    80.9    29.2    53.2   0.147   0.193   0.266 -99.000 -99.000    24.4    24.7    24.0    22.0 -9999.0
53974 20170620  2.422  -96.61   39.10    35.6    19.6    27.6    27.0     0.8    28.95 C    42.4    18.3    27.9    79.4    27.0    54.0   0.145   0.189   0.259 -99.000 -99.000    25.7    25.6    24.2    21.9 -9999.0
53974 20170621  2.422  -96.61   39.10    34.5    22.3    28.4    28.6     0.0    29.86 C    40.1    20.5    29.0    68.6    27.4    46.5   0.140   0.184   0.255 -99.000 -99.000    26.1    26.1    24.7    22.1 -9999.0
53974 20170622  2.422  -96.61   39.10    33.4    21.2    27.3    27.5     0.0    28.86 C    40.7    19.2    28.8    73.7    40.9    55.7   0.135   0.181   0.250 -99.000 -99.000    26.7    26.5    25.0    22.3 -9999.0
53974 20170623  2.422  -96.61   39.10    27.0    13.2    20.1    22.6     0.0    24.83 C    38.0    11.6    24.0    84.4    28.8    54.3   0.127   0.177   0.246 -99.000 -99.000    25.6    25.9    25.1    22.5 -9999.0
53974 20170624  2.422  -96.61   39.10    27.2     9.3    18.3    19.3     0.4    26.93 C    39.0     8.4    21.1    90.1    20.6    52.5   0.121   0.174   0.237 -99.000 -99.000    24.1    24.6    24.0    22.4 -9999.0
53974 20170625  2.422  -96.61   39.10    21.2    12.3    16.8    16.9     2.4     8.92 C    22.8    10.3    16.2    91.4    46.1    72.6   0.114   0.170   0.230 -99.000 -99.000    21.6    22.6    23.1    22.2 -9999.0
53974 20170626  2.422  -96.61   39.10    26.3    11.7    19.0    18.7     1.4    24.66 C    33.8    10.6    20.0    91.9    50.4    75.3   0.115   0.169   0.225 -99.000 -99.000    22.0    22.5    22.1    21.7 -9999.0
53974 20170627  2.422  -96.61   39.10    29.1    13.8    21.4    21.8     0.0    24.77 C    33.2    12.3    22.7    93.1    56.5    72.9   0.117   0.169   0.226 -99.000 -99.000    22.8    22.9    22.4    21.5 -9999.0
53974 20170628  2.422  -96.61   39.10    34.2    22.8    28.5    28.1     0.0    24.84 C    40.5    21.2    28.9    75.4    39.5    56.9   0.120   0.171   0.225 -99.000 -99.000    25.0    24.6    23.3    21.5 -9999.0
53974 20170629  2.422  -96.61   39.10    29.3    17.0    23.1    23.8    51.4    22.44 C    34.6    16.5    24.5    89.0    50.5    73.9   0.322   0.345   0.422 -99.000 -99.000    23.7    23.9    23.4    21.7 -9999.0
53974 20170630  2.422  -96.61   39.10    27.7    15.0    21.3    21.6    10.8    21.92 C    35.1    14.3    22.4    92.1    49.1    75.2   0.363   0.419   0.469 -99.000 -99.000    24.0    24.4    23.8    21.8 -9999.0
53974 20170701  2.422  -96.61   39.10    30.2    13.8    22.0    22.5     0.0    30.10 C    36.4    12.9    23.6    90.6    36.0    63.0   0.329   0.390   0.428 -99.000 -99.000    23.7    24.0    23.4    21.9 -9999.0
53974 20170702  2.422  -96.61   39.10    30.6    19.1    24.9    25.4     0.0    24.22 C    34.8    17.4    25.2    83.2    46.5    63.5   0.299   0.368   0.414 -99.000 -99.000    24.2    24.4    23.8    21.9 -9999.0
53974 20170703  2.422  -96.61   39.10    30.3    20.6    25.5    24.5     0.0    17.34 C    36.2    19.6    24.3    88.2    53.6    73.9   0.273   0.354   0.398 -99.000 -99.000    24.5    24.7    24.0    22.1 -9999.0
53974 20170704  2.422  -96.61   39.10    27.8    18.5    23.1    23.6     0.0    24.41 C    33.4    17.5    24.2    91.4    57.7    75.6   0.254   0.342   0.389 -99.000 -99.000    24.9    25.1    24.3    22.2 -9999.0
53974 20170705  2.422  -96.61   39.10    30.9    16.0    23.5    23.8     0.0    28.97 C    37.3    15.4    24.9    92.7    38.4    69.4   0.234   0.325   0.375 -99.000 -99.000    24.8    25.0    24.3    22.3 -9999.0
53974 20170706  2.422  -96.61   39.10    33.8    16.7    25.3    26.3     0.0    28.61 C    39.2    15.9    26.9    92.0    35.1    63.5   0.216   0.312   0.366 -99.000 -99.000    25.3    25.5    24.5    22.3 -9999.0
53974 20170707  2.422  -96.61   39.10    30.6    16.1    23.3    25.1     0.0    24.25 C    38.6    15.2    25.7    89.0    38.2    63.8   0.198   0.292   0.357 -99.000 -99.000    25.5    25.8    24.9    22.5 -9999.0
53974 20170708  2.422  -96.61   39.10    31.8    14.0    22.9    24.0     0.0    28.34 C    38.0    13.3    25.0    92.2    38.8    64.4   0.183   0.277   0.348 -99.000 -99.000    25.0    25.3    24.6    22.6 -9999.0
53974 20170709  2.422  -96.61   39.10    34.2    19.3    26.8    27.9     0.0    29.01 C    39.6    17.6    28.7    82.2    36.0    59.6   0.168   0.256   0.344 -99.000 -99.000    26.1    26.2    25.1    22.6 -9999.0
53974 20170710  2.422  -96.61   39.10    36.2    23.6    29.9    29.5     0.0    28.43 C    41.2    22.6    30.4    81.7    31.2    58.3   0.157   0.235   0.336 -99.000 -99.000    27.0    27.1    25.7    22.9 -9999.0
53974 20170711  2.422  -96.61   39.10    37.0    24.8    30.9    30.8     0.0    28.25 C    42.6    23.6    31.7    80.2    34.8    55.8   0.147   0.217   0.330 -99.000 -99.000    27.7    27.7    26.2    23.2 -9999.0
53974 20170712  2.422  -96.61   39.10    38.1    26.4    32.3    31.5     0.0    27.76 C    43.5    25.0    32.3    63.9    24.8    47.8   0.139   0.203   0.323 -99.000 -99.000    28.1    28.2    26.7    23.5 -9999.0
53974 20170713  2.422  -96.61   39.10    33.4    21.9    27.7    26.5     1.0    19.77 C    42.7    21.5    27.5    85.6    47.4    70.9   0.130   0.194   0.314 -99.000 -99.000    27.5    27.9    26.8    23.9 -9999.0
53974 20170714  2.422  -96.61   39.10    31.8    21.2    26.5    26.1     0.0    22.36 C    39.7    20.4    27.7    92.5    51.7    73.9   0.127   0.188   0.305 -99.000 -99.000    26.9    27.2    26.3    24.0 -9999.0
53974 20170715  2.422  -96.61   39.10    33.4    20.4    26.9    27.0     0.0    25.05 C    43.5    19.4    28.6    92.4    44.7    69.2   0.124   0.183   0.295 -99.000 -99.000    27.3    27.5    26.3    24.1 -9999.0
53974 20170716  2.422  -96.61   39.10    34.1    20.9    27.5    27.8     0.0    27.26 C    45.1    19.3    29.4    90.2    39.2    62.2   0.121   0.179   0.286 -99.000 -99.000    27.7    27.9    26.6    24.1 -9999.0
53974 20170717  2.422  -96.61   39.10    35.6    18.2    26.9    28.3     0.0    28.81 C    44.2    16.4    30.0    85.7    31.8    55.6   0.116   0.176   0.282 -99.000 -99.000    27.8    28.1    26.8    24.2 -9999.0
53974 20170718  2.422  -96.61   39.10    35.6    24.0    29.8    29.4     0.0    23.51 C    43.9    22.8    30.7    76.2    34.4    53.4   0.112   0.171   0.273 -99.000 -99.000    28.0    28.3    27.0    24.4 -9999.0
53974 20170719  2.422  -96.61   39.10    37.9    25.1    31.5    31.2     0.0    27.45 C    47.1    23.5    32.9    77.9    28.3    51.3   0.108   0.167   0.267 -99.000 -99.000    29.0    29.1    27.4    24.6 -9999.0
53974 20170720  2.422  -96.61   39.10    39.4    25.4    32.4    32.1     0.0    28.01 C    47.8    24.2    33.9    71.1    22.5    47.7   0.104   0.163   0.260 -99.000 -99.000    29.4    29.5    27.8    24.9 -9999.0
53974 20170721  2.422  -96.61   39.10    40.2    26.4    33.3    33.1     0.0    28.07 C    48.5    25.0    34.6    65.1    21.7    43.4   0.100   0.158   0.256 -99.000 -99.000    29.8    29.9    28.2    25.2 -9999.0
53974 20170722  2.422  -96.61   39.10    40.2    21.5    30.9    30.4     8.5    24.70 C    52.1    20.2    32.7    87.2    24.7    51.3   0.095   0.153   0.250 -99.000 -99.000    29.7    30.1    28.5    25.5 -9999.0
53974 20170723  2.422  -96.61   39.10    34.8    18.9    26.9    26.9     0.0    27.20 C    43.5    18.4    28.8    92.4    33.5    66.0   0.096   0.150   0.244 -99.000 -99.000    27.7    28.4    27.8    25.6 -9999.0
53974 20170724  2.422  -96.61   39.10    34.1    20.3    27.2    27.7     0.0    27.39 C    43.9    19.3    29.9    83.3    45.3    64.6   0.102   0.153   0.241 -99.000 -99.000    27.9    28.4    27.4    25.5 -9999.0
53974 20170725  2.422  -96.61   39.10    36.7    22.6    29.7    29.8     0.0    27.43 C    47.0    21.4    32.1    87.7    33.2    58.9   0.106   0.154   0.237 -99.000 -99.000    28.5    28.9    27.7    25.5 -9999.0
53974 20170726  2.422  -96.61   39.10    28.2    23.0    25.6    25.0    22.4     4.38 C    27.4    22.3    24.5    91.9    62.2    82.9   0.173   0.204   0.326 -99.000 -99.000    26.2    27.0    27.1    25.5 -9999.0
53974 20170727  2.422  -96.61   39.10    30.8    21.0    25.9    25.6     0.0    21.95 C    39.7    19.8    27.1    92.8    50.9    74.9   0.225   0.239   0.327 -99.000 -99.000    26.4    27.1    26.5    25.3 -9999.0
53974 20170728  2.422  -96.61   39.10    31.3    18.6    25.0    24.3     0.0    24.06 C    43.0    18.1    26.4    90.7    46.8    70.9   0.204   0.219   0.312 -99.000 -99.000    25.7    26.6    26.4    25.2 -9999.0
53974 20170729  2.422  -96.61   39.10    29.7    16.7    23.2    23.0     0.0    24.17 C    41.2    16.2    24.6    91.1    43.6    68.2   0.185   0.207   0.295 -99.000 -99.000    25.0    25.9    25.9    25.0 -9999.0
53974 20170730  2.422  -96.61   39.10    28.9    15.9    22.4    22.6     0.0    24.27 C    41.4    15.2    24.5    89.1    38.7    63.9   0.167   0.192   0.283 -99.000 -99.000    24.5    25.4    25.4    24.7 -9999.0
53974 20170731  2.422  -96.61   39.10    23.6    16.3    20.0    20.1     1.9     9.89 C    26.8    15.5    20.4    91.9    64.0    79.3   0.154   0.185   0.270 -99.000 -99.000    23.5    24.3    24.8    24.5 -9999.0
53974 20170801  2.422  -96.61   39.10    30.0    14.6    22.3    22.0     0.0    24.43 C    39.9    14.2    24.3    93.6    40.4    71.5   0.147   0.180   0.259 -99.000 -99.000    23.4    24.1    24.1    24.1 -9999.0
53974 20170802  2.422  -96.61   39.10    32.4    16.0    24.2    24.0    10.8    24.59 C    45.8    15.6    25.6    91.1    41.2    67.5   0.156   0.185   0.255 -99.000 -99.000    24.0    24.6    24.3    23.9 -9999.0
53974 20170803  2.422  -96.61   39.10    26.6    17.2    21.9    22.0    17.3    24.35 C    35.2    16.8    23.5    88.8    47.1    67.8   0.239   0.270   0.366 -99.000 -99.000    23.4    24.3    24.4    23.8 -9999.0
53974 20170804  2.422  -96.61   39.10    25.3    10.9    18.1    19.3     0.0    28.88 C    36.1    10.2    21.9    91.5    34.2    58.7   0.221   0.275   0.353 -99.000 -99.000    22.2    23.4    23.9    23.7 -9999.0
53974 20170805  2.422  -96.61   39.10    26.6    14.7    20.6    19.7    84.6    15.48 C    32.3    14.4    20.2    91.0    53.8    74.8   0.291   0.368   0.456 -99.000 -99.000    20.9    21.6    22.6    23.2 -9999.0
53974 20170806  2.422  -96.61   39.10    22.9    15.8    19.3    19.8     0.0     7.47 C    25.6    15.3    20.3    92.1    71.9    85.6   0.303   0.411 -99.000 -99.000 -99.000    21.4    21.9    22.2    22.7 -9999.0
53974 20170807  2.422  -96.61   39.10    25.7    15.2    20.4    20.0     0.0    16.27 C    29.3    15.0    20.9    93.8    53.3    78.6   0.285   0.388 -99.000 -99.000 -99.000    21.6    22.1    22.3    22.4 -9999.0
53974 20170808  2.422  -96.61   39.10    26.9    15.2    21.1    21.0     0.5    21.15 C    38.7    14.4    22.2    93.5    49.1    73.8   0.271   0.369 -99.000 -99.000 -99.000    22.0    22.6    22.5    22.3 -9999.0
53974 20170809  2.422  -96.61   39.10    27.1    17.1    22.1    21.6     2.5    16.63 C    36.3    16.7    22.2    91.0    48.8    73.5   0.269   0.364 -99.000 -99.000 -99.000    22.4    22.9    22.8    22.4 -9999.0
53974 20170810  2.422  -96.61   39.10    28.4    16.2    22.3    22.6     5.0    20.10 C    36.2    15.8    24.2    93.8    63.0    79.0   0.266   0.362 -99.000 -99.000 -99.000    22.9    23.4    23.0    22.4 -9999.0
53974 20170811  2.422  -96.61   39.10    27.8    16.6    22.2    21.7     9.6    26.73 C    35.6    15.9    23.4    92.7    41.9    72.3   0.336   0.423 -99.000 -99.000 -99.000    22.9    23.5    23.4    22.5 -9999.0
53974 20170812  2.422  -96.61   39.10    28.0    13.8    20.9    21.0     0.0    22.91 C    36.5    13.3    22.2    92.5    45.7    71.1   0.293   0.381 -99.000 -99.000 -99.000    22.6    23.2    23.3    22.5 -9999.0
53974 20170813  2.422  -96.61   39.10    28.7    15.3    22.0    22.2     0.0    21.22 C    38.2    14.6    23.6    92.3    49.1    73.9   0.280   0.364 -99.000 -99.000 -99.000    22.9    23.4    23.3    22.5 -9999.0
53974 20170814  2.422  -96.61   39.10    31.8    20.3    26.1    25.3     0.0    20.38 C    40.3    19.9    26.8    91.3    50.4    74.8   0.270   0.350 -99.000 -99.000 -99.000    24.2    24.4    23.8    22.6 -9999.0
53974 20170815  2.422  -96.61   39.10    31.0    21.2    26.1    26.2     0.0    23.95 C    40.4    19.8    27.9    90.3    52.0    72.6   0.258   0.337 -99.000 -99.000 -99.000    25.0    25.2    24.5    22.9 -9999.0
53974 20170816  2.422  -96.61   39.10    27.4    18.3    22.8    23.4    10.0    20.84 C    32.3    18.0    23.9    88.2    54.5    75.5   0.287   0.361 -99.000 -99.000 -99.000    24.3    24.9    24.7    23.2 -9999.0
53974 20170817  2.422  -96.61   39.10    29.2    17.4    23.3    22.8     0.0    26.73 C    34.5    16.7    23.6    90.5    37.2    65.7   0.283   0.358 -99.000 -99.000 -99.000    23.6    24.2    24.2    23.2 -9999.0
53974 20170818  2.422  -96.61   39.10    31.4    18.9    25.2    24.8     0.0    24.54 C    38.6    17.8    26.1    89.4    44.6    65.4   0.263   0.337 -99.000 -99.000 -99.000    23.9    24.4    24.2    23.3 -9999.0
53974 20170819  2.422  -96.61   39.10    33.4    16.6    25.0    26.0     0.0    25.45 C    39.9    16.2    27.2    93.0    44.6    70.7   0.251   0.319 -99.000 -99.000 -99.000    24.4    24.7    24.4    23.3 -9999.0
53974 20170820  2.422  -96.61   39.10    34.5    19.8    27.1    28.1     2.5    23.62 C    41.2    19.0    28.8    85.4    45.0    64.9   0.241   0.300 -99.000 -99.000 -99.000    25.5    25.7    25.1    23.4 -9999.0
53974 20170821  2.422  -96.61   39.10    32.9    22.8    27.8    26.1     5.1    12.43 C    39.2    21.2    26.3    90.8    50.9    73.6   0.234   0.286 -99.000 -99.000 -99.000    25.3    25.6    25.2    23.7 -9999.0
53974 20170822  2.422  -96.61   39.10    28.4    12.6    20.5    21.8     2.4    24.98 C    32.9    11.9    22.7    91.8    30.0    68.0   0.250   0.283 -99.000 -99.000 -99.000    23.9    24.8    24.9    23.8 -9999.0
53974 20170823  2.422  -96.61   39.10    27.1    10.1    18.6    18.8     0.0    25.61 C    33.8     9.6    20.0    92.5    33.7    66.3   0.239   0.276 -99.000 -99.000 -99.000    21.8    22.8    23.7    23.7 -9999.0
53974 20170824  2.422  -96.61   39.10    27.1    13.5    20.3    21.0     0.0    20.16 C    35.2    12.4    21.6    87.4    40.8    65.0   0.229   0.268 -99.000 -99.000 -99.000    21.9    22.6    23.1    23.3 -9999.0
53974 20170825  2.422  -96.61   39.10    27.9    16.7    22.3    22.7     0.0    23.51 C    36.4    15.4    24.0    85.3    38.8    63.5   0.218   0.257 -99.000 -99.000 -99.000    22.8    23.2    23.3    23.1 -9999.0
53974 20170826  2.422  -96.61   39.10    30.7    15.9    23.3    23.8     0.0    20.04 C    39.1    14.9    24.9    90.9    49.8    68.9   0.205   0.243 -99.000 -99.000 -99.000    23.1    23.5    23.4    23.0 -9999.0
53974 20170827  2.422  -96.61   39.10    28.6    17.6    23.1    22.3     9.7    18.60 C    33.3    17.1    23.0    92.7    52.5    78.1   0.219   0.251 -99.000 -99.000 -99.000    23.2    23.7    23.7    23.0 -9999.0
53974 20170828  2.422  -96.61   39.10    27.3    13.9    20.6    20.2     0.0    25.26 C    35.2    13.3    21.7    94.5    41.5    72.4   0.226   0.246 -99.000 -99.000 -99.000    22.3    23.0    23.4    23.0 -9999.0
53974 20170829  2.422  -96.61   39.10    26.7    11.3    19.0    18.8     0.0    24.30 C    34.7    10.8    20.3    93.4    44.1    74.1   0.222   0.233 -99.000 -99.000 -99.000    21.4    22.2    22.8    22.9 -9999.0
53974 20170830  2.422  -96.61   39.10    28.0    11.3    19.7    19.6     0.0    24.17 C    35.0    10.8    20.7    93.0    43.8    72.1   0.215   0.222 -99.000 -99.000 -99.000    21.3    22.0    22.5    22.6 -9999.0
53974 20170831  2.422  -96.61   39.10    28.0    12.4    20.2    20.3     0.0    23.14 C    35.3    11.8    21.4    93.1    43.9    72.4   0.209   0.211 -99.000 -99.000 -99.000    21.5    22.1    22.5    22.5 -9999.0
53974 20170901  2.422  -96.61   39.10    27.0    13.2    20.1    20.5     0.0    12.57 C    32.4    12.5    20.8    93.0    48.4    75.3   0.204   0.203 -99.000 -99.000 -99.000    21.5    22.0    22.3    22.4 -9999.0
53974 20170902  2.422  -96.61   39.10    30.8    18.0    24.4    23.6     0.0    21.90 C    34.8    16.6    24.3    85.6    43.8    68.7   0.200   0.197 -99.000 -99.000 -99.000    22.6    22.8    22.6    22.3 -9999.0
53974 20170903  2.422  -96.61   39.10    33.8    14.6    24.2    24.8     0.0    22.02 C    39.3    14.0    25.5    93.5    36.4    67.6   0.193   0.191 -99.000 -99.000 -99.000    23.1    23.3    23.0    22.3 -9999.0
53974 20170904  2.422  -96.61   39.10    29.1    17.9    23.5    24.3     0.0    19.11 C    35.4    14.7    24.1    72.6    35.1    57.3   0.184   0.185 -99.000 -99.000 -99.000    23.2    23.6    23.5    22.4 -9999.0
53974 20170905  2.422  -96.61   39.10    24.8     7.6    16.2    17.7     0.0    24.13 C    32.4     6.2    18.2    82.9    23.9    51.6   0.176   0.178 -99.000 -99.000 -99.000    20.6    21.7    22.7    22.5 -9999.0
53974 20170906  2.422  -96.61   39.10    24.8     5.3    15.1    14.8     0.0    23.90 C    32.0     4.4    15.7    90.3    25.1    58.9   0.168   0.172 -99.000 -99.000 -99.000    18.6    20.0    21.4    22.3 -9999.0
53974 20170907  2.422  -96.61   39.10    29.0     6.0    17.5    18.7     0.0    23.16 C    36.7     5.4    19.7    90.7    24.9    55.5   0.163   0.169 -99.000 -99.000 -99.000    19.2    20.1    20.9    21.9 -9999.0
53974 20170908  2.422  -96.61   39.10    32.2    18.2    25.2    24.0     0.0    22.34 C    39.3    16.0    24.3    57.1    22.7    42.0   0.161   0.169 -99.000 -99.000 -99.000    21.0    21.5    21.5    21.6 -9999.0
53974 20170909  2.422  -96.61   39.10    30.2    15.7    22.9    23.4     0.0    21.67 C    37.6    14.0    24.2    73.3    26.1    48.4   0.156   0.166 -99.000 -99.000 -99.000    21.4    21.9    21.9    21.7 -9999.0
53974 20170910  2.422  -96.61   39.10    29.0    18.1    23.5    23.3     0.0    17.74 C    36.4    16.2    23.6    71.8    36.8    52.7   0.151   0.165 -99.000 -99.000 -99.000    21.9    22.3    22.2    21.8 -9999.0
53974 20170911  2.422  -96.61   39.10    29.6    12.8    21.2    21.4     0.0    21.01 C    37.7    11.8    22.2    84.9    33.4    56.8   0.147   0.163 -99.000 -99.000 -99.000    21.5    22.1    22.1    21.8 -9999.0
53974 20170912  2.422  -96.61   39.10    28.0    11.1    19.5    19.1     0.0    18.24 C    34.7    10.2    19.8    91.6    32.9    65.6   0.142   0.161 -99.000 -99.000 -99.000    20.8    21.5    21.8    21.8 -9999.0
53974 20170913  2.422  -96.61   39.10    31.8    10.9    21.4    21.5     0.0    20.70 C    37.1    10.3    22.3    88.9    26.8    56.4   0.139   0.159 -99.000 -99.000 -99.000    20.9    21.5    21.6    21.7 -9999.0
53974 20170914  2.422  -96.61   39.10    35.6    17.9    26.7    26.4     0.9    18.87 C    42.7    15.6    25.7    69.0    17.8    39.9   0.136   0.159 -99.000 -99.000 -99.000    21.9    22.2    22.0    21.7 -9999.0
53974 20170915  2.422  -96.61   39.10    31.3    21.1    26.2    25.4     0.0    10.06 C    37.6    19.4    24.6    68.6    34.3    54.8   0.133   0.157 -99.000 -99.000 -99.000    22.0    22.4    22.1    21.8 -9999.0
53974 20170916  2.422  -96.61   39.10    32.0    16.5    24.2    25.2     0.0    15.28 C    39.3    17.1    25.9    80.7    37.5    60.7   0.130   0.157 -99.000 -99.000 -99.000    22.9    23.0    22.5    21.8 -9999.0
53974 20170917  2.422  -96.61   39.10    19.6    14.2    16.9    17.1     0.0     6.38 C    22.5    14.8    17.9    89.6    73.8    82.2   0.125   0.154 -99.000 -99.000 -99.000    20.6    21.5    22.1    22.0 -9999.0
53974 20170918  2.422  -96.61   39.10    28.3    18.4    23.3    22.0     7.1    12.48 C    32.6    18.0    22.1    89.5    52.3    77.2   0.139   0.177 -99.000 -99.000 -99.000    21.6    21.9    21.8    21.8 -9999.0
53974 20170919  2.422  -96.61   39.10    34.4    20.7    27.6    27.4     0.0    20.32 C    39.7    19.1    27.7    82.3    38.7    60.8   0.144   0.173 -99.000 -99.000 -99.000    23.0    22.8    22.3    21.8 -9999.0
53974 20170920  2.422  -96.61   39.10    31.2    22.1    26.6    26.3     0.0    20.95 C    39.5    20.4    27.2    81.4    40.7    62.0   0.143   0.165 -99.000 -99.000 -99.000    23.7    23.7    23.1    21.9 -9999.0
53974 20170921  2.422  -96.61   39.10    34.9    21.0    27.9    28.6     0.0    19.89 C    42.5    19.6    29.4    87.9    43.1    63.4   0.142   0.160 -99.000 -99.000 -99.000    24.4    24.2    23.5    22.3 -9999.0
53974 20170922  2.422  -96.61   39.10    35.0    23.8    29.4    28.4     0.0    19.35 C    42.5    22.3    29.0    75.5    36.9    57.1   0.138   0.159 -99.000 -99.000 -99.000    24.6    24.6    24.0    22.5 -9999.0
53974 20170923  2.422  -96.61   39.10    33.1    22.0    27.6    26.9     0.0    20.09 C    41.8    20.3    27.7    76.6    33.8    55.7   0.135   0.156 -99.000 -99.000 -99.000    24.3    24.5    24.0    22.8 -9999.0
53974 20170924  2.422  -96.61   39.10    32.7    21.7    27.2    26.5     0.0    16.34 C    40.9    20.0    26.9    69.8    33.6    53.7   0.131   0.155 -99.000 -99.000 -99.000    24.0    24.2    23.8    22.9 -9999.0
53974 20170925  2.422  -96.61   39.10    28.0    17.9    23.0    21.5     8.8     7.10 C    33.8    17.9    21.8    93.1    53.1    76.7   0.128   0.154 -99.000 -99.000 -99.000    22.9    23.5    23.6    22.9 -9999.0
53974 20170926  2.422  -96.61   39.10    18.2    13.3    15.7    15.0     0.7     5.98 C    19.3    13.0    15.9    93.7    72.2    85.9   0.142   0.153 -99.000 -99.000 -99.000    20.6    21.5    22.3    22.7 -9999.0
53974 20170927  2.422  -96.61   39.10    22.0     8.4    15.2    15.1     0.0    11.70 C    25.0     7.7    15.2    91.7    36.9    70.7   0.145   0.152 -99.000 -99.000 -99.000    19.0    19.9    21.0    22.3 -9999.0
53974 20170928  2.422  -96.61   39.10    25.0     6.4    15.7    15.5     0.0    19.63 C    32.0     6.0    16.6    92.5    33.9    67.8   0.144   0.151 -99.000 -99.000 -99.000    18.0    18.9    20.0    21.6 -9999.0
53974 20170929  2.422  -96.61   39.10    27.2     9.9    18.6    18.7     0.0    16.09 C    33.3     9.2    19.3    89.5    20.7    57.0   0.143   0.153 -99.000 -99.000 -99.000    18.9    19.4    20.0    21.2 -9999.0
53974 20170930  2.422  -96.61   39.10    28.3    14.6    21.4    21.1     0.0    15.71 C    35.2    13.0    21.5    75.9    24.8    46.7   0.141   0.153 -99.000 -99.000 -99.000    19.6    20.0    20.2    21.0 -9999.0
53974 20171001  2.422  -96.61   39.10    27.9    17.7    22.8    21.9     0.0    11.67 C    34.6    16.1    21.9    59.7    31.8    46.3   0.138   0.152 -99.000 -99.000 -99.000    19.7    20.1    20.3    20.9 -9999.0
53974 20171002  2.422  -96.61   39.10    31.6    18.5    25.1    24.8     0.0    16.46 C    37.7    17.0    25.0    66.3    36.9    52.1   0.137   0.151 -99.000 -99.000 -99.000    20.6    20.7    20.5    20.8 -9999.0
53974 20171003  2.422  -96.61   39.10    27.6    15.5    21.5    21.1     2.8     6.95 C    33.7    15.7    21.2    91.0    58.4    76.9   0.134   0.155 -99.000 -99.000 -99.000    21.0    21.3    21.1    20.9 -9999.0
53974 20171004  2.422  -96.61   39.10    16.6    14.0    15.3    15.2    10.2     3.18 C    17.3    14.2    15.5    92.7    87.8    90.2   0.151   0.183 -99.000 -99.000 -99.000    18.7    19.6    20.4    21.0 -9999.0
53974 20171005  2.422  -96.61   39.10    25.7    15.3    20.5    20.8     0.5     5.90 C    25.9    15.5    20.6    94.9    69.2    85.6   0.172   0.193 -99.000 -99.000 -99.000    19.9    20.0    20.1    20.7 -9999.0
53974 20171006  2.422  -96.61   39.10    30.6    18.0    24.3    23.7    28.6    13.77 C    33.8    17.0    23.8    90.6    46.6    73.0   0.188   0.205 -99.000 -99.000 -99.000    21.4    21.5    21.0    20.7 -9999.0
53974 20171007  2.422  -96.61   39.10    24.4    13.8    19.1    17.6     3.1    17.94 C    27.5    12.4    17.8    91.6    32.5    66.0   0.266   0.356 -99.000 -99.000 -99.000    19.7    20.4    20.8    20.8 -9999.0
53974 20171008  2.422  -96.61   39.10    28.8    13.9    21.3    20.3     0.0    18.88 C    32.9    11.4    19.8    67.3    20.1    45.0   0.247   0.333 -99.000 -99.000 -99.000    18.9    19.4    19.9    20.6 -9999.0
53974 20171009  2.422  -96.61   39.10    19.5     8.8    14.2    14.6     0.0    11.96 C    26.6     9.3    15.6    81.0    37.5    57.3   0.233   0.317 -99.000 -99.000 -99.000    17.4    18.4    19.4    20.4 -9999.0
53974 20171010  2.422  -96.61   39.10     8.8     2.5     5.6     6.3     1.5     3.48 C    10.1     2.4     7.4    91.1    65.7    81.7   0.225   0.307 -99.000 -99.000 -99.000    14.2    15.8    17.9    20.1 -9999.0
53974 20171011  2.422  -96.61   39.10    20.1     0.2    10.2     9.9     0.0    18.39 C    24.5     0.1    10.8    94.4    28.1    66.8   0.223   0.303 -99.000 -99.000 -99.000    13.7    14.6    16.3    19.3 -9999.0
53974 20171012  2.422  -96.61   39.10    27.4     9.7    18.5    17.6     0.0    16.21 C    29.6     8.5    17.5    85.7    39.2    65.2   0.220   0.298 -99.000 -99.000 -99.000    15.7    16.0    16.6    18.6 -9999.0
53974 20171013  2.422  -96.61   39.10    26.5    14.0    20.3    20.4     0.0    16.10 C    34.3    12.3    21.1    86.0    53.0    68.6   0.217   0.291 -99.000 -99.000 -99.000    18.0    18.0    17.8    18.4 -9999.0
53974 20171014  2.422  -96.61   39.10    25.8    11.1    18.4    16.7    34.2     6.15 C    26.8     0.0    16.3    94.5    65.0    83.4   0.275   0.353 -99.000 -99.000 -99.000    18.0    18.4    18.4 -9999.0 -9999.0
53974 20171015  2.422  -96.61   39.10    16.7     3.3    10.0     9.7     0.0    17.92 C    22.1     2.8    10.9    86.8    29.5    61.7   0.286   0.383 -99.000 -99.000 -99.000    15.7    16.8    17.5 -9999.0 -9999.0
53974 20171016  2.422  -96.61   39.10    22.9     1.7    12.3    12.7     0.0    17.70 C    26.2     1.5    12.5    89.4    21.6    53.7   0.270   0.365 -99.000 -99.000 -99.000    14.5    15.4    16.1 -9999.0 -9999.0
53974 20171017  2.422  -96.61   39.10    24.8    10.5    17.7    16.6     0.0    17.13 C    27.9     8.3    15.8    64.4    28.8    47.0   0.261   0.353 -99.000 -99.000 -99.000    15.3    16.0    16.3 -9999.0 -9999.0
53974 20171018  2.422  -96.61   39.10    25.5     9.3    17.4    16.0     0.0    16.17 C    29.8     7.8    15.5    87.6    31.2    58.4   0.252   0.343 -99.000 -99.000 -99.000    15.7    16.4    16.6 -9999.0 -9999.0
53974 20171019  2.422  -96.61   39.10    28.8     7.3    18.1    17.8     0.0    16.53 C    31.5     6.3    17.0    90.2    23.7    57.6   0.244   0.331 -99.000 -99.000 -99.000    15.9    16.4    16.6 -9999.0 -9999.0
53974 20171020  2.422  -96.61   39.10    26.4    14.8    20.6    19.9     0.0    13.23 C    30.0    12.5    19.3    75.7    45.3    62.7   0.239   0.325 -99.000 -99.000 -99.000    16.9    17.2    17.0 -9999.0 -9999.0
53974 20171021  2.422  -96.61   39.10    24.7    11.7    18.2    18.9     0.4     5.45 C    25.8     9.9    17.9    75.7    41.6    61.4   0.235   0.319 -99.000 -99.000 -99.000    17.5    17.9    17.6 -9999.0 -9999.0
53974 20171022  2.422  -96.61   39.10    21.2     2.9    12.1    12.8     0.0    16.78 C    26.6     2.6    12.8    90.1    15.1    49.8   0.228   0.310 -99.000 -99.000 -99.000    15.4    16.3    16.8 -9999.0 -9999.0
53974 20171023  2.422  -96.61   39.10    20.7     8.8    14.7    14.2     0.0    12.57 C    26.1     6.7    13.7    66.1    20.1    40.0   0.221   0.301 -99.000 -99.000 -99.000    14.5    15.5    16.0 -9999.0 -9999.0
53974 20171024  2.422  -96.61   39.10    15.1     0.8     8.0     9.6     0.0    16.31 C    20.4    -0.2     9.6    73.3    25.1    42.4   0.214   0.292 -99.000 -99.000 -99.000    12.8    14.1    15.0 -9999.0 -9999.0
53974 20171025  2.422  -96.61   39.10    24.8     0.9    12.8    13.3     0.0    15.71 C    28.8    -0.3    12.9    72.3    18.2    41.0   0.209   0.286 -99.000 -99.000 -99.000    12.5    13.4    14.0 -9999.0 -9999.0
53974 20171026  2.422  -96.61   39.10    21.6     4.0    12.8    14.1     0.0    14.06 C    28.0     4.3    14.2    54.4    27.9    40.8   0.205   0.282 -99.000 -99.000 -99.000    13.4    14.2    14.6 -9999.0 -9999.0
53974 20171027  2.422  -96.61   39.10     7.0    -3.1     2.0     2.8     0.0    15.69 C    14.6    -4.5     4.6    70.4    36.6    47.2   0.198   0.273 -99.000 -99.000 -99.000    10.6    12.3    13.7 -9999.0 -9999.0
53974 20171028  2.422  -96.61   39.10    11.3    -6.5     2.4     1.8     0.0    16.13 C    19.2    -7.2     2.6    80.6     8.8    42.8   0.192   0.267 -99.000 -99.000 -99.000     8.7    10.4    12.0 -9999.0 -9999.0
53974 20171029  2.422  -96.61   39.10    23.1    -0.2    11.5    11.8     0.0    15.27 C    27.6    -2.7    11.8    57.6    20.1    34.8   0.190   0.265 -99.000 -99.000 -99.000    10.1    10.9    11.7 -9999.0 -9999.0
53974 20171030  2.422  -96.61   39.10    11.7    -4.2     3.8     7.0     0.0    12.48 C    20.0    -5.4     7.7    69.5    24.7    44.5   0.188   0.264 -99.000 -99.000 -99.000    10.7    11.8    12.5 -9999.0 -9999.0
53974 20171031  2.422  -96.61   39.10     2.3    -6.7    -2.2    -1.7     1.1     3.96 C     6.7    -6.6    -1.0    87.1    52.5    79.1   0.184   0.259 -99.000 -99.000 -99.000     8.0     9.6    11.1 -9999.0 -9999.0
53974 20171101  2.422  -96.61   39.10    15.0     0.3     7.6     7.6     0.0    11.80 C    19.4    -0.7     7.9    86.8    50.6    69.2   0.183   0.257 -99.000 -99.000 -99.000     9.3    10.2    10.8 -9999.0 -9999.0
53974 20171102  2.422  -96.61   39.10    14.8     5.3    10.1     9.7     0.0     5.02 C    16.2     4.1     9.3    94.0    43.7    74.1   0.183   0.258 -99.000 -99.000 -99.000    10.6    11.4    11.7 -9999.0 -9999.0
53974 20171103  2.422  -96.61   39.10     8.8     0.7     4.8     5.1     0.0     4.63 C    10.8     0.3     5.6    92.9    56.3    75.8   0.184   0.254 -99.000 -99.000 -99.000     9.5    10.5    11.4 -9999.0 -9999.0
53974 20171104  2.422  -96.61   39.10    11.6     4.8     8.2     8.2     0.0     5.09 C    15.4     5.3     9.2    93.5    71.6    84.6   0.184   0.255 -99.000 -99.000 -99.000    10.7    11.4    11.6 -9999.0 -9999.0
53974 20171105  2.422  -96.61   39.10    11.0     1.4     6.2     8.2     0.0     7.89 C    18.2     0.8     9.1    90.5    45.2    67.2   0.183   0.254 -99.000 -99.000 -99.000    11.0    11.9    12.2 -9999.0 -9999.0
53974 20171106  2.422  -96.61   39.10     8.6    -1.7     3.4     2.9     0.0    13.30 C    15.7    -2.5     4.4    75.9    33.7    57.0   0.179   0.251 -99.000 -99.000 -99.000     8.9    10.2    11.3 -9999.0 -9999.0
53974 20171107  2.422  -96.61   39.10     8.4    -5.0     1.7     2.2     0.0     6.88 C    15.8    -5.8     2.8    75.6    32.7    57.0   0.177   0.247 -99.000 -99.000 -99.000     8.1     9.5    10.6 -9999.0 -9999.0
53974 20171108  2.422  -96.61   39.10    11.9    -8.0     2.0     1.9     0.0    13.96 C    18.6    -8.1     2.9    89.0    29.7    60.1   0.174   0.245 -99.000 -99.000 -99.000     6.8     8.2     9.6 -9999.0 -9999.0
53974 20171109  2.422  -96.61   39.10     8.4    -4.4     2.0     1.8     0.0    12.30 C    17.4    -5.5     2.7    81.2    36.8    55.3   0.173   0.241 -99.000 -99.000 -99.000     6.9     8.2     9.3 -9999.0 -9999.0
53974 20171110  2.422  -96.61   39.10     6.7    -3.7     1.5     0.9     0.0     6.89 C    11.1    -3.9     1.8    56.0    37.3    48.1   0.171   0.241 -99.000 -99.000 -99.000     6.5     7.8     8.9 -9999.0 -9999.0
53974 20171111  2.422  -96.61   39.10     9.2     0.7     5.0     7.3     2.6     3.45 C    11.4    -0.1     7.3    93.9    55.7    79.8   0.172   0.241 -99.000 -99.000 -99.000     8.1     8.7     9.2 -9999.0 -9999.0
53974 20171112  2.422  -96.61   39.10    10.7    -1.3     4.7     6.6     0.0     5.99 C    14.5    -2.0     6.8    94.5    62.9    85.7   0.181   0.241 -99.000 -99.000 -99.000     9.2     9.9    10.1 -9999.0 -9999.0
53974 20171113  2.422  -96.61   39.10    11.1    -2.0     4.6     6.9     0.0     3.11 C    11.6    -2.6     7.1    97.3    69.1    83.6   0.183   0.240 -99.000 -99.000 -99.000     8.6     9.4     9.8 -9999.0 -9999.0
53974 20171114  2.422  -96.61   39.10    15.5    10.3    12.9    12.8     0.2     2.94 C    16.1    10.0    12.6    91.9    82.2    89.1   0.186   0.242 -99.000 -99.000 -99.000    10.8    11.1    10.7 -9999.0 -9999.0
53974 20171115  2.422  -96.61   39.10    15.0    -0.5     7.2     9.0     0.0    13.18 C    19.9    -1.0     8.8    94.5    30.4    64.1   0.186   0.241 -99.000 -99.000 -99.000    10.5    11.3    11.4 -9999.0 -9999.0
53974 20171116  2.422  -96.61   39.10    15.3    -2.0     6.7     7.9     0.0    12.39 C    19.5    -3.3     7.4    81.5    27.9    53.3   0.184   0.240 -99.000 -99.000 -99.000     8.7     9.6    10.2 -9999.0 -9999.0
53974 20171117  2.422  -96.61   39.10    24.9    11.0    17.9    16.8     0.0     9.31 C    27.1     8.2    15.8    87.6    39.0    67.3   0.187   0.238 -99.000 -99.000 -99.000    11.8    11.8    11.2 -9999.0 -9999.0
53974 20171118  2.422  -96.61   39.10    13.9    -1.3     6.3     7.6     0.2     7.87 C    17.9    -3.3     7.4    88.6    31.1    61.8   0.185   0.240 -99.000 -99.000 -99.000    10.5    11.4    11.7 -9999.0 -9999.0
53974 20171119  2.422  -96.61   39.10    15.2    -5.5     4.9     5.2     0.0    12.67 C    19.0    -5.7     4.8    85.5    18.4    50.8   0.178   0.237 -99.000 -99.000 -99.000     7.9     9.1    10.1 -9999.0 -9999.0
53974 20171120  2.422  -96.61   39.10    17.8     5.8    11.8    11.3     0.0    11.72 C    19.8     3.0     9.8    43.2    19.7    31.8   0.177   0.234 -99.000 -99.000 -99.000     8.5     9.4     9.8 -9999.0 -9999.0
53974 20171121  2.422  -96.61   39.10    11.7    -5.3     3.2     5.5     0.0    11.80 C    17.3    -8.2     5.8    62.3    16.2    40.1   0.174   0.234 -99.000 -99.000 -99.000     8.2     9.4    10.0 -9999.0 -9999.0
53974 20171122  2.422  -96.61   39.10     8.6   -10.8    -1.1    -0.5     0.0    11.37 C    13.3   -10.6     0.2    82.8    23.7    52.0   0.171   0.230 -99.000 -99.000 -99.000     5.5     7.1     8.5 -9999.0 -9999.0
53974 20171123  2.422  -96.61   39.10    22.5     2.3    12.4    11.2     0.0    11.65 C    27.1    -0.3    10.8    54.0    24.6    41.5   0.171   0.230 -99.000 -99.000 -99.000     7.5     8.2     8.5 -9999.0 -9999.0
53974 20171124  2.422  -96.61   39.10    26.5    10.9    18.7    16.5     0.0    10.44 C    30.5     6.1    14.6    48.3    18.9    38.1   0.171   0.232 -99.000 -99.000 -99.000     9.9    10.2     9.9 -9999.0 -9999.0
53974 20171125  2.422  -96.61   39.10    16.9    -1.1     7.9     7.9     0.0    11.94 C    23.4    -2.5     7.3    87.6    32.4    58.6   0.168   0.231 -99.000 -99.000 -99.000     8.9     9.8    10.1 -9999.0 -9999.0
53974 20171126  2.422  -96.61   39.10    20.5     0.9    10.7    11.3     0.0    10.90 C    22.8    -0.5    10.1    81.0    21.5    45.3   0.166   0.229 -99.000 -99.000 -99.000     9.0     9.6     9.8 -9999.0 -9999.0
53974 20171127  2.422  -96.61   39.10    23.7    10.4    17.1    16.0     0.0     9.75 C    25.5     7.9    14.4    62.9    29.6    45.1   0.165   0.230 -99.000 -99.000 -99.000    10.3    10.6    10.4 -9999.0 -9999.0
53974 20171128  2.422  -96.61   39.10    16.3     6.1    11.2    12.2     0.0     7.28 C    23.0     2.9    11.1    83.4    33.0    53.5   0.164   0.229 -99.000 -99.000 -99.000    10.8    11.3    11.2 -9999.0 -9999.0
53974 20171129  2.422  -96.61   39.10    13.4     2.6     8.0     8.8     0.0     6.88 C    20.3     0.4     9.0    63.6    22.9    37.1   0.161   0.228 -99.000 -99.000 -99.000     9.8    10.6    10.9 -9999.0 -9999.0
53974 20171130  2.422  -96.61   39.10    14.7    -2.4     6.2     5.6     0.0    11.74 C    21.9    -4.4     4.8    74.7    16.5    46.4   0.158   0.227 -99.000 -99.000 -99.000     8.2     9.4    10.2 -9999.0 -9999.0
53974 20171201  2.422  -96.61   39.10    16.9     0.8     8.8     8.8     0.0    11.00 C    20.6    -3.1     7.3    66.2    22.0    41.6   0.156   0.224 -99.000 -99.000 -99.000     7.7     8.7     9.4 -9999.0 -9999.0
53974 20171202  2.422  -96.61   39.10    17.6    -2.1     7.8     7.0     0.0    10.99 C    22.8    -2.9     6.3    91.8    33.1    65.5   0.154   0.223 -99.000 -99.000 -99.000     7.8     8.8     9.3 -9999.0 -9999.0
53974 20171203  2.422  -96.61   39.10    20.7    -1.2     9.7    10.4     0.0     9.44 C    24.7    -1.9    10.0    91.1    47.0    71.9   0.154   0.223 -99.000 -99.000 -99.000     8.6     9.1     9.2 -9999.0 -9999.0
53974 20171204  2.422  -96.61   39.10    18.9    -1.9     8.5    12.4     0.0     8.51 C    21.0    -3.4    12.0    75.0    31.2    55.7   0.155   0.224 -99.000 -99.000 -99.000    11.2    11.4    10.8 -9999.0 -9999.0
53974 20171205  2.422  -96.61   39.10     9.3    -6.3     1.5     1.7     0.0    11.34 C    14.1    -7.7     1.4    56.2    16.8    35.0   0.149   0.220 -99.000 -99.000 -99.000     7.0     8.3     9.3 -9999.0 -9999.0
53974 20171206  2.422  -96.61   39.10     9.1    -5.4     1.8     2.5     0.0     9.90 C    15.9    -6.6     2.2    61.5    28.3    46.7   0.147   0.216 -99.000 -99.000 -99.000     6.2     7.4     8.3 -9999.0 -9999.0
53974 20171207  2.422  -96.61   39.10    -1.1   -10.1    -5.6    -6.4     0.0    11.29 C     7.8   -11.9    -5.2    76.7    30.2    54.1   0.143   0.214 -99.000 -99.000 -99.000     3.8     5.6     7.1 -9999.0 -9999.0
53974 20171208  2.422  -96.61   39.10     4.3    -8.0    -1.9    -1.7     0.0     6.46 C    14.1    -9.2    -1.4    80.6    44.3    56.2   0.142   0.212 -99.000 -99.000 -99.000     3.4     4.9     6.1 -9999.0 -9999.0
53974 20171209  2.422  -96.61   39.10     7.2    -4.6     1.3     0.7     0.0    10.90 C    14.2    -7.6     0.0    77.7    34.1    59.0   0.141   0.212 -99.000 -99.000 -99.000     3.6     4.9     5.9 -9999.0 -9999.0
53974 20171210  2.422  -96.61   39.10    16.9     0.5     8.7     8.0     0.0    10.74 C    21.6    -2.8     6.0    51.9    15.9    31.6   0.141   0.211 -99.000 -99.000 -99.000     4.7     5.5     6.0 -9999.0 -9999.0
53974 20171211  2.422  -96.61   39.10    14.4     2.6     8.5     7.4     0.0     6.33 C    19.2    -1.7     6.1    61.2    17.9    36.8   0.140   0.212 -99.000 -99.000 -99.000     5.6     6.3     6.5 -9999.0 -9999.0
53974 20171212  2.422  -96.61   39.10     8.6    -6.1     1.3     2.1     0.0     9.16 C    13.6    -7.8     1.6    80.8    41.3    58.4   0.139   0.209 -99.000 -99.000 -99.000     5.0     6.0     6.5 -9999.0 -9999.0
53974 20171213  2.422  -96.61   39.10    16.0     1.2     8.6     8.4     0.0    10.11 C    20.8    -3.7     6.6    66.6    22.0    38.2   0.138   0.210 -99.000 -99.000 -99.000     5.9     6.6     6.7 -9999.0 -9999.0
53974 20171214  2.422  -96.61   39.10     8.6    -1.2     3.7     3.4     0.0     7.30 C    16.2    -4.7     4.2    79.8    39.2    63.8   0.136   0.210 -99.000 -99.000 -99.000     5.8     6.6     6.8 -9999.0 -9999.0
53974 20171215  2.422  -96.61   39.10    10.3    -4.6     2.9     3.9     0.0    10.68 C    13.7    -6.6     3.4    87.4    29.8    57.9   0.136   0.207 -99.000 -99.000 -99.000     5.5     6.5     6.9 -9999.0 -9999.0
53974 20171216  2.422  -96.61   39.10    17.0     1.5     9.2     8.3     0.0    10.71 C    20.4    -2.7     6.8    56.8    19.2    38.9   0.134   0.207 -99.000 -99.000 -99.000     5.9     6.6     6.9 -9999.0 -9999.0
53974 20171217  2.422  -96.61   39.10    11.8     4.4     8.1     7.5     1.9     6.89 C    18.7     2.7     7.7    90.7    37.1    74.7   0.135   0.209 -99.000 -99.000 -99.000     7.3     7.8     7.6 -9999.0 -9999.0
53974 20171218  2.422  -96.61   39.10    13.2    -2.1     5.6     5.3     0.0    10.42 C    15.4    -3.5     4.1    91.9    38.8    69.2   0.135   0.208 -99.000 -99.000 -99.000     6.4     7.3     7.6 -9999.0 -9999.0
53974 20171219  2.422  -96.61   39.10    11.0     0.8     5.9     5.5     0.0     5.64 C    15.1    -2.0     4.9    94.9    49.4    77.6   0.136   0.206 -99.000 -99.000 -99.000     6.5     7.3     7.4 -9999.0 -9999.0
53974 20171220  2.422  -96.61   39.10     9.6     1.6     5.6     5.7     0.0     6.44 C    15.6     2.0     6.5    75.4    40.9    55.0   0.137   0.207 -99.000 -99.000 -99.000     6.8     7.5     7.6 -9999.0 -9999.0
53974 20171221  2.422  -96.61   39.10     9.3    -3.5     2.9     4.8     0.0     1.96 C    12.0    -2.1     5.4    92.4    75.9    88.6   0.136   0.207 -99.000 -99.000 -99.000     7.3     8.1     8.1 -9999.0 -9999.0
53974 20171222  2.422  -96.61   39.10     0.9    -5.3    -2.2    -2.9     0.0     6.11 C     8.5    -8.2    -1.5    87.3    59.0    76.7   0.135   0.204 -99.000 -99.000 -99.000     4.9     6.4     7.2 -9999.0 -9999.0
53974 20171223  2.422  -96.61   39.10    -1.6    -8.7    -5.2    -4.9     0.0     6.35 C     7.1   -10.2    -3.8    89.4    54.6    72.3   0.133   0.203 -99.000 -99.000 -99.000     3.1     4.6     5.8 -9999.0 -9999.0
53974 20171224  2.422  -96.61   39.10    -3.5   -10.9    -7.2    -6.8     2.4    11.00 C     1.1   -13.8    -6.1    87.6    48.2    70.9   0.133   0.202 -99.000 -99.000 -99.000     2.7     4.2     5.3 -9999.0 -9999.0
53974 20171225  2.422  -96.61   39.10    -3.3   -10.8    -7.1    -7.4     0.0     5.19 C    -0.7   -10.8    -6.5    79.7    43.5    62.7   0.132   0.201 -99.000 -99.000 -99.000     1.9     3.5     4.7 -9999.0 -9999.0
53974 20171226  2.422  -96.61   39.10   -10.8   -15.2   -13.0   -12.8     1.0     5.10 C    -7.3   -15.9   -10.9    77.8    47.0    63.1   0.095   0.205 -99.000 -99.000 -99.000     0.4     2.4     4.0 -9999.0 -9999.0
53974 20171227  2.422  -96.61   39.10    -8.2   -20.8   -14.5   -13.5     0.0     4.88 C    -7.9   -21.3   -13.1    75.9    44.7    59.7 -99.000   0.231 -99.000 -99.000 -99.000    -0.3     1.6     3.1 -9999.0 -9999.0
53974 20171228  2.422  -96.61   39.10     1.0    -8.2    -3.6    -4.7     0.0     9.08 C     5.4    -9.1    -4.2    79.5    50.4    59.5 -99.000   0.210 -99.000 -99.000 -99.000     0.3     1.8     2.9 -9999.0 -9999.0
53974 20171229  2.422  -96.61   39.10     2.3    -9.4    -3.5    -3.5     0.0     2.50 C     3.0   -10.5    -3.4    87.3    70.0    78.9 -99.000   0.197 -99.000 -99.000 -99.000     0.7     2.0     2.9 -9999.0 -9999.0
53974 20171230  2.422  -96.61   39.10    -9.4   -15.1   -12.2   -12.9     0.0     8.10 C    -0.9   -14.0   -10.1    73.7    49.3    63.2 -99.000   0.227 -99.000 -99.000 -99.000    -0.4     1.3     2.5 -9999.0 -9999.0
53974 20171231  2.422  -96.61   39.10   -12.1   -20.5   -16.3   -16.0     0.0    11.01 C    -2.7   -20.3   -12.3    67.1    45.8    58.5 -99.000 -99.000 -99.000 -99.000 -99.000    -1.9     0.1     1.7 -9999.0 -9999.0
