04126 20170101  2.423 -113.56   43.46   -12.4   -16.3   -14.3   -14.9     0.3     5.51 C   -10.4   -22.1   -16.2    86.0    82.5    84.0 -99.000 -99.000 -99.000 -99.000 -99.000    -0.9    -0.7 -9999.0 -9999.0 -9999.0
04126 20170102  2.423 -113.56   43.46   -12.5   -16.5   -14.5   -14.0     2.1     3.33 C   -12.3   -27.1   -17.6    86.2    82.6    84.7 -99.000 -99.000 -99.000 -99.000 -99.000    -1.0    -0.8 -9999.0 -9999.0 -9999.0
04126 20170103  2.423 -113.56   43.46   -12.0   -16.6   -14.3   -13.6     2.3     3.00 C   -10.9   -20.1   -13.9    86.5    82.5    85.1 -99.000 -99.000 -99.000 -99.000 -99.000    -1.0    -0.8 -9999.0 -9999.0 -9999.0
04126 20170104  2.423 -113.56   43.46   -10.0   -16.5   -13.2   -12.3     9.2     4.10 C    -9.4   -20.7   -12.6    88.2    70.1    85.0 -99.000 -99.000 -99.000 -99.000 -99.000    -1.0    -0.8 -9999.0 -9999.0 -9999.0
04126 20170105  2.423 -113.56   43.46   -14.6   -21.3   -17.9   -17.9     0.0     9.37 C   -19.6   -35.8   -27.0    77.6    36.2    53.4 -99.000 -99.000 -99.000 -99.000 -99.000    -0.9    -0.8 -9999.0 -9999.0 -9999.0
04126 20170106  2.423 -113.56   43.46   -17.0   -24.5   -20.7   -21.4     0.0     9.04 C   -20.8   -33.6   -28.1    80.2    50.5    73.7 -99.000 -99.000 -99.000 -99.000 -99.000    -0.9    -0.8 -9999.0 -9999.0 -9999.0
04126 20170107  2.423 -113.56   43.46   -10.4   -21.4   -15.9   -15.7     6.0     4.94 C   -10.4   -28.3   -18.8    87.8    50.7    69.8 -99.000 -99.000 -99.000 -99.000 -99.000    -1.1    -0.9 -9999.0 -9999.0 -9999.0
04126 20170108  2.423 -113.56   43.46    -1.1   -11.5    -6.3    -7.9    29.7     1.80 C    -1.6   -10.9    -7.6    95.7    87.5    89.8 -99.000 -99.000 -99.000 -99.000 -99.000    -1.2    -0.9 -9999.0 -9999.0 -9999.0
04126 20170109  2.423 -113.56   43.46     1.9    -5.5    -1.8    -0.5     8.0     4.50 C     0.2    -7.4    -2.0    97.2    49.2    82.1 -99.000 -99.000 -99.000 -99.000 -99.000    -1.0    -0.9 -9999.0 -9999.0 -9999.0
04126 20170110  2.423 -113.56   43.46    -0.4    -5.6    -3.0    -3.3 -9999.0     4.23 C    -1.0    -6.9    -3.8    94.5    74.8    90.1 -99.000 -99.000 -99.000 -99.000 -99.000    -0.7    -0.7 -9999.0 -9999.0 -9999.0
04126 20170111  2.423 -113.56   43.46    -0.7    -8.0    -4.4    -2.9 -9999.0     7.46 C    -1.2   -13.7    -4.7    94.2    53.4    83.7 -99.000 -99.000 -99.000 -99.000 -99.000    -0.6    -0.6 -9999.0 -9999.0 -9999.0
04126 20170112  2.423 -113.56   43.46    -5.8   -13.6    -9.7   -10.5 -9999.0     9.44 C   -12.4   -26.2   -19.6    70.3    44.6    58.4 -99.000 -99.000 -99.000 -99.000 -99.000    -0.6    -0.6 -9999.0 -9999.0 -9999.0
04126 20170113  2.423 -113.56   43.46    -5.3   -17.2   -11.2   -10.8 -9999.0     9.85 C   -12.6   -27.8   -22.2    62.3    30.2    44.9 -99.000 -99.000 -99.000 -99.000 -99.000    -0.5    -0.5 -9999.0 -9999.0 -9999.0
04126 20170114  2.423 -113.56   43.46    -5.8   -15.9   -10.8   -10.7     0.0     9.67 C   -12.5   -27.9   -22.6    50.8    24.2    37.4 -99.000 -99.000 -99.000 -99.000 -99.000    -0.5    -0.5 -9999.0 -9999.0 -9999.0
04126 20170115  2.423 -113.56   43.46    -6.4   -14.9   -10.7   -10.4     0.0     9.72 C   -11.9   -27.5   -21.4    54.0    23.5    40.7 -99.000 -99.000 -99.000 -99.000 -99.000    -0.6    -0.6 -9999.0 -9999.0 -9999.0
04126 20170116  2.423 -113.56   43.46   -10.9   -18.6   -14.7   -14.8     0.0     9.96 C   -13.6   -28.1   -22.7    86.9    45.3    75.7 -99.000 -99.000 -99.000 -99.000 -99.000    -0.7    -0.6 -9999.0 -9999.0 -9999.0
04126 20170117  2.423 -113.56   43.46   -10.2   -16.6   -13.4   -13.1     0.0     9.88 C   -11.4   -24.0   -19.6    84.3    60.7    73.8 -99.000 -99.000 -99.000 -99.000 -99.000    -0.8    -0.7 -9999.0 -9999.0 -9999.0
04126 20170118  2.423 -113.56   43.46    -5.9   -13.4    -9.6    -8.8     7.1     6.36 C    -4.7   -21.6   -11.7    91.9    55.5    72.4 -99.000 -99.000 -99.000 -99.000 -99.000    -0.9    -0.8 -9999.0 -9999.0 -9999.0
04126 20170119  2.423 -113.56   43.46    -2.6    -7.2    -4.9    -5.2     9.6     5.31 C    -2.8    -9.8    -5.8    94.9    87.8    91.7 -99.000 -99.000 -99.000 -99.000 -99.000    -1.0    -0.8 -9999.0 -9999.0 -9999.0
04126 20170120  2.423 -113.56   43.46    -4.3    -7.9    -6.1    -5.6     2.6     4.01 C    -3.5    -9.0    -5.6    93.8    89.9    91.9 -99.000 -99.000 -99.000 -99.000 -99.000    -1.0    -0.8 -9999.0 -9999.0 -9999.0
04126 20170121  2.423 -113.56   43.46    -2.9    -7.0    -5.0    -4.2     2.3     9.13 C    -1.1   -11.0    -5.4    93.6    71.6    88.9 -99.000 -99.000 -99.000 -99.000 -99.000    -0.9    -0.8 -9999.0 -9999.0 -9999.0
04126 20170122  2.423 -113.56   43.46    -4.2    -8.3    -6.3    -5.8     8.1     4.83 C    -4.3   -10.9    -6.5    92.7    77.5    88.5 -99.000 -99.000 -99.000 -99.000 -99.000    -0.9    -0.8 -9999.0 -9999.0 -9999.0
04126 20170123  2.423 -113.56   43.46    -3.7    -6.7    -5.2    -5.1     9.9     5.97 C    -3.8    -7.2    -5.3    94.0    83.2    91.8 -99.000 -99.000 -99.000 -99.000 -99.000    -0.8    -0.7 -9999.0 -9999.0 -9999.0
04126 20170124  2.423 -113.56   43.46    -5.6   -12.2    -8.9    -7.7     2.1     1.96 C    -5.7   -19.0    -9.3    91.6    74.6    87.7 -99.000 -99.000 -99.000 -99.000 -99.000    -0.8    -0.7 -9999.0 -9999.0 -9999.0
04126 20170125  2.423 -113.56   43.46    -7.4   -11.7    -9.6    -9.8     0.0     2.68 C    -7.4   -19.2   -12.9    90.8    61.9    77.4 -99.000 -99.000 -99.000 -99.000 -99.000    -0.7    -0.7 -9999.0 -9999.0 -9999.0
04126 20170126  2.423 -113.56   43.46    -6.6   -13.7   -10.2    -9.5     0.0     6.84 C    -6.7   -26.1   -15.5    78.6    43.9    59.6 -99.000 -99.000 -99.000 -99.000 -99.000    -0.7    -0.6 -9999.0 -9999.0 -9999.0
04126 20170127  2.423 -113.56   43.46   -11.3   -20.2   -15.8   -16.2     0.0    10.02 C   -12.5   -27.8   -20.6    87.3    62.9    80.2 -99.000 -99.000 -99.000 -99.000 -99.000    -0.6    -0.6 -9999.0 -9999.0 -9999.0
04126 20170128  2.423 -113.56   43.46   -12.2   -18.1   -15.1   -14.5     0.0     9.01 C    -9.6   -25.1   -17.0    85.7    80.8    83.9 -99.000 -99.000 -99.000 -99.000 -99.000    -0.6    -0.6 -9999.0 -9999.0 -9999.0
04126 20170129  2.423 -113.56   43.46    -9.2   -14.4   -11.8   -11.7     0.0    10.59 C    -7.8   -22.1   -15.5    88.5    83.8    86.4 -99.000 -99.000 -99.000 -99.000 -99.000    -0.6    -0.6 -9999.0 -9999.0 -9999.0
04126 20170130  2.423 -113.56   43.46    -8.4   -13.3   -10.8   -10.5     0.0    10.85 C    -6.7   -22.0   -15.3    87.6    71.3    78.7 -99.000 -99.000 -99.000 -99.000 -99.000    -0.6    -0.6 -9999.0 -9999.0 -9999.0
04126 20170131  2.423 -113.56   43.46     1.3   -13.6    -6.1    -6.5     0.0    10.26 C    -2.3   -20.4   -10.4    79.3    53.4    72.2 -99.000 -99.000 -99.000 -99.000 -99.000    -0.6    -0.6 -9999.0 -9999.0 -9999.0
04126 20170201  2.423 -113.56   43.46     1.1   -11.0    -4.9    -6.2     1.0     6.11 C    -3.7   -14.1    -7.9    88.3    54.9    74.4 -99.000 -99.000 -99.000 -99.000 -99.000    -0.7    -0.6 -9999.0 -9999.0 -9999.0
04126 20170202  2.423 -113.56   43.46    -5.4   -13.4    -9.4    -9.1     0.4     7.59 C    -5.7   -19.5   -10.6    88.8    64.5    77.9 -99.000 -99.000 -99.000 -99.000 -99.000    -0.7    -0.6 -9999.0 -9999.0 -9999.0
04126 20170203  2.423 -113.56   43.46     0.7    -8.9    -4.1    -4.7 -9999.0     6.59 C    -0.2   -11.3    -4.7    96.4    65.4    86.0 -99.000 -99.000 -99.000 -99.000 -99.000    -0.7    -0.6 -9999.0 -9999.0 -9999.0
04126 20170204  2.423 -113.56   43.46     2.4    -0.7     0.9     1.3 -9999.0     7.92 C     0.0    -2.2    -0.9    95.9    66.8    79.5 -99.000 -99.000 -99.000 -99.000 -99.000    -0.7    -0.6 -9999.0 -9999.0 -9999.0
04126 20170205  2.423 -113.56   43.46     3.1    -0.6     1.2     1.4 -9999.0     8.85 C    -0.2    -4.8    -1.4    94.1    59.2    74.4 -99.000 -99.000 -99.000 -99.000 -99.000    -0.6    -0.6 -9999.0 -9999.0 -9999.0
04126 20170206  2.423 -113.56   43.46     2.4    -1.7     0.3     0.2 -9999.0     5.84 C     1.3    -4.1    -0.7    95.0    64.1    86.0 -99.000 -99.000 -99.000 -99.000 -99.000    -0.6    -0.6 -9999.0 -9999.0 -9999.0
04126 20170207  2.423 -113.56   43.46     2.1    -4.0    -0.9    -1.8 -9999.0     5.80 C    -0.1    -4.8    -2.9    94.7    58.9    85.9 -99.000 -99.000 -99.000 -99.000 -99.000    -0.6    -0.5 -9999.0 -9999.0 -9999.0
04126 20170208  2.423 -113.56   43.46     3.1    -4.5    -0.7    -0.1 -9999.0    11.57 C     0.1    -7.2    -2.7    89.9    54.6    77.1 -99.000 -99.000 -99.000 -99.000 -99.000    -0.5    -0.5 -9999.0 -9999.0 -9999.0
04126 20170209  2.423 -113.56   43.46     5.5     1.9     3.7     4.0    21.7     5.33 C     0.6    -0.3     0.1    94.6    75.3    88.9 -99.000 -99.000 -99.000 -99.000 -99.000    -0.3    -0.4 -9999.0 -9999.0 -9999.0
04126 20170210  2.423 -113.56   43.46     4.8    -1.6     1.6     1.6     2.8     9.02 C     0.1    -5.0    -0.7    96.8    68.4    82.7 -99.000 -99.000 -99.000 -99.000 -99.000    -0.3    -0.3 -9999.0 -9999.0 -9999.0
04126 20170211  2.423 -113.56   43.46     0.0    -7.5    -3.7    -3.6     0.0    13.77 C    -2.1   -16.9    -8.2    86.5    42.7    64.5 -99.000 -99.000 -99.000 -99.000 -99.000    -0.3    -0.3 -9999.0 -9999.0 -9999.0
04126 20170212  2.423 -113.56   43.46    -2.0   -14.6    -8.3    -7.6     0.0    13.42 C    -2.4   -20.7   -12.6    89.6    39.8    61.5 -99.000 -99.000 -99.000 -99.000 -99.000    -0.3    -0.3 -9999.0 -9999.0 -9999.0
04126 20170213  2.423 -113.56   43.46     2.3    -7.3    -2.5    -2.8     0.0    14.13 C    -1.2   -16.2    -9.9    58.8    24.8    45.9 -99.000 -99.000 -99.000 -99.000 -99.000    -0.3    -0.3 -9999.0 -9999.0 -9999.0
04126 20170214  2.423 -113.56   43.46     2.1    -6.6    -2.3    -1.6     0.0    14.23 C     0.1   -16.4    -9.7    62.9    35.8    49.9 -99.000 -99.000 -99.000 -99.000 -99.000    -0.3    -0.3 -9999.0 -9999.0 -9999.0
04126 20170215  2.423 -113.56   43.46    -0.2    -6.6    -3.4    -3.0     0.0    13.89 C    -0.5   -17.7   -10.1    76.6    51.8    62.3 -99.000 -99.000 -99.000 -99.000 -99.000    -0.3    -0.3 -9999.0 -9999.0 -9999.0
04126 20170216  2.423 -113.56   43.46     1.8    -2.8    -0.5    -0.7     4.2     7.29 C     0.6    -8.3    -2.5    94.7    55.2    72.2 -99.000 -99.000 -99.000 -99.000 -99.000    -0.3    -0.3 -9999.0 -9999.0 -9999.0
04126 20170217  2.423 -113.56   43.46     1.3    -6.5    -2.6    -1.8    12.0    11.07 C    -0.2   -12.6    -4.1    96.5    49.5    83.1 -99.000 -99.000 -99.000 -99.000 -99.000    -0.3    -0.3 -9999.0 -9999.0 -9999.0
04126 20170218  2.423 -113.56   43.46     1.8    -1.1     0.3     0.0    20.4     5.80 C     0.4    -1.7    -0.5    98.2    92.9    95.9 -99.000 -99.000 -99.000 -99.000 -99.000    -0.3    -0.3 -9999.0 -9999.0 -9999.0
04126 20170219  2.423 -113.56   43.46     0.8    -4.1    -1.7    -0.3    13.2    11.21 C     0.0    -6.9    -1.6    97.3    62.0    86.0 -99.000 -99.000 -99.000 -99.000 -99.000    -0.3    -0.3 -9999.0 -9999.0 -9999.0
04126 20170220  2.423 -113.56   43.46     1.7    -5.2    -1.8    -0.4    39.4     4.23 C     0.3    -9.4    -1.2    97.2    93.1    95.3 -99.000 -99.000 -99.000 -99.000 -99.000    -0.3    -0.3 -9999.0 -9999.0 -9999.0
04126 20170221  2.423 -113.56   43.46     3.5    -3.4     0.0     0.9    10.6     8.18 C     0.5    -4.9    -1.0    97.3    62.2    80.5 -99.000 -99.000 -99.000 -99.000 -99.000    -0.3    -0.3 -9999.0 -9999.0 -9999.0
04126 20170222  2.423 -113.56   43.46    -2.1    -6.4    -4.3    -4.1     0.4    13.67 C    -1.4   -11.1    -5.8    87.6    53.4    70.9 -99.000 -99.000 -99.000 -99.000 -99.000    -0.3    -0.3 -9999.0 -9999.0 -9999.0
04126 20170223  2.423 -113.56   43.46    -4.0    -7.5    -5.7    -5.5     8.1     8.96 C    -1.9    -7.6    -5.3    92.3    78.4    89.5 -99.000 -99.000 -99.000 -99.000 -99.000    -0.3    -0.3 -9999.0 -9999.0 -9999.0
04126 20170224  2.423 -113.56   43.46    -7.5   -12.5   -10.0    -9.1 -9999.0    11.89 C    -6.3   -14.5    -9.4    91.0    74.2    85.7 -99.000 -99.000 -99.000 -99.000 -99.000    -0.3    -0.3 -9999.0 -9999.0 -9999.0
04126 20170225  2.423 -113.56   43.46    -8.6   -15.3   -11.9   -11.2 -9999.0    16.70 C    -8.2   -20.9   -14.2    82.5    53.1    70.5 -99.000 -99.000 -99.000 -99.000 -99.000    -0.3    -0.3 -9999.0 -9999.0 -9999.0
04126 20170226  2.423 -113.56   43.46    -8.8   -15.0   -11.9   -11.8 -9999.0    13.42 C    -6.8   -20.7   -13.0    90.2    54.3    76.3 -99.000 -99.000 -99.000 -99.000 -99.000    -0.3    -0.3 -9999.0 -9999.0 -9999.0
04126 20170227  2.423 -113.56   43.46    -6.9   -14.1   -10.5    -9.9 -9999.0    11.31 C    -6.9   -22.6   -12.8    90.3    64.5    80.1 -99.000 -99.000 -99.000 -99.000 -99.000    -0.3    -0.3 -9999.0 -9999.0 -9999.0
04126 20170228  2.423 -113.56   43.46    -5.3   -11.3    -8.3    -8.4 -9999.0    13.97 C    -5.5   -16.1   -10.9    89.8    48.2    72.9 -99.000 -99.000 -99.000 -99.000 -99.000    -0.3    -0.3 -9999.0 -9999.0 -9999.0
04126 20170301  2.423 -113.56   43.46    -3.5   -13.2    -8.4    -7.1 -9999.0    15.67 C    -4.5   -20.1   -11.9    80.4    43.7    66.7 -99.000 -99.000 -99.000 -99.000 -99.000    -0.3    -0.3 -9999.0 -9999.0 -9999.0
04126 20170302  2.423 -113.56   43.46    -4.1   -10.0    -7.1    -6.9 -9999.0    16.13 C    -1.0   -18.1   -11.7    80.2    55.7    69.7 -99.000 -99.000 -99.000 -99.000 -99.000    -0.3    -0.3 -9999.0 -9999.0 -9999.0
04126 20170303  2.423 -113.56   43.46    -0.8    -9.2    -5.0    -4.2 -9999.0    15.70 C    -0.9   -16.6    -8.9    75.0    53.8    66.4 -99.000 -99.000 -99.000 -99.000 -99.000    -0.3    -0.3 -9999.0 -9999.0 -9999.0
04126 20170304  2.423 -113.56   43.46     2.8    -4.0    -0.6     0.1 -9999.0    13.98 C     0.6    -9.6    -3.4    92.4    52.8    69.3 -99.000 -99.000 -99.000 -99.000 -99.000    -0.3    -0.3 -9999.0 -9999.0 -9999.0
04126 20170305  2.423 -113.56   43.46     2.3    -6.2    -2.0    -2.4 -9999.0    12.39 C    -0.5   -10.9    -5.4    87.7    38.1    65.4 -99.000 -99.000 -99.000 -99.000 -99.000    -0.3    -0.3 -9999.0 -9999.0 -9999.0
04126 20170306  2.423 -113.56   43.46    -5.6   -10.2    -7.9    -7.5 -9999.0    17.36 C    -5.8   -13.7    -9.2    91.1    55.0    71.4 -99.000 -99.000 -99.000 -99.000 -99.000    -0.3    -0.3 -9999.0 -9999.0 -9999.0
04126 20170307  2.423 -113.56   43.46    -1.8   -11.3    -6.6    -4.9 -9999.0    14.03 C    -0.8   -14.0    -6.3    93.0    71.5    82.5 -99.000 -99.000 -99.000 -99.000 -99.000    -0.3    -0.3 -9999.0 -9999.0 -9999.0
04126 20170308  2.423 -113.56   43.46     4.0    -2.3     0.8     2.0 -9999.0    16.73 C    -0.1    -2.9    -0.9    93.1    55.7    72.1 -99.000 -99.000 -99.000 -99.000 -99.000    -0.3    -0.3 -9999.0 -9999.0 -9999.0
04126 20170309  2.423 -113.56   43.46     5.6     1.1     3.3     3.0 -9999.0    17.54 C     0.3    -0.5    -0.1    90.3    62.9    81.1 -99.000 -99.000 -99.000 -99.000 -99.000    -0.3    -0.3 -9999.0 -9999.0 -9999.0
04126 20170310  2.423 -113.56   43.46     6.6     1.5     4.0     3.5 -9999.0    14.57 C     0.5    -5.4    -0.7    97.0    45.3    76.0 -99.000 -99.000 -99.000 -99.000 -99.000    -0.3    -0.3 -9999.0 -9999.0 -9999.0
04126 20170311  2.423 -113.56   43.46     5.2    -2.1     1.6     1.6 -9999.0    16.89 C     0.8    -8.8    -2.9    83.2    40.1    62.3 -99.000 -99.000 -99.000 -99.000 -99.000    -0.3    -0.3 -9999.0 -9999.0 -9999.0
04126 20170312  2.423 -113.56   43.46     6.5    -0.8     2.9     2.5 -9999.0    17.53 C     0.6    -6.3    -2.1    69.5    37.9    55.6 -99.000 -99.000 -99.000 -99.000 -99.000    -0.3    -0.3 -9999.0 -9999.0 -9999.0
04126 20170313  2.423 -113.56   43.46     7.7    -2.3     2.7     3.2 -9999.0    18.19 C     0.8    -8.7    -2.8    60.2    31.5    44.9 -99.000 -99.000 -99.000 -99.000 -99.000    -0.3    -0.3 -9999.0 -9999.0 -9999.0
04126 20170314  2.423 -113.56   43.46     9.9     2.5     6.2     6.2 -9999.0    18.65 C     0.8    -3.1    -0.8    66.8    38.0    53.4 -99.000 -99.000 -99.000 -99.000 -99.000    -0.3    -0.3 -9999.0 -9999.0 -9999.0
04126 20170315  2.423 -113.56   43.46     9.0     2.5     5.7     6.3 -9999.0    16.30 C     0.9    -4.6    -1.1    80.4    37.5    52.4 -99.000 -99.000 -99.000 -99.000 -99.000    -0.3    -0.3 -9999.0 -9999.0 -9999.0
04126 20170316  2.423 -113.56   43.46     7.3     2.0     4.6     5.5 -9999.0    20.05 C     0.4    -2.3    -0.4    85.4    25.4    58.2 -99.000 -99.000 -99.000 -99.000 -99.000    -0.3    -0.3 -9999.0 -9999.0 -9999.0
04126 20170317  2.423 -113.56   43.46     9.7     1.6     5.6     5.4 -9999.0    17.12 C     0.9    -2.3    -0.5    61.7    38.8    50.0 -99.000 -99.000 -99.000 -99.000 -99.000    -0.3    -0.3 -9999.0 -9999.0 -9999.0
04126 20170318  2.423 -113.56   43.46    10.8     2.8     6.8     7.4 -9999.0    12.01 C     0.6    -3.4    -0.6    71.1    39.4    54.2 -99.000 -99.000 -99.000 -99.000 -99.000    -0.3    -0.3 -9999.0 -9999.0 -9999.0
04126 20170319  2.423 -113.56   43.46     8.5     2.9     5.7     5.6 -9999.0    14.84 C     7.9    -0.6     2.0    96.4    57.0    74.4 -99.000 -99.000 -99.000 -99.000 -99.000    -0.3    -0.3 -9999.0 -9999.0 -9999.0
04126 20170320  2.423 -113.56   43.46     8.2     1.1     4.7     4.1 -9999.0    10.58 C    19.2    -1.4     4.0    88.4    60.8    78.4 -99.000 -99.000 -99.000 -99.000 -99.000    -0.1    -0.3 -9999.0 -9999.0 -9999.0
04126 20170321  2.423 -113.56   43.46    13.6     1.0     7.3     6.7 -9999.0    16.14 C    27.4    -1.7     7.3    86.7    34.9    63.6 -99.000 -99.000 -99.000 -99.000 -99.000     0.3    -0.3 -9999.0 -9999.0 -9999.0
04126 20170322  2.423 -113.56   43.46     7.7     1.4     4.6     4.2     0.0    15.19 C    21.1    -1.5     4.6    90.6    36.1    63.4 -99.000 -99.000 -99.000 -99.000 -99.000     0.4    -0.3 -9999.0 -9999.0 -9999.0
04126 20170323  2.423 -113.56   43.46     9.3    -0.1     4.6     3.9     0.0    19.72 C    23.9    -4.7     4.8    74.9    33.6    53.5 -99.000 -99.000 -99.000 -99.000 -99.000     0.8    -0.1 -9999.0 -9999.0 -9999.0
04126 20170324  2.423 -113.56   43.46     8.4    -3.2     2.6     2.6     3.0    15.16 C    23.4    -5.7     4.0    93.0    34.3    65.9 -99.000 -99.000 -99.000 -99.000 -99.000     0.9    -0.1 -9999.0 -9999.0 -9999.0
04126 20170325  2.423 -113.56   43.46     7.0    -1.3     2.8     2.4     0.0    18.35 C    25.0    -5.6     5.2    96.8    42.2    71.9   0.249 -99.000 -99.000 -99.000 -99.000     2.1     0.4 -9999.0 -9999.0 -9999.0
04126 20170326  2.423 -113.56   43.46     6.4    -3.9     1.3     1.8     0.0    14.69 C    21.6    -7.6     2.5    80.0    40.0    61.4   0.248   0.277 -99.000 -99.000 -99.000     1.4     0.6 -9999.0 -9999.0 -9999.0
04126 20170327  2.423 -113.56   43.46     7.6    -0.2     3.7     2.5     2.2    15.79 C    23.8    -4.1     4.8    97.2    47.3    77.7   0.235   0.268 -99.000 -99.000 -99.000     2.6     1.2 -9999.0 -9999.0 -9999.0
04126 20170328  2.423 -113.56   43.46     7.4    -2.6     2.4     2.2     0.0    21.76 C    23.3    -6.7     3.9    74.1    38.5    57.5   0.230   0.263 -99.000 -99.000 -99.000     3.0     1.8 -9999.0 -9999.0 -9999.0
04126 20170329  2.423 -113.56   43.46     8.2    -3.0     2.6     2.8     1.4    13.98 C    17.9    -6.1     4.0    90.9    50.8    69.4   0.210   0.249 -99.000 -99.000 -99.000     2.8     2.2 -9999.0 -9999.0 -9999.0
04126 20170330  2.423 -113.56   43.46     4.3    -0.9     1.7     1.8    11.7     4.42 C    11.6    -1.1     2.8    97.1    81.6    92.7   0.204   0.258 -99.000 -99.000 -99.000     3.4     3.0 -9999.0 -9999.0 -9999.0
04126 20170331  2.423 -113.56   43.46    11.2     1.8     6.5     5.8     0.0    17.35 C    31.2    -3.4     6.9    79.5    35.7    52.0   0.204   0.257 -99.000 -99.000 -99.000     5.0     3.8 -9999.0 -9999.0 -9999.0
04126 20170401  2.423 -113.56   43.46    11.0    -0.7     5.1     5.4     0.0    22.16 C    27.7    -5.4     7.0    77.7    45.7    61.1   0.197   0.248 -99.000 -99.000 -99.000     5.9     4.9 -9999.0 -9999.0 -9999.0
04126 20170402  2.423 -113.56   43.46    11.3     0.0     5.7     5.3     0.0    19.86 C    33.7    -6.0     7.9    82.6    15.3    52.3   0.193   0.242 -99.000 -99.000 -99.000     7.5     6.4 -9999.0 -9999.0 -9999.0
04126 20170403  2.423 -113.56   43.46     5.1    -5.6    -0.2    -0.6     0.0    19.92 C    28.7    -9.2     3.4    71.2    27.4    49.5   0.189   0.237 -99.000 -99.000 -99.000     5.7     5.5 -9999.0 -9999.0 -9999.0
04126 20170404  2.423 -113.56   43.46     6.2    -6.6    -0.2     0.3     0.0    23.52 C    26.1   -10.5     3.8    52.1    24.1    37.3   0.185   0.232 -99.000 -99.000 -99.000     5.4     5.0 -9999.0 -9999.0 -9999.0
04126 20170405  2.423 -113.56   43.46    12.7    -1.2     5.8     5.4     0.0    20.01 C    33.6    -3.1     9.4    62.5    22.5    36.5   0.182   0.228 -99.000 -99.000 -99.000     7.1     6.0 -9999.0 -9999.0 -9999.0
04126 20170406  2.423 -113.56   43.46    15.4     1.4     8.4     7.2     0.0    14.31 C    35.7    -2.5     9.0    67.7    25.2    49.6   0.178   0.223 -99.000 -99.000 -99.000     8.0     7.2 -9999.0 -9999.0 -9999.0
04126 20170407  2.423 -113.56   43.46    10.4     2.2     6.3     6.2     8.8     3.16 C    11.8     1.5     4.8    89.5    40.3    66.4   0.184   0.231 -99.000 -99.000 -99.000     6.5     6.6 -9999.0 -9999.0 -9999.0
04126 20170408  2.423 -113.56   43.46     4.5    -2.1     1.2     1.4    14.7    11.12 C    10.2    -2.2     1.5    97.5    43.5    83.3   0.198   0.253 -99.000 -99.000 -99.000     4.4     4.7 -9999.0 -9999.0 -9999.0
04126 20170409  2.423 -113.56   43.46     5.5    -4.4     0.5     0.4     0.0    23.77 C    26.8    -7.1     4.4    86.0    24.4    51.8   0.192   0.245 -99.000 -99.000 -99.000     5.3     4.7 -9999.0 -9999.0 -9999.0
04126 20170410  2.423 -113.56   43.46     6.6    -4.0     1.3     1.6     0.0    22.55 C    20.0    -6.9     3.3    74.2    28.8    48.3   0.187   0.237 -99.000 -99.000 -99.000     5.2     5.0 -9999.0 -9999.0 -9999.0
04126 20170411  2.423 -113.56   43.46     8.3    -3.0     2.7     3.0     0.0    13.28 C    24.8    -8.3     4.6    85.7    27.6    49.6   0.184   0.233 -99.000 -99.000 -99.000     4.9     4.7 -9999.0 -9999.0 -9999.0
04126 20170412  2.423 -113.56   43.46    16.8     0.5     8.6     8.5     0.0    23.56 C    34.5    -4.3    11.5    88.1    25.5    53.6   0.181   0.228 -99.000 -99.000 -99.000     8.2     6.6 -9999.0 -9999.0 -9999.0
04126 20170413  2.423 -113.56   43.46    12.8     0.4     6.6     6.5     0.3    18.71 C    28.5    -1.5     8.0    94.9    40.6    58.6   0.178   0.223 -99.000 -99.000 -99.000     8.9     8.2 -9999.0 -9999.0 -9999.0
04126 20170414  2.423 -113.56   43.46     5.1    -3.3     0.9     0.7     2.2    15.97 C    14.0    -7.7     2.0    94.3    28.0    67.7   0.177   0.221 -99.000 -99.000 -99.000     6.3     6.6 -9999.0 -9999.0 -9999.0
04126 20170415  2.423 -113.56   43.46     6.9    -6.0     0.5     1.2     0.0    25.65 C    29.7   -10.1     5.1    65.4    23.4    41.5   0.175   0.219 -99.000 -99.000 -99.000     6.0     5.6 -9999.0 -9999.0 -9999.0
04126 20170416  2.423 -113.56   43.46    14.2    -2.0     6.1     6.7     0.0    22.68 C    37.0    -7.4    10.2    57.3    18.8    36.3   0.172   0.214 -99.000 -99.000 -99.000     8.1     7.0 -9999.0 -9999.0 -9999.0
04126 20170417  2.423 -113.56   43.46    12.5     3.0     7.7     7.9     3.1    24.51 C    27.9     2.6    10.1    86.6    23.9    47.9   0.172   0.215 -99.000 -99.000 -99.000     9.7     8.7 -9999.0 -9999.0 -9999.0
04126 20170418  2.423 -113.56   43.46     9.5     2.3     5.9     5.3     2.7     9.05 C    18.3     1.5     6.9    94.5    53.5    78.4   0.173   0.216 -99.000 -99.000 -99.000     8.7     8.4 -9999.0 -9999.0 -9999.0
04126 20170419  2.423 -113.56   43.46    12.8    -0.8     6.0     6.4     0.0    24.31 C    34.4    -4.5     9.7    82.7    13.9    48.1   0.171   0.214 -99.000 -99.000 -99.000     9.2     8.3 -9999.0 -9999.0 -9999.0
04126 20170420  2.423 -113.56   43.46     9.1     0.1     4.6     3.6     6.4    12.74 C    20.7    -3.7     4.5    96.8    43.0    69.0   0.174   0.219 -99.000 -99.000 -99.000     8.0     8.1 -9999.0 -9999.0 -9999.0
04126 20170421  2.423 -113.56   43.46     9.7    -2.7     3.5     3.6     0.0    17.93 C    31.2    -6.7     5.6    84.0    24.9    46.3   0.175   0.220 -99.000 -99.000 -99.000     7.3     7.1 -9999.0 -9999.0 -9999.0
04126 20170422  2.423 -113.56   43.46    13.0    -1.1     5.9     6.1     0.0    24.29 C    32.9    -6.6     9.6    68.5    22.4    45.2   0.171   0.215 -99.000 -99.000 -99.000     8.8     7.8 -9999.0 -9999.0 -9999.0
04126 20170423  2.423 -113.56   43.46    12.3     1.2     6.7     7.1     4.8    18.25 C    22.4     0.2     8.4    94.5    37.6    61.5   0.173   0.218 -99.000 -99.000 -99.000     9.7     9.1 -9999.0 -9999.0 -9999.0
04126 20170424  2.423 -113.56   43.46     7.8     0.0     3.9     4.4     2.6    12.24 C    18.6    -2.3     5.1    94.7    54.1    69.7   0.174   0.219 -99.000 -99.000 -99.000     8.1     8.2 -9999.0 -9999.0 -9999.0
04126 20170425  2.423 -113.56   43.46    10.7    -2.8     4.0     4.1     0.9    16.62 C    34.2    -3.9     6.0    97.1    31.2    64.8   0.174   0.218 -99.000 -99.000 -99.000     7.5     7.3 -9999.0 -9999.0 -9999.0
04126 20170426  2.423 -113.56   43.46     8.0     1.0     4.5     3.5     5.6    12.20 C    21.8    -0.8     4.4    92.4    37.8    74.4   0.174   0.219 -99.000 -99.000 -99.000     6.7     6.9 -9999.0 -9999.0 -9999.0
04126 20170427  2.423 -113.56   43.46     7.9    -1.6     3.2     3.0     0.0    18.38 C    27.7    -3.4     5.5    94.4    26.7    52.5   0.176   0.223 -99.000 -99.000 -99.000     7.0     6.6 -9999.0 -9999.0 -9999.0
04126 20170428  2.423 -113.56   43.46     9.7    -4.3     2.7     2.9     0.0    19.82 C    31.1    -7.7     5.7    92.5    23.2    45.5   0.173   0.218 -99.000 -99.000 -99.000     7.3     6.9 -9999.0 -9999.0 -9999.0
04126 20170429  2.423 -113.56   43.46    11.3    -2.1     4.6     5.0     0.0    24.16 C    32.1    -7.4     7.9    65.8    31.6    44.0   0.170   0.213 -99.000 -99.000 -99.000     8.1     7.4 -9999.0 -9999.0 -9999.0
04126 20170430  2.423 -113.56   43.46    14.3     1.8     8.0     7.9     0.0    17.13 C    29.9    -2.4     9.5    51.3    23.5    38.3   0.168   0.209 -99.000 -99.000 -99.000     9.1     8.4 -9999.0 -9999.0 -9999.0
04126 20170501  2.423 -113.56   43.46    13.0     0.1     6.6     7.2     0.0    25.76 C    31.2    -5.5    10.0    67.2    28.8    45.7   0.163   0.204 -99.000 -99.000 -99.000     9.6     8.8 -9999.0 -9999.0 -9999.0
04126 20170502  2.423 -113.56   43.46    16.3     1.6     9.0     9.4     0.0    26.91 C    38.3    -2.4    13.1    75.3    26.0    44.6   0.158   0.197 -99.000 -99.000 -99.000    11.8    10.5 -9999.0 -9999.0 -9999.0
04126 20170503  2.423 -113.56   43.46    17.8     2.4    10.1    11.1     0.0    27.91 C    37.6    -5.0    13.8    50.8    22.0    34.0   0.152   0.190 -99.000 -99.000 -99.000    12.5    11.4 -9999.0 -9999.0 -9999.0
04126 20170504  2.423 -113.56   43.46    22.8     6.3    14.5    15.0     0.0    28.09 C    43.4    -0.6    17.4    57.4    21.8    35.3   0.145   0.181 -99.000 -99.000 -99.000    15.0    13.3 -9999.0 -9999.0 -9999.0
04126 20170505  2.423 -113.56   43.46    24.4     7.3    15.9    17.0     0.0    26.39 C    42.8     1.7    18.5    62.7    18.6    36.8   0.138   0.172 -99.000 -99.000 -99.000    16.2    14.8 -9999.0 -9999.0 -9999.0
04126 20170506  2.423 -113.56   43.46    22.4     7.0    14.7    14.1     0.3    15.25 C    35.2     4.4    15.5    89.3    24.1    54.8   0.133   0.165 -99.000 -99.000 -99.000    15.9    15.0 -9999.0 -9999.0 -9999.0
04126 20170507  2.423 -113.56   43.46    16.0     3.5     9.8     8.5     0.7    20.36 C    35.2     4.0    13.0    97.3    47.4    80.4   0.131   0.162 -99.000 -99.000 -99.000    15.0    14.3 -9999.0 -9999.0 -9999.0
04126 20170508  2.423 -113.56   43.46    16.3     4.4    10.4    10.0     0.0    20.43 C    41.9     2.6    15.4    95.2    38.2    61.3   0.126   0.157 -99.000 -99.000 -99.000    15.4    14.4 -9999.0 -9999.0 -9999.0
04126 20170509  2.423 -113.56   43.46    20.5     4.6    12.6    12.6     0.0    29.09 C    41.3    -0.1    17.3    74.4    30.2    50.0   0.119   0.149 -99.000 -99.000 -99.000    16.6    15.3 -9999.0 -9999.0 -9999.0
04126 20170510  2.423 -113.56   43.46    21.9     6.1    14.0    14.7     0.0    28.60 C    42.8     0.6    18.0    69.5    22.6    40.3   0.110   0.140 -99.000 -99.000 -99.000    17.5    16.3 -9999.0 -9999.0 -9999.0
04126 20170511  2.423 -113.56   43.46    23.6     8.8    16.2    16.9     0.0    25.64 C    43.6     1.4    18.7    53.5    16.8    32.6   0.098   0.130 -99.000 -99.000 -99.000    17.9    16.9 -9999.0 -9999.0 -9999.0
04126 20170512  2.423 -113.56   43.46    21.6     1.8    11.7    12.8     0.0    22.39 C    40.0     2.2    14.9    75.7    23.1    42.9   0.084   0.121 -99.000 -99.000 -99.000    17.3    16.7 -9999.0 -9999.0 -9999.0
04126 20170513  2.423 -113.56   43.46    10.3     0.2     5.3     4.1     0.0    24.14 C    31.0    -0.7     9.8    91.1    17.3    56.4   0.074   0.115 -99.000 -99.000 -99.000    14.7    14.7 -9999.0 -9999.0 -9999.0
04126 20170514  2.423 -113.56   43.46    11.6    -2.2     4.7     5.8     0.0    23.37 C    36.4    -6.0    10.7    71.8    20.2    39.0   0.069   0.110 -99.000 -99.000 -99.000    13.9    13.6 -9999.0 -9999.0 -9999.0
04126 20170515  2.423 -113.56   43.46    14.2     4.2     9.2     8.5     0.0    24.84 C    36.7     1.1    13.7    69.2    24.3    42.8   0.064   0.103 -99.000 -99.000 -99.000    15.1    14.3 -9999.0 -9999.0 -9999.0
04126 20170516  2.423 -113.56   43.46    11.1     0.8     6.0     5.0     4.8    15.63 C    23.8    -2.1     6.7    95.2    30.6    60.7   0.060   0.096 -99.000 -99.000 -99.000    12.4    12.8 -9999.0 -9999.0 -9999.0
04126 20170517  2.423 -113.56   43.46     1.5    -2.8    -0.7    -0.8     8.1     9.98 C     6.7    -2.4     0.4    95.3    78.7    88.6   0.078   0.105 -99.000 -99.000 -99.000     7.4     9.0 -9999.0 -9999.0 -9999.0
04126 20170518  2.423 -113.56   43.46    11.0    -1.4     4.8     5.1     0.0    15.59 C    24.6    -2.2     8.3    88.0    45.5    65.4   0.105   0.128 -99.000 -99.000 -99.000     9.4     8.8 -9999.0 -9999.0 -9999.0
04126 20170519  2.423 -113.56   43.46    13.4     3.7     8.5     7.7     0.0    17.45 C    33.7     2.5    11.8    74.9    40.5    56.5   0.101   0.127 -99.000 -99.000 -99.000    12.1    11.1 -9999.0 -9999.0 -9999.0
04126 20170520  2.423 -113.56   43.46    17.0     2.8     9.9    10.2     0.0    22.06 C    36.9    -1.8    13.4    81.2    30.6    54.2   0.096   0.123 -99.000 -99.000 -99.000    13.7    12.5 -9999.0 -9999.0 -9999.0
04126 20170521  2.423 -113.56   43.46    18.9     4.2    11.6    11.9     0.5    28.14 C    42.2     2.5    16.5    92.9    29.2    55.7   0.088   0.117 -99.000 -99.000 -99.000    16.7    15.0 -9999.0 -9999.0 -9999.0
04126 20170522  2.423 -113.56   43.46    21.4     7.7    14.6    15.0     0.0    29.98 C    41.3     0.7    17.9    56.0    24.3    35.9   0.073   0.106 -99.000 -99.000 -99.000    18.0    16.5 -9999.0 -9999.0 -9999.0
04126 20170523  2.423 -113.56   43.46    23.1     9.1    16.1    16.7     0.0    29.82 C    41.4     3.9    20.1    50.0    22.0    34.8   0.060   0.092 -99.000 -99.000 -99.000    19.5    17.9 -9999.0 -9999.0 -9999.0
04126 20170524  2.423 -113.56   43.46    20.0     6.0    13.0    15.1     0.0    30.77 C    32.7    -0.1    16.5    51.4     7.4    25.7   0.048   0.081 -99.000 -99.000 -99.000    18.7    17.9 -9999.0 -9999.0 -9999.0
04126 20170525  2.423 -113.56   43.46    15.4     1.7     8.5     8.5     0.0    24.66 C    42.3    -3.5    13.0    51.6    13.7    33.5   0.037   0.073 -99.000 -99.000 -99.000    16.9    16.4 -9999.0 -9999.0 -9999.0
04126 20170526  2.423 -113.56   43.46    10.3     1.3     5.8     5.4    15.2    10.25 C    22.1     0.6     7.6    94.5    41.0    79.8   0.079   0.088 -99.000 -99.000 -99.000    13.6    14.2 -9999.0 -9999.0 -9999.0
04126 20170527  2.423 -113.56   43.46    17.7     2.6    10.1    10.7     0.0    25.65 C    33.7    -0.7    13.1    88.2    34.2    58.8   0.102   0.107 -99.000 -99.000 -99.000    14.8    13.9 -9999.0 -9999.0 -9999.0
04126 20170528  2.423 -113.56   43.46    21.3     6.5    13.9    14.6     0.0    26.92 C    40.6     1.5    17.1    73.6    24.4    45.6   0.092   0.106 -99.000 -99.000 -99.000    17.8    16.4 -9999.0 -9999.0 -9999.0
04126 20170529  2.423 -113.56   43.46    22.9     8.3    15.6    16.0     0.0    23.97 C    40.6     3.2    16.9    63.8    23.4    40.9   0.079   0.099 -99.000 -99.000 -99.000    18.9    17.7 -9999.0 -9999.0 -9999.0
04126 20170530  2.423 -113.56   43.46    25.2     9.3    17.2    17.9     0.0    28.98 C    44.1     3.2    19.5    59.1    15.3    33.9   0.064   0.088 -99.000 -99.000 -99.000    20.3    18.8 -9999.0 -9999.0 -9999.0
04126 20170531  2.423 -113.56   43.46    27.0    10.7    18.8    19.6     0.0    26.31 C    44.2     4.9    20.8    54.2    11.8    29.4   0.049   0.077 -99.000 -99.000 -99.000    21.3    19.9 -9999.0 -9999.0 -9999.0
04126 20170601  2.423 -113.56   43.46    21.8     9.5    15.6    16.0     0.0    24.59 C    36.3     8.2    18.9    76.1    22.7    47.0   0.039   0.068 -99.000 -99.000 -99.000    21.4    20.3 -9999.0 -9999.0 -9999.0
04126 20170602  2.423 -113.56   43.46    21.5     6.4    14.0    14.8     0.0    30.61 C    42.3     2.2    19.1    78.3    29.1    48.2   0.032   0.061 -99.000 -99.000 -99.000    21.6    20.2 -9999.0 -9999.0 -9999.0
04126 20170603  2.423 -113.56   43.46    25.7     8.8    17.3    18.2     0.0    24.68 C    44.3     3.8    20.0    69.3    14.0    36.1   0.028   0.055 -99.000 -99.000 -99.000    22.1    21.0 -9999.0 -9999.0 -9999.0
04126 20170604  2.423 -113.56   43.46    28.2    13.6    20.9    20.1     0.6    29.31 C    46.0     5.7    22.5    60.3    16.4    34.2   0.025   0.048 -99.000 -99.000 -99.000    23.5    21.8 -9999.0 -9999.0 -9999.0
04126 20170605  2.423 -113.56   43.46    21.4     7.5    14.4    15.4     0.0    30.32 C    39.2     5.4    18.3    86.7    13.8    38.9   0.020   0.043 -99.000 -99.000 -99.000    22.9    21.9 -9999.0 -9999.0 -9999.0
04126 20170606  2.423 -113.56   43.46    27.5     9.6    18.5    19.0     0.0    29.37 C    48.2     2.2    22.2    44.0    16.5    27.8   0.017   0.038 -99.000 -99.000 -99.000    23.5    22.0 -9999.0 -9999.0 -9999.0
04126 20170607  2.423 -113.56   43.46    30.4    12.7    21.6    22.3     0.0    28.83 C    51.7     7.0    25.0    53.8     9.7    28.8   0.014   0.033 -99.000 -99.000 -99.000    25.7    23.8 -9999.0 -9999.0 -9999.0
04126 20170608  2.423 -113.56   43.46    25.5    14.3    19.9    19.6     0.0    25.76 C    40.4     8.6    22.0    46.1    13.4    28.7   0.010   0.030 -99.000 -99.000 -99.000    24.8    23.5 -9999.0 -9999.0 -9999.0
04126 20170609  2.423 -113.56   43.46    14.5     6.0    10.2    10.3     0.7    13.24 C    30.4     5.4    12.4    95.7    36.0    65.5   0.007   0.028 -99.000 -99.000 -99.000    21.1    21.2 -9999.0 -9999.0 -9999.0
04126 20170610  2.423 -113.56   43.46    14.8     4.4     9.6     9.7     0.0    29.71 C    30.6     2.8    13.5    95.1    22.9    52.9   0.007   0.026 -99.000 -99.000 -99.000    19.6    19.0 -9999.0 -9999.0 -9999.0
04126 20170611  2.423 -113.56   43.46    17.0     2.3     9.6    10.9     0.0    16.67 C    36.2     0.4    13.7    61.8    26.1    40.8   0.008   0.024 -99.000 -99.000 -99.000    18.9    18.5 -9999.0 -9999.0 -9999.0
04126 20170612  2.423 -113.56   43.46    13.3     3.1     8.2     6.7     4.5     6.00 C    20.6     1.7     7.4    96.1    48.6    78.0   0.007   0.023 -99.000 -99.000 -99.000    15.4    16.3 -9999.0 -9999.0 -9999.0
04126 20170613  2.423 -113.56   43.46    14.7     2.5     8.6     7.8     2.3    18.89 C    26.1     2.6    10.0    91.5    51.1    76.5   0.010   0.022 -99.000 -99.000 -99.000    14.7    14.6 -9999.0 -9999.0 -9999.0
04126 20170614  2.423 -113.56   43.46    19.5     3.7    11.6    12.5     0.0    29.48 C    34.9     0.6    15.1    87.6    23.3    46.8   0.015   0.023 -99.000 -99.000 -99.000    18.1    16.9 -9999.0 -9999.0 -9999.0
04126 20170615  2.423 -113.56   43.46    23.2     9.2    16.2    16.4     0.0    26.56 C    37.5     5.4    18.6    46.9    20.4    33.8   0.017   0.025 -99.000 -99.000 -99.000    20.2    18.9 -9999.0 -9999.0 -9999.0
04126 20170616  2.423 -113.56   43.46    20.8    10.2    15.5    15.0     0.0    19.62 C    33.6     6.4    16.8    72.6    33.3    54.2   0.018   0.025 -99.000 -99.000 -99.000    19.9    19.3 -9999.0 -9999.0 -9999.0
04126 20170617  2.423 -113.56   43.46    21.0     7.3    14.1    14.6     0.0    29.09 C    38.8     5.3    18.8    85.4    22.6    49.7   0.019   0.025 -99.000 -99.000 -99.000    21.6    20.0 -9999.0 -9999.0 -9999.0
04126 20170618  2.423 -113.56   43.46    25.9     8.9    17.4    17.9     0.0    29.48 C    45.7     3.5    21.9    52.7    26.1    37.8   0.020   0.026 -99.000 -99.000 -99.000    23.7    22.0 -9999.0 -9999.0 -9999.0
04126 20170619  2.423 -113.56   43.46    28.6    11.0    19.8    20.6     0.0    30.36 C    48.5     6.0    24.8    69.2    11.5    36.8   0.021   0.027 -99.000 -99.000 -99.000    25.9    24.1 -9999.0 -9999.0 -9999.0
04126 20170620  2.423 -113.56   43.46    31.6    15.5    23.5    24.2     0.0    28.02 C    47.5     9.5    26.4    51.3    13.7    28.2   0.019   0.027 -99.000 -99.000 -99.000    27.0    25.3 -9999.0 -9999.0 -9999.0
04126 20170621  2.423 -113.56   43.46    28.5    16.7    22.6    22.8     0.0    29.53 C    44.6    10.4    25.3    41.1    13.6    26.8   0.013   0.028 -99.000 -99.000 -99.000    27.5    25.8 -9999.0 -9999.0 -9999.0
04126 20170622  2.423 -113.56   43.46    24.6    10.8    17.7    17.9     0.0    31.38 C    45.2     4.0    21.2    45.5    13.5    28.1   0.011   0.028 -99.000 -99.000 -99.000    26.7    25.3 -9999.0 -9999.0 -9999.0
04126 20170623  2.423 -113.56   43.46    24.0     7.8    15.9    16.5     0.0    31.54 C    46.9     0.9    21.9    41.7    15.4    26.5   0.009   0.027 -99.000 -99.000 -99.000    26.7    25.1 -9999.0 -9999.0 -9999.0
04126 20170624  2.423 -113.56   43.46    26.8     9.3    18.1    19.0     0.0    31.17 C    51.2     4.7    24.6    52.9    14.5    29.8   0.007   0.028 -99.000 -99.000 -99.000    28.1    26.0 -9999.0 -9999.0 -9999.0
04126 20170625  2.423 -113.56   43.46    29.9    13.2    21.5    21.8     0.0    31.24 C    53.4     6.3    26.6    45.3    11.4    24.7   0.008   0.028 -99.000 -99.000 -99.000    29.6    27.1 -9999.0 -9999.0 -9999.0
04126 20170626  2.423 -113.56   43.46    32.1    13.9    23.0    23.5     0.0    27.22 C    55.0     6.3    27.4    40.7     7.8    22.5   0.010   0.026 -99.000 -99.000 -99.000    30.0    27.5 -9999.0 -9999.0 -9999.0
04126 20170627  2.423 -113.56   43.46    26.8    13.0    19.9    20.2     0.0    26.92 C    50.0    10.0    24.5    58.1    14.7    33.8   0.007   0.025 -99.000 -99.000 -99.000    29.7    27.5 -9999.0 -9999.0 -9999.0
04126 20170628  2.423 -113.56   43.46    23.6     9.2    16.4    16.3     0.0    19.82 C    36.9     4.8    18.7    74.4    13.5    43.1   0.007   0.023 -99.000 -99.000 -99.000    26.0    25.3 -9999.0 -9999.0 -9999.0
04126 20170629  2.423 -113.56   43.46    21.8     5.7    13.8    14.4     0.0    22.76 C    47.6     2.1    17.6    73.5    24.4    44.9   0.006   0.021 -99.000 -99.000 -99.000    24.3    23.4 -9999.0 -9999.0 -9999.0
04126 20170630  2.423 -113.56   43.46    25.0     8.1    16.5    17.4     0.0    30.82 C    48.8     2.4    22.8    63.7    17.5    35.9   0.006   0.021 -99.000 -99.000 -99.000    26.7    24.4 -9999.0 -9999.0 -9999.0
04126 20170701  2.423 -113.56   43.46    28.8    11.8    20.3    20.7     0.0    29.49 C    51.3     4.5    24.5    44.4    10.0    24.8   0.006   0.020 -99.000 -99.000 -99.000    28.6    26.2 -9999.0 -9999.0 -9999.0
04126 20170702  2.423 -113.56   43.46    31.2    12.3    21.7    22.7     0.0    27.94 C    56.4     8.3    26.7    45.7     9.3    24.4   0.006   0.019 -99.000 -99.000 -99.000    30.0    27.2 -9999.0 -9999.0 -9999.0
04126 20170703  2.423 -113.56   43.46    31.8    14.3    23.1    24.0     0.0    31.08 C    52.5     7.4    27.0    44.4    12.7    24.5   0.005   0.017 -99.000 -99.000 -99.000    30.7    27.9 -9999.0 -9999.0 -9999.0
04126 20170704  2.423 -113.56   43.46    32.7    14.4    23.6    24.7     0.0    30.03 C    52.9     5.9    27.5    37.2    10.6    20.6   0.005   0.015 -99.000 -99.000 -99.000    31.2    28.4 -9999.0 -9999.0 -9999.0
04126 20170705  2.423 -113.56   43.46    34.7    18.0    26.3    26.5     0.0    29.46 C    57.1    10.8    30.4    43.5     8.2    21.7   0.005   0.015 -99.000 -99.000 -99.000    32.8    29.5 -9999.0 -9999.0 -9999.0
04126 20170706  2.423 -113.56   43.46    33.6    17.0    25.3    26.2     0.0    29.95 C    56.1    11.2    30.5    40.4     8.4    21.5   0.005   0.012 -99.000 -99.000 -99.000    33.9    30.6 -9999.0 -9999.0 -9999.0
04126 20170707  2.423 -113.56   43.46    33.7    20.3    27.0    26.4     0.0    27.92 C    58.0    16.2    31.6    34.6    10.6    21.4   0.006   0.012 -99.000 -99.000 -99.000    34.8    31.3 -9999.0 -9999.0 -9999.0
04126 20170708  2.423 -113.56   43.46    35.2    15.5    25.4    25.9     0.0    28.13 C    58.2    11.0    30.7    49.8     8.5    25.4   0.005   0.010 -99.000 -99.000 -99.000    34.5    31.4 -9999.0 -9999.0 -9999.0
04126 20170709  2.423 -113.56   43.46    33.8    18.7    26.2    25.8     0.0    24.26 C    56.5    13.2    29.8    43.5    11.9    26.5   0.005   0.010 -99.000 -99.000 -99.000    34.1    31.3 -9999.0 -9999.0 -9999.0
04126 20170710  2.423 -113.56   43.46    30.9    15.1    23.0    23.2     0.0    29.75 C    48.1    10.8    27.1    66.7     8.7    30.4   0.005   0.010 -99.000 -99.000 -99.000    33.5    31.0 -9999.0 -9999.0 -9999.0
04126 20170711  2.423 -113.56   43.46    28.9    16.9    22.9    23.2     0.0    29.05 C    48.0     9.5    26.5    35.0    14.9    23.0   0.004   0.010 -99.000 -99.000 -99.000    32.4    30.2 -9999.0 -9999.0 -9999.0
04126 20170712  2.423 -113.56   43.46    30.3    15.1    22.7    23.4     0.0    30.21 C    49.4     8.6    27.3    36.4    10.5    20.4   0.004   0.010 -99.000 -99.000 -99.000    32.4    30.1 -9999.0 -9999.0 -9999.0
04126 20170713  2.423 -113.56   43.46    33.5    16.7    25.1    25.4     0.0    29.67 C    54.0     9.0    29.8    31.1     6.9    18.7   0.004   0.009 -99.000 -99.000 -99.000    33.4    30.6 -9999.0 -9999.0 -9999.0
04126 20170714  2.423 -113.56   43.46    32.1    17.8    24.9    25.0     0.0    18.95 C    53.4    10.8    27.6    41.2    12.6    22.5   0.003   0.009 -99.000 -99.000 -99.000    32.3    30.4 -9999.0 -9999.0 -9999.0
04126 20170715  2.423 -113.56   43.46    34.1    17.4    25.8    26.1     0.0    27.89 C    57.3    12.3    30.3    41.5    10.6    23.3   0.004   0.009 -99.000 -99.000 -99.000    33.6    30.7 -9999.0 -9999.0 -9999.0
04126 20170716  2.423 -113.56   43.46    30.9    16.9    23.9    24.4     0.0    29.51 C    48.8    10.9    27.3    46.6     7.0    25.2   0.004   0.008 -99.000 -99.000 -99.000    33.5    31.2 -9999.0 -9999.0 -9999.0
04126 20170717  2.423 -113.56   43.46    30.5    15.7    23.1    23.1     0.0    28.65 C    49.6     8.6    26.4    31.5     9.6    17.2   0.004   0.008 -99.000 -99.000 -99.000    32.7    30.6 -9999.0 -9999.0 -9999.0
04126 20170718  2.423 -113.56   43.46    30.6    14.7    22.7    23.4     0.0    29.62 C    51.7     9.4    26.6    30.0     8.2    16.4   0.003   0.008 -99.000 -99.000 -99.000    32.6    30.4 -9999.0 -9999.0 -9999.0
04126 20170719  2.423 -113.56   43.46    30.6    16.6    23.6    24.4     0.0    28.52 C    49.9     7.4    26.4    23.0     6.0    11.9   0.003   0.008 -99.000 -99.000 -99.000    32.2    30.2 -9999.0 -9999.0 -9999.0
04126 20170720  2.423 -113.56   43.46    30.8    16.0    23.4    24.1     0.0    27.21 C    49.0    10.4    26.5    20.8     4.6    10.3   0.003   0.007 -99.000 -99.000 -99.000    32.2    30.1 -9999.0 -9999.0 -9999.0
04126 20170721  2.423 -113.56   43.46    29.6    13.8    21.7    23.5     0.0    29.96 C    50.5     6.7    26.5    22.9     7.7    13.1   0.003   0.007 -99.000 -99.000 -99.000    32.1    29.9 -9999.0 -9999.0 -9999.0
04126 20170722  2.423 -113.56   43.46    31.2    13.9    22.5    23.6     0.0    29.69 C    55.9     6.3    28.2    30.1     6.4    15.1   0.003   0.006 -99.000 -99.000 -99.000    33.1    30.5 -9999.0 -9999.0 -9999.0
04126 20170723  2.423 -113.56   43.46    32.1    16.5    24.3    24.7     0.0    27.68 C    53.0    10.0    28.7    30.6     8.9    17.0   0.003   0.007 -99.000 -99.000 -99.000    33.9    31.4 -9999.0 -9999.0 -9999.0
04126 20170724  2.423 -113.56   43.46    31.7    17.3    24.5    25.0     0.0    23.30 C    55.0     8.8    27.7    35.2     9.9    17.8   0.002   0.007 -99.000 -99.000 -99.000    32.6    30.7 -9999.0 -9999.0 -9999.0
04126 20170725  2.423 -113.56   43.46    26.6    18.8    22.7    22.1     0.0    11.10 C    44.7    16.0    24.3    50.3    27.7    34.5   0.002   0.007 -99.000 -99.000 -99.000    30.1    29.2 -9999.0 -9999.0 -9999.0
04126 20170726  2.423 -113.56   43.46    28.2    15.4    21.8    20.6     0.0    20.69 C    52.4    13.6    26.8    71.9    24.2    46.3   0.003   0.007 -99.000 -99.000 -99.000    31.1    29.0 -9999.0 -9999.0 -9999.0
04126 20170727  2.423 -113.56   43.46    27.0    12.3    19.6    19.2     0.0    20.52 C    50.7     9.4    23.6    77.5    19.5    48.6   0.003   0.007 -99.000 -99.000 -99.000    30.1    28.8 -9999.0 -9999.0 -9999.0
04126 20170728  2.423 -113.56   43.46    28.5    12.4    20.5    20.2     0.0    21.51 C    54.2     7.0    23.6    73.1    14.7    40.6   0.002   0.007 -99.000 -99.000 -99.000    29.5    28.2 -9999.0 -9999.0 -9999.0
04126 20170729  2.423 -113.56   43.46    30.1    13.3    21.7    21.8     0.3    22.76 C    53.6     7.5    23.9    53.0    10.6    29.8   0.002   0.007 -99.000 -99.000 -99.000    29.1    27.8 -9999.0 -9999.0 -9999.0
04126 20170730  2.423 -113.56   43.46    31.2    15.9    23.5    23.3     0.0    18.99 C    53.2     8.7    24.3    36.2    12.2    24.2   0.002   0.007 -99.000 -99.000 -99.000    28.6    27.5 -9999.0 -9999.0 -9999.0
04126 20170731  2.423 -113.56   43.46    32.3    16.1    24.2    25.1     0.0    27.46 C    54.4     8.6    28.9    40.3     8.9    21.8   0.003   0.007 -99.000 -99.000 -99.000    31.0    28.4 -9999.0 -9999.0 -9999.0
04126 20170801  2.423 -113.56   43.46    33.0    16.3    24.7    24.8     0.0    22.73 C    56.7     8.4    26.4    27.8     8.9    17.6   0.002   0.008 -99.000 -99.000 -99.000    31.6    29.6 -9999.0 -9999.0 -9999.0
04126 20170802  2.423 -113.56   43.46    32.6    15.7    24.1    24.7     0.0    27.01 C    54.8     8.7    28.3    31.5     9.5    18.0   0.002   0.008 -99.000 -99.000 -99.000    32.1    29.7 -9999.0 -9999.0 -9999.0
04126 20170803  2.423 -113.56   43.46    32.1    16.9    24.5    24.4     0.0    25.40 C    51.3     8.7    26.5    34.7     9.3    19.1   0.002   0.009 -99.000 -99.000 -99.000    32.2    30.3 -9999.0 -9999.0 -9999.0
04126 20170804  2.423 -113.56   43.46    31.6    15.9    23.7    24.6     0.0    27.32 C    50.7     9.6    27.0    33.6     6.1    16.8   0.002   0.009 -99.000 -99.000 -99.000    32.0    30.0 -9999.0 -9999.0 -9999.0
04126 20170805  2.423 -113.56   43.46    29.8    16.0    22.9    23.4     0.0    25.85 C    50.7     8.4    26.4    34.8     9.5    19.3   0.002   0.009 -99.000 -99.000 -99.000    32.1    30.2 -9999.0 -9999.0 -9999.0
04126 20170806  2.423 -113.56   43.46    26.7    13.4    20.1    20.2     0.0    17.74 C    43.5     6.9    22.5    50.1    17.4    29.8   0.001   0.009 -99.000 -99.000 -99.000    29.4    28.7 -9999.0 -9999.0 -9999.0
04126 20170807  2.423 -113.56   43.46    26.0    15.7    20.9    19.6     0.0     9.03 C    45.1    10.7    20.6    39.3    19.8    25.9   0.001   0.009 -99.000 -99.000 -99.000    26.4    26.4 -9999.0 -9999.0 -9999.0
04126 20170808  2.423 -113.56   43.46    26.1    12.6    19.4    17.5    29.8    16.92 C    49.3     7.0    19.3    78.7    25.1    49.4   0.042   0.051 -99.000 -99.000 -99.000    23.1    23.6 -9999.0 -9999.0 -9999.0
04126 20170809  2.423 -113.56   43.46    25.7     9.0    17.3    17.0     0.0    21.36 C    39.8     5.8    18.9    86.2    22.5    51.5   0.102   0.122 -99.000 -99.000 -99.000    21.7    21.5 -9999.0 -9999.0 -9999.0
04126 20170810  2.423 -113.56   43.46    27.3    10.3    18.8    19.1     0.0    22.53 C    44.3     6.6    21.3    67.8    17.6    38.6   0.096   0.119 -99.000 -99.000 -99.000    23.1    22.6 -9999.0 -9999.0 -9999.0
04126 20170811  2.423 -113.56   43.46    29.3    12.1    20.7    20.5     0.0    23.79 C    45.6     8.6    22.6    56.7    12.2    33.5   0.091   0.115 -99.000 -99.000 -99.000    24.1    23.5 -9999.0 -9999.0 -9999.0
04126 20170812  2.423 -113.56   43.46    29.9    11.7    20.8    20.7     0.0    23.11 C    48.4     8.6    23.5    58.9    12.4    32.5   0.087   0.111 -99.000 -99.000 -99.000    25.0    24.3 -9999.0 -9999.0 -9999.0
04126 20170813  2.423 -113.56   43.46    27.5    14.1    20.8    20.8     0.0    20.58 C    44.4     9.2    22.1    45.3    18.3    28.5   0.082   0.108 -99.000 -99.000 -99.000    24.0    23.8 -9999.0 -9999.0 -9999.0
04126 20170814  2.423 -113.56   43.46    18.3    10.5    14.4    14.9     0.0    14.24 C    29.8     8.5    17.3    83.8    38.7    60.9   0.079   0.105 -99.000 -99.000 -99.000    22.4    22.7 -9999.0 -9999.0 -9999.0
04126 20170815  2.423 -113.56   43.46    24.6     8.1    16.4    15.5     0.0    22.01 C    45.7     5.1    19.2    92.2    22.9    55.3   0.077   0.102 -99.000 -99.000 -99.000    22.4    22.0 -9999.0 -9999.0 -9999.0
04126 20170816  2.423 -113.56   43.46    27.2     9.8    18.5    18.9     0.0    25.90 C    46.7     4.6    21.9    61.2    14.0    32.8   0.076   0.100 -99.000 -99.000 -99.000    23.4    22.7 -9999.0 -9999.0 -9999.0
04126 20170817  2.423 -113.56   43.46    26.6    11.2    18.9    20.2     0.0    25.86 C    44.0     6.5    22.7    46.4    17.2    26.2   0.074   0.099 -99.000 -99.000 -99.000    24.5    23.8 -9999.0 -9999.0 -9999.0
04126 20170818  2.423 -113.56   43.46    28.4    12.7    20.6    21.1     0.0    25.72 C    47.0     6.1    23.6    40.9    11.9    22.8   0.071   0.097 -99.000 -99.000 -99.000    25.1    24.4 -9999.0 -9999.0 -9999.0
04126 20170819  2.423 -113.56   43.46    28.3    12.0    20.1    21.2     0.0    24.64 C    41.5     5.5    21.7    34.6     9.5    18.7   0.068   0.095 -99.000 -99.000 -99.000    24.5    24.2 -9999.0 -9999.0 -9999.0
04126 20170820  2.423 -113.56   43.46    27.2    11.5    19.3    20.1     0.0    25.08 C    44.5     3.9    22.1    37.5    10.9    20.2   0.066   0.092 -99.000 -99.000 -99.000    24.4    23.9 -9999.0 -9999.0 -9999.0
04126 20170821  2.423 -113.56   43.46    27.1    12.5    19.8    19.6     0.0    21.73 C    47.8     4.6    21.6    31.4    11.2    20.9   0.063   0.090 -99.000 -99.000 -99.000    23.9    23.5 -9999.0 -9999.0 -9999.0
04126 20170822  2.423 -113.56   43.46    29.8    13.2    21.5    21.8     0.0    25.46 C    47.0     4.2    23.3    33.5     5.8    18.7   0.060   0.089 -99.000 -99.000 -99.000    24.7    24.0 -9999.0 -9999.0 -9999.0
04126 20170823  2.423 -113.56   43.46    23.2    15.4    19.3    19.1     0.0     9.74 C    35.5    10.4    19.4    62.9    19.8    37.5   0.055   0.087 -99.000 -99.000 -99.000    22.7    22.9 -9999.0 -9999.0 -9999.0
04126 20170824  2.423 -113.56   43.46    26.9    12.0    19.5    18.9     0.0    23.73 C    40.8    10.1    20.9    67.5    20.9    45.9   0.053   0.085 -99.000 -99.000 -99.000    23.6    22.9 -9999.0 -9999.0 -9999.0
04126 20170825  2.423 -113.56   43.46    29.2    12.7    20.9    21.2     0.0    23.70 C    46.3     6.9    23.2    63.0    12.2    33.0   0.051   0.084 -99.000 -99.000 -99.000    24.7    23.9 -9999.0 -9999.0 -9999.0
04126 20170826  2.423 -113.56   43.46    29.9    14.3    22.1    23.0     0.0    24.21 C    46.4     7.3    23.5    29.7    10.4    17.4   0.046   0.083 -99.000 -99.000 -99.000    25.1    24.3 -9999.0 -9999.0 -9999.0
04126 20170827  2.423 -113.56   43.46    31.2    14.7    22.9    23.5     0.0    23.85 C    49.6     6.7    24.9    33.3     9.2    19.4   0.042   0.082 -99.000 -99.000 -99.000    25.6    24.8 -9999.0 -9999.0 -9999.0
04126 20170828  2.423 -113.56   43.46    32.8    15.2    24.0    24.5     0.0    22.93 C    51.7     7.3    25.5    30.5     8.7    17.1   0.041   0.081 -99.000 -99.000 -99.000    26.0    25.3 -9999.0 -9999.0 -9999.0
04126 20170829  2.423 -113.56   43.46    32.4    16.3    24.3    24.2     0.0    19.86 C    51.1     9.6    25.1    31.9    10.2    20.3   0.037   0.080 -99.000 -99.000 -99.000    26.2    25.5 -9999.0 -9999.0 -9999.0
04126 20170830  2.423 -113.56   43.46    28.1    16.5    22.3    22.2     0.0    10.59 C    43.9    11.9    22.9    44.9    18.0    28.3   0.033   0.078 -99.000 -99.000 -99.000    24.7    24.6 -9999.0 -9999.0 -9999.0
04126 20170831  2.423 -113.56   43.46    28.2    13.4    20.8    21.4     0.0    20.07 C    50.4    10.9    23.9    57.4    14.3    30.5   0.033   0.077 -99.000 -99.000 -99.000    25.0    24.3 -9999.0 -9999.0 -9999.0
04126 20170901  2.423 -113.56   43.46    28.4    13.3    20.8    21.3     0.0    21.11 C    46.9     6.7    22.9    42.2    14.8    25.0   0.030   0.075 -99.000 -99.000 -99.000    24.7    24.1 -9999.0 -9999.0 -9999.0
04126 20170902  2.423 -113.56   43.46    31.5    13.6    22.6    23.6     0.0    22.44 C    47.2     6.8    24.5    42.6    11.4    22.3   0.028   0.074 -99.000 -99.000 -99.000    25.3    24.4 -9999.0 -9999.0 -9999.0
04126 20170903  2.423 -113.56   43.46    33.6    15.8    24.7    24.9     0.0    22.47 C    50.6     8.2    25.7    33.1     6.4    16.8   0.025   0.073 -99.000 -99.000 -99.000    26.0    25.1 -9999.0 -9999.0 -9999.0
04126 20170904  2.423 -113.56   43.46    32.7    16.3    24.5    24.6     0.0    18.47 C    47.1     8.5    24.0    26.4     9.7    16.2   0.022   0.072 -99.000 -99.000 -99.000    25.3    24.7 -9999.0 -9999.0 -9999.0
04126 20170905  2.423 -113.56   43.46    28.2    10.7    19.4    20.0     0.0    16.64 C    42.0     7.0    20.6    49.9    13.3    25.8   0.019   0.071 -99.000 -99.000 -99.000    24.0    23.8 -9999.0 -9999.0 -9999.0
04126 20170906  2.423 -113.56   43.46    29.6    14.1    21.8    21.6     0.0    15.88 C    42.7     5.9    20.7    29.8    10.2    18.2   0.017   0.068 -99.000 -99.000 -99.000    22.9    22.7 -9999.0 -9999.0 -9999.0
04126 20170907  2.623 -113.56   43.46 -9999.0 -9999.0 -9999.0 -9999.0 -9999.0 -9999.00 U -9999.0 -9999.0 -9999.0 -9999.0 -9999.0 -9999.0 -99.000 -99.000 -99.000 -99.000 -99.000 -9999.0 -9999.0 -9999.0 -9999.0 -9999.0
04126 20170908  2.623 -113.56   43.46    29.6    14.5    22.1    20.7     3.5    18.73 C    48.3     7.3    22.1    65.2    14.5    33.0   0.037   0.071 -99.000 -99.000 -99.000    23.7    22.9 -9999.0 -9999.0 -9999.0
04126 20170909  2.623 -113.56   43.46    25.9    13.9    19.9    19.2     0.0    14.12 C    39.6     8.5    18.8    66.7    26.6    46.8   0.038   0.070 -99.000 -99.000 -99.000    21.8    21.9 -9999.0 -9999.0 -9999.0
04126 20170910  2.623 -113.56   43.46    27.1    13.1    20.1    19.8     0.0    19.21 C    46.5     9.3    21.9    72.2    23.1    44.4   0.040   0.069 -99.000 -99.000 -99.000    22.4    21.8 -9999.0 -9999.0 -9999.0
04126 20170911  2.623 -113.56   43.46    28.2    12.8    20.5    21.1     0.0    20.15 C    44.3     5.9    21.6    56.1    14.3    30.8   0.041   0.068 -99.000 -99.000 -99.000    22.5    22.1 -9999.0 -9999.0 -9999.0
04126 20170912  2.623 -113.56   43.46    29.0    13.3    21.2    21.6     0.0    19.40 C    44.3     5.8    21.5    41.9    16.4    27.9   0.041   0.068 -99.000 -99.000 -99.000    22.2    21.8 -9999.0 -9999.0 -9999.0
04126 20170913  2.623 -113.56   43.46    25.6    14.4    20.0    19.8     0.0    19.94 C    39.3     9.9    21.3    50.4    19.4    35.5   0.041   0.066 -99.000 -99.000 -99.000    22.8    22.3 -9999.0 -9999.0 -9999.0
04126 20170914  2.623 -113.56   43.46    20.1    10.6    15.3    15.5     3.3    10.55 C    37.6    10.0    16.8    91.9    33.8    55.9   0.040   0.065 -99.000 -99.000 -99.000    20.3    20.8 -9999.0 -9999.0 -9999.0
04126 20170915  2.623 -113.56   43.46    10.6     2.7     6.7     5.2     7.4     3.29 C    11.6     3.8     6.8    95.9    79.2    90.0   0.048   0.067 -99.000 -99.000 -99.000    14.1    16.4 -9999.0 -9999.0 -9999.0
04126 20170916  2.623 -113.56   43.46    10.3     0.4     5.4     5.0     4.8    12.18 C    20.8    -0.8     6.3    95.3    47.1    75.1   0.114   0.101 -99.000 -99.000 -99.000    11.4    12.7 -9999.0 -9999.0 -9999.0
04126 20170917  2.623 -113.56   43.46    16.7     1.1     8.9     8.9     0.0    17.88 C    30.4    -2.3     9.6    83.8    20.8    50.3   0.119   0.104 -99.000 -99.000 -99.000    12.4    12.7 -9999.0 -9999.0 -9999.0
04126 20170918  2.623 -113.56   43.46    16.7     4.8    10.7     9.4     4.4     8.30 C    25.0     1.0     8.0    84.4    29.2    55.1   0.117   0.108 -99.000 -99.000 -99.000    11.2    12.2 -9999.0 -9999.0 -9999.0
04126 20170919  2.623 -113.56   43.46     9.1     1.8     5.4     5.1     0.0    16.82 C    16.4    -0.9     5.6    88.7    40.8    62.4   0.126   0.122 -99.000 -99.000 -99.000     9.9    10.8 -9999.0 -9999.0 -9999.0
04126 20170920  2.623 -113.56   43.46    12.9    -0.3     6.3     6.0     1.4    11.16 C    18.1    -4.4     5.8    93.0    35.8    64.2   0.122   0.123 -99.000 -99.000 -99.000     8.6     9.5 -9999.0 -9999.0 -9999.0
04126 20170921  2.623 -113.56   43.46     4.6     0.3     2.4     2.4    17.6     3.22 C     7.7     0.5     4.0    96.0    86.5    92.8   0.161   0.166 -99.000 -99.000 -99.000     7.6     8.7 -9999.0 -9999.0 -9999.0
04126 20170922  2.623 -113.56   43.46     6.8    -0.2     3.3     2.5     2.0    11.43 C    16.3    -3.0     4.3    97.1    62.7    87.0   0.182   0.197 -99.000 -99.000 -99.000     7.5     8.1 -9999.0 -9999.0 -9999.0
04126 20170923  2.623 -113.56   43.46    10.4    -1.2     4.6     3.7     0.0    12.20 C    25.1    -4.3     4.8    97.1    37.5    70.4   0.178   0.192 -99.000 -99.000 -99.000     7.7     8.1 -9999.0 -9999.0 -9999.0
04126 20170924  2.623 -113.56   43.46    12.0    -0.6     5.7     5.6     0.0    15.95 C    30.6    -5.8     6.4    65.9    29.9    46.3   0.175   0.189 -99.000 -99.000 -99.000     8.1     8.3 -9999.0 -9999.0 -9999.0
04126 20170925  2.623 -113.56   43.46    11.8     0.4     6.1     6.3     0.0    11.70 C    25.7    -3.9     7.4    68.0    31.1    48.3   0.173   0.186 -99.000 -99.000 -99.000     8.7     8.8 -9999.0 -9999.0 -9999.0
04126 20170926  2.623 -113.56   43.46    15.0     2.9     9.0     9.2     0.0    12.30 C    31.3    -3.0     8.6    66.7    29.8    45.7   0.171   0.183 -99.000 -99.000 -99.000    10.0     9.8 -9999.0 -9999.0 -9999.0
04126 20170927  2.623 -113.56   43.46    16.9     2.0     9.5    10.0     0.0    17.90 C    33.1    -3.8     9.5    69.8    20.7    41.2   0.168   0.180 -99.000 -99.000 -99.000    10.1    10.0 -9999.0 -9999.0 -9999.0
04126 20170928  2.623 -113.56   43.46    18.4     3.4    10.9    11.2     0.0    17.88 C    35.7    -3.4    10.7    63.0    17.8    37.3   0.166   0.176 -99.000 -99.000 -99.000    10.7    10.5 -9999.0 -9999.0 -9999.0
04126 20170929  2.623 -113.56   43.46    19.5     3.2    11.4    11.7     0.0    17.24 C    34.3    -3.2    11.3    60.5    22.4    37.8   0.164   0.173 -99.000 -99.000 -99.000    11.0    10.9 -9999.0 -9999.0 -9999.0
04126 20170930  2.623 -113.56   43.46    11.9     3.6     7.7     8.2     1.5     6.93 C    17.8    -0.1     6.4    91.1    33.7    67.8   0.164   0.172 -99.000 -99.000 -99.000     9.9    10.5 -9999.0 -9999.0 -9999.0
04126 20171001  2.623 -113.56   43.46     4.5    -0.7     1.9     1.4     5.9     4.22 C     9.8    -2.9     0.6    95.7    64.2    85.6   0.170   0.181 -99.000 -99.000 -99.000     5.9     7.4 -9999.0 -9999.0 -9999.0
04126 20171002  2.623 -113.56   43.46     7.0    -0.9     3.0     1.2     1.9     8.93 C    21.6    -4.5     1.1    95.3    54.7    79.4   0.179   0.194 -99.000 -99.000 -99.000     5.1     5.9 -9999.0 -9999.0 -9999.0
04126 20171003  2.623 -113.56   43.46     8.5    -3.7     2.4     2.9     0.0    16.19 C    20.9    -5.9     3.2    94.9    38.7    60.1   0.178   0.193 -99.000 -99.000 -99.000     5.2     5.6 -9999.0 -9999.0 -9999.0
04126 20171004  2.623 -113.56   43.46     4.9    -0.6     2.2     1.9    10.3     3.85 C    13.0    -2.8     2.1    97.9    36.4    84.1   0.190   0.210 -99.000 -99.000 -99.000     4.6     5.3 -9999.0 -9999.0 -9999.0
04126 20171005  2.623 -113.56   43.46     9.9    -1.3     4.3     3.7     0.0    15.13 C    26.0    -4.0     4.2    97.3    48.3    75.0   0.198   0.223 -99.000 -99.000 -99.000     5.9     5.7 -9999.0 -9999.0 -9999.0
04126 20171006  2.623 -113.56   43.46    13.4     0.0     6.7     7.2     0.0    15.50 C    22.8    -4.6     5.7    81.0    40.5    54.4   0.194   0.219 -99.000 -99.000 -99.000     6.4     6.3 -9999.0 -9999.0 -9999.0
04126 20171007  2.623 -113.56   43.46    14.4     3.2     8.8     8.5     0.0    15.84 C    20.9    -1.7     6.9    65.7    23.7    45.0   0.191   0.214 -99.000 -99.000 -99.000     6.9     6.9 -9999.0 -9999.0 -9999.0
04126 20171008  2.623 -113.56   43.46     8.6    -1.1     3.7     3.1     0.2     9.65 C    23.5    -6.0     2.4    80.1    24.9    53.3   0.190   0.209 -99.000 -99.000 -99.000     5.6     6.2 -9999.0 -9999.0 -9999.0
04126 20171009  2.623 -113.56   43.46     9.1    -4.4     2.3     2.3     0.0    15.51 C    20.2    -9.5     1.3    67.2    29.4    47.1   0.188   0.206 -99.000 -99.000 -99.000     4.4     5.0 -9999.0 -9999.0 -9999.0
04126 20171010  2.623 -113.56   43.46    11.8    -1.4     5.2     4.1     0.0    14.06 C    23.9    -6.2     4.1    66.6    19.8    43.8   0.188   0.205 -99.000 -99.000 -99.000     4.9     5.1 -9999.0 -9999.0 -9999.0
04126 20171011  2.623 -113.56   43.46    12.9    -0.2     6.3     5.6     0.0    11.23 C    21.4    -5.9     3.8    58.9    23.0    37.1   0.186   0.203 -99.000 -99.000 -99.000     4.7     5.0 -9999.0 -9999.0 -9999.0
04126 20171012  2.623 -113.56   43.46     5.2    -4.2     0.5     1.1     0.0    14.44 C    14.4    -6.8     0.8    82.9    25.6    45.8   0.185   0.201 -99.000 -99.000 -99.000     3.8     4.4 -9999.0 -9999.0 -9999.0
04126 20171013  2.623 -113.56   43.46     6.9    -1.8     2.5     1.5     0.0    10.85 C    18.8    -4.7     2.2    93.7    37.6    54.1   0.184   0.200 -99.000 -99.000 -99.000     3.6     4.0 -9999.0 -9999.0 -9999.0
04126 20171014  2.623 -113.56   43.46     5.0    -5.8    -0.4    -0.2     0.6    14.80 C    12.8   -12.1    -0.8    92.5    38.4    59.8   0.183   0.199 -99.000 -99.000 -99.000     3.6     4.0 -9999.0 -9999.0 -9999.0
04126 20171015  2.623 -113.56   43.46     9.6    -6.1     1.7     1.9     0.0    14.24 C    24.6    -8.7     1.7    83.6    24.1    50.8   0.181   0.197 -99.000 -99.000 -99.000     3.3     3.6 -9999.0 -9999.0 -9999.0
04126 20171016  2.623 -113.56   43.46    14.6    -1.3     6.6     6.5     0.0    14.13 C    26.4    -8.4     3.6    54.7    16.7    35.2   0.180   0.195 -99.000 -99.000 -99.000     3.6     3.7 -9999.0 -9999.0 -9999.0
04126 20171017  2.623 -113.56   43.46    17.1     1.7     9.4     8.6     0.0    12.36 C    26.8    -6.0     5.2    50.7    15.3    32.0   0.179   0.195 -99.000 -99.000 -99.000     4.4     4.3 -9999.0 -9999.0 -9999.0
04126 20171018  2.623 -113.56   43.46    16.7     3.0     9.9    10.0     0.0    13.03 C    24.2    -5.5     6.2    39.8    19.3    29.5   0.177   0.193 -99.000 -99.000 -99.000     5.1     5.0 -9999.0 -9999.0 -9999.0
04126 20171019  2.623 -113.56   43.46    18.4     1.7    10.0    10.4     0.0    13.71 C    26.5    -6.3     6.4    48.3    10.1    26.7   0.176   0.191 -99.000 -99.000 -99.000     5.4     5.3 -9999.0 -9999.0 -9999.0
04126 20171020  2.623 -113.56   43.46    10.9    -0.9     5.0     4.3     0.0     6.73 C    10.7    -3.5     3.0    89.1    28.4    50.4   0.175   0.189 -99.000 -99.000 -99.000     4.5     5.0 -9999.0 -9999.0 -9999.0
04126 20171021  2.623 -113.56   43.46     4.6    -4.6     0.0     0.3     0.0     7.50 C    10.4    -6.7     0.2    90.4    43.1    66.8   0.173   0.186 -99.000 -99.000 -99.000     2.6     3.4 -9999.0 -9999.0 -9999.0
04126 20171022  2.623 -113.56   43.46    12.4     0.3     6.3     6.3     0.0    11.15 C    18.7    -0.8     6.3    97.0    44.4    69.5   0.173   0.186 -99.000 -99.000 -99.000     4.6     4.2 -9999.0 -9999.0 -9999.0
04126 20171023  2.623 -113.56   43.46    13.3     0.5     6.9     6.6     0.0    12.08 C    23.4    -6.1     4.6    68.1    29.2    50.1   0.171   0.184 -99.000 -99.000 -99.000     5.0     4.9 -9999.0 -9999.0 -9999.0
04126 20171024  2.623 -113.56   43.46    14.7     0.5     7.6     7.2     0.0    12.80 C    26.5    -5.8     4.9    64.8    27.2    44.1   0.169   0.182 -99.000 -99.000 -99.000     5.0     4.9 -9999.0 -9999.0 -9999.0
04126 20171025  2.623 -113.56   43.46    16.2    -0.3     7.9     8.2     0.0    12.66 C    23.5    -6.9     4.9    68.4    22.1    44.7   0.168   0.179 -99.000 -99.000 -99.000     4.7     4.7 -9999.0 -9999.0 -9999.0
04126 20171026  2.623 -113.56   43.46    11.3     1.8     6.5     7.1     0.0    11.97 C    25.3    -5.1     5.2    68.1    34.0    47.2   0.167   0.178 -99.000 -99.000 -99.000     5.5     5.3 -9999.0 -9999.0 -9999.0
04126 20171027  2.623 -113.56   43.46    14.0    -1.0     6.5     6.3     0.0    11.65 C    25.8    -6.2     4.4    69.6    28.4    48.3   0.166   0.175 -99.000 -99.000 -99.000     4.5     4.7 -9999.0 -9999.0 -9999.0
04126 20171028  2.623 -113.56   43.46    15.9     1.9     8.9     9.3     0.0    12.00 C    24.1    -4.9     5.5    62.5    28.2    41.9   0.166   0.174 -99.000 -99.000 -99.000     4.9     4.9 -9999.0 -9999.0 -9999.0
04126 20171029  2.623 -113.56   43.46    16.3     0.6     8.4     8.0     0.0    11.79 C    27.5    -5.3     6.0    71.9    30.9    51.3   0.165   0.174 -99.000 -99.000 -99.000     5.3     5.2 -9999.0 -9999.0 -9999.0
04126 20171030  2.623 -113.56   43.46     7.6    -4.1     1.7     1.7     0.0    10.80 C    19.9    -9.1     1.6    64.4    15.1    38.9   0.164   0.172 -99.000 -99.000 -99.000     4.2     4.6 -9999.0 -9999.0 -9999.0
04126 20171031  2.623 -113.56   43.46     7.4    -4.3     1.6     2.2     0.0     9.21 C    16.0    -9.7     0.3    54.3    32.6    42.4   0.161   0.168 -99.000 -99.000 -99.000     2.3     3.1 -9999.0 -9999.0 -9999.0
04126 20171101  2.623 -113.56   43.46    13.7     2.1     7.9     6.9     0.0     9.93 C    18.6    -0.7     6.2    71.6    26.5    38.5   0.161   0.168 -99.000 -99.000 -99.000     3.7     3.6 -9999.0 -9999.0 -9999.0
04126 20171102  2.623 -113.56   43.46     8.8     1.1     5.0     5.5     0.0     6.30 C    15.9    -0.7     4.8    72.0    40.1    53.9   0.158   0.166 -99.000 -99.000 -99.000     4.4     4.4 -9999.0 -9999.0 -9999.0
04126 20171103  2.623 -113.56   43.46     6.8     3.0     4.9     4.5     6.5     4.27 C     7.7     2.5     3.8    91.4    48.6    73.3   0.162   0.169 -99.000 -99.000 -99.000     4.4     4.5 -9999.0 -9999.0 -9999.0
04126 20171104  2.623 -113.56   43.46     3.5    -4.6    -0.5    -1.8     2.9     4.15 C     2.8    -8.0    -2.5    96.2    72.5    88.5   0.174   0.186 -99.000 -99.000 -99.000     3.0     3.6 -9999.0 -9999.0 -9999.0
04126 20171105  2.623 -113.56   43.46     1.2    -5.9    -2.3    -2.6     1.1     9.87 C    -0.6   -10.6    -5.1    94.0    55.7    71.9   0.174   0.186 -99.000 -99.000 -99.000     1.5     2.3 -9999.0 -9999.0 -9999.0
04126 20171106  2.623 -113.56   43.46     0.2    -7.4    -3.6    -3.3     3.3     7.16 C    -0.4   -13.9    -5.2    94.6    68.7    87.4   0.174   0.187 -99.000 -99.000 -99.000     1.1     1.7 -9999.0 -9999.0 -9999.0
04126 20171107  2.623 -113.56   43.46    -0.1   -10.9    -5.5    -5.3     0.0     9.73 C    -1.9   -20.6   -11.7    91.5    51.6    72.2   0.174   0.186 -99.000 -99.000 -99.000     0.9     1.4 -9999.0 -9999.0 -9999.0
04126 20171108  2.623 -113.56   43.46    -0.7    -8.1    -4.4    -4.2     0.0     6.41 C    -0.9   -12.9    -6.2    87.1    52.7    71.5   0.172   0.184 -99.000 -99.000 -99.000     0.6     1.1 -9999.0 -9999.0 -9999.0
04126 20171109  2.623 -113.56   43.46     7.4    -3.2     2.1     1.4     0.0     8.07 C     3.0    -7.1    -1.6    73.7    39.3    57.0   0.172   0.184 -99.000 -99.000 -99.000     0.5     0.9 -9999.0 -9999.0 -9999.0
04126 20171110  2.623 -113.56   43.46     7.1    -0.7     3.2     2.8     0.0     9.87 C     8.1    -4.1     0.4    88.3    48.2    67.0   0.154   0.190 -99.000 -99.000 -99.000     0.4     0.8 -9999.0 -9999.0 -9999.0
04126 20171111  2.623 -113.56   43.46     5.1    -3.4     0.9     0.6     0.0    10.10 C    13.1    -6.1     0.3    96.0    48.9    77.7   0.155   0.198 -99.000 -99.000 -99.000     0.6     0.9 -9999.0 -9999.0 -9999.0
04126 20171112  2.623 -113.56   43.46     5.1    -5.1     0.0     0.7     0.0     7.76 C    11.7    -8.2    -1.5    87.9    48.2    66.9 -99.000   0.197 -99.000 -99.000 -99.000     0.3     0.7 -9999.0 -9999.0 -9999.0
04126 20171113  2.623 -113.56   43.46    10.9    -1.9     4.5     4.2     0.0     8.16 C    12.4    -7.0     0.8    72.8    29.4    51.8 -99.000   0.199 -99.000 -99.000 -99.000     0.2     0.6 -9999.0 -9999.0 -9999.0
04126 20171114  2.623 -113.56   43.46     5.6    -2.4     1.6     2.2     6.9     9.75 C    11.3    -7.3     0.5    91.3    39.6    60.4   0.195   0.206 -99.000 -99.000 -99.000     0.7     0.8 -9999.0 -9999.0 -9999.0
04126 20171115  2.623 -113.56   43.46     5.5    -5.9    -0.2    -0.5    10.2     6.02 C     9.6    -8.5    -1.2    96.7    47.0    71.6 -99.000   0.207 -99.000 -99.000 -99.000     0.3     0.6 -9999.0 -9999.0 -9999.0
04126 20171116  2.623 -113.56   43.46     4.0     0.3     2.1     1.9    19.9     1.51 C     4.2    -0.1     1.2    97.1    85.2    93.2 -99.000   0.301 -99.000 -99.000 -99.000     0.3     0.5 -9999.0 -9999.0 -9999.0
04126 20171117  2.623 -113.56   43.46     3.6    -5.3    -0.9    -0.7     0.0     8.34 C    12.0    -9.0    -0.8    97.1    31.6    68.8   0.252   0.292 -99.000 -99.000 -99.000     0.7     0.7 -9999.0 -9999.0 -9999.0
04126 20171118  2.623 -113.56   43.46     0.4    -8.3    -3.9    -4.5     0.0     8.66 C     6.4   -10.4    -4.7    83.4    50.2    64.8 -99.000   0.278 -99.000 -99.000 -99.000     0.2     0.5 -9999.0 -9999.0 -9999.0
04126 20171119  2.623 -113.56   43.46     3.0    -7.9    -2.4    -3.2     0.0     8.16 C    10.5   -10.6    -3.7    84.8    43.0    67.8 -99.000 -99.000 -99.000 -99.000 -99.000     0.0     0.3 -9999.0 -9999.0 -9999.0
04126 20171120  2.623 -113.56   43.46     3.7    -4.5    -0.4     1.1     1.2     2.33 C     2.3    -7.5    -0.5    89.8    50.2    73.6 -99.000 -99.000 -99.000 -99.000 -99.000    -0.1     0.1 -9999.0 -9999.0 -9999.0
04126 20171121  2.623 -113.56   43.46     8.4    -2.1     3.1     2.4     0.2     6.69 C    15.0    -3.6     1.9    96.8    71.6    88.4 -99.000 -99.000 -99.000 -99.000 -99.000    -0.1     0.1 -9999.0 -9999.0 -9999.0
04126 20171122  2.623 -113.56   43.46    12.7     2.0     7.4     7.2     0.0     6.83 C    16.3    -1.2     5.8    96.5    64.3    84.0 -99.000 -99.000 -99.000 -99.000 -99.000     0.3     0.3 -9999.0 -9999.0 -9999.0
04126 20171123  2.623 -113.56   43.46    13.9     2.2     8.0     8.3     0.0     6.70 C    15.9    -2.0     4.7    92.0    42.6    68.5   0.239   0.266 -99.000 -99.000 -99.000     1.1     0.8 -9999.0 -9999.0 -9999.0
04126 20171124  2.623 -113.56   43.46     9.4     1.2     5.3     5.3     1.4     6.50 C    12.4    -3.2     4.1    96.1    32.6    70.1   0.231   0.261 -99.000 -99.000 -99.000     2.6     2.0 -9999.0 -9999.0 -9999.0
04126 20171125  2.623 -113.56   43.46     6.0    -2.7     1.7     1.5     0.0     6.20 C    17.0    -6.9     0.4    88.4    36.2    69.5   0.220   0.251 -99.000 -99.000 -99.000     1.3     1.5 -9999.0 -9999.0 -9999.0
04126 20171126  2.623 -113.56   43.46     8.8    -0.5     4.1     5.0     0.5     2.67 C    13.2    -4.4     2.1    81.6    49.6    64.3   0.226   0.250 -99.000 -99.000 -99.000     1.2     1.2 -9999.0 -9999.0 -9999.0
04126 20171127  2.623 -113.56   43.46     8.6    -2.5     3.1     3.1     4.8     3.52 C     9.6    -5.9     2.3    96.4    41.7    82.2   0.224   0.259 -99.000 -99.000 -99.000     2.7     2.3 -9999.0 -9999.0 -9999.0
04126 20171128  2.623 -113.56   43.46     0.4    -5.4    -2.5    -2.9     0.0     7.99 C     8.0    -9.1    -3.3    94.3    59.6    74.3   0.214   0.252 -99.000 -99.000 -99.000     0.8     1.3 -9999.0 -9999.0 -9999.0
04126 20171129  2.623 -113.56   43.46     2.0    -5.5    -1.8    -2.2     0.0     6.08 C     7.2    -9.2    -3.1    89.5    39.7    68.7 -99.000   0.256 -99.000 -99.000 -99.000     0.2     0.6 -9999.0 -9999.0 -9999.0
04126 20171130  2.623 -113.56   43.46     1.5    -8.2    -3.3    -3.8     0.0     6.86 C    10.0   -10.4    -3.2    92.4    49.5    75.2 -99.000 -99.000 -99.000 -99.000 -99.000     0.0     0.3 -9999.0 -9999.0 -9999.0
04126 20171201  2.623 -113.56   43.46     2.4    -7.4    -2.5    -2.6     0.0     7.24 C     9.3    -8.6    -2.3    95.1    63.8    83.2 -99.000 -99.000 -99.000 -99.000 -99.000    -0.1     0.2 -9999.0 -9999.0 -9999.0
04126 20171202  2.623 -113.56   43.46     3.4    -4.9    -0.7    -0.6     0.0     5.25 C     6.9    -8.0    -1.8    94.9    57.6    79.2 -99.000 -99.000 -99.000 -99.000 -99.000    -0.2     0.1 -9999.0 -9999.0 -9999.0
04126 20171203  2.623 -113.56   43.46     3.9    -3.2     0.3     0.0     2.6     2.26 C     2.5   -11.2    -1.9    95.6    35.8    67.8 -99.000 -99.000 -99.000 -99.000 -99.000    -0.2     0.0 -9999.0 -9999.0 -9999.0
04126 20171204  2.623 -113.56   43.46    -1.7    -9.4    -5.6    -5.5     0.0     7.87 C    -0.3   -17.2   -10.3    81.3    34.2    58.6 -99.000 -99.000 -99.000 -99.000 -99.000    -0.2     0.0 -9999.0 -9999.0 -9999.0
04126 20171205  2.623 -113.56   43.46    -3.5   -11.3    -7.4    -7.7     0.0     7.29 C     0.2   -15.8    -8.7    90.9    66.8    79.7 -99.000 -99.000 -99.000 -99.000 -99.000    -0.5    -0.1 -9999.0 -9999.0 -9999.0
04126 20171206  2.623 -113.56   43.46    -0.5   -11.4    -6.0    -6.7     0.0     7.38 C     1.4   -13.2    -6.6    91.3    45.0    78.8 -99.000 -99.000 -99.000 -99.000 -99.000    -0.6    -0.1 -9999.0 -9999.0 -9999.0
04126 20171207  2.623 -113.56   43.46    -2.4   -11.7    -7.0    -7.3     0.0     7.57 C     3.7   -14.1    -6.7    92.6    67.0    82.4 -99.000 -99.000 -99.000 -99.000 -99.000    -0.9    -0.2 -9999.0 -9999.0 -9999.0
04126 20171208  2.623 -113.56   43.46    -7.1   -10.9    -9.0    -9.2     0.0     3.54 C    -1.7    -9.1    -6.3    90.5    86.9    88.7 -99.000 -99.000 -99.000 -99.000 -99.000    -0.7    -0.2 -9999.0 -9999.0 -9999.0
04126 20171209  2.623 -113.56   43.46    -3.5   -15.3    -9.4    -8.3     0.0     7.74 C     4.3   -15.9    -8.4    92.4    57.8    81.3 -99.000 -99.000 -99.000 -99.000 -99.000    -1.2    -0.4 -9999.0 -9999.0 -9999.0
04126 20171210  2.623 -113.56   43.46     1.1    -8.1    -3.5    -3.7     0.0     7.56 C     6.6   -14.0    -7.2    77.1    42.9    60.7 -99.000 -99.000 -99.000 -99.000 -99.000    -1.6    -0.6 -9999.0 -9999.0 -9999.0
04126 20171211  2.623 -113.56   43.46     3.1    -5.7    -1.3    -1.3     0.0     7.26 C     8.6   -11.6    -5.5    60.1    31.2    47.4 -99.000 -99.000 -99.000 -99.000 -99.000    -1.7    -0.8 -9999.0 -9999.0 -9999.0
04126 20171212  2.623 -113.56   43.46     4.1    -6.0    -1.0    -1.1     0.0     7.42 C     9.5   -12.2    -4.2    66.2    35.6    50.9 -99.000 -99.000 -99.000 -99.000 -99.000    -1.9    -1.1 -9999.0 -9999.0 -9999.0
04126 20171213  2.623 -113.56   43.46    -1.1    -7.3    -4.2    -3.6     0.0     2.89 C     6.0   -10.6    -4.0    88.1    59.2    71.9 -99.000 -99.000 -99.000 -99.000 -99.000    -1.3    -0.9 -9999.0 -9999.0 -9999.0
04126 20171214  2.623 -113.56   43.46     1.7   -12.8    -5.5    -5.0     0.0     7.00 C     8.1   -12.4    -6.2    92.5    61.8    80.4 -99.000 -99.000 -99.000 -99.000 -99.000    -2.5    -1.7 -9999.0 -9999.0 -9999.0
04126 20171215  2.623 -113.56   43.46    -3.8   -12.8    -8.3    -7.3     0.0     4.41 C     5.7   -10.6    -4.4    92.6    85.6    89.9 -99.000 -99.000 -99.000 -99.000 -99.000    -2.2    -1.8 -9999.0 -9999.0 -9999.0
04126 20171216  2.623 -113.56   43.46    -4.8   -10.4    -7.6    -6.6     4.1     1.46 C    -3.8   -17.5    -7.5    92.2    78.2    90.0 -99.000 -99.000 -99.000 -99.000 -99.000    -1.6    -1.4 -9999.0 -9999.0 -9999.0
04126 20171217  2.623 -113.56   43.46    -6.9   -12.3    -9.6    -8.8     0.0     2.39 C    -5.0   -16.7    -9.2    91.1    86.1    89.1 -99.000 -99.000 -99.000 -99.000 -99.000    -1.8    -1.5 -9999.0 -9999.0 -9999.0
04126 20171218  2.623 -113.56   43.46    -3.2    -8.5    -5.8    -6.4     0.0     2.05 C    -2.1   -10.5    -6.0    93.2    88.9    90.7 -99.000 -99.000 -99.000 -99.000 -99.000    -1.5    -1.3 -9999.0 -9999.0 -9999.0
04126 20171219  2.623 -113.56   43.46     1.4    -9.2    -3.9    -4.0     1.1     3.19 C    -0.2   -12.4    -5.7    94.7    66.3    89.8 -99.000 -99.000 -99.000 -99.000 -99.000    -1.6    -1.4 -9999.0 -9999.0 -9999.0
04126 20171220  2.623 -113.56   43.46     2.5    -5.4    -1.4    -2.8     0.0     5.85 C    -0.6   -10.9    -4.9    94.9    44.0    71.0 -99.000 -99.000 -99.000 -99.000 -99.000    -1.2    -1.1 -9999.0 -9999.0 -9999.0
04126 20171221  2.623 -113.56   43.46    -5.1   -11.8    -8.5    -8.6     0.0     7.11 C    -7.5   -22.5   -13.2    90.5    40.3    69.3 -99.000 -99.000 -99.000 -99.000 -99.000    -2.1    -1.7 -9999.0 -9999.0 -9999.0
04126 20171222  2.623 -113.56   43.46    -3.1   -11.4    -7.3    -7.6     0.0     4.73 C    -3.2   -13.3    -8.4    91.3    60.1    82.1 -99.000 -99.000 -99.000 -99.000 -99.000    -2.5    -2.2 -9999.0 -9999.0 -9999.0
04126 20171223  2.623 -113.56   43.46    -1.7   -11.8    -6.8    -5.9     1.2     5.97 C    -0.3   -23.7    -8.7    90.1    38.9    76.5 -99.000 -99.000 -99.000 -99.000 -99.000    -2.2    -2.0 -9999.0 -9999.0 -9999.0
04126 20171224  2.623 -113.56   43.46   -11.1   -18.8   -14.9   -13.4     0.9     4.46 C   -10.3   -24.8   -15.6    89.3    66.5    80.4 -99.000 -99.000 -99.000 -99.000 -99.000    -3.1    -2.6 -9999.0 -9999.0 -9999.0
04126 20171225  2.623 -113.56   43.46    -0.1   -14.4    -7.2    -7.3     0.0     7.36 C    -2.8   -20.1   -11.5    90.3    61.9    78.6 -99.000 -99.000 -99.000 -99.000 -99.000    -3.2    -2.8 -9999.0 -9999.0 -9999.0
04126 20171226  2.623 -113.56   43.46    -4.5   -12.8    -8.7    -9.0     0.0     7.47 C    -5.7   -22.1   -14.4    89.8    59.1    77.0 -99.000 -99.000 -99.000 -99.000 -99.000    -3.6    -3.1 -9999.0 -9999.0 -9999.0
04126 20171227  2.623 -113.56   43.46     3.1   -12.4    -4.7    -5.6     0.0     5.61 C    -1.2   -16.7    -8.7    92.7    48.9    80.5 -99.000 -99.000 -99.000 -99.000 -99.000    -3.5    -3.2 -9999.0 -9999.0 -9999.0
04126 20171228  2.623 -113.56   43.46     2.8    -7.3    -2.2    -1.9     0.0     7.04 C     0.1   -16.5    -7.4    86.5    49.7    68.3 -99.000 -99.000 -99.000 -99.000 -99.000    -3.1    -2.9 -9999.0 -9999.0 -9999.0
04126 20171229  2.623 -113.56   43.46     7.7    -4.0     1.8     3.6     0.0     6.77 C     1.3    -8.4    -1.7    84.1    26.0    52.2 -99.000 -99.000 -99.000 -99.000 -99.000    -2.2    -2.2 -9999.0 -9999.0 -9999.0
04126 20171230  2.623 -113.56   43.46     7.3    -6.6     0.3     2.4     0.0     5.54 C     4.1   -12.1    -2.0    65.8    19.3    40.7 -99.000 -99.000 -99.000 -99.000 -99.000    -1.4    -1.4 -9999.0 -9999.0 -9999.0
04126 20171231  2.623 -113.56   43.46    -0.1    -9.7    -4.9    -5.7     0.0     7.44 C     4.1   -15.2    -9.1    88.6    37.6    54.9 -99.000 -99.000 -99.000 -99.000 -99.000    -4.4    -3.6 -9999.0 -9999.0 -9999.0
