96409 20170821  2.514 -149.40   68.65 -9999.0 -9999.0 -9999.0 -9999.0 -9999.0 -9999.00 U -9999.0 -9999.0 -9999.0 -9999.0 -9999.0 -9999.0 -99.000 -99.000 -99.000 -99.000 -99.000 -9999.0 -9999.0 -9999.0 -9999.0 -9999.0
96409 20170822  2.514 -149.40   68.65 -9999.0 -9999.0 -9999.0 -9999.0 -9999.0 -9999.00 U -9999.0 -9999.0 -9999.0 -9999.0 -9999.0 -9999.0 -99.000 -99.000 -99.000 -99.000 -99.000 -9999.0 -9999.0 -9999.0 -9999.0 -9999.0
96409 20170823  2.514 -149.40   68.65     7.5     2.3     4.9     4.7     6.4     5.73 C    14.1     1.0     5.4    99.4    80.2    90.6 -99.000 -99.000 -99.000 -99.000 -99.000 -9999.0 -9999.0 -9999.0 -9999.0 -9999.0
96409 20170824  2.514 -149.40   68.65     5.6     0.5     3.1     3.3     0.8     5.78 C    11.3     0.7     4.6   100.0    77.7    93.1 -99.000 -99.000 -99.000 -99.000 -99.000 -9999.0 -9999.0 -9999.0 -9999.0 -9999.0
96409 20170825  2.514 -149.40   68.65     1.1    -1.1     0.0    -0.2     4.3     5.00 C     4.7    -0.7     1.1    99.9    91.3    96.8 -99.000 -99.000 -99.000 -99.000 -99.000 -9999.0 -9999.0 -9999.0 -9999.0 -9999.0
96409 20170826  2.514 -149.40   68.65     2.5    -1.6     0.5     0.0     1.6     7.31 C     8.6    -1.5     1.6    99.8    85.5    95.7 -99.000 -99.000 -99.000 -99.000 -99.000 -9999.0 -9999.0 -9999.0 -9999.0 -9999.0
96409 20170827  2.514 -149.40   68.65     1.2    -1.5    -0.1    -0.4     7.8     4.07 C     4.7    -1.6     0.5   100.0    90.6    97.7 -99.000 -99.000 -99.000 -99.000 -99.000 -9999.0 -9999.0 -9999.0 -9999.0 -9999.0
96409 20170828  2.514 -149.40   68.65    -0.9    -3.5    -2.2    -1.9    10.7     2.57 C    -1.0    -4.0    -2.0   100.0    94.8    98.2 -99.000 -99.000 -99.000 -99.000 -99.000 -9999.0 -9999.0 -9999.0 -9999.0 -9999.0
96409 20170829  2.514 -149.40   68.65    -2.9    -5.9    -4.4    -3.9     0.0     8.80 C    -1.1    -8.3    -4.0    99.9    80.3    91.3 -99.000 -99.000 -99.000 -99.000 -99.000 -9999.0 -9999.0 -9999.0 -9999.0 -9999.0
96409 20170830  2.514 -149.40   68.65    -3.0    -5.7    -4.3    -4.0     3.8     9.33 C    -0.8    -6.4    -3.9    98.5    83.7    91.8 -99.000 -99.000 -99.000 -99.000 -99.000 -9999.0 -9999.0 -9999.0 -9999.0 -9999.0
96409 20170831  2.514 -149.40   68.65    -1.9    -6.4    -4.2    -3.3     0.0    12.98 C     0.0   -11.7    -4.4    95.6    85.1    90.1 -99.000 -99.000 -99.000 -99.000 -99.000 -9999.0 -9999.0 -9999.0 -9999.0 -9999.0
96409 20170901  2.514 -149.40   68.65     5.3    -6.4    -0.5     1.0     0.0     9.76 C     0.4   -10.8    -2.6    91.0    67.8    81.7 -99.000 -99.000 -99.000 -99.000 -99.000 -9999.0 -9999.0 -9999.0 -9999.0 -9999.0
96409 20170902  2.514 -149.40   68.65     5.5     0.9     3.2     3.2     0.3     7.30 C     0.3    -1.2    -0.1    98.2    74.3    86.7 -99.000 -99.000 -99.000 -99.000 -99.000 -9999.0 -9999.0 -9999.0 -9999.0 -9999.0
96409 20170903  2.514 -149.40   68.65     5.9    -3.4     1.3     1.8     0.0    12.08 C     3.6    -5.3    -0.9    91.8    61.7    76.5 -99.000 -99.000 -99.000 -99.000 -99.000 -9999.0 -9999.0 -9999.0 -9999.0 -9999.0
96409 20170904  2.514 -149.40   68.65     6.7    -1.7     2.5     3.2     0.0     7.13 C     4.7    -3.1     0.6    89.3    62.7    75.3 -99.000 -99.000 -99.000 -99.000 -99.000 -9999.0 -9999.0 -9999.0 -9999.0 -9999.0
96409 20170905  2.514 -149.40   68.65     9.0    -0.4     4.3     4.0     0.0    11.66 C    13.3    -1.9     3.0    92.5    55.0    74.7 -99.000 -99.000 -99.000 -99.000 -99.000 -9999.0 -9999.0 -9999.0 -9999.0 -9999.0
96409 20170906  2.514 -149.40   68.65    11.9     0.2     6.0     5.5     2.6     6.06 C    14.4    -0.7     4.0    94.1    55.4    79.3 -99.000 -99.000 -99.000 -99.000 -99.000 -9999.0 -9999.0 -9999.0 -9999.0 -9999.0
96409 20170907  2.514 -149.40   68.65    10.1     3.8     6.9     7.0     0.2     3.60 C    10.9     1.8     5.2    94.7    57.7    73.8 -99.000 -99.000 -99.000 -99.000 -99.000 -9999.0 -9999.0 -9999.0 -9999.0 -9999.0
96409 20170908  2.514 -149.40   68.65     4.5    -1.6     1.5     2.3     1.6     3.42 C     8.1    -0.3     3.5   100.0    91.9    97.8 -99.000 -99.000 -99.000 -99.000 -99.000 -9999.0 -9999.0 -9999.0 -9999.0 -9999.0
96409 20170909  2.514 -149.40   68.65     0.2    -4.3    -2.1    -2.0     0.2     6.04 C     9.7    -2.4     0.4    99.3    87.1    95.0 -99.000 -99.000 -99.000 -99.000 -99.000 -9999.0 -9999.0 -9999.0 -9999.0 -9999.0
96409 20170910  2.514 -149.40   68.65     7.3    -6.5     0.4     0.4     0.0     6.48 C    11.1    -3.4     1.2    98.9    63.8    86.1 -99.000 -99.000 -99.000 -99.000 -99.000 -9999.0 -9999.0 -9999.0 -9999.0 -9999.0
96409 20170911  2.514 -149.40   68.65     4.4    -1.0     1.7     1.7     3.5     2.82 C     7.2    -1.4     1.1   100.0    72.3    91.1 -99.000 -99.000 -99.000 -99.000 -99.000 -9999.0 -9999.0 -9999.0 -9999.0 -9999.0
96409 20170912  2.514 -149.40   68.65     8.4    -1.7     3.4     5.8     0.0     1.42 C     4.8    -1.3     2.2    96.6    54.0    62.4 -99.000 -99.000 -99.000 -99.000 -99.000 -9999.0 -9999.0 -9999.0 -9999.0 -9999.0
96409 20170913  2.514 -149.40   68.65    12.6     7.5    10.0     9.3     0.0     6.03 C    12.7     3.6     6.1    69.6    51.8    60.9 -99.000 -99.000 -99.000 -99.000 -99.000 -9999.0 -9999.0 -9999.0 -9999.0 -9999.0
96409 20170914  2.514 -149.40   68.65    12.1     4.3     8.2     8.5     0.0     6.85 C    13.4     0.8     5.5    74.9    50.0    61.6 -99.000 -99.000 -99.000 -99.000 -99.000 -9999.0 -9999.0 -9999.0 -9999.0 -9999.0
96409 20170915  2.514 -149.40   68.65    11.4    -0.4     5.5     6.7     0.0     7.06 C    14.8    -1.3     5.3    87.7    47.0    68.1 -99.000 -99.000 -99.000 -99.000 -99.000 -9999.0 -9999.0 -9999.0 -9999.0 -9999.0
96409 20170916  2.514 -149.40   68.65    11.6    -3.4     4.1     4.0     0.0     9.13 C    14.7    -2.6     2.8    93.3    38.0    69.6 -99.000 -99.000 -99.000 -99.000 -99.000 -9999.0 -9999.0 -9999.0 -9999.0 -9999.0
96409 20170917  2.514 -149.40   68.65    12.7    -2.0     5.3     5.2     0.0     6.18 C    14.0    -2.3     2.6    93.3    37.7    68.1 -99.000 -99.000 -99.000 -99.000 -99.000 -9999.0 -9999.0 -9999.0 -9999.0 -9999.0
96409 20170918  2.514 -149.40   68.65    12.2     0.9     6.6     5.2     0.0     4.43 C    14.2    -0.9     3.6   100.0    46.3    76.0 -99.000 -99.000 -99.000 -99.000 -99.000 -9999.0 -9999.0 -9999.0 -9999.0 -9999.0
96409 20170919  2.514 -149.40   68.65     0.9    -2.2    -0.7    -1.1     4.7     3.27 C     1.2    -2.3    -0.9   100.0    93.4    97.9 -99.000 -99.000 -99.000 -99.000 -99.000 -9999.0 -9999.0 -9999.0 -9999.0 -9999.0
96409 20170920  2.514 -149.40   68.65    -1.6    -5.4    -3.5    -2.7     0.3     4.61 C    -0.5    -7.2    -2.6    99.9    89.2    96.0 -99.000 -99.000 -99.000 -99.000 -99.000 -9999.0 -9999.0 -9999.0 -9999.0 -9999.0
96409 20170921  2.514 -149.40   68.65    -2.6    -8.4    -5.5    -5.0     0.2     7.34 C    -1.4   -11.9    -4.8    99.6    89.3    95.6 -99.000 -99.000 -99.000 -99.000 -99.000 -9999.0 -9999.0 -9999.0 -9999.0 -9999.0
96409 20170922  2.514 -149.40   68.65    -4.3    -5.8    -5.0    -4.9     0.0     3.16 C    -1.2    -6.1    -3.5    98.9    92.4    96.0 -99.000 -99.000 -99.000 -99.000 -99.000 -9999.0 -9999.0 -9999.0 -9999.0 -9999.0
96409 20170923  2.514 -149.40   68.65    -2.6    -8.9    -5.8    -4.6     0.2     4.22 C    -0.7   -11.1    -3.7    98.4    85.9    92.7 -99.000 -99.000 -99.000 -99.000 -99.000 -9999.0 -9999.0 -9999.0 -9999.0 -9999.0
96409 20170924  2.514 -149.40   68.65    -3.1    -9.9    -6.5    -5.5     0.5     5.59 C     0.1   -10.3    -4.1    99.9    87.0    94.8 -99.000 -99.000 -99.000 -99.000 -99.000 -9999.0 -9999.0 -9999.0 -9999.0 -9999.0
96409 20170925  2.514 -149.40   68.65    -2.1    -6.6    -4.4    -3.8     2.5     2.12 C    -1.5    -5.9    -3.3    99.4    89.1    95.2 -99.000 -99.000 -99.000 -99.000 -99.000 -9999.0 -9999.0 -9999.0 -9999.0 -9999.0
96409 20170926  2.514 -149.40   68.65    -4.9   -10.6    -7.7    -6.8     0.0     6.13 C    -2.7   -15.0    -7.9    98.5    67.2    93.7 -99.000 -99.000 -99.000 -99.000 -99.000 -9999.0 -9999.0 -9999.0 -9999.0 -9999.0
96409 20170927  2.514 -149.40   68.65     1.4   -11.2    -4.9    -4.8     0.0     7.16 C    -3.5   -16.8   -10.1    80.6    44.3    64.6 -99.000 -99.000 -99.000 -99.000 -99.000 -9999.0 -9999.0 -9999.0 -9999.0 -9999.0
96409 20170928  2.514 -149.40   68.65    -1.8    -5.6    -3.7    -3.7     0.4     2.46 C    -2.0    -7.6    -4.2    98.1    66.0    84.3 -99.000 -99.000 -99.000 -99.000 -99.000 -9999.0 -9999.0 -9999.0 -9999.0 -9999.0
96409 20170929  2.514 -149.40   68.65    -4.5    -8.1    -6.3    -6.2     0.0     3.06 C    -5.0   -11.0    -7.2    96.6    56.6    75.7 -99.000 -99.000 -99.000 -99.000 -99.000 -9999.0 -9999.0 -9999.0 -9999.0 -9999.0
96409 20170930  2.514 -149.40   68.65     1.6    -7.6    -3.0    -2.5     0.3     3.23 C    -0.1   -10.4    -3.6    97.3    66.0    80.8 -99.000 -99.000 -99.000 -99.000 -99.000 -9999.0 -9999.0 -9999.0 -9999.0 -9999.0
96409 20171001  2.514 -149.40   68.65     4.4    -4.4     0.0     1.4     1.6     3.45 C     2.5    -3.9    -0.5    99.9    79.1    90.4 -99.000 -99.000 -99.000 -99.000 -99.000 -9999.0 -9999.0 -9999.0 -9999.0 -9999.0
96409 20171002  2.514 -149.40   68.65     5.3    -4.5     0.4     1.5     0.0     2.61 C     1.7    -4.5    -1.1    95.1    59.3    74.3 -99.000 -99.000 -99.000 -99.000 -99.000 -9999.0 -9999.0 -9999.0 -9999.0 -9999.0
96409 20171003  2.514 -149.40   68.65     8.5    -4.9     1.8     2.5     0.0     4.70 C     6.5    -4.3    -0.3    89.7    54.5    72.5 -99.000 -99.000 -99.000 -99.000 -99.000 -9999.0 -9999.0 -9999.0 -9999.0 -9999.0
96409 20171004  2.514 -149.40   68.65     7.2     1.1     4.2     4.1     0.0     1.43 C     4.0    -0.7     0.7    88.3    58.2    74.2 -99.000 -99.000 -99.000 -99.000 -99.000 -9999.0 -9999.0 -9999.0 -9999.0 -9999.0
96409 20171005  2.514 -149.40   68.65     5.6    -1.9     1.8     2.2     0.0     3.52 C     6.5    -1.9     0.5   100.0    61.8    79.0 -99.000 -99.000 -99.000 -99.000 -99.000 -9999.0 -9999.0 -9999.0 -9999.0 -9999.0
96409 20171006  2.514 -149.40   68.65     0.9    -2.9    -1.0    -1.7     4.4     1.28 C    -0.1    -2.9    -1.8   100.0    92.3    97.2 -99.000 -99.000 -99.000 -99.000 -99.000 -9999.0 -9999.0 -9999.0 -9999.0 -9999.0
96409 20171007  2.514 -149.40   68.65    -2.9   -17.3   -10.1    -9.0     0.3     5.03 C    -2.9   -20.3   -11.2    99.7    78.7    92.2 -99.000 -99.000 -99.000 -99.000 -99.000 -9999.0 -9999.0 -9999.0 -9999.0 -9999.0
96409 20171008  2.514 -149.40   68.65    -9.1   -17.6   -13.3   -12.7     0.0     2.68 C    -7.1   -20.9   -13.3    93.5    77.1    88.5 -99.000 -99.000 -99.000 -99.000 -99.000 -9999.0 -9999.0 -9999.0 -9999.0 -9999.0
96409 20171009  2.514 -149.40   68.65    -1.1   -12.9    -7.0    -7.7     0.0     3.89 C    -5.1   -15.6   -10.8    92.9    57.5    76.5 -99.000 -99.000 -99.000 -99.000 -99.000 -9999.0 -9999.0 -9999.0 -9999.0 -9999.0
96409 20171010  2.514 -149.40   68.65    -0.2    -5.4    -2.8    -2.4     0.0     3.15 C    -2.0   -10.3    -5.0    90.7    63.2    75.4 -99.000 -99.000 -99.000 -99.000 -99.000 -9999.0 -9999.0 -9999.0 -9999.0 -9999.0
96409 20171011  2.514 -149.40   68.65    -1.7   -10.2    -6.0    -3.4     0.9     2.13 C    -1.3   -15.1    -4.6    98.7    69.9    89.3 -99.000 -99.000 -99.000 -99.000 -99.000 -9999.0 -9999.0 -9999.0 -9999.0 -9999.0
96409 20171012  2.514 -149.40   68.65     1.4   -12.9    -5.8    -3.5     0.0     3.49 C    -1.4   -18.4    -7.9    85.9    46.5    61.8 -99.000 -99.000 -99.000 -99.000 -99.000 -9999.0 -9999.0 -9999.0 -9999.0 -9999.0
96409 20171013  2.514 -149.40   68.65    -0.7    -2.6    -1.7    -1.7     4.9     1.33 C    -1.5    -4.0    -2.4    97.7    78.1    89.9 -99.000 -99.000 -99.000 -99.000 -99.000 -9999.0 -9999.0 -9999.0 -9999.0 -9999.0
96409 20171014  2.514 -149.40   68.65    -1.8   -12.3    -7.1    -5.6     4.0     1.48 C    -2.8   -14.6    -6.1    98.4    84.6    94.4 -99.000 -99.000 -99.000 -99.000 -99.000 -9999.0 -9999.0 -9999.0 -9999.0 -9999.0
96409 20171015  2.514 -149.40   68.65   -12.3   -21.3   -16.8   -16.4     0.5     2.27 C   -14.5   -29.1   -19.3    91.4    79.1    86.0 -99.000 -99.000 -99.000 -99.000 -99.000 -9999.0 -9999.0 -9999.0 -9999.0 -9999.0
96409 20171016  2.514 -149.40   68.65    -8.4   -20.8   -14.6   -13.3     0.2     2.92 C   -10.2   -27.9   -17.4    93.0    65.0    83.7 -99.000 -99.000 -99.000 -99.000 -99.000 -9999.0 -9999.0 -9999.0 -9999.0 -9999.0
96409 20171017  2.514 -149.40   68.65    -9.1   -13.0   -11.0   -10.4     2.4     1.39 C    -9.5   -16.3   -11.5    90.8    83.7    87.7 -99.000 -99.000 -99.000 -99.000 -99.000 -9999.0 -9999.0 -9999.0 -9999.0 -9999.0
96409 20171018  2.514 -149.40   68.65    -9.1   -19.9   -14.5   -12.4     1.1     1.21 C    -9.4   -24.6   -13.1    91.8    79.3    87.3 -99.000 -99.000 -99.000 -99.000 -99.000 -9999.0 -9999.0 -9999.0 -9999.0 -9999.0
96409 20171019  2.514 -149.40   68.65   -18.1   -25.0   -21.5   -21.8     0.0     2.93 C   -21.8   -32.0   -27.4    86.0    52.7    67.8 -99.000 -99.000 -99.000 -99.000 -99.000 -9999.0 -9999.0 -9999.0 -9999.0 -9999.0
96409 20171020  2.514 -149.40   68.65   -18.4   -25.8   -22.1   -20.5     0.0     2.68 C   -22.4   -29.6   -25.4    63.3    47.4    52.2 -99.000 -99.000 -99.000 -99.000 -99.000 -9999.0 -9999.0 -9999.0 -9999.0 -9999.0
96409 20171021  2.514 -149.40   68.65   -18.9   -23.6   -21.2   -20.7     0.0     2.47 C   -23.1   -27.9   -25.5    59.0    46.4    50.7 -99.000 -99.000 -99.000 -99.000 -99.000 -9999.0 -9999.0 -9999.0 -9999.0 -9999.0
96409 20171022  2.514 -149.40   68.65   -11.7   -21.5   -16.6   -18.2     0.0     1.84 C   -14.1   -25.6   -22.9    71.3    53.7    59.1 -99.000 -99.000 -99.000 -99.000 -99.000 -9999.0 -9999.0 -9999.0 -9999.0 -9999.0
96409 20171023  2.514 -149.40   68.65    -8.1   -18.3   -13.2   -11.7     0.0     2.31 C   -12.0   -25.2   -16.8    70.8    43.0    58.0 -99.000 -99.000 -99.000 -99.000 -99.000 -9999.0 -9999.0 -9999.0 -9999.0 -9999.0
96409 20171024  2.514 -149.40   68.65    -8.1   -19.4   -13.7   -12.1     0.0     1.44 C    -9.4   -26.6   -16.3    86.1    45.2    61.0 -99.000 -99.000 -99.000 -99.000 -99.000 -9999.0 -9999.0 -9999.0 -9999.0 -9999.0
96409 20171025  2.514 -149.40   68.65    -5.0   -19.3   -12.2   -11.9     0.0     1.04 C    -7.3   -25.0   -15.8    72.7    47.0    62.3 -99.000 -99.000 -99.000 -99.000 -99.000 -9999.0 -9999.0 -9999.0 -9999.0 -9999.0
96409 20171026  2.514 -149.40   68.65     0.0    -8.0    -4.0    -3.1     0.0     0.85 C    -2.7   -11.5    -6.5    79.3    61.6    69.2 -99.000 -99.000 -99.000 -99.000 -99.000 -9999.0 -9999.0 -9999.0 -9999.0 -9999.0
96409 20171027  2.514 -149.40   68.65    -0.2    -6.5    -3.4    -2.5     0.3     0.84 C    -2.5   -11.1    -5.3    93.4    67.9    80.4 -99.000 -99.000 -99.000 -99.000 -99.000 -9999.0 -9999.0 -9999.0 -9999.0 -9999.0
96409 20171028  2.514 -149.40   68.65     0.2   -10.9    -5.4    -2.4     0.0     2.24 C    -2.5   -15.6    -6.8    92.3    49.9    69.2 -99.000 -99.000 -99.000 -99.000 -99.000 -9999.0 -9999.0 -9999.0 -9999.0 -9999.0
96409 20171029  2.514 -149.40   68.65    -0.9   -12.5    -6.7    -5.2     0.0     0.68 C    -3.3   -17.6   -10.0    96.3    65.6    78.6 -99.000 -99.000 -99.000 -99.000 -99.000 -9999.0 -9999.0 -9999.0 -9999.0 -9999.0
96409 20171030  2.514 -149.40   68.65    -3.4   -13.1    -8.3    -8.8     0.0     0.17 C    -6.9   -16.8   -11.9    92.6    69.3    81.3 -99.000 -99.000 -99.000 -99.000 -99.000 -9999.0 -9999.0 -9999.0 -9999.0 -9999.0
96409 20171031  2.514 -149.40   68.65    -2.1   -10.3    -6.2    -4.8     0.0     0.33 C    -4.1   -14.6    -7.0    88.3    57.5    74.4 -99.000 -99.000 -99.000 -99.000 -99.000 -9999.0 -9999.0 -9999.0 -9999.0 -9999.0
96409 20171101  2.514 -149.40   68.65     0.7    -8.7    -4.0    -3.3     0.0     0.87 C    -6.2   -13.2    -9.8    79.5    44.1    57.5 -99.000 -99.000 -99.000 -99.000 -99.000 -9999.0 -9999.0 -9999.0 -9999.0 -9999.0
96409 20171102  2.514 -149.40   68.65    -0.4    -8.0    -4.2    -3.9     0.4     0.60 C    -2.9   -13.3    -8.2    93.9    43.9    68.3 -99.000 -99.000 -99.000 -99.000 -99.000 -9999.0 -9999.0 -9999.0 -9999.0 -9999.0
96409 20171103  2.514 -149.40   68.65    -4.1    -9.0    -6.6    -5.2     0.0     0.13 C    -4.3   -13.6    -6.2    96.8    68.5    90.2 -99.000 -99.000 -99.000 -99.000 -99.000 -9999.0 -9999.0 -9999.0 -9999.0 -9999.0
96409 20171104  2.514 -149.40   68.65    -1.0   -11.1    -6.1    -6.3     0.3     0.25 C    -4.5   -15.3    -9.1    98.0    44.8    76.6 -99.000 -99.000 -99.000 -99.000 -99.000 -9999.0 -9999.0 -9999.0 -9999.0 -9999.0
96409 20171105  2.514 -149.40   68.65    -4.4    -9.1    -6.8    -6.3     2.1     0.13 C    -4.9    -8.6    -6.4    97.1    84.1    93.4 -99.000 -99.000 -99.000 -99.000 -99.000 -9999.0 -9999.0 -9999.0 -9999.0 -9999.0
96409 20171106  2.514 -149.40   68.65    -3.3   -16.3    -9.8    -9.2     0.2     0.75 C    -8.5   -19.3   -12.9    96.2    48.4    72.6 -99.000 -99.000 -99.000 -99.000 -99.000 -9999.0 -9999.0 -9999.0 -9999.0 -9999.0
96409 20171107  2.514 -149.40   68.65     3.7    -8.8    -2.6    -1.1     0.0     0.09 C    -1.4   -14.1    -5.9    76.4    34.4    52.2 -99.000 -99.000 -99.000 -99.000 -99.000 -9999.0 -9999.0 -9999.0 -9999.0 -9999.0
96409 20171108  2.514 -149.40   68.65    -3.0    -8.9    -5.9    -5.6     0.0     0.45 C    -5.8   -13.1    -8.8    78.3    49.9    64.0 -99.000 -99.000 -99.000 -99.000 -99.000 -9999.0 -9999.0 -9999.0 -9999.0 -9999.0
96409 20171109  2.514 -149.40   68.65    -4.6   -11.0    -7.8    -7.6     1.0     0.76 C    -7.8   -12.6    -9.6    92.2    52.3    71.0 -99.000 -99.000 -99.000 -99.000 -99.000 -9999.0 -9999.0 -9999.0 -9999.0 -9999.0
96409 20171110  2.514 -149.40   68.65    -9.9   -12.5   -11.2   -11.0     1.4     0.03 C   -10.0   -14.4   -11.6    90.3    83.3    86.8 -99.000 -99.000 -99.000 -99.000 -99.000 -9999.0 -9999.0 -9999.0 -9999.0 -9999.0
96409 20171111  2.514 -149.40   68.65    -6.9   -17.4   -12.1   -10.2     0.0     0.13 C    -7.9   -20.4   -12.3    88.9    63.0    78.0 -99.000 -99.000 -99.000 -99.000 -99.000 -9999.0 -9999.0 -9999.0 -9999.0 -9999.0
96409 20171112  2.514 -149.40   68.65    -4.6    -7.9    -6.3    -6.5     0.8     0.03 C    -5.6    -8.1    -6.9    95.5    76.7    88.5 -99.000 -99.000 -99.000 -99.000 -99.000 -9999.0 -9999.0 -9999.0 -9999.0 -9999.0
96409 20171113  2.514 -149.40   68.65    -5.2   -12.6    -8.9    -9.2     0.9     0.00 C    -5.5   -13.0    -9.3    96.7    80.4    91.1 -99.000 -99.000 -99.000 -99.000 -99.000 -9999.0 -9999.0 -9999.0 -9999.0 -9999.0
96409 20171114  2.514 -149.40   68.65    -9.3   -23.0   -16.1   -13.9     0.0     0.40 C   -11.7   -29.3   -16.8    96.1    52.1    74.3 -99.000 -99.000 -99.000 -99.000 -99.000 -9999.0 -9999.0 -9999.0 -9999.0 -9999.0
96409 20171115  2.514 -149.40   68.65    -8.1   -13.4   -10.8   -10.1     2.7     0.00 C    -8.4   -16.0   -10.3    94.0    52.5    80.4 -99.000 -99.000 -99.000 -99.000 -99.000 -9999.0 -9999.0 -9999.0 -9999.0 -9999.0
96409 20171116  2.514 -149.40   68.65    -7.3   -12.3    -9.8    -9.1     5.1     0.00 C    -8.0   -13.1    -9.4    94.5    85.8    90.6 -99.000 -99.000 -99.000 -99.000 -99.000 -9999.0 -9999.0 -9999.0 -9999.0 -9999.0
96409 20171117  2.514 -149.40   68.65   -12.2   -25.0   -18.6   -19.0     0.4     0.00 C   -12.5   -29.0   -20.9    89.1    76.9    84.6 -99.000 -99.000 -99.000 -99.000 -99.000 -9999.0 -9999.0 -9999.0 -9999.0 -9999.0
96409 20171118  2.514 -149.40   68.65   -19.2   -26.3   -22.7   -22.2     0.0     0.09 C   -25.2   -32.8   -27.3    83.0    50.2    72.6 -99.000 -99.000 -99.000 -99.000 -99.000 -9999.0 -9999.0 -9999.0 -9999.0 -9999.0
96409 20171119  2.514 -149.40   68.65   -19.4   -31.6   -25.5   -24.9     0.0     0.00 C   -24.8   -37.8   -29.3    87.4    47.7    65.4 -99.000 -99.000 -99.000 -99.000 -99.000 -9999.0 -9999.0 -9999.0 -9999.0 -9999.0
96409 20171120  2.514 -149.40   68.65   -16.0   -29.4   -22.7   -22.8     0.0     0.01 C   -21.1   -33.3   -28.4    77.7    37.8    55.3 -99.000 -99.000 -99.000 -99.000 -99.000 -9999.0 -9999.0 -9999.0 -9999.0 -9999.0
96409 20171121  2.514 -149.40   68.65    -5.9   -21.1   -13.5   -10.9     0.0     0.00 C    -9.0   -28.9   -15.1    71.5    33.2    52.6 -99.000 -99.000 -99.000 -99.000 -99.000 -9999.0 -9999.0 -9999.0 -9999.0 -9999.0
96409 20171122  2.514 -149.40   68.65    -7.7   -18.8   -13.3   -12.5     0.5     0.00 C   -10.8   -24.7   -14.0    91.1    58.6    77.5 -99.000 -99.000 -99.000 -99.000 -99.000 -9999.0 -9999.0 -9999.0 -9999.0 -9999.0
96409 20171123  2.514 -149.40   68.65   -11.2   -17.9   -14.6   -14.7     0.0     0.00 C   -12.9   -24.1   -17.0    85.4    65.4    77.6 -99.000 -99.000 -99.000 -99.000 -99.000 -9999.0 -9999.0 -9999.0 -9999.0 -9999.0
96409 20171124  2.514 -149.40   68.65   -10.5   -16.8   -13.6   -12.6     0.0     0.00 C   -10.9   -17.9   -13.0    90.8    66.8    84.9 -99.000 -99.000 -99.000 -99.000 -99.000 -9999.0 -9999.0 -9999.0 -9999.0 -9999.0
96409 20171125  2.514 -149.40   68.65   -15.8   -22.8   -19.3   -17.9     0.0     0.00 C   -16.4   -26.2   -21.7    84.1    55.0    69.0 -99.000 -99.000 -99.000 -99.000 -99.000 -9999.0 -9999.0 -9999.0 -9999.0 -9999.0
96409 20171126  2.514 -149.40   68.65   -17.0   -25.1   -21.0   -21.5     0.0     0.00 C   -22.7   -29.1   -26.8    66.6    48.3    56.0 -99.000 -99.000 -99.000 -99.000 -99.000 -9999.0 -9999.0 -9999.0 -9999.0 -9999.0
96409 20171127  2.514 -149.40   68.65   -11.3   -26.0   -18.6   -22.0     0.0     0.00 C   -19.4   -30.0   -27.6    59.9    42.6    51.2 -99.000 -99.000 -99.000 -99.000 -99.000 -9999.0 -9999.0 -9999.0 -9999.0 -9999.0
96409 20171128  2.514 -149.40   68.65   -11.5   -21.3   -16.4   -15.2     0.0     0.00 C   -18.0   -26.1   -20.7    82.8    52.7    65.7 -99.000 -99.000 -99.000 -99.000 -99.000 -9999.0 -9999.0 -9999.0 -9999.0 -9999.0
96409 20171129  2.514 -149.40   68.65   -17.5   -28.8   -23.2   -24.1     0.0     0.00 C   -19.7   -31.2   -26.2    86.9    77.7    81.5 -99.000 -99.000 -99.000 -99.000 -99.000 -9999.0 -9999.0 -9999.0 -9999.0 -9999.0
96409 20171130  2.514 -149.40   68.65    -7.4   -19.0   -13.2   -14.4     0.0     0.00 C   -10.7   -23.3   -17.9    84.3    68.7    76.6 -99.000 -99.000 -99.000 -99.000 -99.000 -9999.0 -9999.0 -9999.0 -9999.0 -9999.0
96409 20171201  2.514 -149.40   68.65    -8.1   -14.4   -11.2   -11.2     0.0     0.00 C   -10.4   -19.9   -14.1    90.8    65.3    80.1 -99.000 -99.000 -99.000 -99.000 -99.000 -9999.0 -9999.0 -9999.0 -9999.0 -9999.0
96409 20171202  2.514 -149.40   68.65    -6.7   -16.9   -11.8   -12.1     0.0     0.00 C    -8.9   -23.2   -17.2    90.8    47.0    61.3 -99.000 -99.000 -99.000 -99.000 -99.000 -9999.0 -9999.0 -9999.0 -9999.0 -9999.0
96409 20171203  2.514 -149.40   68.65    -6.1   -19.0   -12.5   -11.5     0.0     0.00 C    -8.6   -22.4   -14.8    92.6    65.2    80.4 -99.000 -99.000 -99.000 -99.000 -99.000 -9999.0 -9999.0 -9999.0 -9999.0 -9999.0
96409 20171204  2.514 -149.40   68.65   -12.5   -20.9   -16.7   -17.7     1.0     0.00 C   -13.1   -21.3   -17.2    90.5    79.7    85.4 -99.000 -99.000 -99.000 -99.000 -99.000 -9999.0 -9999.0 -9999.0 -9999.0 -9999.0
96409 20171205  2.514 -149.40   68.65    -4.7   -18.4   -11.5   -11.5     0.0     0.00 C    -8.3   -22.7   -15.3    94.0    41.8    69.7 -99.000 -99.000 -99.000 -99.000 -99.000 -9999.0 -9999.0 -9999.0 -9999.0 -9999.0
96409 20171206  2.514 -149.40   68.65    -4.1   -14.4    -9.3    -6.4     0.0     0.00 C    -6.8   -19.8   -10.2    75.7    38.1    63.6 -99.000 -99.000 -99.000 -99.000 -99.000 -9999.0 -9999.0 -9999.0 -9999.0 -9999.0
96409 20171207  2.514 -149.40   68.65    -5.6   -17.2   -11.4   -10.8     0.0     0.00 C    -7.7   -22.8   -15.5    85.3    41.3    63.6 -99.000 -99.000 -99.000 -99.000 -99.000 -9999.0 -9999.0 -9999.0 -9999.0 -9999.0
96409 20171208  2.514 -149.40   68.65    -7.1   -22.3   -14.7   -17.1     0.0     0.00 C    -9.5   -25.6   -18.2    89.7    48.3    81.4 -99.000 -99.000 -99.000 -99.000 -99.000 -9999.0 -9999.0 -9999.0 -9999.0 -9999.0
96409 20171209  2.514 -149.40   68.65   -18.0   -23.7   -20.9   -20.9     1.0     0.00 C   -16.6   -28.1   -22.0    87.6    79.2    83.1 -99.000 -99.000 -99.000 -99.000 -99.000 -9999.0 -9999.0 -9999.0 -9999.0 -9999.0
96409 20171210  2.514 -149.40   68.65   -13.4   -24.5   -18.9   -20.5     0.0     0.00 C   -16.4   -26.8   -20.7    91.1    77.6    82.8 -99.000 -99.000 -99.000 -99.000 -99.000 -9999.0 -9999.0 -9999.0 -9999.0 -9999.0
96409 20171211  2.514 -149.40   68.65    -7.3   -20.0   -13.7   -16.3     0.0     0.00 C   -10.8   -21.3   -15.5    91.8    79.9    85.7 -99.000 -99.000 -99.000 -99.000 -99.000 -9999.0 -9999.0 -9999.0 -9999.0 -9999.0
96409 20171212  2.514 -149.40   68.65    -0.9    -9.3    -5.1    -4.6     0.0     0.00 C    -4.1   -13.8    -9.6    91.6    60.0    69.0 -99.000 -99.000 -99.000 -99.000 -99.000 -9999.0 -9999.0 -9999.0 -9999.0 -9999.0
96409 20171213  2.514 -149.40   68.65     1.1    -6.9    -2.9    -2.5     0.0     0.00 C    -2.9   -11.2    -7.0    75.8    51.3    67.1 -99.000 -99.000 -99.000 -99.000 -99.000 -9999.0 -9999.0 -9999.0 -9999.0 -9999.0
96409 20171214  2.514 -149.40   68.65    -0.6   -12.1    -6.3    -5.4     0.3     0.00 C    -3.3   -14.5    -8.4    94.7    61.8    78.3 -99.000 -99.000 -99.000 -99.000 -99.000 -9999.0 -9999.0 -9999.0 -9999.0 -9999.0
96409 20171215  2.514 -149.40   68.65    -7.8   -15.2   -11.5   -12.7     0.0     0.00 C    -9.1   -15.8   -12.6    94.2    85.7    90.3 -99.000 -99.000 -99.000 -99.000 -99.000 -9999.0 -9999.0 -9999.0 -9999.0 -9999.0
96409 20171216  2.514 -149.40   68.65   -14.9   -20.8   -17.9   -18.3     0.0     0.00 C   -14.1   -22.5   -17.8    88.1    78.7    84.8 -99.000 -99.000 -99.000 -99.000 -99.000 -9999.0 -9999.0 -9999.0 -9999.0 -9999.0
96409 20171217  2.514 -149.40   68.65   -19.8   -21.1   -20.5   -20.6     0.0     0.00 C   -18.3   -20.9   -19.7    83.7    78.1    82.9 -99.000 -99.000 -99.000 -99.000 -99.000 -9999.0 -9999.0 -9999.0 -9999.0 -9999.0
96409 20171218  2.514 -149.40   68.65    -8.4   -20.5   -14.5   -14.1     0.0     0.00 C   -10.6   -24.0   -16.5    85.3    55.2    75.2 -99.000 -99.000 -99.000 -99.000 -99.000 -9999.0 -9999.0 -9999.0 -9999.0 -9999.0
96409 20171219  2.514 -149.40   68.65    -4.2    -9.1    -6.7    -5.9     0.0     0.00 C    -5.8   -12.9    -7.9    92.6    54.4    72.2 -99.000 -99.000 -99.000 -99.000 -99.000 -9999.0 -9999.0 -9999.0 -9999.0 -9999.0
96409 20171220  2.514 -149.40   68.65    -4.6    -9.5    -7.1    -6.6     0.0     0.00 C    -7.6   -14.6   -10.4    72.4    55.2    64.5 -99.000 -99.000 -99.000 -99.000 -99.000 -9999.0 -9999.0 -9999.0 -9999.0 -9999.0
96409 20171221  2.514 -149.40   68.65     0.3    -6.0    -2.9    -2.7     0.0     0.00 C    -4.1   -10.7    -6.9    71.5    42.1    59.4 -99.000 -99.000 -99.000 -99.000 -99.000 -9999.0 -9999.0 -9999.0 -9999.0 -9999.0
96409 20171222  2.514 -149.40   68.65     0.4    -8.1    -3.8    -2.4     0.0     0.00 C    -6.6   -15.2    -9.7    56.1    35.6    45.3 -99.000 -99.000 -99.000 -99.000 -99.000 -9999.0 -9999.0 -9999.0 -9999.0 -9999.0
96409 20171223  2.514 -149.40   68.65     1.3    -8.4    -3.5    -2.8     0.0     0.00 C    -7.4   -16.1   -11.3    59.9    29.1    41.6 -99.000 -99.000 -99.000 -99.000 -99.000 -9999.0 -9999.0 -9999.0 -9999.0 -9999.0
96409 20171224  2.514 -149.40   68.65     1.4   -10.3    -4.5    -4.9     0.0     0.00 C    -8.1   -18.5   -13.8    56.5    27.5    42.1 -99.000 -99.000 -99.000 -99.000 -99.000 -9999.0 -9999.0 -9999.0 -9999.0 -9999.0
96409 20171225  2.514 -149.40   68.65    -0.4   -12.1    -6.2    -6.8     0.0     0.00 C   -11.8   -17.3   -15.0    59.1    27.5    45.2 -99.000 -99.000 -99.000 -99.000 -99.000 -9999.0 -9999.0 -9999.0 -9999.0 -9999.0
96409 20171226  2.514 -149.40   68.65    -9.6   -15.0   -12.3   -11.6     0.0     0.00 C   -10.7   -19.2   -14.4    97.5    52.7    72.5 -99.000 -99.000 -99.000 -99.000 -99.000 -9999.0 -9999.0 -9999.0 -9999.0 -9999.0
96409 20171227  2.514 -149.40   68.65   -10.8   -15.6   -13.2   -12.5     0.5     0.00 C   -11.2   -15.6   -12.7    94.2    86.6    90.2 -99.000 -99.000 -99.000 -99.000 -99.000 -9999.0 -9999.0 -9999.0 -9999.0 -9999.0
96409 20171228  2.514 -149.40   68.65   -15.3   -18.1   -16.7   -16.9     0.2     0.00 C   -15.0   -20.1   -17.0    87.3    81.4    85.8 -99.000 -99.000 -99.000 -99.000 -99.000 -9999.0 -9999.0 -9999.0 -9999.0 -9999.0
96409 20171229  2.514 -149.40   68.65   -15.3   -24.0   -19.7   -19.2     0.0     0.00 C   -17.9   -30.1   -24.2    94.1    60.5    79.2 -99.000 -99.000 -99.000 -99.000 -99.000 -9999.0 -9999.0 -9999.0 -9999.0 -9999.0
96409 20171230  2.514 -149.40   68.65   -16.7   -24.5   -20.6   -20.8     0.0     0.00 C   -18.0   -31.4   -25.0    89.1    66.7    77.8 -99.000 -99.000 -99.000 -99.000 -99.000 -9999.0 -9999.0 -9999.0 -9999.0 -9999.0
96409 20171231  2.514 -149.40   68.65   -22.7   -28.9   -25.8   -25.2     0.0     0.00 C   -19.8   -33.7   -26.2    92.2    69.7    79.0 -99.000 -99.000 -99.000 -99.000 -99.000 -9999.0 -9999.0 -9999.0 -9999.0 -9999.0
