96404 20170101 -9.000 -141.21   62.74 -9999.0 -9999.0 -9999.0 -9999.0 -9999.0 -9999.00 U -9999.0 -9999.0 -9999.0 -9999.0 -9999.0 -9999.0 -99.000 -99.000 -99.000 -99.000 -99.000 -9999.0 -9999.0 -9999.0 -9999.0 -9999.0
96404 20170102 -9.000 -141.21   62.74 -9999.0 -9999.0 -9999.0 -9999.0 -9999.0 -9999.00 U -9999.0 -9999.0 -9999.0 -9999.0 -9999.0 -9999.0 -99.000 -99.000 -99.000 -99.000 -99.000 -9999.0 -9999.0 -9999.0 -9999.0 -9999.0
96404 20170103 -9.000 -141.21   62.74 -9999.0 -9999.0 -9999.0 -9999.0 -9999.0 -9999.00 U -9999.0 -9999.0 -9999.0 -9999.0 -9999.0 -9999.0 -99.000 -99.000 -99.000 -99.000 -99.000 -9999.0 -9999.0 -9999.0 -9999.0 -9999.0
96404 20170104 -9.000 -141.21   62.74 -9999.0 -9999.0 -9999.0 -9999.0 -9999.0 -9999.00 U -9999.0 -9999.0 -9999.0 -9999.0 -9999.0 -9999.0 -99.000 -99.000 -99.000 -99.000 -99.000 -9999.0 -9999.0 -9999.0 -9999.0 -9999.0
96404 20170105 -9.000 -141.21   62.74 -9999.0 -9999.0 -9999.0 -9999.0 -9999.0 -9999.00 U -9999.0 -9999.0 -9999.0 -9999.0 -9999.0 -9999.0 -99.000 -99.000 -99.000 -99.000 -99.000 -9999.0 -9999.0 -9999.0 -9999.0 -9999.0
96404 20170106 -9.000 -141.21   62.74 -9999.0 -9999.0 -9999.0 -9999.0 -9999.0 -9999.00 U -9999.0 -9999.0 -9999.0 -9999.0 -9999.0 -9999.0 -99.000 -99.000 -99.000 -99.000 -99.000 -9999.0 -9999.0 -9999.0 -9999.0 -9999.0
96404 20170107 -9.000 -141.21   62.74 -9999.0 -9999.0 -9999.0 -9999.0 -9999.0 -9999.00 U -9999.0 -9999.0 -9999.0 -9999.0 -9999.0 -9999.0 -99.000 -99.000 -99.000 -99.000 -99.000 -9999.0 -9999.0 -9999.0 -9999.0 -9999.0
96404 20170108 -9.000 -141.21   62.74 -9999.0 -9999.0 -9999.0 -9999.0 -9999.0 -9999.00 U -9999.0 -9999.0 -9999.0 -9999.0 -9999.0 -9999.0 -99.000 -99.000 -99.000 -99.000 -99.000 -9999.0 -9999.0 -9999.0 -9999.0 -9999.0
96404 20170109 -9.000 -141.21   62.74 -9999.0 -9999.0 -9999.0 -9999.0 -9999.0 -9999.00 U -9999.0 -9999.0 -9999.0 -9999.0 -9999.0 -9999.0 -99.000 -99.000 -99.000 -99.000 -99.000 -9999.0 -9999.0 -9999.0 -9999.0 -9999.0
96404 20170110 -9.000 -141.21   62.74 -9999.0 -9999.0 -9999.0 -9999.0 -9999.0 -9999.00 U -9999.0 -9999.0 -9999.0 -9999.0 -9999.0 -9999.0 -99.000 -99.000 -99.000 -99.000 -99.000 -9999.0 -9999.0 -9999.0 -9999.0 -9999.0
96404 20170111 -9.000 -141.21   62.74 -9999.0 -9999.0 -9999.0 -9999.0 -9999.0 -9999.00 U -9999.0 -9999.0 -9999.0 -9999.0 -9999.0 -9999.0 -99.000 -99.000 -99.000 -99.000 -99.000 -9999.0 -9999.0 -9999.0 -9999.0 -9999.0
96404 20170112 -9.000 -141.21   62.74 -9999.0 -9999.0 -9999.0 -9999.0 -9999.0 -9999.00 U -9999.0 -9999.0 -9999.0 -9999.0 -9999.0 -9999.0 -99.000 -99.000 -99.000 -99.000 -99.000 -9999.0 -9999.0 -9999.0 -9999.0 -9999.0
96404 20170113 -9.000 -141.21   62.74 -9999.0 -9999.0 -9999.0 -9999.0 -9999.0 -9999.00 U -9999.0 -9999.0 -9999.0 -9999.0 -9999.0 -9999.0 -99.000 -99.000 -99.000 -99.000 -99.000 -9999.0 -9999.0 -9999.0 -9999.0 -9999.0
96404 20170114 -9.000 -141.21   62.74 -9999.0 -9999.0 -9999.0 -9999.0 -9999.0 -9999.00 U -9999.0 -9999.0 -9999.0 -9999.0 -9999.0 -9999.0 -99.000 -99.000 -99.000 -99.000 -99.000 -9999.0 -9999.0 -9999.0 -9999.0 -9999.0
96404 20170115 -9.000 -141.21   62.74 -9999.0 -9999.0 -9999.0 -9999.0 -9999.0 -9999.00 U -9999.0 -9999.0 -9999.0 -9999.0 -9999.0 -9999.0 -99.000 -99.000 -99.000 -99.000 -99.000 -9999.0 -9999.0 -9999.0 -9999.0 -9999.0
96404 20170116 -9.000 -141.21   62.74 -9999.0 -9999.0 -9999.0 -9999.0 -9999.0 -9999.00 U -9999.0 -9999.0 -9999.0 -9999.0 -9999.0 -9999.0 -99.000 -99.000 -99.000 -99.000 -99.000 -9999.0 -9999.0 -9999.0 -9999.0 -9999.0
96404 20170117 -9.000 -141.21   62.74 -9999.0 -9999.0 -9999.0 -9999.0 -9999.0 -9999.00 U -9999.0 -9999.0 -9999.0 -9999.0 -9999.0 -9999.0 -99.000 -99.000 -99.000 -99.000 -99.000 -9999.0 -9999.0 -9999.0 -9999.0 -9999.0
96404 20170118 -9.000 -141.21   62.74 -9999.0 -9999.0 -9999.0 -9999.0 -9999.0 -9999.00 U -9999.0 -9999.0 -9999.0 -9999.0 -9999.0 -9999.0 -99.000 -99.000 -99.000 -99.000 -99.000 -9999.0 -9999.0 -9999.0 -9999.0 -9999.0
96404 20170119 -9.000 -141.21   62.74 -9999.0 -9999.0 -9999.0 -9999.0 -9999.0 -9999.00 U -9999.0 -9999.0 -9999.0 -9999.0 -9999.0 -9999.0 -99.000 -99.000 -99.000 -99.000 -99.000 -9999.0 -9999.0 -9999.0 -9999.0 -9999.0
96404 20170120 -9.000 -141.21   62.74 -9999.0 -9999.0 -9999.0 -9999.0 -9999.0 -9999.00 U -9999.0 -9999.0 -9999.0 -9999.0 -9999.0 -9999.0 -99.000 -99.000 -99.000 -99.000 -99.000 -9999.0 -9999.0 -9999.0 -9999.0 -9999.0
96404 20170121 -9.000 -141.21   62.74 -9999.0 -9999.0 -9999.0 -9999.0 -9999.0 -9999.00 U -9999.0 -9999.0 -9999.0 -9999.0 -9999.0 -9999.0 -99.000 -99.000 -99.000 -99.000 -99.000 -9999.0 -9999.0 -9999.0 -9999.0 -9999.0
96404 20170122 -9.000 -141.21   62.74 -9999.0 -9999.0 -9999.0 -9999.0 -9999.0 -9999.00 U -9999.0 -9999.0 -9999.0 -9999.0 -9999.0 -9999.0 -99.000 -99.000 -99.000 -99.000 -99.000 -9999.0 -9999.0 -9999.0 -9999.0 -9999.0
96404 20170123 -9.000 -141.21   62.74 -9999.0 -9999.0 -9999.0 -9999.0 -9999.0 -9999.00 U -9999.0 -9999.0 -9999.0 -9999.0 -9999.0 -9999.0 -99.000 -99.000 -99.000 -99.000 -99.000 -9999.0 -9999.0 -9999.0 -9999.0 -9999.0
96404 20170124 -9.000 -141.21   62.74 -9999.0 -9999.0 -9999.0 -9999.0 -9999.0 -9999.00 U -9999.0 -9999.0 -9999.0 -9999.0 -9999.0 -9999.0 -99.000 -99.000 -99.000 -99.000 -99.000 -9999.0 -9999.0 -9999.0 -9999.0 -9999.0
96404 20170125 -9.000 -141.21   62.74 -9999.0 -9999.0 -9999.0 -9999.0 -9999.0 -9999.00 U -9999.0 -9999.0 -9999.0 -9999.0 -9999.0 -9999.0 -99.000 -99.000 -99.000 -99.000 -99.000 -9999.0 -9999.0 -9999.0 -9999.0 -9999.0
96404 20170126 -9.000 -141.21   62.74 -9999.0 -9999.0 -9999.0 -9999.0 -9999.0 -9999.00 U -9999.0 -9999.0 -9999.0 -9999.0 -9999.0 -9999.0 -99.000 -99.000 -99.000 -99.000 -99.000 -9999.0 -9999.0 -9999.0 -9999.0 -9999.0
96404 20170127 -9.000 -141.21   62.74 -9999.0 -9999.0 -9999.0 -9999.0 -9999.0 -9999.00 U -9999.0 -9999.0 -9999.0 -9999.0 -9999.0 -9999.0 -99.000 -99.000 -99.000 -99.000 -99.000 -9999.0 -9999.0 -9999.0 -9999.0 -9999.0
96404 20170128 -9.000 -141.21   62.74 -9999.0 -9999.0 -9999.0 -9999.0 -9999.0 -9999.00 U -9999.0 -9999.0 -9999.0 -9999.0 -9999.0 -9999.0 -99.000 -99.000 -99.000 -99.000 -99.000 -9999.0 -9999.0 -9999.0 -9999.0 -9999.0
96404 20170129 -9.000 -141.21   62.74 -9999.0 -9999.0 -9999.0 -9999.0 -9999.0 -9999.00 U -9999.0 -9999.0 -9999.0 -9999.0 -9999.0 -9999.0 -99.000 -99.000 -99.000 -99.000 -99.000 -9999.0 -9999.0 -9999.0 -9999.0 -9999.0
96404 20170130 -9.000 -141.21   62.74 -9999.0 -9999.0 -9999.0 -9999.0 -9999.0 -9999.00 U -9999.0 -9999.0 -9999.0 -9999.0 -9999.0 -9999.0 -99.000 -99.000 -99.000 -99.000 -99.000 -9999.0 -9999.0 -9999.0 -9999.0 -9999.0
96404 20170131 -9.000 -141.21   62.74 -9999.0 -9999.0 -9999.0 -9999.0 -9999.0 -9999.00 U -9999.0 -9999.0 -9999.0 -9999.0 -9999.0 -9999.0 -99.000 -99.000 -99.000 -99.000 -99.000 -9999.0 -9999.0 -9999.0 -9999.0 -9999.0
96404 20170201 -9.000 -141.21   62.74 -9999.0 -9999.0 -9999.0 -9999.0 -9999.0 -9999.00 U -9999.0 -9999.0 -9999.0 -9999.0 -9999.0 -9999.0 -99.000 -99.000 -99.000 -99.000 -99.000 -9999.0 -9999.0 -9999.0 -9999.0 -9999.0
96404 20170202 -9.000 -141.21   62.74 -9999.0 -9999.0 -9999.0 -9999.0 -9999.0 -9999.00 U -9999.0 -9999.0 -9999.0 -9999.0 -9999.0 -9999.0 -99.000 -99.000 -99.000 -99.000 -99.000 -9999.0 -9999.0 -9999.0 -9999.0 -9999.0
96404 20170203 -9.000 -141.21   62.74 -9999.0 -9999.0 -9999.0 -9999.0 -9999.0 -9999.00 U -9999.0 -9999.0 -9999.0 -9999.0 -9999.0 -9999.0 -99.000 -99.000 -99.000 -99.000 -99.000 -9999.0 -9999.0 -9999.0 -9999.0 -9999.0
96404 20170204 -9.000 -141.21   62.74 -9999.0 -9999.0 -9999.0 -9999.0 -9999.0 -9999.00 U -9999.0 -9999.0 -9999.0 -9999.0 -9999.0 -9999.0 -99.000 -99.000 -99.000 -99.000 -99.000 -9999.0 -9999.0 -9999.0 -9999.0 -9999.0
96404 20170205 -9.000 -141.21   62.74 -9999.0 -9999.0 -9999.0 -9999.0 -9999.0 -9999.00 U -9999.0 -9999.0 -9999.0 -9999.0 -9999.0 -9999.0 -99.000 -99.000 -99.000 -99.000 -99.000 -9999.0 -9999.0 -9999.0 -9999.0 -9999.0
96404 20170206 -9.000 -141.21   62.74 -9999.0 -9999.0 -9999.0 -9999.0 -9999.0 -9999.00 U -9999.0 -9999.0 -9999.0 -9999.0 -9999.0 -9999.0 -99.000 -99.000 -99.000 -99.000 -99.000 -9999.0 -9999.0 -9999.0 -9999.0 -9999.0
96404 20170207 -9.000 -141.21   62.74 -9999.0 -9999.0 -9999.0 -9999.0 -9999.0 -9999.00 U -9999.0 -9999.0 -9999.0 -9999.0 -9999.0 -9999.0 -99.000 -99.000 -99.000 -99.000 -99.000 -9999.0 -9999.0 -9999.0 -9999.0 -9999.0
96404 20170208 -9.000 -141.21   62.74 -9999.0 -9999.0 -9999.0 -9999.0 -9999.0 -9999.00 U -9999.0 -9999.0 -9999.0 -9999.0 -9999.0 -9999.0 -99.000 -99.000 -99.000 -99.000 -99.000 -9999.0 -9999.0 -9999.0 -9999.0 -9999.0
96404 20170209 -9.000 -141.21   62.74 -9999.0 -9999.0 -9999.0 -9999.0 -9999.0 -9999.00 U -9999.0 -9999.0 -9999.0 -9999.0 -9999.0 -9999.0 -99.000 -99.000 -99.000 -99.000 -99.000 -9999.0 -9999.0 -9999.0 -9999.0 -9999.0
96404 20170210 -9.000 -141.21   62.74 -9999.0 -9999.0 -9999.0 -9999.0 -9999.0 -9999.00 U -9999.0 -9999.0 -9999.0 -9999.0 -9999.0 -9999.0 -99.000 -99.000 -99.000 -99.000 -99.000 -9999.0 -9999.0 -9999.0 -9999.0 -9999.0
96404 20170211 -9.000 -141.21   62.74 -9999.0 -9999.0 -9999.0 -9999.0 -9999.0 -9999.00 U -9999.0 -9999.0 -9999.0 -9999.0 -9999.0 -9999.0 -99.000 -99.000 -99.000 -99.000 -99.000 -9999.0 -9999.0 -9999.0 -9999.0 -9999.0
96404 20170212 -9.000 -141.21   62.74 -9999.0 -9999.0 -9999.0 -9999.0 -9999.0 -9999.00 U -9999.0 -9999.0 -9999.0 -9999.0 -9999.0 -9999.0 -99.000 -99.000 -99.000 -99.000 -99.000 -9999.0 -9999.0 -9999.0 -9999.0 -9999.0
96404 20170213 -9.000 -141.21   62.74 -9999.0 -9999.0 -9999.0 -9999.0 -9999.0 -9999.00 U -9999.0 -9999.0 -9999.0 -9999.0 -9999.0 -9999.0 -99.000 -99.000 -99.000 -99.000 -99.000 -9999.0 -9999.0 -9999.0 -9999.0 -9999.0
96404 20170214 -9.000 -141.21   62.74 -9999.0 -9999.0 -9999.0 -9999.0 -9999.0 -9999.00 U -9999.0 -9999.0 -9999.0 -9999.0 -9999.0 -9999.0 -99.000 -99.000 -99.000 -99.000 -99.000 -9999.0 -9999.0 -9999.0 -9999.0 -9999.0
96404 20170215 -9.000 -141.21   62.74 -9999.0 -9999.0 -9999.0 -9999.0 -9999.0 -9999.00 U -9999.0 -9999.0 -9999.0 -9999.0 -9999.0 -9999.0 -99.000 -99.000 -99.000 -99.000 -99.000 -9999.0 -9999.0 -9999.0 -9999.0 -9999.0
96404 20170216 -9.000 -141.21   62.74 -9999.0 -9999.0 -9999.0 -9999.0 -9999.0 -9999.00 U -9999.0 -9999.0 -9999.0 -9999.0 -9999.0 -9999.0 -99.000 -99.000 -99.000 -99.000 -99.000 -9999.0 -9999.0 -9999.0 -9999.0 -9999.0
96404 20170217 -9.000 -141.21   62.74 -9999.0 -9999.0 -9999.0 -9999.0 -9999.0 -9999.00 U -9999.0 -9999.0 -9999.0 -9999.0 -9999.0 -9999.0 -99.000 -99.000 -99.000 -99.000 -99.000 -9999.0 -9999.0 -9999.0 -9999.0 -9999.0
96404 20170218 -9.000 -141.21   62.74 -9999.0 -9999.0 -9999.0 -9999.0 -9999.0 -9999.00 U -9999.0 -9999.0 -9999.0 -9999.0 -9999.0 -9999.0 -99.000 -99.000 -99.000 -99.000 -99.000 -9999.0 -9999.0 -9999.0 -9999.0 -9999.0
96404 20170219 -9.000 -141.21   62.74 -9999.0 -9999.0 -9999.0 -9999.0 -9999.0 -9999.00 U -9999.0 -9999.0 -9999.0 -9999.0 -9999.0 -9999.0 -99.000 -99.000 -99.000 -99.000 -99.000 -9999.0 -9999.0 -9999.0 -9999.0 -9999.0
96404 20170220 -9.000 -141.21   62.74 -9999.0 -9999.0 -9999.0 -9999.0 -9999.0 -9999.00 U -9999.0 -9999.0 -9999.0 -9999.0 -9999.0 -9999.0 -99.000 -99.000 -99.000 -99.000 -99.000 -9999.0 -9999.0 -9999.0 -9999.0 -9999.0
96404 20170221 -9.000 -141.21   62.74 -9999.0 -9999.0 -9999.0 -9999.0 -9999.0 -9999.00 U -9999.0 -9999.0 -9999.0 -9999.0 -9999.0 -9999.0 -99.000 -99.000 -99.000 -99.000 -99.000 -9999.0 -9999.0 -9999.0 -9999.0 -9999.0
96404 20170222 -9.000 -141.21   62.74 -9999.0 -9999.0 -9999.0 -9999.0 -9999.0 -9999.00 U -9999.0 -9999.0 -9999.0 -9999.0 -9999.0 -9999.0 -99.000 -99.000 -99.000 -99.000 -99.000 -9999.0 -9999.0 -9999.0 -9999.0 -9999.0
96404 20170223 -9.000 -141.21   62.74 -9999.0 -9999.0 -9999.0 -9999.0 -9999.0 -9999.00 U -9999.0 -9999.0 -9999.0 -9999.0 -9999.0 -9999.0 -99.000 -99.000 -99.000 -99.000 -99.000 -9999.0 -9999.0 -9999.0 -9999.0 -9999.0
96404 20170224 -9.000 -141.21   62.74 -9999.0 -9999.0 -9999.0 -9999.0 -9999.0 -9999.00 U -9999.0 -9999.0 -9999.0 -9999.0 -9999.0 -9999.0 -99.000 -99.000 -99.000 -99.000 -99.000 -9999.0 -9999.0 -9999.0 -9999.0 -9999.0
96404 20170225 -9.000 -141.21   62.74 -9999.0 -9999.0 -9999.0 -9999.0 -9999.0 -9999.00 U -9999.0 -9999.0 -9999.0 -9999.0 -9999.0 -9999.0 -99.000 -99.000 -99.000 -99.000 -99.000 -9999.0 -9999.0 -9999.0 -9999.0 -9999.0
96404 20170226 -9.000 -141.21   62.74 -9999.0 -9999.0 -9999.0 -9999.0 -9999.0 -9999.00 U -9999.0 -9999.0 -9999.0 -9999.0 -9999.0 -9999.0 -99.000 -99.000 -99.000 -99.000 -99.000 -9999.0 -9999.0 -9999.0 -9999.0 -9999.0
96404 20170227 -9.000 -141.21   62.74 -9999.0 -9999.0 -9999.0 -9999.0 -9999.0 -9999.00 U -9999.0 -9999.0 -9999.0 -9999.0 -9999.0 -9999.0 -99.000 -99.000 -99.000 -99.000 -99.000 -9999.0 -9999.0 -9999.0 -9999.0 -9999.0
96404 20170228 -9.000 -141.21   62.74 -9999.0 -9999.0 -9999.0 -9999.0 -9999.0 -9999.00 U -9999.0 -9999.0 -9999.0 -9999.0 -9999.0 -9999.0 -99.000 -99.000 -99.000 -99.000 -99.000 -9999.0 -9999.0 -9999.0 -9999.0 -9999.0
96404 20170301 -9.000 -141.21   62.74 -9999.0 -9999.0 -9999.0 -9999.0 -9999.0 -9999.00 U -9999.0 -9999.0 -9999.0 -9999.0 -9999.0 -9999.0 -99.000 -99.000 -99.000 -99.000 -99.000 -9999.0 -9999.0 -9999.0 -9999.0 -9999.0
96404 20170302 -9.000 -141.21   62.74 -9999.0 -9999.0 -9999.0 -9999.0 -9999.0 -9999.00 U -9999.0 -9999.0 -9999.0 -9999.0 -9999.0 -9999.0 -99.000 -99.000 -99.000 -99.000 -99.000 -9999.0 -9999.0 -9999.0 -9999.0 -9999.0
96404 20170303 -9.000 -141.21   62.74 -9999.0 -9999.0 -9999.0 -9999.0 -9999.0 -9999.00 U -9999.0 -9999.0 -9999.0 -9999.0 -9999.0 -9999.0 -99.000 -99.000 -99.000 -99.000 -99.000 -9999.0 -9999.0 -9999.0 -9999.0 -9999.0
96404 20170304 -9.000 -141.21   62.74 -9999.0 -9999.0 -9999.0 -9999.0 -9999.0 -9999.00 U -9999.0 -9999.0 -9999.0 -9999.0 -9999.0 -9999.0 -99.000 -99.000 -99.000 -99.000 -99.000 -9999.0 -9999.0 -9999.0 -9999.0 -9999.0
96404 20170305 -9.000 -141.21   62.74 -9999.0 -9999.0 -9999.0 -9999.0 -9999.0 -9999.00 U -9999.0 -9999.0 -9999.0 -9999.0 -9999.0 -9999.0 -99.000 -99.000 -99.000 -99.000 -99.000 -9999.0 -9999.0 -9999.0 -9999.0 -9999.0
96404 20170306 -9.000 -141.21   62.74 -9999.0 -9999.0 -9999.0 -9999.0 -9999.0 -9999.00 U -9999.0 -9999.0 -9999.0 -9999.0 -9999.0 -9999.0 -99.000 -99.000 -99.000 -99.000 -99.000 -9999.0 -9999.0 -9999.0 -9999.0 -9999.0
96404 20170307 -9.000 -141.21   62.74 -9999.0 -9999.0 -9999.0 -9999.0 -9999.0 -9999.00 U -9999.0 -9999.0 -9999.0 -9999.0 -9999.0 -9999.0 -99.000 -99.000 -99.000 -99.000 -99.000 -9999.0 -9999.0 -9999.0 -9999.0 -9999.0
96404 20170308 -9.000 -141.21   62.74 -9999.0 -9999.0 -9999.0 -9999.0 -9999.0 -9999.00 U -9999.0 -9999.0 -9999.0 -9999.0 -9999.0 -9999.0 -99.000 -99.000 -99.000 -99.000 -99.000 -9999.0 -9999.0 -9999.0 -9999.0 -9999.0
96404 20170309 -9.000 -141.21   62.74 -9999.0 -9999.0 -9999.0 -9999.0 -9999.0 -9999.00 U -9999.0 -9999.0 -9999.0 -9999.0 -9999.0 -9999.0 -99.000 -99.000 -99.000 -99.000 -99.000 -9999.0 -9999.0 -9999.0 -9999.0 -9999.0
96404 20170310 -9.000 -141.21   62.74 -9999.0 -9999.0 -9999.0 -9999.0 -9999.0 -9999.00 U -9999.0 -9999.0 -9999.0 -9999.0 -9999.0 -9999.0 -99.000 -99.000 -99.000 -99.000 -99.000 -9999.0 -9999.0 -9999.0 -9999.0 -9999.0
96404 20170311 -9.000 -141.21   62.74 -9999.0 -9999.0 -9999.0 -9999.0 -9999.0 -9999.00 U -9999.0 -9999.0 -9999.0 -9999.0 -9999.0 -9999.0 -99.000 -99.000 -99.000 -99.000 -99.000 -9999.0 -9999.0 -9999.0 -9999.0 -9999.0
96404 20170312 -9.000 -141.21   62.74 -9999.0 -9999.0 -9999.0 -9999.0 -9999.0 -9999.00 U -9999.0 -9999.0 -9999.0 -9999.0 -9999.0 -9999.0 -99.000 -99.000 -99.000 -99.000 -99.000 -9999.0 -9999.0 -9999.0 -9999.0 -9999.0
96404 20170313 -9.000 -141.21   62.74 -9999.0 -9999.0 -9999.0 -9999.0 -9999.0 -9999.00 U -9999.0 -9999.0 -9999.0 -9999.0 -9999.0 -9999.0 -99.000 -99.000 -99.000 -99.000 -99.000 -9999.0 -9999.0 -9999.0 -9999.0 -9999.0
96404 20170314 -9.000 -141.21   62.74 -9999.0 -9999.0 -9999.0 -9999.0 -9999.0 -9999.00 U -9999.0 -9999.0 -9999.0 -9999.0 -9999.0 -9999.0 -99.000 -99.000 -99.000 -99.000 -99.000 -9999.0 -9999.0 -9999.0 -9999.0 -9999.0
96404 20170315 -9.000 -141.21   62.74 -9999.0 -9999.0 -9999.0 -9999.0 -9999.0 -9999.00 U -9999.0 -9999.0 -9999.0 -9999.0 -9999.0 -9999.0 -99.000 -99.000 -99.000 -99.000 -99.000 -9999.0 -9999.0 -9999.0 -9999.0 -9999.0
96404 20170316 -9.000 -141.21   62.74 -9999.0 -9999.0 -9999.0 -9999.0 -9999.0 -9999.00 U -9999.0 -9999.0 -9999.0 -9999.0 -9999.0 -9999.0 -99.000 -99.000 -99.000 -99.000 -99.000 -9999.0 -9999.0 -9999.0 -9999.0 -9999.0
96404 20170317 -9.000 -141.21   62.74 -9999.0 -9999.0 -9999.0 -9999.0 -9999.0 -9999.00 U -9999.0 -9999.0 -9999.0 -9999.0 -9999.0 -9999.0 -99.000 -99.000 -99.000 -99.000 -99.000 -9999.0 -9999.0 -9999.0 -9999.0 -9999.0
96404 20170318 -9.000 -141.21   62.74 -9999.0 -9999.0 -9999.0 -9999.0 -9999.0 -9999.00 U -9999.0 -9999.0 -9999.0 -9999.0 -9999.0 -9999.0 -99.000 -99.000 -99.000 -99.000 -99.000 -9999.0 -9999.0 -9999.0 -9999.0 -9999.0
96404 20170319 -9.000 -141.21   62.74 -9999.0 -9999.0 -9999.0 -9999.0 -9999.0 -9999.00 U -9999.0 -9999.0 -9999.0 -9999.0 -9999.0 -9999.0 -99.000 -99.000 -99.000 -99.000 -99.000 -9999.0 -9999.0 -9999.0 -9999.0 -9999.0
96404 20170320 -9.000 -141.21   62.74 -9999.0 -9999.0 -9999.0 -9999.0 -9999.0 -9999.00 U -9999.0 -9999.0 -9999.0 -9999.0 -9999.0 -9999.0 -99.000 -99.000 -99.000 -99.000 -99.000 -9999.0 -9999.0 -9999.0 -9999.0 -9999.0
96404 20170321 -9.000 -141.21   62.74 -9999.0 -9999.0 -9999.0 -9999.0 -9999.0 -9999.00 U -9999.0 -9999.0 -9999.0 -9999.0 -9999.0 -9999.0 -99.000 -99.000 -99.000 -99.000 -99.000 -9999.0 -9999.0 -9999.0 -9999.0 -9999.0
96404 20170322 -9.000 -141.21   62.74 -9999.0 -9999.0 -9999.0 -9999.0 -9999.0 -9999.00 U -9999.0 -9999.0 -9999.0 -9999.0 -9999.0 -9999.0 -99.000 -99.000 -99.000 -99.000 -99.000 -9999.0 -9999.0 -9999.0 -9999.0 -9999.0
96404 20170323 -9.000 -141.21   62.74 -9999.0 -9999.0 -9999.0 -9999.0 -9999.0 -9999.00 U -9999.0 -9999.0 -9999.0 -9999.0 -9999.0 -9999.0 -99.000 -99.000 -99.000 -99.000 -99.000 -9999.0 -9999.0 -9999.0 -9999.0 -9999.0
96404 20170324 -9.000 -141.21   62.74 -9999.0 -9999.0 -9999.0 -9999.0 -9999.0 -9999.00 U -9999.0 -9999.0 -9999.0 -9999.0 -9999.0 -9999.0 -99.000 -99.000 -99.000 -99.000 -99.000 -9999.0 -9999.0 -9999.0 -9999.0 -9999.0
96404 20170325 -9.000 -141.21   62.74 -9999.0 -9999.0 -9999.0 -9999.0 -9999.0 -9999.00 U -9999.0 -9999.0 -9999.0 -9999.0 -9999.0 -9999.0 -99.000 -99.000 -99.000 -99.000 -99.000 -9999.0 -9999.0 -9999.0 -9999.0 -9999.0
96404 20170326 -9.000 -141.21   62.74 -9999.0 -9999.0 -9999.0 -9999.0 -9999.0 -9999.00 U -9999.0 -9999.0 -9999.0 -9999.0 -9999.0 -9999.0 -99.000 -99.000 -99.000 -99.000 -99.000 -9999.0 -9999.0 -9999.0 -9999.0 -9999.0
96404 20170327 -9.000 -141.21   62.74 -9999.0 -9999.0 -9999.0 -9999.0 -9999.0 -9999.00 U -9999.0 -9999.0 -9999.0 -9999.0 -9999.0 -9999.0 -99.000 -99.000 -99.000 -99.000 -99.000 -9999.0 -9999.0 -9999.0 -9999.0 -9999.0
96404 20170328 -9.000 -141.21   62.74 -9999.0 -9999.0 -9999.0 -9999.0 -9999.0 -9999.00 U -9999.0 -9999.0 -9999.0 -9999.0 -9999.0 -9999.0 -99.000 -99.000 -99.000 -99.000 -99.000 -9999.0 -9999.0 -9999.0 -9999.0 -9999.0
96404 20170329 -9.000 -141.21   62.74 -9999.0 -9999.0 -9999.0 -9999.0 -9999.0 -9999.00 U -9999.0 -9999.0 -9999.0 -9999.0 -9999.0 -9999.0 -99.000 -99.000 -99.000 -99.000 -99.000 -9999.0 -9999.0 -9999.0 -9999.0 -9999.0
96404 20170330 -9.000 -141.21   62.74 -9999.0 -9999.0 -9999.0 -9999.0 -9999.0 -9999.00 U -9999.0 -9999.0 -9999.0 -9999.0 -9999.0 -9999.0 -99.000 -99.000 -99.000 -99.000 -99.000 -9999.0 -9999.0 -9999.0 -9999.0 -9999.0
96404 20170331 -9.000 -141.21   62.74 -9999.0 -9999.0 -9999.0 -9999.0 -9999.0 -9999.00 U -9999.0 -9999.0 -9999.0 -9999.0 -9999.0 -9999.0 -99.000 -99.000 -99.000 -99.000 -99.000 -9999.0 -9999.0 -9999.0 -9999.0 -9999.0
96404 20170401 -9.000 -141.21   62.74 -9999.0 -9999.0 -9999.0 -9999.0 -9999.0 -9999.00 U -9999.0 -9999.0 -9999.0 -9999.0 -9999.0 -9999.0 -99.000 -99.000 -99.000 -99.000 -99.000 -9999.0 -9999.0 -9999.0 -9999.0 -9999.0
96404 20170402 -9.000 -141.21   62.74 -9999.0 -9999.0 -9999.0 -9999.0 -9999.0 -9999.00 U -9999.0 -9999.0 -9999.0 -9999.0 -9999.0 -9999.0 -99.000 -99.000 -99.000 -99.000 -99.000 -9999.0 -9999.0 -9999.0 -9999.0 -9999.0
96404 20170403 -9.000 -141.21   62.74 -9999.0 -9999.0 -9999.0 -9999.0 -9999.0 -9999.00 U -9999.0 -9999.0 -9999.0 -9999.0 -9999.0 -9999.0 -99.000 -99.000 -99.000 -99.000 -99.000 -9999.0 -9999.0 -9999.0 -9999.0 -9999.0
96404 20170404  2.514 -141.21   62.74 -9999.0 -9999.0 -9999.0 -9999.0 -9999.0 -9999.00 U -9999.0 -9999.0 -9999.0 -9999.0 -9999.0 -9999.0 -99.000 -99.000 -99.000 -99.000 -99.000 -9999.0 -9999.0 -9999.0 -9999.0 -9999.0
96404 20170405  2.514 -141.21   62.74     7.1    -5.5     0.8     1.6     0.0     7.33 C     0.0    -5.8    -1.8    87.7    37.8    60.9 -99.000 -99.000 -99.000 -99.000 -99.000 -9999.0 -9999.0 -9999.0 -9999.0 -9999.0
96404 20170406  2.514 -141.21   62.74     8.1    -3.7     2.2     2.6     0.0    11.53 C    -0.2    -5.5    -1.2    90.2    27.7    61.4 -99.000 -99.000 -99.000 -99.000 -99.000 -9999.0 -9999.0 -9999.0 -9999.0 -9999.0
96404 20170407  2.514 -141.21   62.74     7.0    -9.5    -1.2    -0.3     0.0    15.44 C     0.0   -10.5    -3.9    91.9    37.2    63.1 -99.000 -99.000 -99.000 -99.000 -99.000 -9999.0 -9999.0 -9999.0 -9999.0 -9999.0
96404 20170408  2.514 -141.21   62.74     6.6   -12.2    -2.8    -2.2     0.0    17.95 C    -0.1   -13.6    -5.4    92.2    34.7    64.0 -99.000 -99.000 -99.000 -99.000 -99.000 -9999.0 -9999.0 -9999.0 -9999.0 -9999.0
96404 20170409  2.514 -141.21   62.74     5.1   -10.3    -2.6    -2.0     0.0    10.00 C     0.5   -11.0    -4.5    93.4    46.2    71.0 -99.000 -99.000 -99.000 -99.000 -99.000 -9999.0 -9999.0 -9999.0 -9999.0 -9999.0
96404 20170410  2.514 -141.21   62.74     8.9   -10.2    -0.7    -0.7     0.0    16.86 C     1.2   -11.5    -4.3    94.3    29.0    64.7 -99.000 -99.000 -99.000 -99.000 -99.000 -9999.0 -9999.0 -9999.0 -9999.0 -9999.0
96404 20170411  2.514 -141.21   62.74     8.7   -11.6    -1.5    -0.2     0.0    17.55 C     4.7   -11.7    -2.9    92.3    37.6    64.8 -99.000 -99.000 -99.000 -99.000 -99.000 -9999.0 -9999.0 -9999.0 -9999.0 -9999.0
96404 20170412  2.514 -141.21   62.74     8.9   -10.9    -1.0    -0.1     0.0    18.43 C    11.9    -9.1     0.2    93.6    30.2    60.3 -99.000 -99.000 -99.000 -99.000 -99.000 -9999.0 -9999.0 -9999.0 -9999.0 -9999.0
96404 20170413  2.514 -141.21   62.74     7.1   -12.4    -2.6    -1.8     0.0    16.66 C    15.6    -6.8     1.6    91.4    27.6    59.1 -99.000 -99.000 -99.000 -99.000 -99.000 -9999.0 -9999.0 -9999.0 -9999.0 -9999.0
96404 20170414  2.514 -141.21   62.74    10.4   -12.0    -0.8     0.3     0.0    18.21 C    18.8    -6.3     3.1    91.3    26.5    56.5 -99.000 -99.000 -99.000 -99.000 -99.000 -9999.0 -9999.0 -9999.0 -9999.0 -9999.0
96404 20170415  2.514 -141.21   62.74     9.7    -7.9     0.9     1.8     0.0    16.91 C    18.8    -4.9     3.5    85.7    26.4    50.0 -99.000 -99.000 -99.000 -99.000 -99.000 -9999.0 -9999.0 -9999.0 -9999.0 -9999.0
96404 20170416  2.514 -141.21   62.74     5.6    -5.5     0.0    -0.5     0.0    14.80 C    16.5    -3.0     3.1    81.4    37.1    52.6 -99.000 -99.000 -99.000 -99.000 -99.000 -9999.0 -9999.0 -9999.0 -9999.0 -9999.0
96404 20170417  2.514 -141.21   62.74     4.9    -5.6    -0.3    -0.6     0.0    20.18 C    18.6    -4.4     3.7    51.7    25.5    33.9 -99.000 -99.000 -99.000 -99.000 -99.000 -9999.0 -9999.0 -9999.0 -9999.0 -9999.0
96404 20170418  2.514 -141.21   62.74     6.0   -14.0    -4.0    -2.1     0.0    19.85 C    18.2    -8.2     2.3    82.1    21.5    40.4 -99.000 -99.000 -99.000 -99.000 -99.000 -9999.0 -9999.0 -9999.0 -9999.0 -9999.0
96404 20170419  2.514 -141.21   62.74     6.2   -14.6    -4.2    -2.9     0.0    16.87 C    20.9    -8.7     1.3    86.1    22.9    44.9 -99.000 -99.000 -99.000 -99.000 -99.000 -9999.0 -9999.0 -9999.0 -9999.0 -9999.0
96404 20170420  2.514 -141.21   62.74     6.8   -11.1    -2.1    -0.8     0.0    17.06 C    19.4    -7.2     2.2    77.1    20.3    38.2 -99.000 -99.000 -99.000 -99.000 -99.000 -9999.0 -9999.0 -9999.0 -9999.0 -9999.0
96404 20170421  2.514 -141.21   62.74     9.8   -13.6    -1.9     1.1     0.0    20.70 C    21.1    -8.1     3.9    84.3    16.5    37.1 -99.000 -99.000 -99.000 -99.000 -99.000 -9999.0 -9999.0 -9999.0 -9999.0 -9999.0
96404 20170422  2.514 -141.21   62.74    11.9    -9.0     1.5     4.1     0.0    21.10 C    23.6    -6.2     5.7    71.7    19.2    33.2 -99.000 -99.000 -99.000 -99.000 -99.000 -9999.0 -9999.0 -9999.0 -9999.0 -9999.0
96404 20170423  2.514 -141.21   62.74    13.6    -9.2     2.2     3.9     0.0    19.28 C    24.9    -6.2     6.1    85.3    17.2    44.1 -99.000 -99.000 -99.000 -99.000 -99.000 -9999.0 -9999.0 -9999.0 -9999.0 -9999.0
96404 20170424  2.514 -141.21   62.74    16.2    -2.8     6.7     7.5     0.0    19.73 C    27.2    -4.0     8.5    74.8    17.2    38.7 -99.000 -99.000 -99.000 -99.000 -99.000 -9999.0 -9999.0 -9999.0 -9999.0 -9999.0
96404 20170425  2.514 -141.21   62.74    14.5    -1.9     6.3     7.7     0.0    13.26 C    25.7    -2.3     8.0    84.4    26.5    51.6 -99.000 -99.000 -99.000 -99.000 -99.000 -9999.0 -9999.0 -9999.0 -9999.0 -9999.0
96404 20170426  2.514 -141.21   62.74    12.9    -3.0     4.9     4.8     0.0    14.81 C    27.6    -2.1     7.3    92.6    44.3    70.7 -99.000 -99.000 -99.000 -99.000 -99.000 -9999.0 -9999.0 -9999.0 -9999.0 -9999.0
96404 20170427  2.514 -141.21   62.74    12.4    -2.5     4.9     4.8     0.0    14.83 C    24.0    -1.9     7.5    96.3    38.1    70.2 -99.000 -99.000 -99.000 -99.000 -99.000 -9999.0 -9999.0 -9999.0 -9999.0 -9999.0
96404 20170428  2.514 -141.21   62.74    12.7    -0.1     6.3     6.6     0.0    12.66 C    24.5    -2.2     7.5    94.1    29.2    58.9 -99.000 -99.000 -99.000 -99.000 -99.000 -9999.0 -9999.0 -9999.0 -9999.0 -9999.0
96404 20170429  2.514 -141.21   62.74     8.8    -3.4     2.7     4.1     0.0     8.29 C    17.6    -3.0     5.2    91.5    43.8    62.6 -99.000 -99.000 -99.000 -99.000 -99.000 -9999.0 -9999.0 -9999.0 -9999.0 -9999.0
96404 20170430  2.514 -141.21   62.74    12.2    -4.2     4.0     4.2     0.0    13.99 C    20.8    -3.3     6.1    92.0    30.0    63.0 -99.000 -99.000 -99.000 -99.000 -99.000 -9999.0 -9999.0 -9999.0 -9999.0 -9999.0
96404 20170501  2.514 -141.21   62.74    11.5    -7.3     2.1     3.2     0.0    15.25 C    23.8    -5.1     5.2    93.3    24.8    53.7 -99.000 -99.000 -99.000 -99.000 -99.000 -9999.0 -9999.0 -9999.0 -9999.0 -9999.0
96404 20170502  2.514 -141.21   62.74    13.5    -1.9     5.8     7.2     0.0    17.81 C    27.5    -3.5     7.9    68.4    18.6    37.9 -99.000 -99.000 -99.000 -99.000 -99.000 -9999.0 -9999.0 -9999.0 -9999.0 -9999.0
96404 20170503  2.514 -141.21   62.74    12.3     0.5     6.4     5.5     2.8     9.74 C    24.8    -1.0     6.6    94.9    33.0    68.6 -99.000 -99.000 -99.000 -99.000 -99.000 -9999.0 -9999.0 -9999.0 -9999.0 -9999.0
96404 20170504  2.514 -141.21   62.74    13.5    -1.5     6.0     6.1     0.0    18.04 C    27.4    -2.2     8.1    93.7    16.7    49.1 -99.000 -99.000 -99.000 -99.000 -99.000 -9999.0 -9999.0 -9999.0 -9999.0 -9999.0
96404 20170505  2.514 -141.21   62.74    13.7    -2.9     5.4     5.4     0.0    12.60 C    30.5    -2.8     6.4    88.4    30.9    55.2 -99.000 -99.000 -99.000 -99.000 -99.000 -9999.0 -9999.0 -9999.0 -9999.0 -9999.0
96404 20170506  2.514 -141.21   62.74    16.9    -2.2     7.4     7.9     0.0    23.71 C    28.3    -3.4     9.1    90.3    16.1    47.1 -99.000 -99.000 -99.000 -99.000 -99.000 -9999.0 -9999.0 -9999.0 -9999.0 -9999.0
96404 20170507  2.514 -141.21   62.74    16.8    -3.3     6.7     8.8     0.0    22.10 C    29.8    -3.5     9.4    76.1    13.1    31.6 -99.000 -99.000 -99.000 -99.000 -99.000 -9999.0 -9999.0 -9999.0 -9999.0 -9999.0
96404 20170508  2.514 -141.21   62.74    14.9    -6.8     4.0     6.6     0.0    15.21 C    26.3    -4.4     8.5    91.5    26.1    53.0 -99.000 -99.000 -99.000 -99.000 -99.000 -9999.0 -9999.0 -9999.0 -9999.0 -9999.0
96404 20170509  2.514 -141.21   62.74     9.2     1.1     5.1     5.6     8.6     9.29 C    18.0     0.1     8.1    97.6    68.7    88.5 -99.000 -99.000 -99.000 -99.000 -99.000 -9999.0 -9999.0 -9999.0 -9999.0 -9999.0
96404 20170510  2.514 -141.21   62.74    13.5    -2.6     5.4     5.1     0.6    17.18 C    28.3    -1.9     9.0    98.2    36.7    80.9 -99.000 -99.000 -99.000 -99.000 -99.000 -9999.0 -9999.0 -9999.0 -9999.0 -9999.0
96404 20170511  2.514 -141.21   62.74    16.0    -5.6     5.2     6.1     1.0    17.23 C    28.6    -3.2     8.4    96.2    33.9    69.9 -99.000 -99.000 -99.000 -99.000 -99.000 -9999.0 -9999.0 -9999.0 -9999.0 -9999.0
96404 20170512  2.514 -141.21   62.74    12.6    -0.3     6.1     6.6     1.2     9.86 C    23.1    -1.2     7.8    96.4    54.4    79.0 -99.000 -99.000 -99.000 -99.000 -99.000 -9999.0 -9999.0 -9999.0 -9999.0 -9999.0
96404 20170513  2.514 -141.21   62.74    16.9    -2.7     7.1     8.4     1.3    19.55 C    31.3    -2.1    10.1    98.1    36.3    66.5 -99.000 -99.000 -99.000 -99.000 -99.000 -9999.0 -9999.0 -9999.0 -9999.0 -9999.0
96404 20170514  2.514 -141.21   62.74     9.8     4.0     6.9     6.2     8.5     9.66 C    19.9     4.9     9.0    97.4    68.3    89.0 -99.000 -99.000 -99.000 -99.000 -99.000 -9999.0 -9999.0 -9999.0 -9999.0 -9999.0
96404 20170515  2.514 -141.21   62.74    15.4     0.7     8.1     8.4     2.3    16.06 C    27.5    -0.9    10.9    97.3    38.1    76.0 -99.000 -99.000 -99.000 -99.000 -99.000 -9999.0 -9999.0 -9999.0 -9999.0 -9999.0
96404 20170516  2.514 -141.21   62.74    20.7    -2.9     8.9    10.7     0.0    24.04 C    31.7    -1.7    12.0    97.9    18.4    52.3 -99.000 -99.000 -99.000 -99.000 -99.000 -9999.0 -9999.0 -9999.0 -9999.0 -9999.0
96404 20170517  2.514 -141.21   62.74    18.4    -2.5     7.9    10.0     0.0    20.95 C    29.4    -2.0    10.4    87.0    23.5    46.0 -99.000 -99.000 -99.000 -99.000 -99.000 -9999.0 -9999.0 -9999.0 -9999.0 -9999.0
96404 20170518  2.514 -141.21   62.74    18.1    -4.9     6.6     8.2     0.0    21.89 C    31.4    -3.1    10.2    91.6    23.1    48.3 -99.000 -99.000 -99.000 -99.000 -99.000 -9999.0 -9999.0 -9999.0 -9999.0 -9999.0
96404 20170519  2.514 -141.21   62.74    13.5     1.0     7.2     7.4     0.7    11.55 C    29.8     0.4     9.2    93.0    36.9    62.0 -99.000 -99.000 -99.000 -99.000 -99.000 -9999.0 -9999.0 -9999.0 -9999.0 -9999.0
96404 20170520  2.514 -141.21   62.74    15.9     0.2     8.0     8.5     0.0    18.85 C    30.2    -1.0    10.7    86.9    27.4    56.0 -99.000 -99.000 -99.000 -99.000 -99.000 -9999.0 -9999.0 -9999.0 -9999.0 -9999.0
96404 20170521  2.514 -141.21   62.74    15.8    -0.4     7.7     8.2     0.0    11.82 C    30.6    -1.7     9.7    91.1    39.2    65.7 -99.000 -99.000 -99.000 -99.000 -99.000 -9999.0 -9999.0 -9999.0 -9999.0 -9999.0
96404 20170522  2.514 -141.21   62.74    17.3    -2.6     7.4    10.0     0.0    27.37 C    31.9    -2.7    12.6    95.7    17.8    46.5 -99.000 -99.000 -99.000 -99.000 -99.000 -9999.0 -9999.0 -9999.0 -9999.0 -9999.0
96404 20170523  2.514 -141.21   62.74    15.6    -4.9     5.4     7.7     0.0    19.01 C    29.7    -3.5     9.9    88.1    27.2    52.2 -99.000 -99.000 -99.000 -99.000 -99.000 -9999.0 -9999.0 -9999.0 -9999.0 -9999.0
96404 20170524  2.514 -141.21   62.74    20.6    -3.4     8.6    10.3     0.0    23.79 C    34.5    -3.2    12.9    96.4    19.9    50.4 -99.000 -99.000 -99.000 -99.000 -99.000 -9999.0 -9999.0 -9999.0 -9999.0 -9999.0
96404 20170525  2.514 -141.21   62.74    16.0    -1.8     7.1     8.1     0.0    21.82 C    33.1    -2.3    10.8    86.9    24.8    48.0 -99.000 -99.000 -99.000 -99.000 -99.000 -9999.0 -9999.0 -9999.0 -9999.0 -9999.0
96404 20170526  2.514 -141.21   62.74    13.3    -4.5     4.4     5.8     0.0    25.28 C    31.3    -4.0    10.1    88.4    20.4    43.2 -99.000 -99.000 -99.000 -99.000 -99.000 -9999.0 -9999.0 -9999.0 -9999.0 -9999.0
96404 20170527  2.514 -141.21   62.74    15.7    -4.5     5.6     5.6     0.0    16.16 C    33.8    -3.6     8.4    80.0    20.5    46.9 -99.000 -99.000 -99.000 -99.000 -99.000 -9999.0 -9999.0 -9999.0 -9999.0 -9999.0
96404 20170528  2.514 -141.21   62.74    21.1    -5.8     7.6    10.1     0.0    25.03 C    35.2    -5.1    13.6    90.2    19.5    45.0 -99.000 -99.000 -99.000 -99.000 -99.000 -9999.0 -9999.0 -9999.0 -9999.0 -9999.0
96404 20170529  2.514 -141.21   62.74    20.7     5.5    13.1    12.4     0.0    16.81 C    39.2     3.4    15.1    82.4    23.9    52.0 -99.000 -99.000 -99.000 -99.000 -99.000 -9999.0 -9999.0 -9999.0 -9999.0 -9999.0
96404 20170530  2.514 -141.21   62.74    13.9     3.3     8.6     9.4     0.0    14.30 C    32.7     1.6    12.3    72.6    28.2    45.9 -99.000 -99.000 -99.000 -99.000 -99.000 -9999.0 -9999.0 -9999.0 -9999.0 -9999.0
96404 20170531  2.514 -141.21   62.74    19.0    -3.3     7.8     9.2     0.0    23.96 C    42.7    -4.0    13.6    92.8    18.9    48.3 -99.000 -99.000 -99.000 -99.000 -99.000 -9999.0 -9999.0 -9999.0 -9999.0 -9999.0
96404 20170601  2.514 -141.21   62.74    18.4    -3.3     7.6    10.9     0.0    15.39 C    37.6    -4.0    12.0    84.0    20.7    42.3 -99.000 -99.000 -99.000 -99.000 -99.000 -9999.0 -9999.0 -9999.0 -9999.0 -9999.0
96404 20170602  2.514 -141.21   62.74    16.2     2.9     9.6    10.3     2.5     7.85 C    22.4     1.0    11.3    93.2    41.1    69.6 -99.000 -99.000 -99.000 -99.000 -99.000 -9999.0 -9999.0 -9999.0 -9999.0 -9999.0
96404 20170603  2.514 -141.21   62.74    17.1     5.9    11.5    10.9     8.7     9.69 C    32.6     5.1    12.7    96.9    55.1    83.9 -99.000 -99.000 -99.000 -99.000 -99.000 -9999.0 -9999.0 -9999.0 -9999.0 -9999.0
96404 20170604  2.514 -141.21   62.74    14.8     6.2    10.5     9.9    12.2     7.84 C    27.6     5.1    11.8    97.3    66.9    92.4 -99.000 -99.000 -99.000 -99.000 -99.000 -9999.0 -9999.0 -9999.0 -9999.0 -9999.0
96404 20170605  2.514 -141.21   62.74    20.5     2.7    11.6    13.2     0.0    28.27 C    33.3     1.5    16.2    97.6    16.1    54.8 -99.000 -99.000 -99.000 -99.000 -99.000 -9999.0 -9999.0 -9999.0 -9999.0 -9999.0
96404 20170606  2.514 -141.21   62.74    21.3    -1.8     9.7    12.8     0.0    26.02 C    35.3    -1.8    15.1    87.6    20.2    43.7 -99.000 -99.000 -99.000 -99.000 -99.000 -9999.0 -9999.0 -9999.0 -9999.0 -9999.0
96404 20170607  2.514 -141.21   62.74    24.3     1.0    12.7    16.4     0.0    17.65 C    34.1     0.1    15.8    86.3    25.0    43.0 -99.000 -99.000 -99.000 -99.000 -99.000 -9999.0 -9999.0 -9999.0 -9999.0 -9999.0
96404 20170608  2.514 -141.21   62.74    30.3     3.9    17.1    19.3     0.0    18.13 C    39.6     2.3    18.4    84.6    20.2    44.5 -99.000 -99.000 -99.000 -99.000 -99.000 -9999.0 -9999.0 -9999.0 -9999.0 -9999.0
96404 20170609  2.514 -141.21   62.74    34.4     6.2    20.3    22.4     0.0    26.04 C    43.5     4.0    23.3    85.6    15.3    40.6 -99.000 -99.000 -99.000 -99.000 -99.000 -9999.0 -9999.0 -9999.0 -9999.0 -9999.0
96404 20170610  2.514 -141.21   62.74    28.7    11.2    20.0    20.6     0.0    23.95 C    43.6     9.2    23.9    79.9    29.9    53.0 -99.000 -99.000 -99.000 -99.000 -99.000 -9999.0 -9999.0 -9999.0 -9999.0 -9999.0
96404 20170611  2.514 -141.21   62.74    15.3     6.4    10.8     9.5    21.2     4.61 C    13.5     6.8    10.7    96.3    60.8    84.3 -99.000 -99.000 -99.000 -99.000 -99.000 -9999.0 -9999.0 -9999.0 -9999.0 -9999.0
96404 20170612  2.514 -141.21   62.74    12.6     6.1     9.3     8.2     5.6     8.33 C    24.1     6.2    10.4    97.0    57.5    85.7 -99.000 -99.000 -99.000 -99.000 -99.000 -9999.0 -9999.0 -9999.0 -9999.0 -9999.0
96404 20170613  2.514 -141.21   62.74    15.0    -1.1     6.9     8.7     0.3    24.59 C    29.6    -1.7    13.2    97.5    25.0    58.4 -99.000 -99.000 -99.000 -99.000 -99.000 -9999.0 -9999.0 -9999.0 -9999.0 -9999.0
96404 20170614  2.514 -141.21   62.74    17.2    -3.5     6.8     8.9     0.0    23.20 C    32.6    -2.7    12.0    90.8    26.3    51.4 -99.000 -99.000 -99.000 -99.000 -99.000 -9999.0 -9999.0 -9999.0 -9999.0 -9999.0
96404 20170615  2.514 -141.21   62.74    18.9    -1.2     8.9     8.6     0.2    16.14 C    33.8    -2.1    10.1    97.0    28.6    64.9 -99.000 -99.000 -99.000 -99.000 -99.000 -9999.0 -9999.0 -9999.0 -9999.0 -9999.0
96404 20170616  2.514 -141.21   62.74    19.9    -2.5     8.7     9.7    10.1    19.08 C    35.2    -2.3    12.8    97.3    26.0    66.6 -99.000 -99.000 -99.000 -99.000 -99.000 -9999.0 -9999.0 -9999.0 -9999.0 -9999.0
96404 20170617  2.514 -141.21   62.74    21.9     0.7    11.3    13.6     0.0    26.29 C    33.6    -0.5    15.2    96.8    22.7    52.3 -99.000 -99.000 -99.000 -99.000 -99.000 -9999.0 -9999.0 -9999.0 -9999.0 -9999.0
96404 20170618  2.514 -141.21   62.74    24.2     4.8    14.5    12.9     3.1    17.10 C    36.8     3.5    15.7    96.1    24.8    65.3 -99.000 -99.000 -99.000 -99.000 -99.000 -9999.0 -9999.0 -9999.0 -9999.0 -9999.0
96404 20170619  2.514 -141.21   62.74    22.6     0.4    11.5    12.0     0.2    17.35 C    33.6     0.1    13.2    97.8    29.3    70.5 -99.000 -99.000 -99.000 -99.000 -99.000 -9999.0 -9999.0 -9999.0 -9999.0 -9999.0
96404 20170620  2.514 -141.21   62.74    20.4     1.9    11.1    12.0    11.0    18.30 C    35.2     0.9    15.2    97.0    36.8    72.4 -99.000 -99.000 -99.000 -99.000 -99.000 -9999.0 -9999.0 -9999.0 -9999.0 -9999.0
96404 20170621  2.514 -141.21   62.74    18.0     8.7    13.3    12.1    21.8     7.38 C    27.1     8.6    13.4    97.2    62.7    89.0 -99.000 -99.000 -99.000 -99.000 -99.000 -9999.0 -9999.0 -9999.0 -9999.0 -9999.0
96404 20170622  2.514 -141.21   62.74    21.4     8.1    14.8    13.1     1.9    16.60 C    31.8     5.7    15.5    97.3    42.6    78.9 -99.000 -99.000 -99.000 -99.000 -99.000 -9999.0 -9999.0 -9999.0 -9999.0 -9999.0
96404 20170623  2.514 -141.21   62.74    23.8     6.6    15.2    14.0     0.5    17.20 C    33.8     4.1    15.9    94.3    29.7    71.6 -99.000 -99.000 -99.000 -99.000 -99.000 -9999.0 -9999.0 -9999.0 -9999.0 -9999.0
96404 20170624  2.514 -141.21   62.74    16.0     7.3    11.6    11.6    13.8     8.01 C    28.2     7.3    13.6    96.9    76.5    92.4 -99.000 -99.000 -99.000 -99.000 -99.000 -9999.0 -9999.0 -9999.0 -9999.0 -9999.0
96404 20170625  2.514 -141.21   62.74    18.9     6.4    12.7    12.7     4.7    16.31 C    28.1     6.0    15.5    97.3    42.4    78.7 -99.000 -99.000 -99.000 -99.000 -99.000 -9999.0 -9999.0 -9999.0 -9999.0 -9999.0
96404 20170626  2.514 -141.21   62.74    20.7     3.2    12.0    13.3     6.7    21.20 C    34.4     2.9    15.7    97.1    36.5    67.1 -99.000 -99.000 -99.000 -99.000 -99.000 -9999.0 -9999.0 -9999.0 -9999.0 -9999.0
96404 20170627  2.514 -141.21   62.74    22.8     3.0    12.9    14.9     0.0    25.39 C    33.8     2.4    17.6    96.2    27.5    54.8 -99.000 -99.000 -99.000 -99.000 -99.000 -9999.0 -9999.0 -9999.0 -9999.0 -9999.0
96404 20170628  2.514 -141.21   62.74    20.9     6.8    13.8    13.7     0.2    19.49 C    30.9     4.9    16.7    91.3    31.3    58.7 -99.000 -99.000 -99.000 -99.000 -99.000 -9999.0 -9999.0 -9999.0 -9999.0 -9999.0
96404 20170629  2.514 -141.21   62.74    20.1     6.3    13.2    13.8     1.5    12.52 C    30.2     4.3    15.7    95.0    44.4    71.2 -99.000 -99.000 -99.000 -99.000 -99.000 -9999.0 -9999.0 -9999.0 -9999.0 -9999.0
96404 20170630  2.514 -141.21   62.74    21.9     7.2    14.6    15.0     0.0    15.28 C    35.0     6.3    17.0    93.8    40.9    64.7 -99.000 -99.000 -99.000 -99.000 -99.000 -9999.0 -9999.0 -9999.0 -9999.0 -9999.0
96404 20170701  2.514 -141.21   62.74    21.9     7.1    14.5    13.6    12.0    10.23 C    32.1     5.1    15.2    97.2    44.8    79.8 -99.000 -99.000 -99.000 -99.000 -99.000 -9999.0 -9999.0 -9999.0 -9999.0 -9999.0
96404 20170702  2.514 -141.21   62.74    12.7     8.9    10.8    10.5    11.1     5.51 C    16.8     9.5    12.5    97.2    80.7    92.0 -99.000 -99.000 -99.000 -99.000 -99.000 -9999.0 -9999.0 -9999.0 -9999.0 -9999.0
96404 20170703  2.514 -141.21   62.74    19.4     7.1    13.2    12.0     2.3     8.86 C    25.1     6.1    13.6    97.2    52.4    83.4 -99.000 -99.000 -99.000 -99.000 -99.000 -9999.0 -9999.0 -9999.0 -9999.0 -9999.0
96404 20170704  2.514 -141.21   62.74    22.0     6.4    14.2    13.6     2.2    13.59 C    32.4     6.0    15.5    97.3    49.6    83.8 -99.000 -99.000 -99.000 -99.000 -99.000 -9999.0 -9999.0 -9999.0 -9999.0 -9999.0
96404 20170705  2.514 -141.21   62.74    25.6     5.5    15.5    16.3     0.3    22.62 C    38.1     4.0    18.1    97.5    29.8    67.0 -99.000 -99.000 -99.000 -99.000 -99.000 -9999.0 -9999.0 -9999.0 -9999.0 -9999.0
96404 20170706  2.514 -141.21   62.74    29.1     6.3    17.7    18.2     1.7    27.23 C    39.7     4.0    20.2    94.8    17.3    57.6 -99.000 -99.000 -99.000 -99.000 -99.000 -9999.0 -9999.0 -9999.0 -9999.0 -9999.0
96404 20170707  2.514 -141.21   62.74    25.2     3.8    14.5    16.4     0.0    22.07 C    36.4     2.6    18.0    93.8    25.5    57.0 -99.000 -99.000 -99.000 -99.000 -99.000 -9999.0 -9999.0 -9999.0 -9999.0 -9999.0
96404 20170708  2.514 -141.21   62.74    18.5     2.4    10.4    12.5     0.8     6.95 C    23.5     1.4    12.5    95.9    62.2    81.2 -99.000 -99.000 -99.000 -99.000 -99.000 -9999.0 -9999.0 -9999.0 -9999.0 -9999.0
96404 20170709  2.514 -141.21   62.74    22.2    -1.1    10.6    12.9     0.0    23.79 C    38.7    -1.1    16.8    98.6    31.5    59.5 -99.000 -99.000 -99.000 -99.000 -99.000 -9999.0 -9999.0 -9999.0 -9999.0 -9999.0
96404 20170710  2.514 -141.21   62.74    17.7     9.7    13.7    13.0     7.5     8.48 C    26.7     8.9    14.0    95.7    49.2    71.5 -99.000 -99.000 -99.000 -99.000 -99.000 -9999.0 -9999.0 -9999.0 -9999.0 -9999.0
96404 20170711  2.514 -141.21   62.74 -9999.0 -9999.0 -9999.0 -9999.0 -9999.0 -9999.00 U -9999.0 -9999.0 -9999.0 -9999.0 -9999.0 -9999.0 -99.000 -99.000 -99.000 -99.000 -99.000 -9999.0 -9999.0 -9999.0 -9999.0 -9999.0
96404 20170712  2.514 -141.21   62.74    18.1     9.2    13.7    13.6     0.2    12.63 C    30.2     9.8    16.1    97.5    43.9    76.8 -99.000 -99.000 -99.000 -99.000 -99.000 -9999.0 -9999.0 -9999.0 -9999.0 -9999.0
96404 20170713  2.514 -141.21   62.74    21.6     7.2    14.4    15.0     0.0    14.22 C    33.9     4.3    16.4    94.6    49.4    74.4 -99.000 -99.000 -99.000 -99.000 -99.000 -9999.0 -9999.0 -9999.0 -9999.0 -9999.0
96404 20170714  2.514 -141.21   62.74    25.1     2.4    13.8    15.9     0.0    24.90 C    37.4     1.6    18.5    97.6    25.7    61.3 -99.000 -99.000 -99.000 -99.000 -99.000 -9999.0 -9999.0 -9999.0 -9999.0 -9999.0
96404 20170715  2.514 -141.21   62.74    23.5     6.2    14.8    14.7     2.0    15.61 C    38.2     4.4    16.9    96.3    40.0    73.9 -99.000 -99.000 -99.000 -99.000 -99.000 -9999.0 -9999.0 -9999.0 -9999.0 -9999.0
96404 20170716  2.514 -141.21   62.74    22.6     6.7    14.6    15.8     0.0    20.26 C    35.4     5.3    18.3    97.3    47.1    72.5 -99.000 -99.000 -99.000 -99.000 -99.000 -9999.0 -9999.0 -9999.0 -9999.0 -9999.0
96404 20170717  2.514 -141.21   62.74    24.2     7.1    15.7    17.1     0.0    15.86 C    38.7     5.7    18.8    96.3    34.1    64.7 -99.000 -99.000 -99.000 -99.000 -99.000 -9999.0 -9999.0 -9999.0 -9999.0 -9999.0
96404 20170718  2.514 -141.21   62.74    24.3     6.8    15.6    16.9     0.0    18.63 C    41.2     4.9    19.6    92.6    28.2    60.2 -99.000 -99.000 -99.000 -99.000 -99.000 -9999.0 -9999.0 -9999.0 -9999.0 -9999.0
96404 20170719  2.514 -141.21   62.74    27.5     3.8    15.7    17.0     1.2    23.10 C    42.1     2.7    20.5    95.9    22.4    57.8 -99.000 -99.000 -99.000 -99.000 -99.000 -9999.0 -9999.0 -9999.0 -9999.0 -9999.0
96404 20170720  2.514 -141.21   62.74    22.8     7.6    15.2    15.0     5.9    17.55 C    34.2     6.3    17.5    96.8    35.8    72.0 -99.000 -99.000 -99.000 -99.000 -99.000 -9999.0 -9999.0 -9999.0 -9999.0 -9999.0
96404 20170721  2.514 -141.21   62.74    21.2     8.6    14.9    15.1     0.0    17.39 C    35.5     6.9    17.6    88.8    44.4    65.9 -99.000 -99.000 -99.000 -99.000 -99.000 -9999.0 -9999.0 -9999.0 -9999.0 -9999.0
96404 20170722  2.514 -141.21   62.74    23.7     2.9    13.3    15.0     0.0    24.67 C    39.8     1.5    18.8    97.7    19.6    56.5 -99.000 -99.000 -99.000 -99.000 -99.000 -9999.0 -9999.0 -9999.0 -9999.0 -9999.0
96404 20170723  2.514 -141.21   62.74    27.6     4.6    16.1    18.2     0.0    21.92 C    42.8     2.2    20.2    84.6    23.9    46.6 -99.000 -99.000 -99.000 -99.000 -99.000 -9999.0 -9999.0 -9999.0 -9999.0 -9999.0
96404 20170724  2.514 -141.21   62.74    25.8     6.4    16.1    17.0     0.0    21.15 C    41.0     3.6    19.4    91.4    31.3    55.1 -99.000 -99.000 -99.000 -99.000 -99.000 -9999.0 -9999.0 -9999.0 -9999.0 -9999.0
96404 20170725  2.514 -141.21   62.74    22.2     5.7    14.0    14.1     1.6    10.77 C    42.3     4.1    16.8    96.6    49.0    80.0 -99.000 -99.000 -99.000 -99.000 -99.000 -9999.0 -9999.0 -9999.0 -9999.0 -9999.0
96404 20170726  2.514 -141.21   62.74    17.8    10.9    14.4    13.4    12.6     6.89 C    26.0    10.1    15.1    96.9    64.5    91.0 -99.000 -99.000 -99.000 -99.000 -99.000 -9999.0 -9999.0 -9999.0 -9999.0 -9999.0
96404 20170727  2.514 -141.21   62.74    19.9    11.5    15.7    14.8     4.4    11.71 C    31.0    11.1    16.8    97.0    56.5    81.5 -99.000 -99.000 -99.000 -99.000 -99.000 -9999.0 -9999.0 -9999.0 -9999.0 -9999.0
96404 20170728  2.514 -141.21   62.74    22.2     9.8    16.0    15.0     5.4    16.40 C    37.1     9.2    18.0    96.7    46.3    79.0 -99.000 -99.000 -99.000 -99.000 -99.000 -9999.0 -9999.0 -9999.0 -9999.0 -9999.0
96404 20170729  2.514 -141.21   62.74    21.8     7.5    14.7    14.2     2.0    13.22 C    34.5     6.5    16.4    96.4    49.0    80.2 -99.000 -99.000 -99.000 -99.000 -99.000 -9999.0 -9999.0 -9999.0 -9999.0 -9999.0
96404 20170730  2.514 -141.21   62.74    24.0     7.6    15.8    15.4     0.0    18.11 C    40.5     6.5    18.3    96.7    35.2    69.7 -99.000 -99.000 -99.000 -99.000 -99.000 -9999.0 -9999.0 -9999.0 -9999.0 -9999.0
96404 20170731  2.514 -141.21   62.74    25.4     7.6    16.5    16.1     0.4    19.40 C    40.6     3.9    18.8    95.1    31.2    65.9 -99.000 -99.000 -99.000 -99.000 -99.000 -9999.0 -9999.0 -9999.0 -9999.0 -9999.0
96404 20170801  2.514 -141.21   62.74    23.8     3.6    13.7    14.3     0.0    22.01 C    40.7     2.3    18.1    96.1    31.2    61.2 -99.000 -99.000 -99.000 -99.000 -99.000 -9999.0 -9999.0 -9999.0 -9999.0 -9999.0
96404 20170802  2.514 -141.21   62.74    24.6     2.0    13.3    14.6     0.0    16.07 C    40.3     0.9    17.7    95.9    31.2    62.5 -99.000 -99.000 -99.000 -99.000 -99.000 -9999.0 -9999.0 -9999.0 -9999.0 -9999.0
96404 20170803  2.514 -141.21   62.74    24.5     6.6    15.6    16.0     0.0    19.24 C    43.3     4.0    18.8    90.6    32.2    58.7 -99.000 -99.000 -99.000 -99.000 -99.000 -9999.0 -9999.0 -9999.0 -9999.0 -9999.0
96404 20170804  2.514 -141.21   62.74    23.7     3.9    13.8    15.2     0.0    22.72 C    41.9     1.9    19.7    92.7    30.5    57.4 -99.000 -99.000 -99.000 -99.000 -99.000 -9999.0 -9999.0 -9999.0 -9999.0 -9999.0
96404 20170805  2.514 -141.21   62.74    27.9     2.3    15.1    16.7     0.0    22.48 C    48.5     0.8    20.0    96.8    28.6    56.4 -99.000 -99.000 -99.000 -99.000 -99.000 -9999.0 -9999.0 -9999.0 -9999.0 -9999.0
96404 20170806  2.514 -141.21   62.74    29.4     4.0    16.7    17.2     0.0    20.43 C    45.5     1.6    20.8    95.7    22.0    57.2 -99.000 -99.000 -99.000 -99.000 -99.000 -9999.0 -9999.0 -9999.0 -9999.0 -9999.0
96404 20170807  2.514 -141.21   62.74    29.4     4.6    17.0    17.8     0.0    18.72 C    47.4     1.8    20.0    96.8    21.8    55.9 -99.000 -99.000 -99.000 -99.000 -99.000 -9999.0 -9999.0 -9999.0 -9999.0 -9999.0
96404 20170808  2.514 -141.21   62.74    27.1     5.0    16.0    17.4     0.0    21.76 C    43.8     2.5    20.8    91.8    24.7    51.5 -99.000 -99.000 -99.000 -99.000 -99.000 -9999.0 -9999.0 -9999.0 -9999.0 -9999.0
96404 20170809  2.514 -141.21   62.74    28.5     3.4    16.0    17.5     0.0    18.93 C    43.4     0.7    19.3    94.6    25.5    54.1 -99.000 -99.000 -99.000 -99.000 -99.000 -9999.0 -9999.0 -9999.0 -9999.0 -9999.0
96404 20170810  2.514 -141.21   62.74    26.1     2.6    14.4    16.2     0.0    17.82 C    43.9     0.4    19.0    92.4    22.7    52.1 -99.000 -99.000 -99.000 -99.000 -99.000 -9999.0 -9999.0 -9999.0 -9999.0 -9999.0
96404 20170811  2.514 -141.21   62.74    24.3     9.3    16.8    16.7     0.5    16.71 C    42.9     8.8    20.3    95.3    32.8    63.6 -99.000 -99.000 -99.000 -99.000 -99.000 -9999.0 -9999.0 -9999.0 -9999.0 -9999.0
96404 20170812  2.514 -141.21   62.74    23.2    10.5    16.9    15.4     0.7    13.79 C    44.1     8.8    18.5    96.1    33.8    72.3 -99.000 -99.000 -99.000 -99.000 -99.000 -9999.0 -9999.0 -9999.0 -9999.0 -9999.0
96404 20170813  2.514 -141.21   62.74    23.8     7.3    15.5    12.8    23.2    12.35 C    42.1     5.1    15.4    96.0    32.6    73.3 -99.000 -99.000 -99.000 -99.000 -99.000 -9999.0 -9999.0 -9999.0 -9999.0 -9999.0
96404 20170814  2.514 -141.21   62.74    11.0     6.2     8.6     8.3     7.3     4.91 C    16.7     6.4    10.0    96.2    72.8    88.7 -99.000 -99.000 -99.000 -99.000 -99.000 -9999.0 -9999.0 -9999.0 -9999.0 -9999.0
96404 20170815  2.514 -141.21   62.74    19.2     5.8    12.5    11.3     0.0    16.56 C    33.3     2.9    14.0    95.6    38.0    72.3 -99.000 -99.000 -99.000 -99.000 -99.000 -9999.0 -9999.0 -9999.0 -9999.0 -9999.0
96404 20170816  2.514 -141.21   62.74    20.1     0.6    10.3    11.0     0.0    16.03 C    33.1    -0.2    12.7    96.9    20.5    64.8 -99.000 -99.000 -99.000 -99.000 -99.000 -9999.0 -9999.0 -9999.0 -9999.0 -9999.0
96404 20170817  2.514 -141.21   62.74    17.6    -1.4     8.1     7.9     0.0    14.95 C    34.0    -2.9    10.1    97.9    33.0    69.3 -99.000 -99.000 -99.000 -99.000 -99.000 -9999.0 -9999.0 -9999.0 -9999.0 -9999.0
96404 20170818  2.514 -141.21   62.74    15.3    -0.9     7.2     7.9     0.0    12.13 C    30.9    -3.0    10.4    95.4    36.6    69.8 -99.000 -99.000 -99.000 -99.000 -99.000 -9999.0 -9999.0 -9999.0 -9999.0 -9999.0
96404 20170819  2.514 -141.21   62.74    13.1    -3.0     5.1     5.5     0.0     7.20 C    20.5    -4.2     5.6    97.8    53.0    77.9 -99.000 -99.000 -99.000 -99.000 -99.000 -9999.0 -9999.0 -9999.0 -9999.0 -9999.0
96404 20170820  2.514 -141.21   62.74    17.6    -2.4     7.6     8.9     0.0    14.56 C    29.9    -4.1    10.5    98.5    38.1    69.4 -99.000 -99.000 -99.000 -99.000 -99.000 -9999.0 -9999.0 -9999.0 -9999.0 -9999.0
96404 20170821  2.514 -141.21   62.74    15.6    -0.2     7.7     8.5     0.0     6.57 C    24.9    -2.1     9.1    96.7    52.8    78.0 -99.000 -99.000 -99.000 -99.000 -99.000 -9999.0 -9999.0 -9999.0 -9999.0 -9999.0
96404 20170822  2.514 -141.21   62.74    18.7    -0.6     9.1     9.0     1.4    11.01 C    36.3    -2.0    11.3    97.7    45.9    81.0 -99.000 -99.000 -99.000 -99.000 -99.000 -9999.0 -9999.0 -9999.0 -9999.0 -9999.0
96404 20170823  2.514 -141.21   62.74    19.4     0.5    10.0    10.8     0.0    13.38 C    33.3    -0.4    13.6    97.6    41.3    75.6 -99.000 -99.000 -99.000 -99.000 -99.000 -9999.0 -9999.0 -9999.0 -9999.0 -9999.0
96404 20170824  2.514 -141.21   62.74    21.1     2.9    12.0    12.7     1.7    17.24 C    38.3    -0.7    15.0    97.0    25.1    63.7 -99.000 -99.000 -99.000 -99.000 -99.000 -9999.0 -9999.0 -9999.0 -9999.0 -9999.0
96404 20170825  2.514 -141.21   62.74    20.1     6.6    13.3    12.2     1.3    14.63 C    32.2     5.3    14.4    96.3    36.3    73.0 -99.000 -99.000 -99.000 -99.000 -99.000 -9999.0 -9999.0 -9999.0 -9999.0 -9999.0
96404 20170826  2.514 -141.21   62.74    14.2     5.6     9.9     9.3     1.9     6.53 C    24.0     4.3    10.4    97.0    56.6    84.6 -99.000 -99.000 -99.000 -99.000 -99.000 -9999.0 -9999.0 -9999.0 -9999.0 -9999.0
96404 20170827  2.514 -141.21   62.74    13.9     3.5     8.7     8.4     0.0     8.83 C    23.1    -0.1     9.3    96.6    49.6    77.2 -99.000 -99.000 -99.000 -99.000 -99.000 -9999.0 -9999.0 -9999.0 -9999.0 -9999.0
96404 20170828  2.514 -141.21   62.74    18.3    -1.9     8.2     9.9     0.0    15.58 C    30.9    -2.8    11.1    98.0    27.9    60.7 -99.000 -99.000 -99.000 -99.000 -99.000 -9999.0 -9999.0 -9999.0 -9999.0 -9999.0
96404 20170829  2.514 -141.21   62.74    20.3     3.7    12.0    11.8     0.0    12.02 C    33.0     2.8    13.5    93.0    39.0    58.0 -99.000 -99.000 -99.000 -99.000 -99.000 -9999.0 -9999.0 -9999.0 -9999.0 -9999.0
96404 20170830  2.514 -141.21   62.74    16.6     3.0     9.8     8.8     0.2     7.84 C    32.0     1.3     9.8    95.9    50.9    78.3 -99.000 -99.000 -99.000 -99.000 -99.000 -9999.0 -9999.0 -9999.0 -9999.0 -9999.0
96404 20170831  2.514 -141.21   62.74    17.4    -0.2     8.6     9.6     0.0    13.11 C    33.0    -3.0     9.9    95.2    32.3    64.5 -99.000 -99.000 -99.000 -99.000 -99.000 -9999.0 -9999.0 -9999.0 -9999.0 -9999.0
96404 20170901  2.514 -141.21   62.74    19.2    -4.2     7.5     8.3     0.0    14.17 C    35.4    -6.7     9.6    94.1    20.4    61.1 -99.000 -99.000 -99.000 -99.000 -99.000 -9999.0 -9999.0 -9999.0 -9999.0 -9999.0
96404 20170902  2.514 -141.21   62.74    15.5    -5.5     5.0     4.6     0.0    15.15 C    32.0    -8.0     6.6    96.6    24.2    61.9 -99.000 -99.000 -99.000 -99.000 -99.000 -9999.0 -9999.0 -9999.0 -9999.0 -9999.0
96404 20170903  2.514 -141.21   62.74    16.3    -6.0     5.1     6.0     0.0    12.12 C    27.4    -8.3     6.8    95.2    25.4    58.4 -99.000 -99.000 -99.000 -99.000 -99.000 -9999.0 -9999.0 -9999.0 -9999.0 -9999.0
96404 20170904  2.514 -141.21   62.74    13.7     3.4     8.5     9.0     0.0     3.02 C    15.6     1.0     7.8    94.5    49.0    65.4 -99.000 -99.000 -99.000 -99.000 -99.000 -9999.0 -9999.0 -9999.0 -9999.0 -9999.0
96404 20170905  2.514 -141.21   62.74    15.9     5.7    10.8     9.8     0.2     7.36 C    24.3     4.3    11.0    97.0    64.4    86.2 -99.000 -99.000 -99.000 -99.000 -99.000 -9999.0 -9999.0 -9999.0 -9999.0 -9999.0
96404 20170906  2.514 -141.21   62.74    21.2     2.9    12.1    12.1     0.0     9.97 C    32.8     2.0    12.8    97.3    20.5    65.6 -99.000 -99.000 -99.000 -99.000 -99.000 -9999.0 -9999.0 -9999.0 -9999.0 -9999.0
96404 20170907  2.514 -141.21   62.74    17.4    -2.6     7.4     7.1     0.0    14.00 C    31.8    -4.0     9.6    94.9    28.5    63.7 -99.000 -99.000 -99.000 -99.000 -99.000 -9999.0 -9999.0 -9999.0 -9999.0 -9999.0
96404 20170908  2.514 -141.21   62.74    13.8    -4.2     4.8     5.6     0.0     8.59 C    24.4    -6.6     6.6    96.5    39.9    70.5 -99.000 -99.000 -99.000 -99.000 -99.000 -9999.0 -9999.0 -9999.0 -9999.0 -9999.0
96404 20170909  2.514 -141.21   62.74    13.2     2.8     8.0     6.5     0.0     7.88 C    30.1     0.9     8.5    95.9    59.2    83.7 -99.000 -99.000 -99.000 -99.000 -99.000 -9999.0 -9999.0 -9999.0 -9999.0 -9999.0
96404 20170910  2.514 -141.21   62.74    15.7    -1.8     6.9     5.8     0.0     8.77 C    28.7    -4.1     6.4    98.4    34.0    76.1 -99.000 -99.000 -99.000 -99.000 -99.000 -9999.0 -9999.0 -9999.0 -9999.0 -9999.0
96404 20170911  2.514 -141.21   62.74    13.0    -1.0     6.0     5.2     0.9     6.10 C    23.3    -2.8     6.0    96.8    51.7    84.4 -99.000 -99.000 -99.000 -99.000 -99.000 -9999.0 -9999.0 -9999.0 -9999.0 -9999.0
96404 20170912  2.514 -141.21   62.74    17.4    -2.9     7.3     6.8     0.0    13.98 C    29.0    -5.3     7.2    98.7    29.7    69.9 -99.000 -99.000 -99.000 -99.000 -99.000 -9999.0 -9999.0 -9999.0 -9999.0 -9999.0
96404 20170913  2.514 -141.21   62.74    18.4     0.1     9.3     8.8     0.0    12.03 C    32.4    -2.5     9.2    90.5    30.0    59.4 -99.000 -99.000 -99.000 -99.000 -99.000 -9999.0 -9999.0 -9999.0 -9999.0 -9999.0
96404 20170914  2.514 -141.21   62.74    15.4    -2.8     6.3     6.1     0.0     8.07 C    24.2    -4.4     6.8    95.9    37.1    71.5 -99.000 -99.000 -99.000 -99.000 -99.000 -9999.0 -9999.0 -9999.0 -9999.0 -9999.0
96404 20170915  2.514 -141.21   62.74    17.1    -4.0     6.5     6.8     0.0    13.37 C    30.9    -6.8     6.8    94.9    24.4    58.5 -99.000 -99.000 -99.000 -99.000 -99.000 -9999.0 -9999.0 -9999.0 -9999.0 -9999.0
96404 20170916  2.514 -141.21   62.74    14.5    -1.8     6.4     7.7     0.0     7.02 C    28.3    -4.9     6.5    91.6    35.1    55.6 -99.000 -99.000 -99.000 -99.000 -99.000 -9999.0 -9999.0 -9999.0 -9999.0 -9999.0
96404 20170917  2.514 -141.21   62.74    14.6    -4.8     4.9     5.4     0.8     7.92 C    31.8    -6.1     6.7    97.1    38.4    75.7 -99.000 -99.000 -99.000 -99.000 -99.000 -9999.0 -9999.0 -9999.0 -9999.0 -9999.0
96404 20170918  2.514 -141.21   62.74    17.0    -1.1     7.9     7.1     0.0    12.63 C    25.8    -3.0     7.4    98.4    33.5    71.9 -99.000 -99.000 -99.000 -99.000 -99.000 -9999.0 -9999.0 -9999.0 -9999.0 -9999.0
96404 20170919  2.514 -141.21   62.74    12.0    -3.9     4.0     4.9     0.4     3.56 C    17.3    -5.8     4.9    96.3    62.5    82.8 -99.000 -99.000 -99.000 -99.000 -99.000 -9999.0 -9999.0 -9999.0 -9999.0 -9999.0
96404 20170920  2.514 -141.21   62.74    13.3    -0.9     6.2     6.2     1.1     9.44 C    26.6    -1.6     7.9    97.7    46.4    76.8 -99.000 -99.000 -99.000 -99.000 -99.000 -9999.0 -9999.0 -9999.0 -9999.0 -9999.0
96404 20170921  2.514 -141.21   62.74     9.6     1.0     5.3     5.0     0.6     4.17 C    13.0     1.5     6.0    98.1    70.1    91.1 -99.000 -99.000 -99.000 -99.000 -99.000 -9999.0 -9999.0 -9999.0 -9999.0 -9999.0
96404 20170922  2.514 -141.21   62.74    14.2     0.8     7.5     6.4     0.0     6.83 C    22.9    -0.8     6.6    98.1    49.4    81.7 -99.000 -99.000 -99.000 -99.000 -99.000 -9999.0 -9999.0 -9999.0 -9999.0 -9999.0
96404 20170923  2.514 -141.21   62.74    17.8    -0.8     8.5     8.6     0.0    11.20 C    27.4    -3.8     7.8    96.1    30.1    68.6 -99.000 -99.000 -99.000 -99.000 -99.000 -9999.0 -9999.0 -9999.0 -9999.0 -9999.0
96404 20170924  2.514 -141.21   62.74    14.8    -3.2     5.8     5.3     1.1     4.99 C    24.1    -4.8     4.5    97.6    42.6    79.8 -99.000 -99.000 -99.000 -99.000 -99.000 -9999.0 -9999.0 -9999.0 -9999.0 -9999.0
96404 20170925  2.514 -141.21   62.74    14.4    -4.5     5.0     4.5     0.0    11.14 C    22.0    -6.3     3.6    96.8    29.3    70.3 -99.000 -99.000 -99.000 -99.000 -99.000 -9999.0 -9999.0 -9999.0 -9999.0 -9999.0
96404 20170926  2.514 -141.21   62.74     8.2    -5.4     1.4     2.0     0.0     3.59 C    11.3    -6.7     2.2    95.2    51.4    78.3 -99.000 -99.000 -99.000 -99.000 -99.000 -9999.0 -9999.0 -9999.0 -9999.0 -9999.0
96404 20170927  2.514 -141.21   62.74     6.4    -1.7     2.3     3.0     0.0     2.57 C    10.7    -3.3     2.8    98.3    76.3    88.5 -99.000 -99.000 -99.000 -99.000 -99.000 -9999.0 -9999.0 -9999.0 -9999.0 -9999.0
96404 20170928  2.514 -141.21   62.74    15.2    -2.9     6.1     4.7     0.0     7.96 C    21.9    -5.1     4.1    97.5    31.8    75.6 -99.000 -99.000 -99.000 -99.000 -99.000 -9999.0 -9999.0 -9999.0 -9999.0 -9999.0
96404 20170929  2.514 -141.21   62.74    10.0    -4.3     2.9     2.0     0.8     6.03 C    20.9    -5.5     2.6    96.4    49.9    79.5 -99.000 -99.000 -99.000 -99.000 -99.000 -9999.0 -9999.0 -9999.0 -9999.0 -9999.0
96404 20170930  2.514 -141.21   62.74     4.3    -5.5    -0.6    -0.5     1.0     6.56 C    11.2   -10.2    -0.2    96.5    61.9    86.5 -99.000 -99.000 -99.000 -99.000 -99.000 -9999.0 -9999.0 -9999.0 -9999.0 -9999.0
96404 20171001  2.514 -141.21   62.74     9.3    -9.8    -0.2    -1.3     0.0     9.48 C    13.8    -9.0    -1.3    95.3    40.5    75.8 -99.000 -99.000 -99.000 -99.000 -99.000 -9999.0 -9999.0 -9999.0 -9999.0 -9999.0
96404 20171002  2.514 -141.21   62.74     5.9    -6.2    -0.2     0.1     0.0     2.25 C     6.2    -6.4    -0.9    94.1    48.0    74.1 -99.000 -99.000 -99.000 -99.000 -99.000 -9999.0 -9999.0 -9999.0 -9999.0 -9999.0
96404 20171003  2.514 -141.21   62.74     8.9    -7.2     0.8     0.6     0.0     4.00 C    12.7    -7.0     0.1    95.2    52.7    78.4 -99.000 -99.000 -99.000 -99.000 -99.000 -9999.0 -9999.0 -9999.0 -9999.0 -9999.0
96404 20171004  2.514 -141.21   62.74    10.4    -2.9     3.8     2.5     0.0     6.22 C    19.5    -4.4     2.1    96.0    54.2    79.7 -99.000 -99.000 -99.000 -99.000 -99.000 -9999.0 -9999.0 -9999.0 -9999.0 -9999.0
96404 20171005  2.514 -141.21   62.74    10.4    -1.8     4.3     4.9     0.0     2.11 C    10.0    -2.5     2.1    92.6    37.1    65.6 -99.000 -99.000 -99.000 -99.000 -99.000 -9999.0 -9999.0 -9999.0 -9999.0 -9999.0
96404 20171006  2.514 -141.21   62.74     5.3    -3.9     0.7     1.1     5.5     1.60 C     8.1    -5.0     1.4    96.5    92.4    94.7 -99.000 -99.000 -99.000 -99.000 -99.000 -9999.0 -9999.0 -9999.0 -9999.0 -9999.0
96404 20171007  2.514 -141.21   62.74     7.6    -1.1     3.3     3.3     1.0     4.06 C    15.1    -2.2     3.3    96.7    70.6    89.0 -99.000 -99.000 -99.000 -99.000 -99.000 -9999.0 -9999.0 -9999.0 -9999.0 -9999.0
96404 20171008  2.514 -141.21   62.74     5.6    -0.9     2.4     2.4     0.3     3.54 C    12.6    -1.3     1.7    92.3    63.7    78.8 -99.000 -99.000 -99.000 -99.000 -99.000 -9999.0 -9999.0 -9999.0 -9999.0 -9999.0
96404 20171009  2.514 -141.21   62.74     4.0    -6.6    -1.3    -0.7     4.3     3.84 C     0.2    -9.3    -2.9    95.7    59.5    85.4 -99.000 -99.000 -99.000 -99.000 -99.000 -9999.0 -9999.0 -9999.0 -9999.0 -9999.0
96404 20171010  2.514 -141.21   62.74     0.6    -5.3    -2.4    -1.5     0.0     1.65 C    -0.5    -9.2    -3.9    94.2    68.2    82.0 -99.000 -99.000 -99.000 -99.000 -99.000 -9999.0 -9999.0 -9999.0 -9999.0 -9999.0
96404 20171011  2.514 -141.21   62.74     1.2    -6.7    -2.8    -1.9     4.1     1.30 C     0.0   -14.6    -5.0    97.5    88.8    93.7 -99.000 -99.000 -99.000 -99.000 -99.000 -9999.0 -9999.0 -9999.0 -9999.0 -9999.0
96404 20171012  2.514 -141.21   62.74     2.5   -10.3    -3.9    -2.2     0.0     6.61 C    -1.0   -16.4    -6.0    94.3    55.3    76.0 -99.000 -99.000 -99.000 -99.000 -99.000 -9999.0 -9999.0 -9999.0 -9999.0 -9999.0
96404 20171013  2.514 -141.21   62.74     0.4    -1.5    -0.5    -0.7     7.9     0.75 C     0.0    -3.2    -1.1    97.8    81.7    94.0 -99.000 -99.000 -99.000 -99.000 -99.000 -9999.0 -9999.0 -9999.0 -9999.0 -9999.0
96404 20171014  2.514 -141.21   62.74     1.4    -1.9    -0.2    -0.6     1.3     1.70 C    -0.3    -7.4    -2.4    97.9    82.6    96.1 -99.000 -99.000 -99.000 -99.000 -99.000 -9999.0 -9999.0 -9999.0 -9999.0 -9999.0
96404 20171015  2.514 -141.21   62.74    -0.3    -8.7    -4.5    -3.0     0.2     2.07 C    -1.9   -14.4    -5.5    97.4    62.5    89.6 -99.000 -99.000 -99.000 -99.000 -99.000 -9999.0 -9999.0 -9999.0 -9999.0 -9999.0
96404 20171016  2.514 -141.21   62.74    -2.1    -7.7    -4.9    -4.1     0.2     1.40 C    -2.3    -8.7    -4.9    93.8    75.1    88.4 -99.000 -99.000 -99.000 -99.000 -99.000 -9999.0 -9999.0 -9999.0 -9999.0 -9999.0
96404 20171017  2.514 -141.21   62.74    -1.5   -15.8    -8.6    -8.6     0.0     3.76 C    -4.9   -22.2   -13.5    92.4    63.9    83.5 -99.000 -99.000 -99.000 -99.000 -99.000 -9999.0 -9999.0 -9999.0 -9999.0 -9999.0
96404 20171018  2.514 -141.21   62.74    -5.4   -18.9   -12.2   -10.3     2.6     1.11 C    -5.8   -22.9   -11.1    93.1    81.4    88.9 -99.000 -99.000 -99.000 -99.000 -99.000 -9999.0 -9999.0 -9999.0 -9999.0 -9999.0
96404 20171019  2.514 -141.21   62.74    -6.1   -12.3    -9.2    -7.8     4.2     0.59 C    -6.3   -15.4    -8.4    91.4    83.7    88.6 -99.000 -99.000 -99.000 -99.000 -99.000 -9999.0 -9999.0 -9999.0 -9999.0 -9999.0
96404 20171020  2.514 -141.21   62.74    -8.1   -21.3   -14.7   -11.6     0.0     1.25 C    -6.2   -26.1   -13.5    89.1    73.6    84.8 -99.000 -99.000 -99.000 -99.000 -99.000 -9999.0 -9999.0 -9999.0 -9999.0 -9999.0
96404 20171021  2.514 -141.21   62.74    -7.7   -22.0   -14.8   -11.4     0.0     0.43 C    -7.7   -27.1   -11.7    89.2    78.0    84.8 -99.000 -99.000 -99.000 -99.000 -99.000 -9999.0 -9999.0 -9999.0 -9999.0 -9999.0
96404 20171022  2.514 -141.21   62.74    -7.9   -17.2   -12.5   -10.6     0.0     0.80 C    -7.9   -22.1   -11.6    94.5    81.8    87.7 -99.000 -99.000 -99.000 -99.000 -99.000 -9999.0 -9999.0 -9999.0 -9999.0 -9999.0
96404 20171023  2.514 -141.21   62.74    -7.5   -17.1   -12.3   -12.4     0.0     2.40 C   -10.5   -22.1   -15.9    94.6    82.5    87.0 -99.000 -99.000 -99.000 -99.000 -99.000 -9999.0 -9999.0 -9999.0 -9999.0 -9999.0
96404 20171024  2.514 -141.21   62.74    -3.6   -21.8   -12.7    -9.3     0.0     0.78 C    -6.8   -26.0   -13.7    89.8    70.9    81.0 -99.000 -99.000 -99.000 -99.000 -99.000 -9999.0 -9999.0 -9999.0 -9999.0 -9999.0
96404 20171025  2.514 -141.21   62.74     1.5   -12.5    -5.5    -3.2     0.0     3.31 C    -2.7   -15.1    -8.4    87.0    48.3    66.9 -99.000 -99.000 -99.000 -99.000 -99.000 -9999.0 -9999.0 -9999.0 -9999.0 -9999.0
96404 20171026  2.514 -141.21   62.74     2.7    -5.4    -1.4    -1.6     0.0     0.38 C    -1.6    -8.7    -4.2    86.0    52.3    71.5 -99.000 -99.000 -99.000 -99.000 -99.000 -9999.0 -9999.0 -9999.0 -9999.0 -9999.0
96404 20171027  2.514 -141.21   62.74     5.5    -2.9     1.3    -0.6     0.0     3.16 C    -0.1    -9.1    -3.7    91.4    62.0    82.2 -99.000 -99.000 -99.000 -99.000 -99.000 -9999.0 -9999.0 -9999.0 -9999.0 -9999.0
96404 20171028  2.514 -141.21   62.74     2.6    -6.7    -2.0    -1.5     0.0     2.09 C    -1.6   -13.3    -7.5    95.7    60.8    80.6 -99.000 -99.000 -99.000 -99.000 -99.000 -9999.0 -9999.0 -9999.0 -9999.0 -9999.0
96404 20171029  2.514 -141.21   62.74    -0.4    -5.7    -3.1    -2.7     0.0     0.50 C    -2.5   -12.5    -6.4    91.9    64.6    80.0 -99.000 -99.000 -99.000 -99.000 -99.000 -9999.0 -9999.0 -9999.0 -9999.0 -9999.0
96404 20171030  2.514 -141.21   62.74     1.1    -3.3    -1.1    -0.4     4.3     0.64 C    -0.1    -6.5    -1.9    97.3    69.9    89.2 -99.000 -99.000 -99.000 -99.000 -99.000 -9999.0 -9999.0 -9999.0 -9999.0 -9999.0
96404 20171031  2.514 -141.21   62.74     1.0    -1.7    -0.4     0.1     3.2     1.02 C     0.0    -5.0    -1.0    97.5    82.7    92.5 -99.000 -99.000 -99.000 -99.000 -99.000 -9999.0 -9999.0 -9999.0 -9999.0 -9999.0
96404 20171101  2.514 -141.21   62.74    -0.5   -11.5    -6.0    -3.7     0.0     1.62 C    -1.8   -15.2    -7.5    95.4    75.2    88.0 -99.000 -99.000 -99.000 -99.000 -99.000 -9999.0 -9999.0 -9999.0 -9999.0 -9999.0
96404 20171102  2.514 -141.21   62.74    -3.7    -8.6    -6.1    -5.9     0.0     1.46 C    -6.3   -11.8    -8.7    92.3    80.6    88.3 -99.000 -99.000 -99.000 -99.000 -99.000 -9999.0 -9999.0 -9999.0 -9999.0 -9999.0
96404 20171103  2.514 -141.21   62.74    -1.9    -7.2    -4.5    -3.8     3.4     0.02 C    -2.3    -9.0    -4.4    94.3    78.1    89.1 -99.000 -99.000 -99.000 -99.000 -99.000 -9999.0 -9999.0 -9999.0 -9999.0 -9999.0
96404 20171104  2.514 -141.21   62.74    -3.6    -8.7    -6.2    -5.5     0.0     0.70 C    -5.3   -16.3    -9.9    89.8    74.5    82.8 -99.000 -99.000 -99.000 -99.000 -99.000 -9999.0 -9999.0 -9999.0 -9999.0 -9999.0
96404 20171105  2.514 -141.21   62.74    -7.6   -11.2    -9.4    -8.7     1.8     0.03 C    -7.3   -16.4    -9.7    90.8    76.3    85.5 -99.000 -99.000 -99.000 -99.000 -99.000 -9999.0 -9999.0 -9999.0 -9999.0 -9999.0
96404 20171106  2.514 -141.21   62.74    -6.8   -19.8   -13.3   -10.4     1.1     0.45 C    -7.9   -25.4   -14.0    92.4    80.7    88.4 -99.000 -99.000 -99.000 -99.000 -99.000 -9999.0 -9999.0 -9999.0 -9999.0 -9999.0
96404 20171107  2.514 -141.21   62.74    -9.7   -26.5   -18.1   -14.5     0.0     0.70 C   -10.0   -29.8   -18.4    90.8    74.4    81.9 -99.000 -99.000 -99.000 -99.000 -99.000 -9999.0 -9999.0 -9999.0 -9999.0 -9999.0
96404 20171108  2.514 -141.21   62.74   -15.4   -29.0   -22.2   -23.4     0.0     0.60 C   -18.3   -31.6   -27.8    84.2    74.1    78.0 -99.000 -99.000 -99.000 -99.000 -99.000 -9999.0 -9999.0 -9999.0 -9999.0 -9999.0
96404 20171109  2.514 -141.21   62.74   -15.1   -22.6   -18.9   -17.2     0.9     0.07 C   -13.4   -26.8   -18.8    84.1    77.5    81.6 -99.000 -99.000 -99.000 -99.000 -99.000 -9999.0 -9999.0 -9999.0 -9999.0 -9999.0
96404 20171110  2.514 -141.21   62.74   -11.0   -25.7   -18.3   -15.6     2.1     0.15 C   -11.4   -30.5   -17.0    88.4    77.2    84.1 -99.000 -99.000 -99.000 -99.000 -99.000 -9999.0 -9999.0 -9999.0 -9999.0 -9999.0
96404 20171111  2.514 -141.21   62.74   -11.2   -20.5   -15.8   -16.0     0.0     0.03 C   -13.4   -27.0   -18.8    88.8    80.7    84.3 -99.000 -99.000 -99.000 -99.000 -99.000 -9999.0 -9999.0 -9999.0 -9999.0 -9999.0
96404 20171112  2.514 -141.21   62.74   -14.2   -19.3   -16.8   -16.2     0.6     0.00 C   -13.6   -26.4   -17.9    84.7    79.5    83.3 -99.000 -99.000 -99.000 -99.000 -99.000 -9999.0 -9999.0 -9999.0 -9999.0 -9999.0
96404 20171113  2.514 -141.21   62.74   -12.1   -18.6   -15.4   -14.5     0.0     0.05 C   -12.4   -22.5   -15.1    87.0    81.5    84.8 -99.000 -99.000 -99.000 -99.000 -99.000 -9999.0 -9999.0 -9999.0 -9999.0 -9999.0
96404 20171114  2.514 -141.21   62.74   -13.9   -27.1   -20.5   -21.3     0.0     0.02 C   -16.1   -30.7   -25.0    85.5    75.8    80.4 -99.000 -99.000 -99.000 -99.000 -99.000 -9999.0 -9999.0 -9999.0 -9999.0 -9999.0
96404 20171115  2.514 -141.21   62.74   -15.1   -24.9   -20.0   -17.8     0.0     0.06 C   -14.8   -30.1   -19.8    86.6    78.1    83.1 -99.000 -99.000 -99.000 -99.000 -99.000 -9999.0 -9999.0 -9999.0 -9999.0 -9999.0
96404 20171116  2.514 -141.21   62.74   -14.8   -18.5   -16.6   -15.8     4.4     0.00 C   -13.9   -17.7   -14.8    84.9    79.1    82.8 -99.000 -99.000 -99.000 -99.000 -99.000 -9999.0 -9999.0 -9999.0 -9999.0 -9999.0
96404 20171117  2.514 -141.21   62.74   -14.2   -28.2   -21.2   -16.8     2.3     0.01 C   -14.3   -33.2   -18.5    85.2    75.6    82.9 -99.000 -99.000 -99.000 -99.000 -99.000 -9999.0 -9999.0 -9999.0 -9999.0 -9999.0
96404 20171118  2.514 -141.21   62.74   -21.3   -34.1   -27.7   -29.4     0.0     0.14 C   -24.0   -38.7   -35.8    82.5    71.6    75.2 -99.000 -99.000 -99.000 -99.000 -99.000 -9999.0 -9999.0 -9999.0 -9999.0 -9999.0
96404 20171119  2.514 -141.21   62.74   -20.9   -25.6   -23.3   -22.4     0.0     0.00 C   -20.8   -29.6   -22.9    81.5    73.4    78.0 -99.000 -99.000 -99.000 -99.000 -99.000 -9999.0 -9999.0 -9999.0 -9999.0 -9999.0
96404 20171120  2.514 -141.21   62.74   -21.6   -31.9   -26.7   -25.7     0.0     0.17 C   -20.9   -38.4   -31.5    79.7    71.7    75.4 -99.000 -99.000 -99.000 -99.000 -99.000 -9999.0 -9999.0 -9999.0 -9999.0 -9999.0
96404 20171121  2.514 -141.21   62.74   -26.6   -36.8   -31.7   -31.9     0.0     0.11 C   -31.6   -41.2   -36.5    76.3    69.7    72.7 -99.000 -99.000 -99.000 -99.000 -99.000 -9999.0 -9999.0 -9999.0 -9999.0 -9999.0
96404 20171122  2.514 -141.21   62.74   -24.9   -35.7   -30.3   -27.5     0.7     0.00 C   -23.1   -37.9   -27.0    75.8    70.3    73.4 -99.000 -99.000 -99.000 -99.000 -99.000 -9999.0 -9999.0 -9999.0 -9999.0 -9999.0
96404 20171123  2.514 -141.21   62.74   -23.9   -32.1   -28.0   -26.9     0.0     0.01 C   -22.6   -36.1   -27.7    77.5    71.7    74.5 -99.000 -99.000 -99.000 -99.000 -99.000 -9999.0 -9999.0 -9999.0 -9999.0 -9999.0
96404 20171124  2.514 -141.21   62.74   -22.7   -30.0   -26.4   -25.1     0.4     0.00 C   -22.9   -33.6   -27.1    78.4    73.9    76.2 -99.000 -99.000 -99.000 -99.000 -99.000 -9999.0 -9999.0 -9999.0 -9999.0 -9999.0
96404 20171125  2.514 -141.21   62.74   -21.9   -32.3   -27.1   -25.6     0.0     0.00 C   -21.3   -35.9   -26.8    79.2    72.5    76.4 -99.000 -99.000 -99.000 -99.000 -99.000 -9999.0 -9999.0 -9999.0 -9999.0 -9999.0
96404 20171126  2.514 -141.21   62.74   -28.8   -35.9   -32.4   -33.1     0.0     0.01 C   -27.3   -38.7   -36.3    76.7    70.0    72.3 -99.000 -99.000 -99.000 -99.000 -99.000 -9999.0 -9999.0 -9999.0 -9999.0 -9999.0
96404 20171127  2.514 -141.21   62.74   -26.2   -35.1   -30.6   -30.2     0.0     0.01 C   -25.4   -37.6   -32.5    75.4    70.4    73.3 -99.000 -99.000 -99.000 -99.000 -99.000 -9999.0 -9999.0 -9999.0 -9999.0 -9999.0
96404 20171128  2.514 -141.21   62.74   -23.8   -32.3   -28.0   -28.4     0.0     0.00 C   -22.1   -33.9   -29.4    77.0    72.5    74.5 -99.000 -99.000 -99.000 -99.000 -99.000 -9999.0 -9999.0 -9999.0 -9999.0 -9999.0
96404 20171129  2.514 -141.21   62.74   -21.3   -32.5   -26.9   -25.5     0.0     0.00 C   -19.0   -34.1   -25.3    79.5    72.2    76.4 -99.000 -99.000 -99.000 -99.000 -99.000 -9999.0 -9999.0 -9999.0 -9999.0 -9999.0
96404 20171130  2.514 -141.21   62.74   -21.9   -30.4   -26.2   -27.7     0.0     0.00 C   -26.1   -32.2   -29.9    78.7    73.4    75.4 -99.000 -99.000 -99.000 -99.000 -99.000 -9999.0 -9999.0 -9999.0 -9999.0 -9999.0
96404 20171201  2.514 -141.21   62.74   -15.9   -28.5   -22.2   -22.8     0.0     0.01 C   -20.0   -30.0   -26.1    86.9    74.6    78.5 -99.000 -99.000 -99.000 -99.000 -99.000 -9999.0 -9999.0 -9999.0 -9999.0 -9999.0
96404 20171202  2.514 -141.21   62.74   -11.0   -16.6   -13.8   -13.7     0.0     0.00 C   -11.5   -22.0   -16.5    82.5    73.1    78.9 -99.000 -99.000 -99.000 -99.000 -99.000 -9999.0 -9999.0 -9999.0 -9999.0 -9999.0
96404 20171203  2.514 -141.21   62.74   -11.3   -18.0   -14.6   -15.6     0.0     0.00 C   -13.1   -22.4   -17.5    86.3    77.9    83.2 -99.000 -99.000 -99.000 -99.000 -99.000 -9999.0 -9999.0 -9999.0 -9999.0 -9999.0
96404 20171204  2.514 -141.21   62.74    -0.4   -22.4   -11.4   -11.0     0.0     0.00 C    -7.7   -24.9   -16.1    87.7    60.0    79.9 -99.000 -99.000 -99.000 -99.000 -99.000 -9999.0 -9999.0 -9999.0 -9999.0 -9999.0
96404 20171205  2.514 -141.21   62.74    -1.6   -11.9    -6.8    -4.7     0.0     0.00 C    -5.5   -19.4    -9.9    87.8    55.3    71.1 -99.000 -99.000 -99.000 -99.000 -99.000 -9999.0 -9999.0 -9999.0 -9999.0 -9999.0
96404 20171206  2.514 -141.21   62.74    -2.4   -16.6    -9.5    -8.5     1.8     0.04 C    -4.2   -19.6   -10.1    93.8    73.6    86.5 -99.000 -99.000 -99.000 -99.000 -99.000 -9999.0 -9999.0 -9999.0 -9999.0 -9999.0
96404 20171207  2.514 -141.21   62.74    -4.1    -9.8    -6.9    -5.9     1.6     0.00 C    -4.0   -13.8    -7.1    95.6    88.9    92.7 -99.000 -99.000 -99.000 -99.000 -99.000 -9999.0 -9999.0 -9999.0 -9999.0 -9999.0
96404 20171208  2.514 -141.21   62.74    -3.0   -13.2    -8.1    -9.2     0.0     0.00 C    -4.5   -17.3   -11.5    95.1    85.5    89.4 -99.000 -99.000 -99.000 -99.000 -99.000 -9999.0 -9999.0 -9999.0 -9999.0 -9999.0
96404 20171209  2.514 -141.21   62.74    -2.7   -13.4    -8.0    -8.6     0.0     0.00 C    -5.1   -17.2   -10.7    95.8    86.0    90.1 -99.000 -99.000 -99.000 -99.000 -99.000 -9999.0 -9999.0 -9999.0 -9999.0 -9999.0
96404 20171210  2.514 -141.21   62.74    -3.9   -16.1   -10.0   -10.0     0.0     0.00 C    -8.6   -18.4   -13.8    95.5    80.1    88.4 -99.000 -99.000 -99.000 -99.000 -99.000 -9999.0 -9999.0 -9999.0 -9999.0 -9999.0
96404 20171211  2.514 -141.21   62.74    -0.6   -14.2    -7.4    -6.5     0.0     0.02 C    -6.2   -18.5   -12.6    91.8    67.4    82.8 -99.000 -99.000 -99.000 -99.000 -99.000 -9999.0 -9999.0 -9999.0 -9999.0 -9999.0
96404 20171212  2.514 -141.21   62.74    -2.4   -14.9    -8.6    -7.3     0.0     0.02 C    -7.0   -18.3   -11.9    90.2    69.0    81.7 -99.000 -99.000 -99.000 -99.000 -99.000 -9999.0 -9999.0 -9999.0 -9999.0 -9999.0
96404 20171213  2.514 -141.21   62.74    -8.4   -19.3   -13.9   -13.5     0.0     0.00 C   -10.7   -21.4   -15.7    88.4    81.0    85.8 -99.000 -99.000 -99.000 -99.000 -99.000 -9999.0 -9999.0 -9999.0 -9999.0 -9999.0
96404 20171214  2.514 -141.21   62.74    -5.1   -19.2   -12.2    -9.6     1.0     0.00 C    -5.2   -21.0    -9.8    93.1    82.0    88.9 -99.000 -99.000 -99.000 -99.000 -99.000 -9999.0 -9999.0 -9999.0 -9999.0 -9999.0
96404 20171215  2.514 -141.21   62.74    -4.1   -13.3    -8.7    -6.9     0.0     0.00 C    -5.6   -16.3   -10.6    94.8    75.6    89.2 -99.000 -99.000 -99.000 -99.000 -99.000 -9999.0 -9999.0 -9999.0 -9999.0 -9999.0
96404 20171216  2.514 -141.21   62.74    -9.3   -15.5   -12.4   -12.7     0.0     0.00 C    -9.7   -21.5   -14.8    93.3    84.7    87.3 -99.000 -99.000 -99.000 -99.000 -99.000 -9999.0 -9999.0 -9999.0 -9999.0 -9999.0
96404 20171217  2.514 -141.21   62.74   -10.2   -23.3   -16.8   -19.3     0.0     0.00 C   -11.7   -26.4   -21.7    88.6    78.4    81.8 -99.000 -99.000 -99.000 -99.000 -99.000 -9999.0 -9999.0 -9999.0 -9999.0 -9999.0
96404 20171218  2.514 -141.21   62.74   -10.2   -17.6   -13.9   -12.9     0.0     0.00 C   -10.9   -21.4   -15.5    91.4    81.5    86.7 -99.000 -99.000 -99.000 -99.000 -99.000 -9999.0 -9999.0 -9999.0 -9999.0 -9999.0
96404 20171219  2.514 -141.21   62.74   -10.0   -14.2   -12.1   -12.3     0.0     0.00 C   -11.5   -20.0   -15.2    86.5    68.3    81.5 -99.000 -99.000 -99.000 -99.000 -99.000 -9999.0 -9999.0 -9999.0 -9999.0 -9999.0
96404 20171220  2.514 -141.21   62.74    -8.7   -15.3   -12.0   -11.5     2.5     0.00 C   -10.7   -21.8   -15.2    90.7    80.7    87.2 -99.000 -99.000 -99.000 -99.000 -99.000 -9999.0 -9999.0 -9999.0 -9999.0 -9999.0
96404 20171221  2.514 -141.21   62.74   -11.8   -23.6   -17.7   -13.9     0.0     0.00 C   -17.2   -26.8   -19.8    88.2    73.7    81.5 -99.000 -99.000 -99.000 -99.000 -99.000 -9999.0 -9999.0 -9999.0 -9999.0 -9999.0
96404 20171222  2.514 -141.21   62.74   -14.1   -26.8   -20.4   -18.3     0.0     0.00 C   -19.1   -29.7   -23.9    84.2    69.5    76.5 -99.000 -99.000 -99.000 -99.000 -99.000 -9999.0 -9999.0 -9999.0 -9999.0 -9999.0
96404 20171223  2.514 -141.21   62.74   -15.9   -32.1   -24.0   -23.7     0.0     0.00 C   -20.1   -34.3   -27.7    82.0    70.1    75.6 -99.000 -99.000 -99.000 -99.000 -99.000 -9999.0 -9999.0 -9999.0 -9999.0 -9999.0
96404 20171224  2.514 -141.21   62.74   -29.4   -34.5   -31.9   -33.0     0.0     0.00 C   -34.1   -36.3   -35.5    74.2    70.1    71.7 -99.000 -99.000 -99.000 -99.000 -99.000 -9999.0 -9999.0 -9999.0 -9999.0 -9999.0
96404 20171225  2.514 -141.21   62.74   -25.6   -34.6   -30.1   -30.2     0.0     0.00 C   -23.9   -36.2   -30.6    75.6    70.0    72.9 -99.000 -99.000 -99.000 -99.000 -99.000 -9999.0 -9999.0 -9999.0 -9999.0 -9999.0
96404 20171226  2.514 -141.21   62.74   -22.3   -32.9   -27.6   -28.0     0.0     0.00 C   -21.2   -34.4   -28.4    85.9    71.1    75.2 -99.000 -99.000 -99.000 -99.000 -99.000 -9999.0 -9999.0 -9999.0 -9999.0 -9999.0
96404 20171227  2.514 -141.21   62.74   -21.6   -32.3   -27.0   -25.0     0.0     0.00 C   -20.8   -34.5   -25.7    79.0    70.0    76.7 -99.000 -99.000 -99.000 -99.000 -99.000 -9999.0 -9999.0 -9999.0 -9999.0 -9999.0
96404 20171228  2.514 -141.21   62.74   -29.5   -36.7   -33.1   -33.8     0.0     0.00 C   -33.7   -38.5   -36.2    77.3    68.6    70.6 -99.000 -99.000 -99.000 -99.000 -99.000 -9999.0 -9999.0 -9999.0 -9999.0 -9999.0
96404 20171229  2.514 -141.21   62.74   -33.5   -38.6   -36.0   -37.1     0.0     0.00 C   -37.5   -40.2   -39.1    70.5    67.2    68.2 -99.000 -99.000 -99.000 -99.000 -99.000 -9999.0 -9999.0 -9999.0 -9999.0 -9999.0
96404 20171230  2.514 -141.21   62.74   -28.5   -37.9   -33.2   -33.1     0.0     0.00 C   -31.3   -39.3   -36.2    77.5    67.3    70.5 -99.000 -99.000 -99.000 -99.000 -99.000 -9999.0 -9999.0 -9999.0 -9999.0 -9999.0
96404 20171231  2.514 -141.21   62.74   -22.7   -30.6   -26.6   -25.9     0.0     0.00 C   -20.5   -32.8   -24.9    78.1    70.6    75.4 -99.000 -99.000 -99.000 -99.000 -99.000 -9999.0 -9999.0 -9999.0 -9999.0 -9999.0
