25711 20170101  2.424 -170.21   57.16     2.0    -6.7    -2.4    -0.5     5.6     0.41 C     1.7    -8.1    -0.7   100.0    89.1    96.5 -99.000 -99.000 -99.000 -99.000 -99.000 -9999.0 -9999.0 -9999.0 -9999.0 -9999.0
25711 20170102  2.424 -170.21   57.16     2.3    -7.6    -2.7    -3.9     0.0     1.01 C     4.4    -8.6    -4.8    99.9    84.5    94.3 -99.000 -99.000 -99.000 -99.000 -99.000 -9999.0 -9999.0 -9999.0 -9999.0 -9999.0
25711 20170103  2.424 -170.21   57.16    -2.8    -9.6    -6.2    -6.6     0.0     2.34 C     0.4   -11.3    -7.2    99.9    94.6    97.2 -99.000 -99.000 -99.000 -99.000 -99.000 -9999.0 -9999.0 -9999.0 -9999.0 -9999.0
25711 20170104  2.424 -170.21   57.16     2.5   -10.6    -4.1    -5.3     0.0     4.10 C     1.8   -11.8    -4.9    95.5    73.7    88.5 -99.000 -99.000 -99.000 -99.000 -99.000 -9999.0 -9999.0 -9999.0 -9999.0 -9999.0
25711 20170105  2.424 -170.21   57.16     4.0     1.8     2.9     3.1     0.0     0.47 C     3.2    -0.3     1.7    86.3    75.7    82.1 -99.000 -99.000 -99.000 -99.000 -99.000 -9999.0 -9999.0 -9999.0 -9999.0 -9999.0
25711 20170106  2.424 -170.21   57.16     4.3     3.3     3.8     3.8     0.0     0.28 C     3.9     2.4     3.1    84.1    75.5    79.8 -99.000 -99.000 -99.000 -99.000 -99.000 -9999.0 -9999.0 -9999.0 -9999.0 -9999.0
25711 20170107  2.424 -170.21   57.16     4.1     2.5     3.3     3.4     0.0     2.27 C     4.4     1.8     2.6    91.1    79.5    86.7 -99.000 -99.000 -99.000 -99.000 -99.000 -9999.0 -9999.0 -9999.0 -9999.0 -9999.0
25711 20170108  2.424 -170.21   57.16     4.0     3.3     3.6     3.7     0.0     1.87 C     4.6     1.6     2.6    90.8    78.5    85.1 -99.000 -99.000 -99.000 -99.000 -99.000 -9999.0 -9999.0 -9999.0 -9999.0 -9999.0
25711 20170109  2.424 -170.21   57.16     3.7    -0.3     1.7     2.5     0.0     0.80 C     4.3    -1.8     1.4    85.3    63.2    73.9 -99.000 -99.000 -99.000 -99.000 -99.000 -9999.0 -9999.0 -9999.0 -9999.0 -9999.0
25711 20170110  2.424 -170.21   57.16     1.5    -2.4    -0.5    -0.1     0.0     0.43 C     0.7    -3.8    -0.6    94.6    73.0    84.2 -99.000 -99.000 -99.000 -99.000 -99.000 -9999.0 -9999.0 -9999.0 -9999.0 -9999.0
25711 20170111  2.424 -170.21   57.16     0.4    -0.8    -0.2    -0.2     0.0     0.47 C     0.0    -1.4    -0.6    89.7    79.4    83.9 -99.000 -99.000 -99.000 -99.000 -99.000 -9999.0 -9999.0 -9999.0 -9999.0 -9999.0
25711 20170112  2.424 -170.21   57.16     0.1    -6.6    -3.3    -2.6     0.0     0.22 C    -0.5    -6.8    -2.9    85.1    73.8    78.8 -99.000 -99.000 -99.000 -99.000 -99.000 -9999.0 -9999.0 -9999.0 -9999.0 -9999.0
25711 20170113  2.424 -170.21   57.16    -5.3    -8.4    -6.9    -7.1     1.2     1.37 C    -5.3    -9.3    -7.7    76.2    59.2    69.3 -99.000 -99.000 -99.000 -99.000 -99.000 -9999.0 -9999.0 -9999.0 -9999.0 -9999.0
25711 20170114  2.424 -170.21   57.16    -4.8    -9.8    -7.3    -6.8     2.1     2.63 C    -3.7   -12.5    -8.2    80.0    60.7    73.5 -99.000 -99.000 -99.000 -99.000 -99.000 -9999.0 -9999.0 -9999.0 -9999.0 -9999.0
25711 20170115  2.424 -170.21   57.16    -5.3   -17.6   -11.5    -8.6     3.6     1.87 C    -5.0   -21.5   -11.3    89.6    56.3    77.8 -99.000 -99.000 -99.000 -99.000 -99.000 -9999.0 -9999.0 -9999.0 -9999.0 -9999.0
25711 20170116  2.424 -170.21   57.16    -5.5   -12.3    -8.9    -7.3     0.9     1.40 C    -5.3   -16.3    -9.0    79.6    58.0    70.0 -99.000 -99.000 -99.000 -99.000 -99.000 -9999.0 -9999.0 -9999.0 -9999.0 -9999.0
25711 20170117  2.424 -170.21   57.16    -2.4    -6.4    -4.4    -4.9     0.2     1.96 C    -3.7    -8.5    -6.5    78.4    56.5    65.6 -99.000 -99.000 -99.000 -99.000 -99.000 -9999.0 -9999.0 -9999.0 -9999.0 -9999.0
25711 20170118  2.424 -170.21   57.16     0.6    -3.8    -1.6    -1.7     9.0     0.67 C    -0.6    -5.4    -2.8    93.6    62.9    82.6 -99.000 -99.000 -99.000 -99.000 -99.000 -9999.0 -9999.0 -9999.0 -9999.0 -9999.0
25711 20170119  2.424 -170.21   57.16     0.0    -9.5    -4.8    -6.3     1.5     0.92 C    -1.4   -11.1    -6.6    92.9    81.3    88.3 -99.000 -99.000 -99.000 -99.000 -99.000 -9999.0 -9999.0 -9999.0 -9999.0 -9999.0
25711 20170120  2.424 -170.21   57.16    -7.1   -16.6   -11.9   -10.0     2.8     2.66 C    -5.8   -21.1   -12.0    90.4    69.1    80.7 -99.000 -99.000 -99.000 -99.000 -99.000 -9999.0 -9999.0 -9999.0 -9999.0 -9999.0
25711 20170121  2.424 -170.21   57.16    -4.1   -17.3   -10.7   -10.2     1.6     2.33 C    -2.7   -21.8   -13.5    97.9    77.1    88.1 -99.000 -99.000 -99.000 -99.000 -99.000 -9999.0 -9999.0 -9999.0 -9999.0 -9999.0
25711 20170122  2.424 -170.21   57.16    -1.4   -10.8    -6.1    -3.1     4.9     0.42 C    -1.8   -17.8    -4.1    97.7    49.7    80.4 -99.000 -99.000 -99.000 -99.000 -99.000 -9999.0 -9999.0 -9999.0 -9999.0 -9999.0
25711 20170123  2.424 -170.21   57.16    -3.8    -5.0    -4.4    -4.3     5.2     0.89 C    -4.0    -5.1    -4.4    99.9    91.8    96.7 -99.000 -99.000 -99.000 -99.000 -99.000 -9999.0 -9999.0 -9999.0 -9999.0 -9999.0
25711 20170124  2.424 -170.21   57.16    -4.8    -6.2    -5.5    -5.6     2.3     1.59 C    -5.0    -6.8    -5.8    92.4    80.1    87.4 -99.000 -99.000 -99.000 -99.000 -99.000 -9999.0 -9999.0 -9999.0 -9999.0 -9999.0
25711 20170125  2.424 -170.21   57.16    -4.4    -6.3    -5.4    -5.3     0.2     1.13 C    -4.8    -6.8    -5.8    82.2    75.6    79.1 -99.000 -99.000 -99.000 -99.000 -99.000 -9999.0 -9999.0 -9999.0 -9999.0 -9999.0
25711 20170126  2.424 -170.21   57.16    -4.4    -6.5    -5.5    -5.5     1.8     2.10 C    -5.0    -8.3    -6.2    88.2    76.6    83.2 -99.000 -99.000 -99.000 -99.000 -99.000 -9999.0 -9999.0 -9999.0 -9999.0 -9999.0
25711 20170127  2.424 -170.21   57.16    -1.6    -6.4    -4.0    -4.4     0.9     2.26 C    -3.5    -8.3    -5.7    82.8    62.7    77.8 -99.000 -99.000 -99.000 -99.000 -99.000 -9999.0 -9999.0 -9999.0 -9999.0 -9999.0
25711 20170128  2.424 -170.21   57.16    -1.2   -10.1    -5.7    -3.2     2.6     3.03 C    -1.7   -12.4    -5.2    96.2    59.1    77.5 -99.000 -99.000 -99.000 -99.000 -99.000 -9999.0 -9999.0 -9999.0 -9999.0 -9999.0
25711 20170129  2.424 -170.21   57.16     2.8    -2.6     0.1     0.9     6.4     0.62 C     2.1    -6.0    -0.3    95.0    53.4    80.6 -99.000 -99.000 -99.000 -99.000 -99.000 -9999.0 -9999.0 -9999.0 -9999.0 -9999.0
25711 20170130  2.424 -170.21   57.16     2.5     0.1     1.3     1.4     0.0     3.79 C     1.1    -1.7     0.0    92.5    74.1    81.4 -99.000 -99.000 -99.000 -99.000 -99.000 -9999.0 -9999.0 -9999.0 -9999.0 -9999.0
25711 20170131  2.424 -170.21   57.16     2.9    -2.3     0.3     1.2     0.0     3.01 C     1.8    -4.7    -0.6    85.6    70.7    77.5 -99.000 -99.000 -99.000 -99.000 -99.000 -9999.0 -9999.0 -9999.0 -9999.0 -9999.0
25711 20170201  2.424 -170.21   57.16     3.0     2.5     2.8     2.7     0.0     3.48 C     1.4     0.7     1.0    83.4    77.6    81.5 -99.000 -99.000 -99.000 -99.000 -99.000 -9999.0 -9999.0 -9999.0 -9999.0 -9999.0
25711 20170202  2.424 -170.21   57.16     3.0     1.4     2.2     2.5     0.5     3.30 C     1.6     0.5     1.1    88.1    74.7    79.6 -99.000 -99.000 -99.000 -99.000 -99.000 -9999.0 -9999.0 -9999.0 -9999.0 -9999.0
25711 20170203  2.424 -170.21   57.16     3.4     1.5     2.4     2.9     0.0     1.82 C     2.2     0.8     1.6    88.1    83.3    85.9 -99.000 -99.000 -99.000 -99.000 -99.000 -9999.0 -9999.0 -9999.0 -9999.0 -9999.0
25711 20170204  2.424 -170.21   57.16     3.0     1.2     2.1     2.4     0.4     2.45 C     2.8     0.9     1.6    90.6    83.2    86.6 -99.000 -99.000 -99.000 -99.000 -99.000 -9999.0 -9999.0 -9999.0 -9999.0 -9999.0
25711 20170205  2.424 -170.21   57.16     3.2    -0.5     1.3     1.8     0.0     2.88 C     4.3    -1.2     1.5    95.8    83.3    88.9 -99.000 -99.000 -99.000 -99.000 -99.000 -9999.0 -9999.0 -9999.0 -9999.0 -9999.0
25711 20170206  2.424 -170.21   57.16     0.7    -2.2    -0.7    -0.7     0.0     3.86 C     2.3    -2.7    -1.3    91.1    80.6    86.3 -99.000 -99.000 -99.000 -99.000 -99.000 -9999.0 -9999.0 -9999.0 -9999.0 -9999.0
25711 20170207  2.424 -170.21   57.16    -2.0    -4.0    -3.0    -3.0     0.0     1.26 C    -1.3    -4.3    -2.9    88.6    82.0    85.9 -99.000 -99.000 -99.000 -99.000 -99.000 -9999.0 -9999.0 -9999.0 -9999.0 -9999.0
25711 20170208  2.424 -170.21   57.16    -2.0    -9.5    -5.8    -3.8     0.0     1.83 C    -0.6   -10.9    -4.0    85.2    73.9    79.0 -99.000 -99.000 -99.000 -99.000 -99.000 -9999.0 -9999.0 -9999.0 -9999.0 -9999.0
25711 20170209  2.424 -170.21   57.16    -4.6    -8.2    -6.4    -6.3     0.0     1.50 C    -3.9    -8.3    -6.2    81.2    70.5    76.8 -99.000 -99.000 -99.000 -99.000 -99.000 -9999.0 -9999.0 -9999.0 -9999.0 -9999.0
25711 20170210  2.424 -170.21   57.16    -7.5   -10.0    -8.7    -9.2     0.3     1.85 C    -7.6   -10.2    -9.3    80.2    71.0    77.0 -99.000 -99.000 -99.000 -99.000 -99.000 -9999.0 -9999.0 -9999.0 -9999.0 -9999.0
25711 20170211  2.424 -170.21   57.16    -6.6    -9.5    -8.1    -8.4     0.0     2.60 C    -6.9   -10.3    -8.6    79.1    71.1    76.3 -99.000 -99.000 -99.000 -99.000 -99.000 -9999.0 -9999.0 -9999.0 -9999.0 -9999.0
25711 20170212  2.424 -170.21   57.16    -7.5    -9.2    -8.4    -8.4     0.3     2.48 C    -6.5   -10.3    -8.6    79.0    70.6    77.2 -99.000 -99.000 -99.000 -99.000 -99.000 -9999.0 -9999.0 -9999.0 -9999.0 -9999.0
25711 20170213  2.424 -170.21   57.16    -8.5   -11.4   -10.0   -10.0     0.6     2.87 C    -8.5   -12.3   -10.2    84.7    61.4    75.7 -99.000 -99.000 -99.000 -99.000 -99.000 -9999.0 -9999.0 -9999.0 -9999.0 -9999.0
25711 20170214  2.424 -170.21   57.16    -5.6    -9.1    -7.3    -6.7     2.5     2.17 C    -5.5    -9.3    -6.8    91.4    84.2    88.6 -99.000 -99.000 -99.000 -99.000 -99.000 -9999.0 -9999.0 -9999.0 -9999.0 -9999.0
25711 20170215  2.424 -170.21   57.16    -7.0    -7.8    -7.4    -7.4     0.2     1.54 C    -7.0    -8.1    -7.6    90.2    81.6    85.5 -99.000 -99.000 -99.000 -99.000 -99.000 -9999.0 -9999.0 -9999.0 -9999.0 -9999.0
25711 20170216  2.424 -170.21   57.16    -7.6   -11.5    -9.5    -9.7     0.0     4.60 C    -8.0   -12.3    -9.9    81.4    77.0    79.2 -99.000 -99.000 -99.000 -99.000 -99.000 -9999.0 -9999.0 -9999.0 -9999.0 -9999.0
25711 20170217  2.424 -170.21   57.16   -10.8   -12.6   -11.7   -11.6     0.0     5.59 C    -9.9   -13.6   -11.8    81.5    76.4    79.0 -99.000 -99.000 -99.000 -99.000 -99.000 -9999.0 -9999.0 -9999.0 -9999.0 -9999.0
25711 20170218  2.424 -170.21   57.16   -10.6   -13.3   -12.0   -11.7     0.0     6.90 C    -9.7   -16.0   -12.2    78.6    66.5    73.6 -99.000 -99.000 -99.000 -99.000 -99.000 -9999.0 -9999.0 -9999.0 -9999.0 -9999.0
25711 20170219  2.424 -170.21   57.16    -5.1   -19.4   -12.3   -11.7     0.0     7.99 C    -5.0   -24.1   -14.8    84.1    62.8    73.6 -99.000 -99.000 -99.000 -99.000 -99.000 -9999.0 -9999.0 -9999.0 -9999.0 -9999.0
25711 20170220  2.424 -170.21   57.16    -1.5   -14.7    -8.1    -3.9     3.4     1.63 C    -1.8   -16.8    -4.9    91.6    67.5    80.5 -99.000 -99.000 -99.000 -99.000 -99.000 -9999.0 -9999.0 -9999.0 -9999.0 -9999.0
25711 20170221  2.424 -170.21   57.16    -0.6    -5.0    -2.8    -2.1     2.5     4.95 C     1.0    -6.9    -2.0    95.0    90.3    92.6 -99.000 -99.000 -99.000 -99.000 -99.000 -9999.0 -9999.0 -9999.0 -9999.0 -9999.0
25711 20170222  2.424 -170.21   57.16     4.3    -1.3     1.5     2.5     5.5     1.06 C     3.5    -1.7     2.0    99.2    90.6    95.4 -99.000 -99.000 -99.000 -99.000 -99.000 -9999.0 -9999.0 -9999.0 -9999.0 -9999.0
25711 20170223  2.424 -170.21   57.16     3.5     0.1     1.8     1.8     5.5     6.80 C     4.8    -0.1     1.5    99.7    82.4    91.5 -99.000 -99.000 -99.000 -99.000 -99.000 -9999.0 -9999.0 -9999.0 -9999.0 -9999.0
25711 20170224  2.424 -170.21   57.16     3.2     0.5     1.8     2.2     0.0     5.90 C     4.2     0.1     1.7    89.2    79.6    84.7 -99.000 -99.000 -99.000 -99.000 -99.000 -9999.0 -9999.0 -9999.0 -9999.0 -9999.0
25711 20170225  2.424 -170.21   57.16     3.2     0.4     1.8     2.3     6.7     1.29 C     3.4     0.1     2.3    99.0    83.2    93.2 -99.000 -99.000 -99.000 -99.000 -99.000 -9999.0 -9999.0 -9999.0 -9999.0 -9999.0
25711 20170226  2.424 -170.21   57.16     3.1    -0.6     1.2     1.6     5.3     4.01 C     3.8    -2.1     1.5   100.0    84.5    95.8 -99.000 -99.000 -99.000 -99.000 -99.000 -9999.0 -9999.0 -9999.0 -9999.0 -9999.0
25711 20170227  2.424 -170.21   57.16     1.7    -4.2    -1.2    -0.6     0.0     8.90 C     4.2    -5.9    -1.3    89.3    64.2    76.1 -99.000 -99.000 -99.000 -99.000 -99.000 -9999.0 -9999.0 -9999.0 -9999.0 -9999.0
25711 20170228  2.424 -170.21   57.16    -2.4    -8.1    -5.3    -5.6     0.0     2.60 C    -4.2    -9.2    -5.9    78.0    66.5    74.3 -99.000 -99.000 -99.000 -99.000 -99.000 -9999.0 -9999.0 -9999.0 -9999.0 -9999.0
25711 20170301  2.424 -170.21   57.16    -4.2   -10.8    -7.5    -7.0     0.0     9.18 C    -1.4   -13.8    -7.4    78.7    61.5    72.2 -99.000 -99.000 -99.000 -99.000 -99.000 -9999.0 -9999.0 -9999.0 -9999.0 -9999.0
25711 20170302  2.424 -170.21   57.16    -1.2   -11.3    -6.2    -4.8     0.0     5.05 C     1.4   -15.1    -5.6    78.6    66.0    74.2 -99.000 -99.000 -99.000 -99.000 -99.000 -9999.0 -9999.0 -9999.0 -9999.0 -9999.0
25711 20170303  2.424 -170.21   57.16    -0.1    -2.9    -1.5    -1.5     0.0     3.28 C     1.0    -3.3    -1.3    86.0    78.3    82.6 -99.000 -99.000 -99.000 -99.000 -99.000 -9999.0 -9999.0 -9999.0 -9999.0 -9999.0
25711 20170304  2.424 -170.21   57.16     2.1    -0.2     1.0     1.1     2.5     2.63 C     2.4    -0.5     0.9    98.1    85.7    92.4 -99.000 -99.000 -99.000 -99.000 -99.000 -9999.0 -9999.0 -9999.0 -9999.0 -9999.0
25711 20170305  2.424 -170.21   57.16     2.0    -0.2     0.9     1.3     0.0     3.13 C     2.7    -0.5     1.1    96.4    81.2    89.7 -99.000 -99.000 -99.000 -99.000 -99.000 -9999.0 -9999.0 -9999.0 -9999.0 -9999.0
25711 20170306  2.424 -170.21   57.16    -0.1    -1.7    -0.9    -1.1     0.0     4.47 C     1.5    -1.9    -0.9    82.9    73.1    77.8 -99.000 -99.000 -99.000 -99.000 -99.000 -9999.0 -9999.0 -9999.0 -9999.0 -9999.0
25711 20170307  2.424 -170.21   57.16     0.4    -1.8    -0.7    -1.2     0.0     5.72 C     4.1    -3.1    -1.1    80.6    71.9    76.7 -99.000 -99.000 -99.000 -99.000 -99.000 -9999.0 -9999.0 -9999.0 -9999.0 -9999.0
25711 20170308  2.424 -170.21   57.16     1.2    -1.6    -0.2    -0.2     0.0    11.75 C     5.7    -3.2    -0.2    78.8    71.3    74.4 -99.000 -99.000 -99.000 -99.000 -99.000 -9999.0 -9999.0 -9999.0 -9999.0 -9999.0
25711 20170309  2.424 -170.21   57.16     2.3     0.1     1.2     0.9     0.0     7.37 C     6.4    -2.2     0.8    80.4    75.2    77.9 -99.000 -99.000 -99.000 -99.000 -99.000 -9999.0 -9999.0 -9999.0 -9999.0 -9999.0
25711 20170310  2.424 -170.21   57.16     2.4    -7.9    -2.8    -0.8     0.0    12.73 C     6.2   -10.4    -0.6    89.8    71.7    79.3 -99.000 -99.000 -99.000 -99.000 -99.000 -9999.0 -9999.0 -9999.0 -9999.0 -9999.0
25711 20170311  2.424 -170.21   57.16     0.3    -4.6    -2.2    -1.8     0.0     2.65 C     0.5    -5.9    -1.9    94.5    73.4    83.8 -99.000 -99.000 -99.000 -99.000 -99.000 -9999.0 -9999.0 -9999.0 -9999.0 -9999.0
25711 20170312  2.424 -170.21   57.16     1.1    -2.6    -0.7    -0.9     0.0    13.01 C     3.7    -4.0    -0.6    98.1    72.9    84.8 -99.000 -99.000 -99.000 -99.000 -99.000 -9999.0 -9999.0 -9999.0 -9999.0 -9999.0
25711 20170313  2.424 -170.21   57.16     1.8    -3.7    -0.9    -1.4     0.0     7.97 C     6.6    -5.3    -1.4    80.8    69.3    75.6 -99.000 -99.000 -99.000 -99.000 -99.000 -9999.0 -9999.0 -9999.0 -9999.0 -9999.0
25711 20170314  2.424 -170.21   57.16    -1.0    -6.6    -3.8    -2.8     0.0     3.91 C     2.6    -9.1    -2.6    81.9    69.0    77.9 -99.000 -99.000 -99.000 -99.000 -99.000 -9999.0 -9999.0 -9999.0 -9999.0 -9999.0
25711 20170315  2.424 -170.21   57.16    -1.8   -13.0    -7.4    -5.3     0.0    11.84 C     3.3   -16.8    -4.7    86.0    44.6    71.9 -99.000 -99.000 -99.000 -99.000 -99.000 -9999.0 -9999.0 -9999.0 -9999.0 -9999.0
25711 20170316  2.424 -170.21   57.16    -0.5   -14.1    -7.3    -6.4     0.0    14.11 C     6.0   -17.3    -6.1    86.1    62.0    75.4 -99.000 -99.000 -99.000 -99.000 -99.000 -9999.0 -9999.0 -9999.0 -9999.0 -9999.0
25711 20170317  2.424 -170.21   57.16     0.5    -2.1    -0.8    -1.2     0.0    13.90 C     5.1    -4.4    -1.0    78.1    61.9    70.4 -99.000 -99.000 -99.000 -99.000 -99.000 -9999.0 -9999.0 -9999.0 -9999.0 -9999.0
25711 20170318  2.424 -170.21   57.16    -0.9    -2.7    -1.8    -1.9     0.0     5.04 C     2.1    -2.9    -1.5    87.2    76.1    81.9 -99.000 -99.000 -99.000 -99.000 -99.000 -9999.0 -9999.0 -9999.0 -9999.0 -9999.0
25711 20170319  2.424 -170.21   57.16    -1.2    -4.4    -2.8    -2.6     0.0     4.20 C     0.5    -6.3    -2.6    88.5    58.1    74.0 -99.000 -99.000 -99.000 -99.000 -99.000 -9999.0 -9999.0 -9999.0 -9999.0 -9999.0
25711 20170320  2.424 -170.21   57.16    -2.6    -6.1    -4.4    -4.2     0.0    15.24 C     2.5    -7.7    -3.6    76.6    57.2    67.5 -99.000 -99.000 -99.000 -99.000 -99.000 -9999.0 -9999.0 -9999.0 -9999.0 -9999.0
25711 20170321  2.424 -170.21   57.16    -1.8    -6.2    -4.0    -4.5     0.0    14.84 C     2.9    -8.0    -4.1    76.0    48.1    66.4 -99.000 -99.000 -99.000 -99.000 -99.000 -9999.0 -9999.0 -9999.0 -9999.0 -9999.0
25711 20170322  2.424 -170.21   57.16    -0.8    -5.5    -3.2    -3.4     0.0    11.87 C     5.5    -6.5    -2.8    79.1    56.2    70.8 -99.000 -99.000 -99.000 -99.000 -99.000 -9999.0 -9999.0 -9999.0 -9999.0 -9999.0
25711 20170323  2.424 -170.21   57.16     0.9   -11.1    -5.1    -2.8     0.0    15.79 C     6.6   -15.1    -2.8    81.7    50.8    66.1 -99.000 -99.000 -99.000 -99.000 -99.000 -9999.0 -9999.0 -9999.0 -9999.0 -9999.0
25711 20170324  2.424 -170.21   57.16     0.0    -3.9    -2.0    -2.3     0.0    15.03 C     3.4    -5.1    -2.2    75.8    61.1    70.9 -99.000 -99.000 -99.000 -99.000 -99.000 -9999.0 -9999.0 -9999.0 -9999.0 -9999.0
25711 20170325  2.424 -170.21   57.16     0.7    -3.8    -1.5    -2.1     0.0    15.72 C     4.8    -4.7    -1.8    80.2    57.5    72.5 -99.000 -99.000 -99.000 -99.000 -99.000 -9999.0 -9999.0 -9999.0 -9999.0 -9999.0
25711 20170326  2.424 -170.21   57.16     0.2    -4.6    -2.2    -2.2     0.0    16.71 C     4.0    -5.9    -2.0    79.8    58.1    72.4 -99.000 -99.000 -99.000 -99.000 -99.000 -9999.0 -9999.0 -9999.0 -9999.0 -9999.0
25711 20170327  2.424 -170.21   57.16    -1.2    -7.1    -4.2    -4.1     0.0    16.97 C     2.9    -8.5    -3.7    79.9    56.5    71.8 -99.000 -99.000 -99.000 -99.000 -99.000 -9999.0 -9999.0 -9999.0 -9999.0 -9999.0
25711 20170328  2.424 -170.21   57.16    -1.9   -12.7    -7.3    -6.2     0.0    17.14 C     4.2   -17.1    -5.9    88.0    43.8    71.3 -99.000 -99.000 -99.000 -99.000 -99.000 -9999.0 -9999.0 -9999.0 -9999.0 -9999.0
25711 20170329  2.424 -170.21   57.16    -3.1   -13.0    -8.1    -7.1     0.0    15.52 C     1.9   -16.5    -7.1    87.6    65.8    78.4 -99.000 -99.000 -99.000 -99.000 -99.000 -9999.0 -9999.0 -9999.0 -9999.0 -9999.0
25711 20170330  2.424 -170.21   57.16    -6.6   -10.2    -8.4    -8.6     0.0    15.33 C    -2.4   -10.9    -7.8    83.0    68.8    78.0 -99.000 -99.000 -99.000 -99.000 -99.000 -9999.0 -9999.0 -9999.0 -9999.0 -9999.0
25711 20170331  2.424 -170.21   57.16    -3.4   -10.6    -7.0    -7.1     0.0    16.40 C     1.4   -11.5    -6.3    81.8    60.2    73.8 -99.000 -99.000 -99.000 -99.000 -99.000 -9999.0 -9999.0 -9999.0 -9999.0 -9999.0
25711 20170401  2.424 -170.21   57.16     0.6    -5.4    -2.4    -2.8     0.0    17.91 C     6.1    -8.2    -2.0    77.1    52.2    66.2 -99.000 -99.000 -99.000 -99.000 -99.000 -9999.0 -9999.0 -9999.0 -9999.0 -9999.0
25711 20170402  2.424 -170.21   57.16     1.2   -11.0    -4.9    -3.4     0.3    17.83 C     9.2   -14.2    -2.6    91.9    53.0    74.4 -99.000 -99.000 -99.000 -99.000 -99.000 -9999.0 -9999.0 -9999.0 -9999.0 -9999.0
25711 20170403  2.424 -170.21   57.16    -4.2   -10.4    -7.3    -5.3     0.0     4.23 C    -2.7   -14.2    -5.0    88.2    76.9    80.2 -99.000 -99.000 -99.000 -99.000 -99.000 -9999.0 -9999.0 -9999.0 -9999.0 -9999.0
25711 20170404  2.424 -170.21   57.16    -3.9    -6.6    -5.3    -5.1     0.0     6.18 C    -1.8    -6.5    -4.6    82.5    63.5    76.2 -99.000 -99.000 -99.000 -99.000 -99.000 -9999.0 -9999.0 -9999.0 -9999.0 -9999.0
25711 20170405  2.424 -170.21   57.16    -1.8    -6.4    -4.1    -3.6     0.0     7.30 C     1.9    -8.1    -3.1    76.6    54.3    65.8 -99.000 -99.000 -99.000 -99.000 -99.000 -9999.0 -9999.0 -9999.0 -9999.0 -9999.0
25711 20170406  2.424 -170.21   57.16    -0.6    -7.0    -3.8    -3.5     0.0    17.03 C     7.4    -9.2    -1.9    78.2    57.8    68.7 -99.000 -99.000 -99.000 -99.000 -99.000 -9999.0 -9999.0 -9999.0 -9999.0 -9999.0
25711 20170407  2.424 -170.21   57.16    -2.8    -5.6    -4.2    -3.8     0.0     5.81 C     0.5    -7.3    -3.1    83.8    73.3    78.4 -99.000 -99.000 -99.000 -99.000 -99.000 -9999.0 -9999.0 -9999.0 -9999.0 -9999.0
25711 20170408  2.424 -170.21   57.16    -1.1    -4.3    -2.7    -2.8     0.0     7.73 C     6.4    -4.4    -1.1    90.7    76.8    84.2 -99.000 -99.000 -99.000 -99.000 -99.000 -9999.0 -9999.0 -9999.0 -9999.0 -9999.0
25711 20170409  2.424 -170.21   57.16    -0.6    -2.3    -1.4    -1.5     0.0     7.17 C     1.9    -2.3    -0.8    93.4    84.0    89.4 -99.000 -99.000 -99.000 -99.000 -99.000 -9999.0 -9999.0 -9999.0 -9999.0 -9999.0
25711 20170410  2.424 -170.21   57.16    -0.2    -2.8    -1.5    -1.8     0.0     8.56 C     5.9    -2.6    -0.1    99.9    85.0    92.0 -99.000 -99.000 -99.000 -99.000 -99.000 -9999.0 -9999.0 -9999.0 -9999.0 -9999.0
25711 20170411  2.424 -170.21   57.16     2.7    -1.3     0.7     1.1    10.2     2.42 C     2.3    -1.3     1.2   100.0    93.4    96.8 -99.000 -99.000 -99.000 -99.000 -99.000 -9999.0 -9999.0 -9999.0 -9999.0 -9999.0
25711 20170412  2.424 -170.21   57.16     2.7     1.2     2.0     2.0     5.6     7.58 C     6.3     0.1     2.6   100.0    94.6    97.8 -99.000 -99.000 -99.000 -99.000 -99.000 -9999.0 -9999.0 -9999.0 -9999.0 -9999.0
25711 20170413  2.424 -170.21   57.16     4.1     1.0     2.5     2.2     0.0    14.88 C     9.9     0.1     3.3    96.6    85.7    92.2 -99.000 -99.000 -99.000 -99.000 -99.000 -9999.0 -9999.0 -9999.0 -9999.0 -9999.0
25711 20170414  2.424 -170.21   57.16     2.1     0.9     1.5     1.4     5.9     5.23 C     4.2     0.3     1.6    97.9    87.2    94.4 -99.000 -99.000 -99.000 -99.000 -99.000 -9999.0 -9999.0 -9999.0 -9999.0 -9999.0
25711 20170415  2.424 -170.21   57.16     4.7     0.6     2.6     2.3     1.1    11.61 C     8.7    -0.1     3.1   100.0    78.6    93.0 -99.000 -99.000 -99.000 -99.000 -99.000 -9999.0 -9999.0 -9999.0 -9999.0 -9999.0
25711 20170416  2.424 -170.21   57.16     5.7    -3.3     1.2     1.2     0.0    18.41 C    11.2    -6.1     1.7    99.0    61.9    83.4 -99.000 -99.000 -99.000 -99.000 -99.000 -9999.0 -9999.0 -9999.0 -9999.0 -9999.0
25711 20170417  2.424 -170.21   57.16     6.2    -6.3     0.0     0.4     0.0    16.60 C    15.3    -8.3     1.7    99.9    62.8    86.8 -99.000 -99.000 -99.000 -99.000 -99.000 -9999.0 -9999.0 -9999.0 -9999.0 -9999.0
25711 20170418  2.424 -170.21   57.16     1.1    -6.5    -2.7    -1.3     0.0     9.80 C     4.2    -9.0    -0.7    98.9    86.7    95.0 -99.000 -99.000 -99.000 -99.000 -99.000 -9999.0 -9999.0 -9999.0 -9999.0 -9999.0
25711 20170419  2.424 -170.21   57.16     1.7    -2.2    -0.3    -0.6     0.0    18.23 C     7.0    -2.3     0.7    97.6    51.4    79.0 -99.000 -99.000 -99.000 -99.000 -99.000 -9999.0 -9999.0 -9999.0 -9999.0 -9999.0
25711 20170420  2.424 -170.21   57.16    -0.4    -3.2    -1.8    -1.7     0.0     5.17 C     3.1    -3.1    -0.6    80.8    68.7    77.2 -99.000 -99.000 -99.000 -99.000 -99.000 -9999.0 -9999.0 -9999.0 -9999.0 -9999.0
25711 20170421  2.424 -170.21   57.16     2.3    -2.4     0.0     0.1     0.0    12.26 C     6.9    -4.7     0.5    96.5    65.4    79.9 -99.000 -99.000 -99.000 -99.000 -99.000 -9999.0 -9999.0 -9999.0 -9999.0 -9999.0
25711 20170422  2.424 -170.21   57.16     3.0     0.2     1.6     1.2     2.6     7.56 C     5.3    -0.4     1.4   100.0    90.2    94.9 -99.000 -99.000 -99.000 -99.000 -99.000 -9999.0 -9999.0 -9999.0 -9999.0 -9999.0
25711 20170423  2.424 -170.21   57.16     3.0     0.2     1.6     1.3     0.0    10.61 C     7.2     0.2     2.1   100.0    96.7    99.3 -99.000 -99.000 -99.000 -99.000 -99.000 -9999.0 -9999.0 -9999.0 -9999.0 -9999.0
25711 20170424  2.424 -170.21   57.16     4.3     0.0     2.2     1.7     0.0    14.16 C    10.6     0.0     3.2   100.0    86.8    96.2 -99.000 -99.000 -99.000 -99.000 -99.000 -9999.0 -9999.0 -9999.0 -9999.0 -9999.0
25711 20170425  2.424 -170.21   57.16     3.2     0.1     1.6     1.6     0.3     8.75 C     7.4    -0.9     2.4    99.8    95.3    97.6 -99.000 -99.000 -99.000 -99.000 -99.000 -9999.0 -9999.0 -9999.0 -9999.0 -9999.0
25711 20170426  2.424 -170.21   57.16     4.7     0.2     2.5     2.1     0.0    13.81 C    12.5    -1.0     4.0   100.0    83.6    95.4 -99.000 -99.000 -99.000 -99.000 -99.000 -9999.0 -9999.0 -9999.0 -9999.0 -9999.0
25711 20170427  2.424 -170.21   57.16     4.2    -1.9     1.2     1.7     1.0    10.95 C     9.4    -2.8     2.8   100.0    83.1    95.3 -99.000 -99.000 -99.000 -99.000 -99.000 -9999.0 -9999.0 -9999.0 -9999.0 -9999.0
25711 20170428  2.424 -170.21   57.16     4.4    -0.9     1.8     1.8     0.0    17.07 C    12.4    -1.6     3.8   100.0    81.2    92.9 -99.000 -99.000 -99.000 -99.000 -99.000 -9999.0 -9999.0 -9999.0 -9999.0 -9999.0
25711 20170429  2.424 -170.21   57.16     2.9     1.6     2.2     2.2     2.6     7.09 C     3.4     1.7     2.2    99.4    92.1    95.7 -99.000 -99.000 -99.000 -99.000 -99.000 -9999.0 -9999.0 -9999.0 -9999.0 -9999.0
25711 20170430  2.424 -170.21   57.16     2.5     0.5     1.5     1.5     0.2     9.09 C     5.2     0.5     2.0   100.0    97.4    99.3 -99.000 -99.000 -99.000 -99.000 -99.000 -9999.0 -9999.0 -9999.0 -9999.0 -9999.0
25711 20170501  2.424 -170.21   57.16     4.1    -0.1     2.0     1.6     1.4    10.90 C     8.3     0.0     2.6   100.0    96.4    98.4 -99.000 -99.000 -99.000 -99.000 -99.000 -9999.0 -9999.0 -9999.0 -9999.0 -9999.0
25711 20170502  2.424 -170.21   57.16     2.2    -0.8     0.7     0.1     0.0    13.66 C     5.7    -0.8     1.0   100.0    80.1    93.3 -99.000 -99.000 -99.000 -99.000 -99.000 -9999.0 -9999.0 -9999.0 -9999.0 -9999.0
25711 20170503  2.424 -170.21   57.16     5.6    -2.3     1.7     1.6     0.0    10.79 C    11.2    -3.4     2.9    95.4    60.6    84.2 -99.000 -99.000 -99.000 -99.000 -99.000 -9999.0 -9999.0 -9999.0 -9999.0 -9999.0
25711 20170504  2.424 -170.21   57.16     3.5    -0.8     1.4     0.9     0.0    13.47 C     9.5    -1.2     1.9    95.2    74.0    86.0 -99.000 -99.000 -99.000 -99.000 -99.000 -9999.0 -9999.0 -9999.0 -9999.0 -9999.0
25711 20170505  2.424 -170.21   57.16     1.6    -0.7     0.4     0.4     2.7     4.96 C     1.9    -0.9     0.4   100.0    82.9    92.5 -99.000 -99.000 -99.000 -99.000 -99.000 -9999.0 -9999.0 -9999.0 -9999.0 -9999.0
25711 20170506  2.424 -170.21   57.16     4.7     0.5     2.6     2.4     0.8    13.23 C     9.2     0.5     3.4   100.0    88.7    97.4 -99.000 -99.000 -99.000 -99.000 -99.000 -9999.0 -9999.0 -9999.0 -9999.0 -9999.0
25711 20170507  2.424 -170.21   57.16     2.0     0.6     1.3     1.4     2.8     6.48 C     3.0     0.3     1.7   100.0    95.2    97.9 -99.000 -99.000 -99.000 -99.000 -99.000 -9999.0 -9999.0 -9999.0 -9999.0 -9999.0
25711 20170508  2.424 -170.21   57.16     4.1     0.4     2.2     1.6     0.0    15.35 C    13.1     0.1     3.9    95.4    80.1    90.7 -99.000 -99.000 -99.000 -99.000 -99.000 -9999.0 -9999.0 -9999.0 -9999.0 -9999.0
25711 20170509  2.424 -170.21   57.16     4.5     0.9     2.7     2.4     0.0    10.02 C    11.1     0.8     4.1    96.9    88.2    93.6 -99.000 -99.000 -99.000 -99.000 -99.000 -9999.0 -9999.0 -9999.0 -9999.0 -9999.0
25711 20170510  2.424 -170.21   57.16     4.0     2.2     3.1     3.1     2.6     6.95 C     6.1     2.2     3.6    96.9    87.1    92.7 -99.000 -99.000 -99.000 -99.000 -99.000 -9999.0 -9999.0 -9999.0 -9999.0 -9999.0
25711 20170511  2.424 -170.21   57.16     5.2     2.9     4.1     3.6     6.8    11.66 C    12.4     2.6     4.8   100.0    88.5    95.4 -99.000 -99.000 -99.000 -99.000 -99.000 -9999.0 -9999.0 -9999.0 -9999.0 -9999.0
25711 20170512  2.424 -170.21   57.16     5.0     2.1     3.5     3.4     3.2     7.32 C     7.4     2.1     4.0    99.3    93.5    96.1 -99.000 -99.000 -99.000 -99.000 -99.000 -9999.0 -9999.0 -9999.0 -9999.0 -9999.0
25711 20170513  2.424 -170.21   57.16     7.1     1.7     4.4     3.4     0.0    15.36 C    16.6     1.7     5.2    99.1    79.2    91.5 -99.000 -99.000 -99.000 -99.000 -99.000 -9999.0 -9999.0 -9999.0 -9999.0 -9999.0
25711 20170514  2.424 -170.21   57.16     3.6     0.4     2.0     1.8     0.0     9.02 C     8.3     0.4     3.3    99.5    86.4    93.7 -99.000 -99.000 -99.000 -99.000 -99.000 -9999.0 -9999.0 -9999.0 -9999.0 -9999.0
25711 20170515  2.424 -170.21   57.16     3.9     1.4     2.6     2.5    11.4     4.72 C     4.4     1.3     2.6   100.0    91.2    97.9 -99.000 -99.000 -99.000 -99.000 -99.000 -9999.0 -9999.0 -9999.0 -9999.0 -9999.0
25711 20170516  2.424 -170.21   57.16     4.1     2.0     3.1     2.9     0.8     8.16 C     5.6     2.1     3.3   100.0    98.9    99.8 -99.000 -99.000 -99.000 -99.000 -99.000 -9999.0 -9999.0 -9999.0 -9999.0 -9999.0
25711 20170517  2.424 -170.21   57.16     4.8     1.6     3.2     2.9     0.5     9.08 C     7.7     1.6     3.7   100.0    91.0    98.0 -99.000 -99.000 -99.000 -99.000 -99.000 -9999.0 -9999.0 -9999.0 -9999.0 -9999.0
25711 20170518  2.424 -170.21   57.16     5.2    -0.1     2.6     2.6     0.0    13.42 C    12.2    -1.4     4.8   100.0    90.7    97.3 -99.000 -99.000 -99.000 -99.000 -99.000 -9999.0 -9999.0 -9999.0 -9999.0 -9999.0
25711 20170519  2.424 -170.21   57.16     7.4     1.8     4.6     3.5     0.0    14.93 C    21.0     1.3     6.5   100.0    74.2    91.9 -99.000 -99.000 -99.000 -99.000 -99.000 -9999.0 -9999.0 -9999.0 -9999.0 -9999.0
25711 20170520  2.424 -170.21   57.16     7.4     0.7     4.0     3.8     0.0    15.93 C    16.6     0.3     6.4    95.6    71.3    85.3 -99.000 -99.000 -99.000 -99.000 -99.000 -9999.0 -9999.0 -9999.0 -9999.0 -9999.0
25711 20170521  2.424 -170.21   57.16     6.8     1.2     4.0     4.1     6.8    14.59 C    12.3     1.2     5.2    99.8    78.7    90.5 -99.000 -99.000 -99.000 -99.000 -99.000 -9999.0 -9999.0 -9999.0 -9999.0 -9999.0
25711 20170522  2.424 -170.21   57.16     6.1     2.9     4.5     4.5     0.4    10.84 C    10.0     1.6     5.0    93.0    80.2    87.3 -99.000 -99.000 -99.000 -99.000 -99.000 -9999.0 -9999.0 -9999.0 -9999.0 -9999.0
25711 20170523  2.424 -170.21   57.16     7.4     2.3     4.9     4.3     0.3    20.95 C    17.0     1.4     6.3    95.5    70.9    86.2 -99.000 -99.000 -99.000 -99.000 -99.000 -9999.0 -9999.0 -9999.0 -9999.0 -9999.0
25711 20170524  2.424 -170.21   57.16     7.0     1.0     4.0     4.2     1.1    24.00 C    12.1    -0.1     5.3    94.0    71.8    84.5 -99.000 -99.000 -99.000 -99.000 -99.000 -9999.0 -9999.0 -9999.0 -9999.0 -9999.0
25711 20170525  2.424 -170.21   57.16     8.6    -0.8     3.9     4.4     0.0    19.95 C    17.5    -3.7     6.1    90.2    69.5    81.1 -99.000 -99.000 -99.000 -99.000 -99.000 -9999.0 -9999.0 -9999.0 -9999.0 -9999.0
25711 20170526  2.424 -170.21   57.16     6.3     0.9     3.6     4.1     0.0    11.19 C    10.7    -0.7     5.2    91.5    70.7    78.7 -99.000 -99.000 -99.000 -99.000 -99.000 -9999.0 -9999.0 -9999.0 -9999.0 -9999.0
25711 20170527  2.424 -170.21   57.16     6.3     2.9     4.6     4.4     0.0    10.12 C    13.4     2.6     6.3    89.3    70.7    80.9 -99.000 -99.000 -99.000 -99.000 -99.000 -9999.0 -9999.0 -9999.0 -9999.0 -9999.0
25711 20170528  2.424 -170.21   57.16     6.4     1.6     4.0     4.0     0.0    16.04 C    13.7     1.0     6.1    96.5    69.7    84.1 -99.000 -99.000 -99.000 -99.000 -99.000 -9999.0 -9999.0 -9999.0 -9999.0 -9999.0
25711 20170529  2.424 -170.21   57.16     6.8    -2.0     2.4     3.8     0.0    17.04 C    13.5    -3.4     5.5    98.3    74.1    86.7 -99.000 -99.000 -99.000 -99.000 -99.000 -9999.0 -9999.0 -9999.0 -9999.0 -9999.0
25711 20170530  2.424 -170.21   57.16     8.4     2.9     5.7     5.0     0.2    19.82 C    15.4     1.7     6.8    99.6    76.0    90.7 -99.000 -99.000 -99.000 -99.000 -99.000 -9999.0 -9999.0 -9999.0 -9999.0 -9999.0
25711 20170531  2.424 -170.21   57.16     7.9     3.4     5.7     5.3     0.9    16.61 C    12.2     3.1     6.7   100.0    85.3    96.6 -99.000 -99.000 -99.000 -99.000 -99.000 -9999.0 -9999.0 -9999.0 -9999.0 -9999.0
25711 20170601  2.424 -170.21   57.16    11.4     1.4     6.4     6.4     0.0    21.06 C    22.0     0.6     9.1    98.6    64.1    84.0 -99.000 -99.000 -99.000 -99.000 -99.000 -9999.0 -9999.0 -9999.0 -9999.0 -9999.0
25711 20170602  2.424 -170.21   57.16     7.6     0.9     4.2     4.9     0.3     8.60 C    15.7     0.8     6.1   100.0    85.3    94.3 -99.000 -99.000 -99.000 -99.000 -99.000 -9999.0 -9999.0 -9999.0 -9999.0 -9999.0
25711 20170603  2.424 -170.21   57.16     7.7     2.6     5.1     4.6     2.4    11.57 C    13.1     2.4     5.7    97.2    82.9    93.8 -99.000 -99.000 -99.000 -99.000 -99.000 -9999.0 -9999.0 -9999.0 -9999.0 -9999.0
25711 20170604  2.424 -170.21   57.16     8.9     3.2     6.1     5.8     1.2    20.89 C    13.7     3.0     7.3    99.6    79.1    92.1 -99.000 -99.000 -99.000 -99.000 -99.000 -9999.0 -9999.0 -9999.0 -9999.0 -9999.0
25711 20170605  2.424 -170.21   57.16    12.3     3.8     8.0     6.5     0.0    29.52 C    20.5     2.5    10.4    97.1    68.6    88.0 -99.000 -99.000 -99.000 -99.000 -99.000 -9999.0 -9999.0 -9999.0 -9999.0 -9999.0
25711 20170606  2.424 -170.21   57.16    12.2     1.5     6.9     7.9     0.0    25.39 C    22.6     0.8    10.5    94.8    63.4    79.7 -99.000 -99.000 -99.000 -99.000 -99.000 -9999.0 -9999.0 -9999.0 -9999.0 -9999.0
25711 20170607  2.424 -170.21   57.16     7.9     3.7     5.8     5.7     0.0     9.81 C    12.5     3.1     7.1   100.0    89.0    96.6 -99.000 -99.000 -99.000 -99.000 -99.000 -9999.0 -9999.0 -9999.0 -9999.0 -9999.0
25711 20170608  2.424 -170.21   57.16     7.8     4.8     6.3     5.8     0.0     7.47 C    12.1     4.9     7.1    98.0    80.0    91.2 -99.000 -99.000 -99.000 -99.000 -99.000 -9999.0 -9999.0 -9999.0 -9999.0 -9999.0
25711 20170609  2.424 -170.21   57.16     7.6     3.9     5.7     5.2     0.0    10.69 C    13.3     4.0     6.7    98.3    80.7    91.6 -99.000 -99.000 -99.000 -99.000 -99.000 -9999.0 -9999.0 -9999.0 -9999.0 -9999.0
25711 20170610  2.424 -170.21   57.16     8.3     5.1     6.7     5.8     0.0    10.84 C    16.3     5.1     7.9    99.3    83.9    93.6 -99.000 -99.000 -99.000 -99.000 -99.000 -9999.0 -9999.0 -9999.0 -9999.0 -9999.0
25711 20170611  2.424 -170.21   57.16     9.1     5.1     7.1     6.3     0.0    20.72 C    20.6     5.0     9.8    93.1    70.8    84.8 -99.000 -99.000 -99.000 -99.000 -99.000 -9999.0 -9999.0 -9999.0 -9999.0 -9999.0
25711 20170612  2.424 -170.21   57.16    10.0     3.8     6.9     7.0     0.0    22.38 C    20.9     3.3    10.1    93.4    68.1    82.7 -99.000 -99.000 -99.000 -99.000 -99.000 -9999.0 -9999.0 -9999.0 -9999.0 -9999.0
25711 20170613  2.424 -170.21   57.16    10.2     4.7     7.4     7.2     0.0    19.73 C    17.5     3.5     9.2    95.6    71.3    84.4 -99.000 -99.000 -99.000 -99.000 -99.000 -9999.0 -9999.0 -9999.0 -9999.0 -9999.0
25711 20170614  2.424 -170.21   57.16     9.8     5.3     7.6     7.1     0.0    19.41 C    16.8     4.5     8.8    95.2    80.6    86.4 -99.000 -99.000 -99.000 -99.000 -99.000 -9999.0 -9999.0 -9999.0 -9999.0 -9999.0
25711 20170615  2.424 -170.21   57.16     8.8     4.8     6.8     6.6     0.0    15.16 C    14.8     4.2     8.2   100.0    77.9    90.4 -99.000 -99.000 -99.000 -99.000 -99.000 -9999.0 -9999.0 -9999.0 -9999.0 -9999.0
25711 20170616  2.424 -170.21   57.16     7.8     5.1     6.5     6.0     0.2     7.26 C    11.3     5.2     7.0    94.5    82.1    90.2 -99.000 -99.000 -99.000 -99.000 -99.000 -9999.0 -9999.0 -9999.0 -9999.0 -9999.0
25711 20170617  2.424 -170.21   57.16     8.7     4.9     6.8     6.2     0.0    10.45 C    13.9     5.0     8.1   100.0    82.5    93.2 -99.000 -99.000 -99.000 -99.000 -99.000 -9999.0 -9999.0 -9999.0 -9999.0 -9999.0
25711 20170618  2.424 -170.21   57.16     9.6     5.5     7.5     7.7     0.0    10.34 C    14.7     5.5     9.5    93.4    70.4    79.4 -99.000 -99.000 -99.000 -99.000 -99.000 -9999.0 -9999.0 -9999.0 -9999.0 -9999.0
25711 20170619  2.424 -170.21   57.16     9.7     5.4     7.6     7.2     0.0    14.37 C    16.0     5.1     8.8    96.8    74.1    85.5 -99.000 -99.000 -99.000 -99.000 -99.000 -9999.0 -9999.0 -9999.0 -9999.0 -9999.0
25711 20170620  2.424 -170.21   57.16    10.8     5.7     8.2     7.1     0.0    16.42 C    22.6     5.7     9.4    99.1    75.9    91.9 -99.000 -99.000 -99.000 -99.000 -99.000 -9999.0 -9999.0 -9999.0 -9999.0 -9999.0
25711 20170621  2.424 -170.21   57.16     9.9     5.8     7.8     7.2     0.0    19.73 C    18.8     5.9    10.0    99.6    76.7    88.7 -99.000 -99.000 -99.000 -99.000 -99.000 -9999.0 -9999.0 -9999.0 -9999.0 -9999.0
25711 20170622  2.424 -170.21   57.16     9.1     5.3     7.2     6.8     0.4    16.68 C    17.4     5.0     9.0   100.0    85.1    93.3 -99.000 -99.000 -99.000 -99.000 -99.000 -9999.0 -9999.0 -9999.0 -9999.0 -9999.0
25711 20170623  2.424 -170.21   57.16    11.0     5.3     8.1     7.5     0.0    21.01 C    20.2     4.0     9.8    95.7    77.9    88.3 -99.000 -99.000 -99.000 -99.000 -99.000 -9999.0 -9999.0 -9999.0 -9999.0 -9999.0
25711 20170624  2.424 -170.21   57.16     7.9     6.7     7.3     7.1     8.1     7.03 C    10.5     6.5     7.5    98.9    88.3    95.2 -99.000 -99.000 -99.000 -99.000 -99.000 -9999.0 -9999.0 -9999.0 -9999.0 -9999.0
25711 20170625  2.424 -170.21   57.16     7.7     6.6     7.2     7.0     9.2     7.35 C     9.3     6.7     7.5   100.0    97.6    99.0 -99.000 -99.000 -99.000 -99.000 -99.000 -9999.0 -9999.0 -9999.0 -9999.0 -9999.0
25711 20170626  2.424 -170.21   57.16     8.4     5.3     6.9     6.7     1.1    17.69 C    14.7     5.4     8.3    98.5    88.4    93.8 -99.000 -99.000 -99.000 -99.000 -99.000 -9999.0 -9999.0 -9999.0 -9999.0 -9999.0
25711 20170627  2.424 -170.21   57.16     8.7     5.1     6.9     6.7     1.2    14.46 C    15.0     4.8     8.3   100.0    93.5    96.6 -99.000 -99.000 -99.000 -99.000 -99.000 -9999.0 -9999.0 -9999.0 -9999.0 -9999.0
25711 20170628  2.424 -170.21   57.16    10.0     5.8     7.9     7.4     0.2    13.15 C    15.0     5.5     8.4    98.7    80.3    92.7 -99.000 -99.000 -99.000 -99.000 -99.000 -9999.0 -9999.0 -9999.0 -9999.0 -9999.0
25711 20170629  2.424 -170.21   57.16    10.0     6.2     8.1     7.4     0.0    12.77 C    15.1     5.8     8.8    97.6    80.5    91.8 -99.000 -99.000 -99.000 -99.000 -99.000 -9999.0 -9999.0 -9999.0 -9999.0 -9999.0
25711 20170630  2.424 -170.21   57.16    10.6     1.1     5.8     7.0     0.0    15.97 C    20.4    -0.1     9.1   100.0    75.1    91.0 -99.000 -99.000 -99.000 -99.000 -99.000 -9999.0 -9999.0 -9999.0 -9999.0 -9999.0
25711 20170701  2.424 -170.21   57.16    10.2     6.4     8.3     7.6     1.1    10.48 C    14.8     6.2     8.4    97.1    84.2    91.8 -99.000 -99.000 -99.000 -99.000 -99.000 -9999.0 -9999.0 -9999.0 -9999.0 -9999.0
25711 20170702  2.424 -170.21   57.16    10.4     6.2     8.3     7.7     1.3    13.23 C    15.5     6.0     8.8    97.9    90.7    94.6 -99.000 -99.000 -99.000 -99.000 -99.000 -9999.0 -9999.0 -9999.0 -9999.0 -9999.0
25711 20170703  2.424 -170.21   57.16    10.3     6.9     8.6     8.2     0.2    10.89 C    16.9     6.7     9.2    96.7    84.4    92.2 -99.000 -99.000 -99.000 -99.000 -99.000 -9999.0 -9999.0 -9999.0 -9999.0 -9999.0
25711 20170704  2.424 -170.21   57.16     8.8     6.6     7.7     7.3     0.4     7.13 C    12.1     6.3     7.8    95.1    87.4    91.9 -99.000 -99.000 -99.000 -99.000 -99.000 -9999.0 -9999.0 -9999.0 -9999.0 -9999.0
25711 20170705  2.424 -170.21   57.16     8.0     6.8     7.4     7.4    18.6     3.48 C     9.2     6.9     7.6    99.0    93.9    97.3 -99.000 -99.000 -99.000 -99.000 -99.000 -9999.0 -9999.0 -9999.0 -9999.0 -9999.0
25711 20170706  2.424 -170.21   57.16     9.1     7.2     8.2     7.7     7.6     9.79 C    12.1     7.2     8.3   100.0    98.6    99.5 -99.000 -99.000 -99.000 -99.000 -99.000 -9999.0 -9999.0 -9999.0 -9999.0 -9999.0
25711 20170707  2.424 -170.21   57.16     8.3     7.1     7.7     7.4     3.2     8.04 C    11.1     7.1     8.1   100.0    97.8    99.3 -99.000 -99.000 -99.000 -99.000 -99.000 -9999.0 -9999.0 -9999.0 -9999.0 -9999.0
25711 20170708  2.424 -170.21   57.16     7.9     6.9     7.4     7.3     3.7     5.21 C     9.3     7.0     7.8   100.0    99.8   100.0 -99.000 -99.000 -99.000 -99.000 -99.000 -9999.0 -9999.0 -9999.0 -9999.0 -9999.0
25711 20170709  2.424 -170.21   57.16    10.8     6.6     8.7     8.2     2.5    16.04 C    17.3     6.5    10.0   100.0    88.0    95.9 -99.000 -99.000 -99.000 -99.000 -99.000 -9999.0 -9999.0 -9999.0 -9999.0 -9999.0
25711 20170710  2.424 -170.21   57.16    12.3     6.6     9.4     8.3     0.0    19.78 C    18.6     6.9    10.1   100.0    84.2    94.6 -99.000 -99.000 -99.000 -99.000 -99.000 -9999.0 -9999.0 -9999.0 -9999.0 -9999.0
25711 20170711  2.424 -170.21   57.16     9.1     6.5     7.8     7.5     0.0    13.27 C    15.8     6.5     9.2   100.0    91.1    96.9 -99.000 -99.000 -99.000 -99.000 -99.000 -9999.0 -9999.0 -9999.0 -9999.0 -9999.0
25711 20170712  2.424 -170.21   57.16     9.0     7.0     8.0     8.1     1.7     6.73 C    10.6     7.1     8.6   100.0    96.6    99.2 -99.000 -99.000 -99.000 -99.000 -99.000 -9999.0 -9999.0 -9999.0 -9999.0 -9999.0
25711 20170713  2.424 -170.21   57.16    10.2     7.9     9.1     8.6     3.1     9.21 C    12.7     8.0     9.4   100.0    95.1    99.2 -99.000 -99.000 -99.000 -99.000 -99.000 -9999.0 -9999.0 -9999.0 -9999.0 -9999.0
25711 20170714  2.424 -170.21   57.16 -9999.0 -9999.0 -9999.0 -9999.0     0.2 -9999.00 U -9999.0 -9999.0 -9999.0 -9999.0 -9999.0 -9999.0 -99.000 -99.000 -99.000 -99.000 -99.000 -9999.0 -9999.0 -9999.0 -9999.0 -9999.0
25711 20170715  2.424 -170.21   57.16     9.0     8.2     8.6     8.5     1.6     4.17 C     9.9     8.0     8.7   100.0    94.0    99.1 -99.000 -99.000 -99.000 -99.000 -99.000 -9999.0 -9999.0 -9999.0 -9999.0 -9999.0
25711 20170716  2.424 -170.21   57.16     9.5     8.2     8.9     8.6     5.1     3.07 C    10.3     8.0     8.7   100.0    97.2    99.2 -99.000 -99.000 -99.000 -99.000 -99.000 -9999.0 -9999.0 -9999.0 -9999.0 -9999.0
25711 20170717  2.424 -170.21   57.16    11.0     8.2     9.6     8.9    16.1     7.20 C    13.4     8.1     9.2   100.0    93.1    98.0 -99.000 -99.000 -99.000 -99.000 -99.000 -9999.0 -9999.0 -9999.0 -9999.0 -9999.0
25711 20170718  2.424 -170.21   57.16    11.9     8.0     9.9     9.6     0.0    10.10 C    13.5     7.5    10.0    97.3    88.0    94.0 -99.000 -99.000 -99.000 -99.000 -99.000 -9999.0 -9999.0 -9999.0 -9999.0 -9999.0
25711 20170719  2.424 -170.21   57.16    11.2     8.0     9.6     9.4     0.0    11.27 C    15.5     7.9    10.5    98.8    81.5    91.9 -99.000 -99.000 -99.000 -99.000 -99.000 -9999.0 -9999.0 -9999.0 -9999.0 -9999.0
25711 20170720  2.424 -170.21   57.16     9.5     6.8     8.1     7.8     0.0    10.11 C    14.1     6.7     9.2    99.3    89.8    95.1 -99.000 -99.000 -99.000 -99.000 -99.000 -9999.0 -9999.0 -9999.0 -9999.0 -9999.0
25711 20170721  2.424 -170.21   57.16    13.7     5.8     9.8     8.9     0.0    18.59 C    22.0     5.4    11.5   100.0    82.1    94.8 -99.000 -99.000 -99.000 -99.000 -99.000 -9999.0 -9999.0 -9999.0 -9999.0 -9999.0
25711 20170722  2.424 -170.21   57.16    12.6     5.4     9.0     8.7     0.0    17.68 C    18.3     4.7    10.3   100.0    88.9    97.4 -99.000 -99.000 -99.000 -99.000 -99.000 -9999.0 -9999.0 -9999.0 -9999.0 -9999.0
25711 20170723  2.424 -170.21   57.16    11.6     7.9     9.7     9.1     1.4     7.61 C    14.6     7.7     9.5   100.0    90.9    98.2 -99.000 -99.000 -99.000 -99.000 -99.000 -9999.0 -9999.0 -9999.0 -9999.0 -9999.0
25711 20170724  2.424 -170.21   57.16    13.7     8.4    11.0    10.1     2.7    11.63 C    18.1     8.4    11.1   100.0    88.4    97.6 -99.000 -99.000 -99.000 -99.000 -99.000 -9999.0 -9999.0 -9999.0 -9999.0 -9999.0
25711 20170725  2.424 -170.21   57.16    12.4     8.4    10.4     9.8     0.0    10.83 C    15.2     7.9    10.5   100.0    90.6    97.7 -99.000 -99.000 -99.000 -99.000 -99.000 -9999.0 -9999.0 -9999.0 -9999.0 -9999.0
25711 20170726  2.424 -170.21   57.16    11.6     9.3    10.4    10.5    12.3     4.58 C    12.7     9.2    10.6   100.0    96.6    98.4 -99.000 -99.000 -99.000 -99.000 -99.000 -9999.0 -9999.0 -9999.0 -9999.0 -9999.0
25711 20170727  2.424 -170.21   57.16    11.9     9.6    10.7    10.4     1.4     9.61 C    13.8     9.4    10.7   100.0    95.4    98.7 -99.000 -99.000 -99.000 -99.000 -99.000 -9999.0 -9999.0 -9999.0 -9999.0 -9999.0
25711 20170728  2.424 -170.21   57.16    11.5     9.1    10.3     9.9     0.5     5.79 C    12.4     9.0    10.2   100.0    95.9    98.9 -99.000 -99.000 -99.000 -99.000 -99.000 -9999.0 -9999.0 -9999.0 -9999.0 -9999.0
25711 20170729  2.424 -170.21   57.16    11.9     8.6    10.2     9.9     0.0    10.67 C    15.1     8.6    10.9   100.0    92.1    97.1 -99.000 -99.000 -99.000 -99.000 -99.000 -9999.0 -9999.0 -9999.0 -9999.0 -9999.0
25711 20170730  2.424 -170.21   57.16    10.1     6.9     8.5     8.8     1.1     7.66 C    12.9     6.9     9.5   100.0    99.4    99.9 -99.000 -99.000 -99.000 -99.000 -99.000 -9999.0 -9999.0 -9999.0 -9999.0 -9999.0
25711 20170731  2.424 -170.21   57.16    11.5     9.5    10.5    10.3    13.1     5.64 C    12.6     9.4    10.5   100.0    99.1    99.8 -99.000 -99.000 -99.000 -99.000 -99.000 -9999.0 -9999.0 -9999.0 -9999.0 -9999.0
25711 20170801  2.424 -170.21   57.16    13.6     9.3    11.4    10.5     9.8     8.61 C    16.9     9.2    11.0   100.0    94.8    99.0 -99.000 -99.000 -99.000 -99.000 -99.000 -9999.0 -9999.0 -9999.0 -9999.0 -9999.0
25711 20170802  2.424 -170.21   57.16    11.4     9.8    10.6    10.2     8.1     8.42 C    13.9     9.7    10.7   100.0    98.8    99.8 -99.000 -99.000 -99.000 -99.000 -99.000 -9999.0 -9999.0 -9999.0 -9999.0 -9999.0
25711 20170803  2.424 -170.21   57.16    12.3     9.3    10.8    10.4     0.3    11.11 C    15.2     9.2    11.2   100.0    95.3    98.3 -99.000 -99.000 -99.000 -99.000 -99.000 -9999.0 -9999.0 -9999.0 -9999.0 -9999.0
25711 20170804  2.424 -170.21   57.16    11.8     9.0    10.4     9.9     0.0    11.01 C    18.1     8.8    11.2   100.0    92.5    97.3 -99.000 -99.000 -99.000 -99.000 -99.000 -9999.0 -9999.0 -9999.0 -9999.0 -9999.0
25711 20170805  2.424 -170.21   57.16    13.4     9.2    11.3    11.1     0.6    14.28 C    18.1     9.2    12.2   100.0    91.6    97.6 -99.000 -99.000 -99.000 -99.000 -99.000 -9999.0 -9999.0 -9999.0 -9999.0 -9999.0
25711 20170806  2.424 -170.21   57.16    15.0     7.5    11.3    11.4     0.0    19.40 C    21.2     6.7    13.6   100.0    87.4    96.7 -99.000 -99.000 -99.000 -99.000 -99.000 -9999.0 -9999.0 -9999.0 -9999.0 -9999.0
25711 20170807  2.424 -170.21   57.16    13.2     3.8     8.5     9.7     0.0    16.20 C    19.6     2.7    11.4   100.0    88.0    96.1 -99.000 -99.000 -99.000 -99.000 -99.000 -9999.0 -9999.0 -9999.0 -9999.0 -9999.0
25711 20170808  2.424 -170.21   57.16    13.2     5.7     9.5    10.8     0.0    11.25 C    16.8     4.0    11.7   100.0    90.5    97.7 -99.000 -99.000 -99.000 -99.000 -99.000 -9999.0 -9999.0 -9999.0 -9999.0 -9999.0
25711 20170809  2.424 -170.21   57.16    13.0    10.3    11.6    11.4     3.2     7.58 C    15.6    10.2    11.9    98.8    89.3    94.3 -99.000 -99.000 -99.000 -99.000 -99.000 -9999.0 -9999.0 -9999.0 -9999.0 -9999.0
25711 20170810  2.424 -170.21   57.16    14.7    10.1    12.4    11.8     0.0     9.72 C    19.3    10.0    13.0   100.0    91.4    97.6 -99.000 -99.000 -99.000 -99.000 -99.000 -9999.0 -9999.0 -9999.0 -9999.0 -9999.0
25711 20170811  2.424 -170.21   57.16    12.4    10.2    11.3    11.0     0.4    11.54 C    15.9     9.9    11.6   100.0    91.2    97.4 -99.000 -99.000 -99.000 -99.000 -99.000 -9999.0 -9999.0 -9999.0 -9999.0 -9999.0
25711 20170812  2.424 -170.21   57.16    12.4     6.4     9.4     9.6     0.3    19.18 C    16.7     5.4    10.5    98.1    58.8    75.2 -99.000 -99.000 -99.000 -99.000 -99.000 -9999.0 -9999.0 -9999.0 -9999.0 -9999.0
25711 20170813  2.424 -170.21   57.16    11.9     4.6     8.2     8.5     0.0    17.53 C    16.7     3.3     9.3    91.2    63.5    75.0 -99.000 -99.000 -99.000 -99.000 -99.000 -9999.0 -9999.0 -9999.0 -9999.0 -9999.0
25711 20170814  2.424 -170.21   57.16    11.9     4.5     8.2     8.5     0.2    13.38 C    16.3     3.5     9.1    96.1    72.1    85.9 -99.000 -99.000 -99.000 -99.000 -99.000 -9999.0 -9999.0 -9999.0 -9999.0 -9999.0
25711 20170815  2.424 -170.21   57.16    10.9     6.5     8.7     8.4     3.0     7.75 C    12.6     5.8     8.5    97.6    82.7    91.8 -99.000 -99.000 -99.000 -99.000 -99.000 -9999.0 -9999.0 -9999.0 -9999.0 -9999.0
25711 20170816  2.424 -170.21   57.16    12.4     8.3    10.3    10.6     4.8     4.71 C    13.1     7.8    10.4    97.9    87.5    93.2 -99.000 -99.000 -99.000 -99.000 -99.000 -9999.0 -9999.0 -9999.0 -9999.0 -9999.0
25711 20170817  2.424 -170.21   57.16    12.7     9.7    11.2    11.0     0.6     5.91 C    14.2     9.4    11.3    98.0    88.6    95.0 -99.000 -99.000 -99.000 -99.000 -99.000 -9999.0 -9999.0 -9999.0 -9999.0 -9999.0
25711 20170818  2.424 -170.21   57.16    10.8     9.6    10.2    10.0     1.2     4.41 C    12.4     9.3    10.1   100.0    94.4    97.4 -99.000 -99.000 -99.000 -99.000 -99.000 -9999.0 -9999.0 -9999.0 -9999.0 -9999.0
25711 20170819  2.424 -170.21   57.16    12.9     7.0     9.9    10.2     0.0    12.84 C    18.4     6.2    11.0    96.1    73.3    87.5 -99.000 -99.000 -99.000 -99.000 -99.000 -9999.0 -9999.0 -9999.0 -9999.0 -9999.0
25711 20170820  2.424 -170.21   57.16    11.4     6.3     8.9     9.0     0.0     8.24 C    15.0     5.3     9.4    90.7    65.7    73.6 -99.000 -99.000 -99.000 -99.000 -99.000 -9999.0 -9999.0 -9999.0 -9999.0 -9999.0
25711 20170821  2.424 -170.21   57.16    13.4     4.3     8.9     9.6     0.0    13.44 C    17.7     2.0    10.1    95.7    75.5    87.7 -99.000 -99.000 -99.000 -99.000 -99.000 -9999.0 -9999.0 -9999.0 -9999.0 -9999.0
25711 20170822  2.424 -170.21   57.16    10.4     7.6     9.0     9.5     6.8     5.00 C    12.4     6.4     9.5    97.7    85.4    91.3 -99.000 -99.000 -99.000 -99.000 -99.000 -9999.0 -9999.0 -9999.0 -9999.0 -9999.0
25711 20170823  2.424 -170.21   57.16    11.4     9.0    10.2     9.8     9.8     5.70 C    12.8     8.5     9.9   100.0    83.6    95.9 -99.000 -99.000 -99.000 -99.000 -99.000 -9999.0 -9999.0 -9999.0 -9999.0 -9999.0
25711 20170824  2.424 -170.21   57.16    12.2     5.8     9.0     9.2     0.0    11.76 C    15.4     4.6     9.5    94.3    70.7    80.0 -99.000 -99.000 -99.000 -99.000 -99.000 -9999.0 -9999.0 -9999.0 -9999.0 -9999.0
25711 20170825  2.424 -170.21   57.16    10.8     5.6     8.2     8.7     1.0     9.62 C    13.0     4.4     8.9    95.2    68.6    82.3 -99.000 -99.000 -99.000 -99.000 -99.000 -9999.0 -9999.0 -9999.0 -9999.0 -9999.0
25711 20170826  2.424 -170.21   57.16    11.7     6.3     9.0     9.1     0.0    16.81 C    17.5     5.8    10.6    84.2    69.6    75.9 -99.000 -99.000 -99.000 -99.000 -99.000 -9999.0 -9999.0 -9999.0 -9999.0 -9999.0
25711 20170827  2.424 -170.21   57.16    10.1     4.5     7.3     7.3     0.0     9.32 C    16.8     3.5     8.2    89.8    63.7    76.1 -99.000 -99.000 -99.000 -99.000 -99.000 -9999.0 -9999.0 -9999.0 -9999.0 -9999.0
25711 20170828  2.424 -170.21   57.16    11.5     1.8     6.6     8.1     0.0    10.14 C    15.9     0.7     8.8    97.5    75.9    88.6 -99.000 -99.000 -99.000 -99.000 -99.000 -9999.0 -9999.0 -9999.0 -9999.0 -9999.0
25711 20170829  2.424 -170.21   57.16    11.9     7.5     9.7     9.4     0.0    14.55 C    15.3     6.6     9.9    95.7    73.3    83.0 -99.000 -99.000 -99.000 -99.000 -99.000 -9999.0 -9999.0 -9999.0 -9999.0 -9999.0
25711 20170830  2.424 -170.21   57.16    11.0     5.7     8.3     8.5     0.0     9.04 C    14.7     4.7     8.6    85.0    69.4    77.5 -99.000 -99.000 -99.000 -99.000 -99.000 -9999.0 -9999.0 -9999.0 -9999.0 -9999.0
25711 20170831  2.424 -170.21   57.16     8.9     2.8     5.8     7.0     1.7     6.04 C    11.9     2.2     7.3    96.8    69.2    86.5 -99.000 -99.000 -99.000 -99.000 -99.000 -9999.0 -9999.0 -9999.0 -9999.0 -9999.0
25711 20170901  2.424 -170.21   57.16     9.5     2.3     5.9     6.7     3.1     6.10 C    12.2     0.9     6.5   100.0    79.1    91.9 -99.000 -99.000 -99.000 -99.000 -99.000 -9999.0 -9999.0 -9999.0 -9999.0 -9999.0
25711 20170902  2.424 -170.21   57.16    10.8     5.1     7.9     8.0     0.0     7.59 C    13.2     4.6     8.0   100.0    81.6    92.5 -99.000 -99.000 -99.000 -99.000 -99.000 -9999.0 -9999.0 -9999.0 -9999.0 -9999.0
25711 20170903  2.424 -170.21   57.16    10.1     6.5     8.3     8.2     0.0     7.87 C    12.1     5.4     8.2    94.2    74.0    82.0 -99.000 -99.000 -99.000 -99.000 -99.000 -9999.0 -9999.0 -9999.0 -9999.0 -9999.0
25711 20170904  2.424 -170.21   57.16     9.9     6.7     8.3     8.6     0.0     9.00 C    12.6     6.7     9.2   100.0    86.2    90.6 -99.000 -99.000 -99.000 -99.000 -99.000 -9999.0 -9999.0 -9999.0 -9999.0 -9999.0
25711 20170905  2.424 -170.21   57.16     9.2     6.5     7.8     7.6     0.0     7.56 C    12.0     6.4     8.4   100.0    87.3    96.1 -99.000 -99.000 -99.000 -99.000 -99.000 -9999.0 -9999.0 -9999.0 -9999.0 -9999.0
25711 20170906  2.424 -170.21   57.16    10.6     7.9     9.2     8.8     0.0     5.25 C    12.4     8.0     9.1    98.8    84.2    92.5 -99.000 -99.000 -99.000 -99.000 -99.000 -9999.0 -9999.0 -9999.0 -9999.0 -9999.0
25711 20170907  2.424 -170.21   57.16    12.1     8.2    10.1     9.8     0.0    11.33 C    15.6     7.9    10.4    99.4    76.0    89.4 -99.000 -99.000 -99.000 -99.000 -99.000 -9999.0 -9999.0 -9999.0 -9999.0 -9999.0
25711 20170908  2.424 -170.21   57.16    11.7     6.9     9.3     9.4     2.4     7.93 C    16.2     6.4     9.8    97.0    76.0    88.8 -99.000 -99.000 -99.000 -99.000 -99.000 -9999.0 -9999.0 -9999.0 -9999.0 -9999.0
25711 20170909  2.424 -170.21   57.16    12.4     7.7    10.0     9.6     0.0     5.87 C    14.5     7.4     9.7    98.2    85.2    93.4 -99.000 -99.000 -99.000 -99.000 -99.000 -9999.0 -9999.0 -9999.0 -9999.0 -9999.0
25711 20170910  2.424 -170.21   57.16    11.5     8.3     9.9     9.3     0.0    10.72 C    16.1     8.2    10.2   100.0    89.3    96.8 -99.000 -99.000 -99.000 -99.000 -99.000 -9999.0 -9999.0 -9999.0 -9999.0 -9999.0
25711 20170911  2.424 -170.21   57.16    10.3     8.8     9.6     9.8     2.0     2.31 C    10.5     8.6     9.6    99.8    94.7    97.8 -99.000 -99.000 -99.000 -99.000 -99.000 -9999.0 -9999.0 -9999.0 -9999.0 -9999.0
25711 20170912  2.424 -170.21   57.16    11.1     9.5    10.3     9.9    11.0     5.50 C    12.8     9.0     9.9    99.4    94.1    96.9 -99.000 -99.000 -99.000 -99.000 -99.000 -9999.0 -9999.0 -9999.0 -9999.0 -9999.0
25711 20170913  2.424 -170.21   57.16    10.9    -0.9     5.0     7.8     0.2    11.50 C    14.5    -2.8     8.2    99.6    66.5    87.0 -99.000 -99.000 -99.000 -99.000 -99.000 -9999.0 -9999.0 -9999.0 -9999.0 -9999.0
25711 20170914  2.424 -170.21   57.16    10.7    -3.5     3.6     5.6     3.0     8.77 C    13.9    -5.3     4.8    97.2    72.5    84.2 -99.000 -99.000 -99.000 -99.000 -99.000 -9999.0 -9999.0 -9999.0 -9999.0 -9999.0
25711 20170915  2.424 -170.21   57.16    10.2     7.8     9.0     9.2    11.7     6.03 C    11.5     6.8     9.1    98.0    85.5    93.9 -99.000 -99.000 -99.000 -99.000 -99.000 -9999.0 -9999.0 -9999.0 -9999.0 -9999.0
25711 20170916  2.424 -170.21   57.16     9.2     7.2     8.2     8.1     3.7     5.17 C    10.2     6.6     7.8    94.5    72.0    86.1 -99.000 -99.000 -99.000 -99.000 -99.000 -9999.0 -9999.0 -9999.0 -9999.0 -9999.0
25711 20170917  2.424 -170.21   57.16     9.9     3.9     6.9     6.9     0.0    12.35 C    12.5     2.3     6.8    85.4    60.5    73.2 -99.000 -99.000 -99.000 -99.000 -99.000 -9999.0 -9999.0 -9999.0 -9999.0 -9999.0
25711 20170918  2.424 -170.21   57.16    10.3    -1.1     4.6     5.6     0.0    12.00 C    15.9    -3.6     5.6    92.9    59.2    79.4 -99.000 -99.000 -99.000 -99.000 -99.000 -9999.0 -9999.0 -9999.0 -9999.0 -9999.0
25711 20170919  2.424 -170.21   57.16    10.3     1.0     5.6     6.9     0.0    12.66 C    14.4    -0.2     7.1    95.8    71.2    81.8 -99.000 -99.000 -99.000 -99.000 -99.000 -9999.0 -9999.0 -9999.0 -9999.0 -9999.0
25711 20170920  2.424 -170.21   57.16     8.6     1.2     4.9     7.0     1.3     2.83 C     9.2    -0.3     6.5    98.0    81.1    88.4 -99.000 -99.000 -99.000 -99.000 -99.000 -9999.0 -9999.0 -9999.0 -9999.0 -9999.0
25711 20170921  2.424 -170.21   57.16    10.1     5.6     7.9     7.4     0.0     5.77 C    12.4     4.8     7.3    92.0    66.5    78.6 -99.000 -99.000 -99.000 -99.000 -99.000 -9999.0 -9999.0 -9999.0 -9999.0 -9999.0
25711 20170922  2.424 -170.21   57.16     8.5     3.9     6.2     6.0     1.3     8.61 C    11.5     2.8     6.0    90.3    70.9    79.5 -99.000 -99.000 -99.000 -99.000 -99.000 -9999.0 -9999.0 -9999.0 -9999.0 -9999.0
25711 20170923  2.424 -170.21   57.16     8.8     2.8     5.8     5.9     1.1     8.81 C    11.6     1.3     5.7    88.5    69.5    80.0 -99.000 -99.000 -99.000 -99.000 -99.000 -9999.0 -9999.0 -9999.0 -9999.0 -9999.0
25711 20170924  2.424 -170.21   57.16     8.2     3.9     6.0     6.5     0.7     3.49 C     9.2     2.5     6.1    95.1    75.8    85.7 -99.000 -99.000 -99.000 -99.000 -99.000 -9999.0 -9999.0 -9999.0 -9999.0 -9999.0
25711 20170925  2.424 -170.21   57.16     7.9     6.3     7.1     7.1     0.2     4.43 C     9.8     6.0     7.0    93.3    78.9    88.2 -99.000 -99.000 -99.000 -99.000 -99.000 -9999.0 -9999.0 -9999.0 -9999.0 -9999.0
25711 20170926  2.424 -170.21   57.16     9.2     5.1     7.2     7.0     0.7     4.65 C    11.5     4.1     7.0    98.5    79.8    90.3 -99.000 -99.000 -99.000 -99.000 -99.000 -9999.0 -9999.0 -9999.0 -9999.0 -9999.0
25711 20170927  2.424 -170.21   57.16     8.7     4.7     6.7     6.7     0.7     4.33 C    10.6     3.7     6.5    95.0    72.0    83.9 -99.000 -99.000 -99.000 -99.000 -99.000 -9999.0 -9999.0 -9999.0 -9999.0 -9999.0
25711 20170928  2.424 -170.21   57.16    10.2     5.7     7.9     7.8     0.0     5.63 C    13.9     4.7     7.9    95.6    73.0    88.1 -99.000 -99.000 -99.000 -99.000 -99.000 -9999.0 -9999.0 -9999.0 -9999.0 -9999.0
25711 20170929  2.424 -170.21   57.16     7.5     4.9     6.2     6.2     0.0     4.05 C    10.1     4.3     6.3    86.8    70.8    75.9 -99.000 -99.000 -99.000 -99.000 -99.000 -9999.0 -9999.0 -9999.0 -9999.0 -9999.0
25711 20170930  2.424 -170.21   57.16     8.2     4.9     6.6     6.4     0.0     6.74 C    12.2     4.6     6.6    83.3    70.2    75.9 -99.000 -99.000 -99.000 -99.000 -99.000 -9999.0 -9999.0 -9999.0 -9999.0 -9999.0
25711 20171001  2.424 -170.21   57.16     8.6     5.2     6.9     6.5     0.0     7.60 C    14.1     4.8     7.1    86.3    70.8    74.9 -99.000 -99.000 -99.000 -99.000 -99.000 -9999.0 -9999.0 -9999.0 -9999.0 -9999.0
25711 20171002  2.424 -170.21   57.16     8.5     2.7     5.6     6.1     0.0     3.84 C    11.4     0.9     6.3    92.4    76.7    88.1 -99.000 -99.000 -99.000 -99.000 -99.000 -9999.0 -9999.0 -9999.0 -9999.0 -9999.0
25711 20171003  2.424 -170.21   57.16    10.4     5.7     8.1     7.9     1.5     3.07 C    12.4     4.3     7.6    98.4    88.4    93.9 -99.000 -99.000 -99.000 -99.000 -99.000 -9999.0 -9999.0 -9999.0 -9999.0 -9999.0
25711 20171004  2.424 -170.21   57.16    10.4     7.8     9.1     8.7    11.3     3.59 C    11.0     7.5     8.4   100.0    78.3    93.7 -99.000 -99.000 -99.000 -99.000 -99.000 -9999.0 -9999.0 -9999.0 -9999.0 -9999.0
25711 20171005  2.424 -170.21   57.16     9.9     6.8     8.4     8.4     0.0     4.81 C    10.6     6.2     8.1    88.0    74.5    80.5 -99.000 -99.000 -99.000 -99.000 -99.000 -9999.0 -9999.0 -9999.0 -9999.0 -9999.0
25711 20171006  2.424 -170.21   57.16    10.4     1.0     5.7     7.4     0.0     7.10 C    13.5     0.5     7.5    99.3    83.5    89.6 -99.000 -99.000 -99.000 -99.000 -99.000 -9999.0 -9999.0 -9999.0 -9999.0 -9999.0
25711 20171007  2.424 -170.21   57.16     9.6     0.5     5.1     5.5     0.2     6.62 C    12.7    -0.5     5.5   100.0    71.1    90.4 -99.000 -99.000 -99.000 -99.000 -99.000 -9999.0 -9999.0 -9999.0 -9999.0 -9999.0
25711 20171008  2.424 -170.21   57.16     9.3     3.8     6.5     6.8     1.8     6.33 C    11.3     2.7     6.6    94.2    76.5    84.7 -99.000 -99.000 -99.000 -99.000 -99.000 -9999.0 -9999.0 -9999.0 -9999.0 -9999.0
25711 20171009  2.424 -170.21   57.16     9.1     8.2     8.6     8.4     0.0     2.56 C     9.6     7.9     8.3    92.6    85.8    88.4 -99.000 -99.000 -99.000 -99.000 -99.000 -9999.0 -9999.0 -9999.0 -9999.0 -9999.0
25711 20171010  2.424 -170.21   57.16     8.6     7.7     8.2     8.3     0.0     1.86 C     8.9     7.5     8.1    96.9    85.1    91.9 -99.000 -99.000 -99.000 -99.000 -99.000 -9999.0 -9999.0 -9999.0 -9999.0 -9999.0
25711 20171011  2.424 -170.21   57.16     9.1     7.4     8.2     8.5    12.6     0.91 C     8.9     6.4     8.1    99.5    92.2    96.7 -99.000 -99.000 -99.000 -99.000 -99.000 -9999.0 -9999.0 -9999.0 -9999.0 -9999.0
25711 20171012  2.424 -170.21   57.16     9.1     5.1     7.1     7.4     0.2     5.41 C     9.9     4.2     6.7    92.2    73.5    81.1 -99.000 -99.000 -99.000 -99.000 -99.000 -9999.0 -9999.0 -9999.0 -9999.0 -9999.0
25711 20171013  2.424 -170.21   57.16     9.1     3.8     6.4     6.4     2.5     3.92 C    10.7     1.9     5.7    92.1    76.9    86.0 -99.000 -99.000 -99.000 -99.000 -99.000 -9999.0 -9999.0 -9999.0 -9999.0 -9999.0
25711 20171014  2.424 -170.21   57.16     8.5     0.1     4.3     4.7     0.5     6.87 C    10.5    -2.0     3.5    95.5    77.1    87.3 -99.000 -99.000 -99.000 -99.000 -99.000 -9999.0 -9999.0 -9999.0 -9999.0 -9999.0
25711 20171015  2.424 -170.21   57.16     7.4    -0.3     3.6     3.7     2.6     6.34 C     9.9    -2.2     2.9    91.8    75.0    84.9 -99.000 -99.000 -99.000 -99.000 -99.000 -9999.0 -9999.0 -9999.0 -9999.0 -9999.0
25711 20171016  2.424 -170.21   57.16     6.5    -1.8     2.3     3.3     1.4     3.93 C     8.6    -4.0     2.2    93.8    71.8    83.8 -99.000 -99.000 -99.000 -99.000 -99.000 -9999.0 -9999.0 -9999.0 -9999.0 -9999.0
25711 20171017  2.424 -170.21   57.16     7.0     0.8     3.9     4.1     2.1     5.53 C     9.2    -0.8     3.7    89.8    71.0    82.7 -99.000 -99.000 -99.000 -99.000 -99.000 -9999.0 -9999.0 -9999.0 -9999.0 -9999.0
25711 20171018  2.424 -170.21   57.16     5.9     0.1     3.0     2.8     0.8     6.28 C     8.0    -1.7     1.9    90.0    72.4    82.5 -99.000 -99.000 -99.000 -99.000 -99.000 -9999.0 -9999.0 -9999.0 -9999.0 -9999.0
25711 20171019  2.424 -170.21   57.16     5.1    -5.5    -0.2     0.5     1.2     4.55 C     9.3    -8.0    -0.4    97.7    64.4    83.5 -99.000 -99.000 -99.000 -99.000 -99.000 -9999.0 -9999.0 -9999.0 -9999.0 -9999.0
25711 20171020  2.424 -170.21   57.16     2.7    -2.0     0.4     0.5     0.9     5.61 C     3.8    -3.8    -0.1    91.5    51.9    73.0 -99.000 -99.000 -99.000 -99.000 -99.000 -9999.0 -9999.0 -9999.0 -9999.0 -9999.0
25711 20171021  2.424 -170.21   57.16     3.0    -5.3    -1.1    -0.3     1.9     5.10 C     4.7    -8.3    -1.1    90.1    50.1    69.9 -99.000 -99.000 -99.000 -99.000 -99.000 -9999.0 -9999.0 -9999.0 -9999.0 -9999.0
25711 20171022  2.424 -170.21   57.16     2.1    -7.4    -2.7    -1.3     5.1     4.43 C     3.1    -8.6    -2.4    95.9    64.2    81.8 -99.000 -99.000 -99.000 -99.000 -99.000 -9999.0 -9999.0 -9999.0 -9999.0 -9999.0
25711 20171023  2.424 -170.21   57.16     3.0    -6.8    -1.9    -1.2     2.7     6.13 C     4.0   -10.0    -2.9    90.7    62.8    80.9 -99.000 -99.000 -99.000 -99.000 -99.000 -9999.0 -9999.0 -9999.0 -9999.0 -9999.0
25711 20171024  2.424 -170.21   57.16     6.8    -6.6     0.1     3.9    14.9     0.65 C     6.5    -9.5     2.8    96.5    70.8    86.6 -99.000 -99.000 -99.000 -99.000 -99.000 -9999.0 -9999.0 -9999.0 -9999.0 -9999.0
25711 20171025  2.424 -170.21   57.16     7.1     3.0     5.1     5.6     2.1     2.54 C     8.9     0.9     4.8    99.9    82.8    88.1 -99.000 -99.000 -99.000 -99.000 -99.000 -9999.0 -9999.0 -9999.0 -9999.0 -9999.0
25711 20171026  2.424 -170.21   57.16     6.8     2.9     4.9     5.0     3.1     2.61 C     8.5     2.2     4.7    99.3    89.6    95.3 -99.000 -99.000 -99.000 -99.000 -99.000 -9999.0 -9999.0 -9999.0 -9999.0 -9999.0
25711 20171027  2.424 -170.21   57.16     6.6     1.9     4.3     4.8     4.6     4.56 C     7.2     0.3     3.9    93.5    78.3    85.8 -99.000 -99.000 -99.000 -99.000 -99.000 -9999.0 -9999.0 -9999.0 -9999.0 -9999.0
25711 20171028  2.424 -170.21   57.16     6.7     0.5     3.6     5.3     6.4     0.61 C     6.5    -0.1     4.4    97.2    81.0    90.4 -99.000 -99.000 -99.000 -99.000 -99.000 -9999.0 -9999.0 -9999.0 -9999.0 -9999.0
25711 20171029  2.424 -170.21   57.16     6.6     4.6     5.6     5.7    17.2     0.33 C     6.1     4.1     5.2    97.7    90.6    94.5 -99.000 -99.000 -99.000 -99.000 -99.000 -9999.0 -9999.0 -9999.0 -9999.0 -9999.0
25711 20171030  2.424 -170.21   57.16     5.9     3.3     4.6     4.7     0.8     2.30 C     6.0     2.9     4.4    99.2    89.4    93.5 -99.000 -99.000 -99.000 -99.000 -99.000 -9999.0 -9999.0 -9999.0 -9999.0 -9999.0
25711 20171031  2.424 -170.21   57.16     4.4    -0.2     2.1     2.4     0.0     4.15 C     8.2    -1.6     2.4   100.0    92.4    96.8 -99.000 -99.000 -99.000 -99.000 -99.000 -9999.0 -9999.0 -9999.0 -9999.0 -9999.0
25711 20171101  2.424 -170.21   57.16     6.3     3.0     4.7     4.6     0.0     2.10 C     7.8     2.2     4.1    97.6    77.7    88.9 -99.000 -99.000 -99.000 -99.000 -99.000 -9999.0 -9999.0 -9999.0 -9999.0 -9999.0
25711 20171102  2.424 -170.21   57.16     7.0     5.5     6.2     6.3     6.9     1.27 C     7.5     4.8     6.1   100.0    88.5    97.4 -99.000 -99.000 -99.000 -99.000 -99.000 -9999.0 -9999.0 -9999.0 -9999.0 -9999.0
25711 20171103  2.424 -170.21   57.16     6.5     5.2     5.8     5.9     2.2     1.65 C     6.7     4.4     5.5   100.0    79.9    92.4 -99.000 -99.000 -99.000 -99.000 -99.000 -9999.0 -9999.0 -9999.0 -9999.0 -9999.0
25711 20171104  2.424 -170.21   57.16     6.3     1.5     3.9     4.7     0.3     1.82 C     7.2    -0.3     3.9    98.5    72.1    85.4 -99.000 -99.000 -99.000 -99.000 -99.000 -9999.0 -9999.0 -9999.0 -9999.0 -9999.0
25711 20171105  2.424 -170.21   57.16     4.7     0.5     2.6     2.9     0.0     1.78 C     4.4    -1.3     2.1    90.3    82.4    86.0 -99.000 -99.000 -99.000 -99.000 -99.000 -9999.0 -9999.0 -9999.0 -9999.0 -9999.0
25711 20171106  2.424 -170.21   57.16     6.8     3.4     5.1     5.5    10.8     0.89 C     6.6     2.7     4.9    97.4    84.3    90.0 -99.000 -99.000 -99.000 -99.000 -99.000 -9999.0 -9999.0 -9999.0 -9999.0 -9999.0
25711 20171107  2.424 -170.21   57.16     6.3    -1.3     2.5     3.4     0.4     2.79 C     6.7    -3.8     1.9    89.4    77.7    84.2 -99.000 -99.000 -99.000 -99.000 -99.000 -9999.0 -9999.0 -9999.0 -9999.0 -9999.0
25711 20171108  2.424 -170.21   57.16     6.6     1.6     4.1     4.7     2.4     0.64 C     6.3     0.9     3.7    96.3    78.2    86.0 -99.000 -99.000 -99.000 -99.000 -99.000 -9999.0 -9999.0 -9999.0 -9999.0 -9999.0
25711 20171109  2.424 -170.21   57.16     5.5     1.5     3.5     3.5     0.3     2.13 C     5.9     0.1     2.5    84.1    69.6    78.9 -99.000 -99.000 -99.000 -99.000 -99.000 -9999.0 -9999.0 -9999.0 -9999.0 -9999.0
25711 20171110  2.424 -170.21   57.16     7.1     2.8     4.9     5.3     0.0     1.31 C     8.0     0.7     4.7   100.0    80.7    91.9 -99.000 -99.000 -99.000 -99.000 -99.000 -9999.0 -9999.0 -9999.0 -9999.0 -9999.0
25711 20171111  2.424 -170.21   57.16     5.4     4.0     4.7     4.9     0.0     0.69 C     5.4     3.8     4.5   100.0    78.3    87.0 -99.000 -99.000 -99.000 -99.000 -99.000 -9999.0 -9999.0 -9999.0 -9999.0 -9999.0
25711 20171112  2.424 -170.21   57.16     6.1     5.2     5.7     5.7    15.6     0.23 C     6.0     4.5     5.3    97.5    83.0    90.7 -99.000 -99.000 -99.000 -99.000 -99.000 -9999.0 -9999.0 -9999.0 -9999.0 -9999.0
25711 20171113  2.424 -170.21   57.16     6.7     6.1     6.4     6.4    10.7     0.66 C     6.9     5.8     6.1    99.3    95.8    97.8 -99.000 -99.000 -99.000 -99.000 -99.000 -9999.0 -9999.0 -9999.0 -9999.0 -9999.0
25711 20171114  2.424 -170.21   57.16     6.9     5.4     6.1     6.3     2.6     0.63 C     6.9     4.9     6.0    99.9    92.2    96.9 -99.000 -99.000 -99.000 -99.000 -99.000 -9999.0 -9999.0 -9999.0 -9999.0 -9999.0
25711 20171115  2.424 -170.21   57.16     6.1     2.5     4.3     4.8     0.0     2.31 C     6.2     1.1     4.0    93.7    75.2    86.9 -99.000 -99.000 -99.000 -99.000 -99.000 -9999.0 -9999.0 -9999.0 -9999.0 -9999.0
25711 20171116  2.424 -170.21   57.16     6.8     2.1     4.5     5.8     0.0     2.14 C     6.9     0.6     5.1    93.7    80.1    88.1 -99.000 -99.000 -99.000 -99.000 -99.000 -9999.0 -9999.0 -9999.0 -9999.0 -9999.0
25711 20171117  2.424 -170.21   57.16     6.6     2.2     4.4     4.9     1.9     0.43 C     6.4     0.7     4.3    99.9    92.3    95.8 -99.000 -99.000 -99.000 -99.000 -99.000 -9999.0 -9999.0 -9999.0 -9999.0 -9999.0
25711 20171118  2.424 -170.21   57.16     7.2     2.3     4.8     6.0     1.0     0.33 C     7.1     1.2     5.6   100.0    69.1    94.0 -99.000 -99.000 -99.000 -99.000 -99.000 -9999.0 -9999.0 -9999.0 -9999.0 -9999.0
25711 20171119  2.424 -170.21   57.16     6.1     2.5     4.3     4.5     0.0     2.03 C     6.3     1.2     3.6    74.3    60.8    68.2 -99.000 -99.000 -99.000 -99.000 -99.000 -9999.0 -9999.0 -9999.0 -9999.0 -9999.0
25711 20171120  2.424 -170.21   57.16     7.1    -4.8     1.2     3.6     1.9     0.35 C     6.8    -7.2     2.6    98.3    74.5    87.2 -99.000 -99.000 -99.000 -99.000 -99.000 -9999.0 -9999.0 -9999.0 -9999.0 -9999.0
25711 20171121  2.424 -170.21   57.16     6.5     3.0     4.7     4.5     0.0     2.23 C     7.2     1.3     3.4    79.3    55.4    70.9 -99.000 -99.000 -99.000 -99.000 -99.000 -9999.0 -9999.0 -9999.0 -9999.0 -9999.0
25711 20171122  2.424 -170.21   57.16     7.1     0.3     3.7     3.9    12.1     1.47 C     6.8    -0.4     3.2    96.9    73.0    83.9 -99.000 -99.000 -99.000 -99.000 -99.000 -9999.0 -9999.0 -9999.0 -9999.0 -9999.0
25711 20171123  2.424 -170.21   57.16     3.0     0.4     1.7     1.5     0.0     0.50 C     1.8    -0.3     0.6    84.3    62.6    75.5 -99.000 -99.000 -99.000 -99.000 -99.000 -9999.0 -9999.0 -9999.0 -9999.0 -9999.0
25711 20171124  2.424 -170.21   57.16     4.6     2.4     3.5     4.0     0.0     0.26 C     4.2     1.5     3.2    86.3    77.9    81.7 -99.000 -99.000 -99.000 -99.000 -99.000 -9999.0 -9999.0 -9999.0 -9999.0 -9999.0
25711 20171125  2.424 -170.21   57.16     6.3     4.0     5.2     5.1    12.0     0.08 C     6.0     3.5     4.7    98.6    86.2    95.2 -99.000 -99.000 -99.000 -99.000 -99.000 -9999.0 -9999.0 -9999.0 -9999.0 -9999.0
25711 20171126  2.424 -170.21   57.16     5.6     3.5     4.5     4.6     2.8     0.60 C     4.8     2.6     4.0    94.4    83.1    91.2 -99.000 -99.000 -99.000 -99.000 -99.000 -9999.0 -9999.0 -9999.0 -9999.0 -9999.0
25711 20171127  2.424 -170.21   57.16     4.0     1.1     2.6     2.5     8.5     1.17 C     5.7     0.6     2.1    97.6    84.1    92.0 -99.000 -99.000 -99.000 -99.000 -99.000 -9999.0 -9999.0 -9999.0 -9999.0 -9999.0
25711 20171128  2.424 -170.21   57.16     4.6     0.6     2.6     3.3    11.1     0.39 C     4.0     0.0     2.8    97.6    83.5    93.6 -99.000 -99.000 -99.000 -99.000 -99.000 -9999.0 -9999.0 -9999.0 -9999.0 -9999.0
25711 20171129  2.424 -170.21   57.16     4.3     1.7     3.0     2.7     0.3     0.34 C     3.6     1.1     2.2    91.5    80.8    87.6 -99.000 -99.000 -99.000 -99.000 -99.000 -9999.0 -9999.0 -9999.0 -9999.0 -9999.0
25711 20171130  2.424 -170.21   57.16     6.2     1.3     3.7     3.4    10.1     0.27 C     5.8    -0.2     2.7    96.4    74.3    86.9 -99.000 -99.000 -99.000 -99.000 -99.000 -9999.0 -9999.0 -9999.0 -9999.0 -9999.0
25711 20171201  2.424 -170.21   57.16     6.2     1.4     3.8     4.0     1.4     1.79 C     5.9     0.4     3.2    99.5    77.2    88.7 -99.000 -99.000 -99.000 -99.000 -99.000 -9999.0 -9999.0 -9999.0 -9999.0 -9999.0
25711 20171202  2.424 -170.21   57.16     4.0     0.0     2.0     2.2     2.7     1.70 C     3.5    -1.6     1.1    90.8    73.0    82.3 -99.000 -99.000 -99.000 -99.000 -99.000 -9999.0 -9999.0 -9999.0 -9999.0 -9999.0
25711 20171203  2.424 -170.21   57.16     1.9    -7.1    -2.6    -2.7     0.0     1.74 C     2.0    -9.7    -5.1    97.3    80.8    91.8 -99.000 -99.000 -99.000 -99.000 -99.000 -9999.0 -9999.0 -9999.0 -9999.0 -9999.0
25711 20171204  2.424 -170.21   57.16     0.9    -6.1    -2.6    -2.0     2.5     1.01 C     0.5    -9.5    -4.5    94.9    77.7    88.6 -99.000 -99.000 -99.000 -99.000 -99.000 -9999.0 -9999.0 -9999.0 -9999.0 -9999.0
25711 20171205  2.424 -170.21   57.16     2.1    -8.2    -3.1    -3.2     0.0     1.76 C     1.3   -10.2    -6.0   100.0    80.5    94.2 -99.000 -99.000 -99.000 -99.000 -99.000 -9999.0 -9999.0 -9999.0 -9999.0 -9999.0
25711 20171206  2.424 -170.21   57.16     3.3    -4.7    -0.7     1.5     0.3     1.81 C     2.2    -8.1    -0.3    95.7    72.9    80.4 -99.000 -99.000 -99.000 -99.000 -99.000 -9999.0 -9999.0 -9999.0 -9999.0 -9999.0
25711 20171207  2.424 -170.21   57.16     1.6    -8.7    -3.6    -1.8     0.5     0.74 C     0.5   -11.9    -3.4    99.5    85.1    93.1 -99.000 -99.000 -99.000 -99.000 -99.000 -9999.0 -9999.0 -9999.0 -9999.0 -9999.0
25711 20171208  2.424 -170.21   57.16     1.5    -2.3    -0.4     0.5     3.9     1.68 C     1.8    -4.7    -0.7    95.0    75.9    87.6 -99.000 -99.000 -99.000 -99.000 -99.000 -9999.0 -9999.0 -9999.0 -9999.0 -9999.0
25711 20171209  2.424 -170.21   57.16     1.2    -0.2     0.5     0.3     0.0     0.45 C     0.4    -1.2    -0.4    92.9    74.8    81.4 -99.000 -99.000 -99.000 -99.000 -99.000 -9999.0 -9999.0 -9999.0 -9999.0 -9999.0
25711 20171210  2.424 -170.21   57.16     0.5    -0.7    -0.1    -0.1     0.4     0.39 C    -0.1    -1.4    -0.6    91.0    77.6    85.9 -99.000 -99.000 -99.000 -99.000 -99.000 -9999.0 -9999.0 -9999.0 -9999.0 -9999.0
25711 20171211  2.424 -170.21   57.16     0.1    -1.4    -0.7    -0.7     1.5     0.57 C    -0.9    -2.2    -1.4    85.3    75.1    81.8 -99.000 -99.000 -99.000 -99.000 -99.000 -9999.0 -9999.0 -9999.0 -9999.0 -9999.0
25711 20171212  2.424 -170.21   57.16    -0.8    -2.7    -1.8    -1.8     0.2     0.55 C    -1.8    -3.9    -2.8    81.4    54.0    72.5 -99.000 -99.000 -99.000 -99.000 -99.000 -9999.0 -9999.0 -9999.0 -9999.0 -9999.0
25711 20171213  2.424 -170.21   57.16    -1.1    -8.4    -4.7    -4.1     0.0     0.66 C    -2.9   -12.1    -5.9    90.6    54.9    76.1 -99.000 -99.000 -99.000 -99.000 -99.000 -9999.0 -9999.0 -9999.0 -9999.0 -9999.0
25711 20171214  2.424 -170.21   57.16     3.6    -1.5     1.1     1.1     6.9     0.30 C     2.8    -4.0    -0.2    94.8    53.4    77.1 -99.000 -99.000 -99.000 -99.000 -99.000 -9999.0 -9999.0 -9999.0 -9999.0 -9999.0
25711 20171215  2.424 -170.21   57.16     3.5    -0.8     1.3     0.9    11.1     0.89 C     2.7    -1.4     0.3    98.6    93.0    95.8 -99.000 -99.000 -99.000 -99.000 -99.000 -9999.0 -9999.0 -9999.0 -9999.0 -9999.0
25711 20171216  2.424 -170.21   57.16     0.9    -0.5     0.2     0.5     2.0     0.36 C     0.2    -1.2    -0.3    96.0    73.2    86.2 -99.000 -99.000 -99.000 -99.000 -99.000 -9999.0 -9999.0 -9999.0 -9999.0 -9999.0
25711 20171217  2.424 -170.21   57.16     4.4    -5.6    -0.6     0.9     2.7     0.61 C     3.4    -7.5    -0.6    93.1    62.4    76.2 -99.000 -99.000 -99.000 -99.000 -99.000 -9999.0 -9999.0 -9999.0 -9999.0 -9999.0
25711 20171218  2.424 -170.21   57.16     5.5     0.9     3.2     3.7     6.9     0.13 C     5.2     0.0     2.9    98.4    73.1    87.8 -99.000 -99.000 -99.000 -99.000 -99.000 -9999.0 -9999.0 -9999.0 -9999.0 -9999.0
25711 20171219  2.424 -170.21   57.16     3.2     0.3     1.7     1.8     2.5     0.98 C     1.6    -1.1     0.5    85.1    73.3    78.1 -99.000 -99.000 -99.000 -99.000 -99.000 -9999.0 -9999.0 -9999.0 -9999.0 -9999.0
25711 20171220  2.424 -170.21   57.16     4.8     2.4     3.6     4.1     0.8     0.28 C     4.2     1.0     3.2    85.2    73.2    79.3 -99.000 -99.000 -99.000 -99.000 -99.000 -9999.0 -9999.0 -9999.0 -9999.0 -9999.0
25711 20171221  2.424 -170.21   57.16     5.1     3.1     4.1     4.3     1.4     0.40 C     4.6     2.6     3.8    92.0    73.0    83.7 -99.000 -99.000 -99.000 -99.000 -99.000 -9999.0 -9999.0 -9999.0 -9999.0 -9999.0
25711 20171222  2.424 -170.21   57.16     3.6    -0.8     1.4     2.1     1.1     1.15 C     3.3    -1.3     1.4    97.6    72.5    84.8 -99.000 -99.000 -99.000 -99.000 -99.000 -9999.0 -9999.0 -9999.0 -9999.0 -9999.0
25711 20171223  2.424 -170.21   57.16     0.4    -8.9    -4.3    -2.0     0.6     1.33 C     0.3   -13.1    -3.6    78.4    54.1    69.7 -99.000 -99.000 -99.000 -99.000 -99.000 -9999.0 -9999.0 -9999.0 -9999.0 -9999.0
25711 20171224  2.424 -170.21   57.16     0.5   -11.2    -5.4    -4.5     1.3     1.05 C    -0.6   -14.0    -7.3    99.9    76.8    83.8 -99.000 -99.000 -99.000 -99.000 -99.000 -9999.0 -9999.0 -9999.0 -9999.0 -9999.0
25711 20171225  2.424 -170.21   57.16     3.2   -10.3    -3.6     1.3     0.0     1.31 C     2.7   -13.6    -0.9    87.5    62.3    76.5 -99.000 -99.000 -99.000 -99.000 -99.000 -9999.0 -9999.0 -9999.0 -9999.0 -9999.0
25711 20171226  2.424 -170.21   57.16     2.8     0.5     1.6     1.8     1.1     1.94 C     1.3    -1.2     0.2    89.9    60.3    72.0 -99.000 -99.000 -99.000 -99.000 -99.000 -9999.0 -9999.0 -9999.0 -9999.0 -9999.0
25711 20171227  2.424 -170.21   57.16     0.7    -2.2    -0.7    -0.7     0.0     0.75 C    -0.1    -3.8    -1.7    84.4    73.4    78.1 -99.000 -99.000 -99.000 -99.000 -99.000 -9999.0 -9999.0 -9999.0 -9999.0 -9999.0
25711 20171228  2.424 -170.21   57.16     0.1    -1.3    -0.6    -0.3     0.0     0.40 C    -0.5    -2.2    -1.2    84.2    65.4    72.0 -99.000 -99.000 -99.000 -99.000 -99.000 -9999.0 -9999.0 -9999.0 -9999.0 -9999.0
25711 20171229  2.424 -170.21   57.16     0.3    -1.2    -0.5    -0.5     0.0     0.26 C     0.0    -1.6    -1.0    91.5    73.6    83.3 -99.000 -99.000 -99.000 -99.000 -99.000 -9999.0 -9999.0 -9999.0 -9999.0 -9999.0
25711 20171230  2.424 -170.21   57.16     1.4    -0.8     0.3    -0.1     1.0     0.33 C     1.1    -1.2    -0.5    94.3    89.6    91.6 -99.000 -99.000 -99.000 -99.000 -99.000 -9999.0 -9999.0 -9999.0 -9999.0 -9999.0
25711 20171231  2.424 -170.21   57.16     3.2     1.4     2.3     2.7     0.9     1.08 C     3.3     1.1     2.3   100.0    86.2    95.1 -99.000 -99.000 -99.000 -99.000 -99.000 -9999.0 -9999.0 -9999.0 -9999.0 -9999.0
