94075 20170101  2.423 -105.54   40.04    -3.0    -8.9    -6.0    -5.6     0.0     8.80 C    -3.0   -15.2    -9.6    73.4    37.5    50.1 -99.000 -99.000 -99.000 -99.000 -99.000    -4.1    -3.0 -9999.0 -9999.0 -9999.0
94075 20170102  2.423 -105.54   40.04    -3.6   -11.5    -7.6    -6.3     0.0     3.41 C    -4.0   -16.3    -9.6    92.9    38.9    57.3 -99.000 -99.000 -99.000 -99.000 -99.000    -4.2    -3.1 -9999.0 -9999.0 -9999.0
94075 20170103  2.423 -105.54   40.04    -6.7   -14.0   -10.3   -10.6     7.0     2.02 C    -8.5   -13.1   -10.6    89.0    52.4    79.0 -99.000 -99.000 -99.000 -99.000 -99.000    -4.0    -3.1 -9999.0 -9999.0 -9999.0
94075 20170104  2.423 -105.54   40.04    -4.4   -23.8   -14.1   -11.1    27.9     0.71 C    -5.3   -23.0   -11.1    90.6    69.9    79.4 -99.000 -99.000 -99.000 -99.000 -99.000    -3.2    -2.6 -9999.0 -9999.0 -9999.0
94075 20170105  2.423 -105.54   40.04   -16.1   -25.4   -20.8   -21.7    16.3     0.41 C   -16.7   -35.0   -22.7    83.8    70.1    78.0 -99.000 -99.000 -99.000 -99.000 -99.000    -2.7    -2.2 -9999.0 -9999.0 -9999.0
94075 20170106  2.423 -105.54   40.04   -13.1   -29.9   -21.5   -19.8     0.3     7.97 C   -17.7   -38.9   -26.5    74.8    44.7    60.0 -99.000 -99.000 -99.000 -99.000 -99.000    -2.6    -2.0 -9999.0 -9999.0 -9999.0
94075 20170107  2.423 -105.54   40.04    -3.8   -15.7    -9.7    -8.3     1.3     9.12 C    -6.6   -26.9   -15.5    74.9    17.3    37.9 -99.000 -99.000 -99.000 -99.000 -99.000    -2.6    -2.0 -9999.0 -9999.0 -9999.0
94075 20170108  2.423 -105.54   40.04     1.4    -6.0    -2.3    -2.3    15.7     4.17 C    -0.5    -7.3    -3.9    86.5    65.4    74.7 -99.000 -99.000 -99.000 -99.000 -99.000    -2.5    -2.0 -9999.0 -9999.0 -9999.0
94075 20170109  2.423 -105.54   40.04     1.6    -8.0    -3.2    -0.5    21.3     0.86 C    -0.6    -8.3    -2.2    87.9    60.5    75.3 -99.000 -99.000 -99.000 -99.000 -99.000    -2.0    -1.7 -9999.0 -9999.0 -9999.0
94075 20170110  2.423 -105.54   40.04    -4.4    -9.1    -6.8    -6.6    14.6     2.28 C    -5.8    -9.9    -7.6    85.0    64.5    74.7 -99.000 -99.000 -99.000 -99.000 -99.000    -1.8    -1.4 -9999.0 -9999.0 -9999.0
94075 20170111  2.423 -105.54   40.04    -3.5    -7.4    -5.4    -5.3    16.9     0.36 C    -3.8    -8.6    -6.1    93.9    67.3    81.3 -99.000 -99.000 -99.000 -99.000 -99.000    -1.6    -1.3 -9999.0 -9999.0 -9999.0
94075 20170112  2.423 -105.54   40.04    -3.7    -8.5    -6.1    -6.7     4.9     4.82 C    -5.3   -11.9    -8.7    91.6    59.1    77.6 -99.000 -99.000 -99.000 -99.000 -99.000    -1.5    -1.2 -9999.0 -9999.0 -9999.0
94075 20170113  2.423 -105.54   40.04    -0.2    -9.5    -4.9    -4.7     0.0     7.07 C    -4.2   -17.6   -10.1    87.6    52.2    74.2 -99.000 -99.000 -99.000 -99.000 -99.000    -1.4    -1.1 -9999.0 -9999.0 -9999.0
94075 20170114  2.423 -105.54   40.04    -0.8   -13.0    -6.9    -7.7     0.0     5.95 C    -3.3   -18.9   -13.9    89.4    57.7    80.1 -99.000 -99.000 -99.000 -99.000 -99.000    -1.4    -1.1 -9999.0 -9999.0 -9999.0
94075 20170115  2.423 -105.54   40.04    -2.8   -13.1    -7.9    -7.0     2.7     4.46 C    -3.2   -17.7    -9.1    94.6    78.7    87.5 -99.000 -99.000 -99.000 -99.000 -99.000    -1.4    -1.0 -9999.0 -9999.0 -9999.0
94075 20170116  2.423 -105.54   40.04    -4.0   -11.1    -7.6    -6.0     6.1     0.20 C    -4.8   -18.8    -6.4    94.3    84.3    90.5 -99.000 -99.000 -99.000 -99.000 -99.000    -1.4    -1.0 -9999.0 -9999.0 -9999.0
94075 20170117  2.423 -105.54   40.04     2.7   -14.2    -5.8    -6.9     0.0    10.49 C    -5.8   -21.7   -15.3    91.6    21.1    66.0 -99.000 -99.000 -99.000 -99.000 -99.000    -1.3    -1.0 -9999.0 -9999.0 -9999.0
94075 20170118  2.423 -105.54   40.04     5.7   -15.0    -4.6    -5.4     0.0    10.04 C    -2.7   -20.9   -13.7    83.4    14.9    56.1 -99.000 -99.000 -99.000 -99.000 -99.000    -1.3    -0.9 -9999.0 -9999.0 -9999.0
94075 20170119  2.423 -105.54   40.04     5.1    -5.9    -0.4    -0.3     0.0    10.65 C    -3.5   -13.5    -8.5    71.4    17.7    37.9 -99.000 -99.000 -99.000 -99.000 -99.000    -1.3    -0.9 -9999.0 -9999.0 -9999.0
94075 20170120  2.423 -105.54   40.04    -3.5   -11.2    -7.4    -6.2     0.8     7.33 C    -5.5   -19.4    -9.8    93.1    38.5    64.4 -99.000 -99.000 -99.000 -99.000 -99.000    -1.3    -0.9 -9999.0 -9999.0 -9999.0
94075 20170121  2.423 -105.54   40.04    -3.5   -15.5    -9.5    -9.0     0.2     6.76 C    -6.1   -22.0   -13.5    84.7    40.2    67.7 -99.000 -99.000 -99.000 -99.000 -99.000    -1.3    -0.9 -9999.0 -9999.0 -9999.0
94075 20170122  2.423 -105.54   40.04    -4.4   -11.5    -7.9    -8.2     0.7    10.53 C    -6.1   -19.0   -11.9    80.7    21.6    56.5 -99.000 -99.000 -99.000 -99.000 -99.000    -1.4    -0.9 -9999.0 -9999.0 -9999.0
94075 20170123  2.423 -105.54   40.04    -2.0    -9.1    -5.6    -5.0     3.7     4.60 C    -3.7   -15.9    -6.9    93.5    54.9    73.4 -99.000 -99.000 -99.000 -99.000 -99.000    -1.4    -0.9 -9999.0 -9999.0 -9999.0
94075 20170124  2.423 -105.54   40.04    -7.2   -16.1   -11.7   -11.3     0.5     6.76 C    -7.0   -24.0   -16.7    91.7    39.4    67.4 -99.000 -99.000 -99.000 -99.000 -99.000    -1.4    -0.9 -9999.0 -9999.0 -9999.0
94075 20170125  2.423 -105.54   40.04   -11.1   -16.1   -13.6   -14.1     0.0    10.84 C   -11.6   -21.5   -17.2    75.7    42.9    56.5 -99.000 -99.000 -99.000 -99.000 -99.000    -1.4    -1.0 -9999.0 -9999.0 -9999.0
94075 20170126  2.423 -105.54   40.04   -13.9   -18.6   -16.2   -16.5     0.0     8.03 C   -13.3   -25.8   -20.2    70.5    39.3    49.8 -99.000 -99.000 -99.000 -99.000 -99.000    -1.6    -1.1 -9999.0 -9999.0 -9999.0
94075 20170127  2.423 -105.54   40.04    -4.2   -18.2   -11.2   -10.8     0.0    11.37 C    -7.9   -23.6   -16.0    51.4    33.1    42.0 -99.000 -99.000 -99.000 -99.000 -99.000    -1.9    -1.3 -9999.0 -9999.0 -9999.0
94075 20170128  2.423 -105.54   40.04    -2.8    -9.2    -6.0    -5.5     0.0     7.57 C    -6.0   -15.5   -10.4    53.5    28.8    42.0 -99.000 -99.000 -99.000 -99.000 -99.000    -2.1    -1.5 -9999.0 -9999.0 -9999.0
94075 20170129  2.423 -105.54   40.04     1.9    -5.4    -1.8    -1.7     0.0     9.22 C    -2.7   -10.1    -7.2    55.0    26.0    40.2 -99.000 -99.000 -99.000 -99.000 -99.000    -2.0    -1.5 -9999.0 -9999.0 -9999.0
94075 20170130  2.423 -105.54   40.04     0.4    -4.6    -2.1    -1.7     0.0    11.42 C    -2.7   -11.9    -7.4    49.0    35.1    41.6 -99.000 -99.000 -99.000 -99.000 -99.000    -1.9    -1.4 -9999.0 -9999.0 -9999.0
94075 20170131  2.423 -105.54   40.04     2.2    -2.7    -0.3    -0.6     0.0    10.59 C    -2.5   -10.3    -7.8    40.3    22.4    30.5 -99.000 -99.000 -99.000 -99.000 -99.000    -1.8    -1.3 -9999.0 -9999.0 -9999.0
94075 20170201  2.423 -105.54   40.04     2.7    -2.9    -0.1    -0.5     0.0    12.67 C    -0.8   -11.6    -7.4    39.2    17.9    29.2 -99.000 -99.000 -99.000 -99.000 -99.000    -1.9    -1.4 -9999.0 -9999.0 -9999.0
94075 20170202  2.423 -105.54   40.04     0.5    -5.6    -2.6    -3.0    12.4     4.28 C    -2.6   -10.6    -6.3    85.5    26.6    56.4 -99.000 -99.000 -99.000 -99.000 -99.000    -2.0    -1.5 -9999.0 -9999.0 -9999.0
94075 20170203  2.423 -105.54   40.04     1.4    -5.6    -2.1    -2.8     1.1    11.62 C    -3.7   -12.0    -7.6    78.5    37.9    59.8 -99.000 -99.000 -99.000 -99.000 -99.000    -1.8    -1.4 -9999.0 -9999.0 -9999.0
94075 20170204  2.423 -105.54   40.04    -1.9    -4.8    -3.4    -3.1    10.0     3.34 C    -3.9    -8.6    -5.8    89.7    49.2    67.6 -99.000 -99.000 -99.000 -99.000 -99.000    -1.7    -1.3 -9999.0 -9999.0 -9999.0
94075 20170205  2.423 -105.54   40.04     2.3    -2.9    -0.3    -0.8     0.0    12.94 C    -2.2   -11.3    -7.0    57.5    35.7    45.5 -99.000 -99.000 -99.000 -99.000 -99.000    -1.7    -1.3 -9999.0 -9999.0 -9999.0
94075 20170206  2.423 -105.54   40.04     0.9    -4.1    -1.6    -1.5     0.3    14.18 C    -1.2   -11.6    -6.0    70.1    29.2    47.2 -99.000 -99.000 -99.000 -99.000 -99.000    -1.8    -1.3 -9999.0 -9999.0 -9999.0
94075 20170207  2.423 -105.54   40.04    -0.2    -4.2    -2.2    -2.0    17.7     3.05 C    -2.0    -7.0    -3.5    91.4    56.9    74.3 -99.000 -99.000 -99.000 -99.000 -99.000    -1.7    -1.3 -9999.0 -9999.0 -9999.0
94075 20170208  2.423 -105.54   40.04    -0.1    -4.3    -2.2    -2.4    10.1     8.57 C    -2.8    -6.8    -5.0    88.8    48.8    62.4 -99.000 -99.000 -99.000 -99.000 -99.000    -1.5    -1.1 -9999.0 -9999.0 -9999.0
94075 20170209  2.423 -105.54   40.04     6.0    -0.1     2.9     3.4     0.5     9.88 C     0.6    -4.6    -1.4    70.4    40.7    54.8 -99.000 -99.000 -99.000 -99.000 -99.000    -1.3    -1.0 -9999.0 -9999.0 -9999.0
94075 20170210  2.423 -105.54   40.04     8.8     1.9     5.4     5.5     0.0    13.30 C     2.9    -1.4     0.0    70.1    29.3    42.5 -99.000 -99.000 -99.000 -99.000 -99.000    -0.9    -0.7 -9999.0 -9999.0 -9999.0
94075 20170211  2.423 -105.54   40.04     4.5    -7.0    -1.3     0.1     1.6    11.77 C     3.9    -8.6    -2.0    91.2    49.9    68.6 -99.000 -99.000 -99.000 -99.000 -99.000    -0.6    -0.5 -9999.0 -9999.0 -9999.0
94075 20170212  2.423 -105.54   40.04     1.3    -8.5    -3.6    -3.8     0.0    10.53 C     4.3    -9.2    -3.6    93.8    27.8    72.7 -99.000 -99.000 -99.000 -99.000 -99.000    -0.5    -0.4 -9999.0 -9999.0 -9999.0
94075 20170213  2.423 -105.54   40.04     0.0   -12.3    -6.2    -4.4     0.0     8.38 C     3.6   -14.9    -5.8    82.3    47.8    66.0 -99.000 -99.000 -99.000 -99.000 -99.000    -0.6    -0.4 -9999.0 -9999.0 -9999.0
94075 20170214  2.423 -105.54   40.04    -1.9   -15.4    -8.7    -8.7     0.0    15.44 C     4.8   -16.8    -9.2    77.2    42.4    61.0 -99.000 -99.000 -99.000 -99.000 -99.000    -1.2    -0.7 -9999.0 -9999.0 -9999.0
94075 20170215  2.423 -105.54   40.04     6.2   -14.4    -4.1    -2.2     0.0    15.62 C     6.5   -16.3    -6.2    76.8    10.8    34.4 -99.000 -99.000 -99.000 -99.000 -99.000    -2.0    -1.2 -9999.0 -9999.0 -9999.0
94075 20170216  2.423 -105.54   40.04     9.8    -0.4     4.7     4.6     0.0    16.25 C    10.3    -8.7    -1.3    23.0     6.6    12.4 -99.000 -99.000 -99.000 -99.000 -99.000    -1.8    -1.2 -9999.0 -9999.0 -9999.0
94075 20170217  2.423 -105.54   40.04     7.6    -4.7     1.5     0.7     0.0    13.11 C    11.8    -8.8    -1.6    61.4    13.4    36.9 -99.000 -99.000 -99.000 -99.000 -99.000    -1.4    -1.0 -9999.0 -9999.0 -9999.0
94075 20170218  2.423 -105.54   40.04     6.6    -3.6     1.5     0.8     0.0     9.61 C    12.4    -6.9    -1.0    71.9    35.0    53.4 -99.000 -99.000 -99.000 -99.000 -99.000    -1.1    -0.8 -9999.0 -9999.0 -9999.0
94075 20170219  2.423 -105.54   40.04     6.7    -4.6     1.1    -0.2     1.8     9.70 C    12.9    -9.7    -1.8    92.0    25.1    57.1 -99.000 -99.000 -99.000 -99.000 -99.000    -1.2    -0.8 -9999.0 -9999.0 -9999.0
94075 20170220  2.423 -105.54   40.04     2.3    -6.0    -1.9    -1.7     0.0    16.73 C     1.9   -10.0    -4.4    62.5    22.4    44.0 -99.000 -99.000 -99.000 -99.000 -99.000    -1.0    -0.7 -9999.0 -9999.0 -9999.0
94075 20170221  2.423 -105.54   40.04     6.4    -0.5     2.9     2.2     0.0    13.70 C    13.8    -5.3     0.5    66.1    26.9    41.8 -99.000 -99.000 -99.000 -99.000 -99.000    -1.1    -0.8 -9999.0 -9999.0 -9999.0
94075 20170222  2.423 -105.54   40.04     5.1    -6.4    -0.7    -0.2     0.0    15.37 C    12.8    -5.3     0.6    86.0    25.9    50.3 -99.000 -99.000 -99.000 -99.000 -99.000    -0.7    -0.5 -9999.0 -9999.0 -9999.0
94075 20170223  2.423 -105.54   40.04    -5.8   -17.2   -11.5   -11.0    14.5     1.07 C    -4.7   -18.9   -10.7    92.9    76.7    86.3 -99.000 -99.000 -99.000 -99.000 -99.000    -0.5    -0.4 -9999.0 -9999.0 -9999.0
94075 20170224  2.423 -105.54   40.04   -13.8   -18.5   -16.1   -16.2     3.3     1.36 C   -10.8   -24.0   -17.2    85.4    65.7    78.6 -99.000 -99.000 -99.000 -99.000 -99.000    -0.6    -0.3 -9999.0 -9999.0 -9999.0
94075 20170225  2.423 -105.54   40.04   -12.1   -17.1   -14.6   -14.9     4.3    11.94 C   -11.4   -21.2   -16.0    78.4    44.5    63.4 -99.000 -99.000 -99.000 -99.000 -99.000    -1.0    -0.5 -9999.0 -9999.0 -9999.0
94075 20170226  2.423 -105.54   40.04    -8.1   -15.7   -11.9   -12.4     0.3    18.47 C    -6.4   -19.7   -14.5    61.5    23.5    40.9 -99.000 -99.000 -99.000 -99.000 -99.000    -2.7    -1.5 -9999.0 -9999.0 -9999.0
94075 20170227  2.423 -105.54   40.04    -2.3   -12.2    -7.3    -6.3     2.1    11.60 C     1.8   -17.1    -7.6    89.6    35.1    53.1 -99.000 -99.000 -99.000 -99.000 -99.000    -3.3    -2.2 -9999.0 -9999.0 -9999.0
94075 20170228  2.423 -105.54   40.04    -5.9   -14.9   -10.4    -9.9     2.1     9.38 C    -2.8   -16.3    -9.9    91.6    50.6    70.9 -99.000 -99.000 -99.000 -99.000 -99.000    -2.4    -1.8 -9999.0 -9999.0 -9999.0
94075 20170301  2.423 -105.54   40.04    -8.1   -15.5   -11.8   -11.7     2.2    18.10 C    -2.4   -17.2   -11.9    72.0    40.0    55.0 -99.000 -99.000 -99.000 -99.000 -99.000    -3.8    -2.5 -9999.0 -9999.0 -9999.0
94075 20170302  2.423 -105.54   40.04    -2.3   -11.3    -6.8    -7.2     0.0    20.07 C     7.3   -14.9    -6.8    62.0    32.6    47.4 -99.000 -99.000 -99.000 -99.000 -99.000    -3.8    -2.9 -9999.0 -9999.0 -9999.0
94075 20170303  2.423 -105.54   40.04     2.8    -9.8    -3.5    -3.4     0.0    15.68 C    12.3   -13.2    -5.3    50.5    17.4    31.5 -99.000 -99.000 -99.000 -99.000 -99.000    -3.2    -2.4 -9999.0 -9999.0 -9999.0
94075 20170304  2.423 -105.54   40.04     5.9   -10.2    -2.1     1.0     0.0    19.38 C    16.4   -13.5    -1.0    52.3    16.1    22.9 -99.000 -99.000 -99.000 -99.000 -99.000    -2.7    -2.2 -9999.0 -9999.0 -9999.0
94075 20170305  2.423 -105.54   40.04     5.4    -1.2     2.1     1.8     0.0    10.26 C    15.4    -6.7    -0.4    41.8    10.8    27.2 -99.000 -99.000 -99.000 -99.000 -99.000    -1.3    -1.2 -9999.0 -9999.0 -9999.0
94075 20170306  2.423 -105.54   40.04    -0.1   -15.4    -7.7   -11.2     7.9     5.73 C    -2.5   -15.9   -11.2    82.7    34.2    61.1 -99.000 -99.000 -99.000 -99.000 -99.000    -2.3    -1.5 -9999.0 -9999.0 -9999.0
94075 20170307  2.423 -105.54   40.04    -4.9   -15.2   -10.0    -9.6     4.2    16.47 C    -2.9   -15.5   -10.3    73.2    39.1    55.6 -99.000 -99.000 -99.000 -99.000 -99.000    -3.5    -2.4 -9999.0 -9999.0 -9999.0
94075 20170308  2.423 -105.54   40.04     3.5    -7.0    -1.7    -1.0     0.9    17.54 C     5.1    -9.5    -3.7    76.3    32.0    46.8 -99.000 -99.000 -99.000 -99.000 -99.000    -2.7    -2.2 -9999.0 -9999.0 -9999.0
94075 20170309  2.423 -105.54   40.04     6.8    -2.5     2.2     2.0     0.0    16.39 C    16.3    -5.5     0.0    61.5    24.9    36.3 -99.000 -99.000 -99.000 -99.000 -99.000    -1.6    -1.3 -9999.0 -9999.0 -9999.0
94075 20170310  2.423 -105.54   40.04     7.1    -0.8     3.1     3.5     0.0    19.03 C    10.7    -5.9     0.9    57.8    28.4    38.2 -99.000 -99.000 -99.000 -99.000 -99.000    -0.7    -0.6 -9999.0 -9999.0 -9999.0
94075 20170311  2.423 -105.54   40.04     1.4    -5.3    -1.9    -1.6     3.8    13.67 C    13.4    -6.6    -0.3    95.9    39.5    81.7 -99.000 -99.000 -99.000 -99.000 -99.000    -0.5    -0.4 -9999.0 -9999.0 -9999.0
94075 20170312  2.423 -105.54   40.04     1.5    -6.4    -2.5    -1.3     2.5     8.16 C     4.4   -13.7    -4.1    79.2    27.7    48.0 -99.000 -99.000 -99.000 -99.000 -99.000    -0.6    -0.4 -9999.0 -9999.0 -9999.0
94075 20170313  2.423 -105.54   40.04     2.0    -6.6    -2.3    -1.5     0.0    18.12 C     6.5   -12.5    -3.2    59.3    28.8    44.0 -99.000 -99.000 -99.000 -99.000 -99.000    -1.1    -0.6 -9999.0 -9999.0 -9999.0
94075 20170314  2.423 -105.54   40.04     8.3     0.7     4.5     3.9     0.0    19.32 C    19.6    -3.0     3.7    47.9    28.5    37.5 -99.000 -99.000 -99.000 -99.000 -99.000    -0.9    -0.6 -9999.0 -9999.0 -9999.0
94075 20170315  2.423 -105.54   40.04    11.1    -2.8     4.2     4.9     0.0    14.63 C    23.6    -6.6     2.5    60.4    14.5    31.2 -99.000 -99.000 -99.000 -99.000 -99.000    -0.4    -0.4 -9999.0 -9999.0 -9999.0
94075 20170316  2.423 -105.54   40.04    10.3     3.3     6.8     6.0     0.0    18.70 C    26.6    -2.8     5.6    40.9    23.1    29.0 -99.000 -99.000 -99.000 -99.000 -99.000    -0.1    -0.3 -9999.0 -9999.0 -9999.0
94075 20170317  2.423 -105.54   40.04    10.8    -2.2     4.3     4.0     0.0    15.94 C    29.8    -5.4     4.4    74.5    25.6    43.4 -99.000 -99.000 -99.000 -99.000 -99.000     0.3    -0.2 -9999.0 -9999.0 -9999.0
94075 20170318  2.423 -105.54   40.04    13.0    -2.0     5.5     7.4     0.0    21.35 C    28.9    -5.7     7.0    71.8    19.6    32.6 -99.000 -99.000 -99.000 -99.000 -99.000     1.1     0.3 -9999.0 -9999.0 -9999.0
94075 20170319  2.423 -105.54   40.04    11.9     3.3     7.6     7.5     0.0    19.53 C    33.7    -3.9     8.5    38.7    23.0    29.2 -99.000 -99.000 -99.000 -99.000 -99.000     2.0     1.0 -9999.0 -9999.0 -9999.0
94075 20170320  2.423 -105.54   40.04    11.1    -1.5     4.8     5.5     0.0    12.77 C    26.4    -5.2     5.3    76.3    23.5    39.1 -99.000 -99.000 -99.000 -99.000 -99.000     1.6     1.2 -9999.0 -9999.0 -9999.0
94075 20170321  2.423 -105.54   40.04    11.2    -2.5     4.4     3.7     0.0    10.62 C    28.5    -5.9     4.5    81.1    28.0    54.9 -99.000   0.201 -99.000 -99.000 -99.000     1.8     1.4 -9999.0 -9999.0 -9999.0
94075 20170322  2.423 -105.54   40.04    12.0     0.8     6.4     7.2     0.0    18.32 C    29.0    -2.6     8.1    57.8    20.1    32.2   0.193   0.212 -99.000 -99.000 -99.000     2.7     2.0 -9999.0 -9999.0 -9999.0
94075 20170323  2.423 -105.54   40.04    10.2    -2.2     4.0     3.5     2.3    12.89 C    29.5    -6.1     4.5    95.8    14.0    45.8   0.186   0.210 -99.000 -99.000 -99.000     2.3     2.2 -9999.0 -9999.0 -9999.0
94075 20170324  2.423 -105.54   40.04     0.4    -6.6    -3.1    -2.9     5.2    12.02 C     4.2    -9.5    -2.9    95.7    64.4    81.1   0.191   0.209 -99.000 -99.000 -99.000     1.4     1.7 -9999.0 -9999.0 -9999.0
94075 20170325  2.423 -105.54   40.04     8.1    -4.4     1.8     2.9     0.2    18.49 C    24.0    -9.3     4.8    89.4    12.1    41.8 -99.000   0.217 -99.000 -99.000 -99.000     2.1     1.8 -9999.0 -9999.0 -9999.0
94075 20170326  2.423 -105.54   40.04     1.9    -3.6    -0.9    -1.3     0.3    10.09 C    21.6    -6.5     1.8    96.0    51.7    83.9   0.207   0.221 -99.000 -99.000 -99.000     2.5     2.3 -9999.0 -9999.0 -9999.0
94075 20170327  2.423 -105.54   40.04     4.2    -3.1     0.5    -0.3     1.7    11.55 C    29.8    -6.8     2.0    92.4    36.3    66.9   0.204   0.221 -99.000 -99.000 -99.000     2.5     2.4 -9999.0 -9999.0 -9999.0
94075 20170328  2.423 -105.54   40.04    -0.7    -5.2    -3.0    -2.2    24.7     5.45 C     0.4   -11.3    -2.4    96.1    78.6    91.7   0.205   0.221 -99.000 -99.000 -99.000     1.3     1.8 -9999.0 -9999.0 -9999.0
94075 20170329  2.423 -105.54   40.04     3.1    -5.6    -1.2    -1.9     0.5    21.42 C     0.8   -10.5    -3.9    94.6    47.1    77.2   0.214   0.226 -99.000 -99.000 -99.000     0.8     1.3 -9999.0 -9999.0 -9999.0
94075 20170330  2.423 -105.54   40.04     6.5    -1.9     2.3     1.2     7.8    12.13 C     1.1    -6.3    -1.9    95.9    40.7    63.3   0.183   0.238 -99.000 -99.000 -99.000     0.4     0.9 -9999.0 -9999.0 -9999.0
94075 20170331  2.423 -105.54   40.04    -0.3    -7.2    -3.7    -3.3     7.0     0.19 C    -0.1    -6.2    -2.3    96.6    88.3    92.0   0.188   0.247 -99.000 -99.000 -99.000     0.4     0.7 -9999.0 -9999.0 -9999.0
94075 20170401  2.423 -105.54   40.04    -0.8    -7.3    -4.0    -4.4     1.2     5.94 C     0.8    -9.5    -4.1    94.1    87.8    90.7 -99.000   0.262 -99.000 -99.000 -99.000     0.4     0.7 -9999.0 -9999.0 -9999.0
94075 20170402  2.423 -105.54   40.04     4.2    -4.2     0.0    -0.4     2.6    24.74 C     0.5    -9.2    -2.9    93.4    37.4    65.9 -99.000   0.274 -99.000 -99.000 -99.000     0.2     0.5 -9999.0 -9999.0 -9999.0
94075 20170403  2.423 -105.54   40.04     0.0    -7.0    -3.5    -4.0    12.6    22.15 C    -2.2   -10.0    -5.6    93.9    25.4    60.7 -99.000   0.275 -99.000 -99.000 -99.000     0.3     0.5 -9999.0 -9999.0 -9999.0
94075 20170404  2.423 -105.54   40.04    -5.2   -10.2    -7.7    -7.7    25.1     5.63 C    -1.3   -18.6    -7.3    91.9    63.3    87.4 -99.000   0.269 -99.000 -99.000 -99.000     0.2     0.5 -9999.0 -9999.0 -9999.0
94075 20170405  2.423 -105.54   40.04    -0.2   -13.8    -7.0    -5.2     0.7    26.28 C    -1.5   -25.3    -9.8    87.1    36.7    56.5 -99.000   0.264 -99.000 -99.000 -99.000     0.2     0.5 -9999.0 -9999.0 -9999.0
94075 20170406  2.423 -105.54   40.04     7.2    -3.0     2.1     1.2     0.0    25.46 C     0.5   -11.0    -4.9    69.9    27.1    50.5 -99.000   0.266 -99.000 -99.000 -99.000     0.1     0.4 -9999.0 -9999.0 -9999.0
94075 20170407  2.423 -105.54   40.04    11.8    -3.6     4.1     5.5     0.0    23.16 C     2.0   -10.7    -2.5    68.9    26.7    38.9 -99.000   0.275 -99.000 -99.000 -99.000     0.1     0.4 -9999.0 -9999.0 -9999.0
94075 20170408  2.423 -105.54   40.04    10.3    -1.6     4.4     6.0     0.7    20.80 C    14.0    -3.6     1.8    87.4    24.4    35.4 -99.000   0.286 -99.000 -99.000 -99.000     0.6     0.7 -9999.0 -9999.0 -9999.0
94075 20170409  2.423 -105.54   40.04    -1.3    -8.2    -4.7    -4.4     3.4    18.09 C    -0.6   -11.5    -6.2    91.0    43.2    59.6 -99.000   0.271 -99.000 -99.000 -99.000     0.1     0.5 -9999.0 -9999.0 -9999.0
94075 20170410  2.423 -105.54   40.04     3.9    -9.1    -2.6    -3.1     0.0    25.90 C    19.7   -12.2    -1.5    56.5    14.6    34.4 -99.000 -99.000 -99.000 -99.000 -99.000     0.1     0.4 -9999.0 -9999.0 -9999.0
94075 20170411  2.423 -105.54   40.04     7.0    -4.8     1.1     1.4     0.0    19.99 C    30.6    -9.8     4.4    62.7    13.9    30.9 -99.000 -99.000 -99.000 -99.000 -99.000     0.9     0.8 -9999.0 -9999.0 -9999.0
94075 20170412  2.423 -105.54   40.04    11.0    -3.1     4.0     4.4     0.0    25.04 C    33.5    -6.9     8.3    73.1    18.6    36.3   0.234   0.268 -99.000 -99.000 -99.000     2.5     2.0 -9999.0 -9999.0 -9999.0
94075 20170413  2.423 -105.54   40.04    13.6    -4.1     4.7     5.6     0.0    21.25 C    37.2    -7.1     8.8    74.8    14.9    44.5   0.225   0.260 -99.000 -99.000 -99.000     4.1     3.3 -9999.0 -9999.0 -9999.0
94075 20170414  2.423 -105.54   40.04    14.3     2.9     8.6     8.5     0.0    25.11 C    37.9    -4.3    12.2    32.9     7.0    20.1   0.218   0.252 -99.000 -99.000 -99.000     5.6     4.5 -9999.0 -9999.0 -9999.0
94075 20170415  2.423 -105.54   40.04     9.9    -3.6     3.2     2.6     0.0    26.34 C    34.4    -8.4     7.5    78.0    14.9    43.9   0.205   0.244 -99.000 -99.000 -99.000     5.4     4.8 -9999.0 -9999.0 -9999.0
94075 20170416  2.423 -105.54   40.04    11.2    -4.0     3.6     3.0     0.0    22.35 C    36.6    -7.9     8.1    75.5    20.7    46.5   0.196   0.237 -99.000 -99.000 -99.000     5.6     5.0 -9999.0 -9999.0 -9999.0
94075 20170417  2.423 -105.54   40.04    13.3    -2.6     5.4     5.9     0.0    22.63 C    36.5    -6.7     8.6    65.6    15.7    32.6   0.188   0.230 -99.000 -99.000 -99.000     5.6     5.2 -9999.0 -9999.0 -9999.0
94075 20170418  2.423 -105.54   40.04    11.9    -1.6     5.1     5.5     0.0    21.18 C    38.2    -5.1     9.7    71.0    25.0    45.9   0.181   0.224 -99.000 -99.000 -99.000     6.5     5.7 -9999.0 -9999.0 -9999.0
94075 20170419  2.423 -105.54   40.04     7.0    -2.3     2.4     2.7     6.5    17.75 C    14.2    -5.9     3.1    91.2    25.8    63.2   0.191   0.223 -99.000 -99.000 -99.000     5.1     5.2 -9999.0 -9999.0 -9999.0
94075 20170420  2.423 -105.54   40.04     3.5    -5.1    -0.8    -0.8     4.4    10.07 C    18.6    -8.4     1.9    96.4    56.6    86.6   0.202   0.228 -99.000 -99.000 -99.000     4.0     4.2 -9999.0 -9999.0 -9999.0
94075 20170421  2.423 -105.54   40.04     0.8    -5.2    -2.2    -2.8    10.5    18.32 C    16.4    -7.9    -1.6    95.9    52.3    81.3   0.224   0.239 -99.000 -99.000 -99.000     3.3     3.7 -9999.0 -9999.0 -9999.0
94075 20170422  2.423 -105.54   40.04     1.8    -9.3    -3.7    -3.2     0.4    16.22 C    21.9   -15.0    -0.4    92.0    58.3    80.7   0.246   0.260 -99.000 -99.000 -99.000     3.9     3.8 -9999.0 -9999.0 -9999.0
94075 20170423  2.423 -105.54   40.04    14.1    -5.4     4.3     6.4     0.0    22.37 C    34.4    -6.6     8.7    78.6    18.5    31.3   0.233   0.259 -99.000 -99.000 -99.000     5.1     4.5 -9999.0 -9999.0 -9999.0
94075 20170424  2.423 -105.54   40.04     8.9    -1.8     3.6     3.1     3.9    18.37 C    33.5    -3.3     6.4    94.3    26.9    59.7   0.225   0.251 -99.000 -99.000 -99.000     5.4     5.1 -9999.0 -9999.0 -9999.0
94075 20170425  2.423 -105.54   40.04     3.0    -6.1    -1.6    -2.1     1.7    25.03 C    24.9    -8.7     1.1    95.2    31.6    65.9   0.227   0.250 -99.000 -99.000 -99.000     5.2     5.0 -9999.0 -9999.0 -9999.0
94075 20170426  2.423 -105.54   40.04     2.4    -5.8    -1.7    -3.0     7.7    15.15 C    22.3    -8.4    -0.8    94.9    34.9    67.5   0.226   0.250 -99.000 -99.000 -99.000     3.7     4.1 -9999.0 -9999.0 -9999.0
94075 20170427  2.423 -105.54   40.04    -0.7    -6.8    -3.8    -3.5     6.6    14.12 C     0.9   -10.8    -4.8    92.0    50.8    73.7   0.235   0.253 -99.000 -99.000 -99.000     2.9     3.5 -9999.0 -9999.0 -9999.0
94075 20170428  2.423 -105.54   40.04    -2.3   -10.5    -6.4    -6.7    10.6    13.49 C    -1.4   -13.1    -7.7    92.8    31.1    68.7   0.240   0.259 -99.000 -99.000 -99.000     1.4     2.3 -9999.0 -9999.0 -9999.0
94075 20170429  2.423 -105.54   40.04    -8.0   -14.3   -11.1   -10.1    11.3    10.05 C    -5.7   -21.8   -10.8    89.6    83.0    87.6   0.237   0.258 -99.000 -99.000 -99.000     1.4     2.0 -9999.0 -9999.0 -9999.0
94075 20170430  2.423 -105.54   40.04     2.3   -15.4    -6.6    -4.1     2.9    28.20 C    -0.7   -23.6    -7.4    90.7    36.7    60.7   0.241   0.261 -99.000 -99.000 -99.000     1.2     1.8 -9999.0 -9999.0 -9999.0
94075 20170501  2.423 -105.54   40.04     5.3    -2.5     1.4     0.6     1.0    28.01 C    13.1    -6.4     0.6    96.4    39.9    62.0   0.254   0.274 -99.000 -99.000 -99.000     1.3     1.7 -9999.0 -9999.0 -9999.0
94075 20170502  2.423 -105.54   40.04     4.3    -2.5     0.9    -0.7     3.6    10.39 C    20.2    -7.3     0.6    95.1    55.3    82.9   0.256   0.281 -99.000 -99.000 -99.000     1.4     1.7 -9999.0 -9999.0 -9999.0
94075 20170503  2.423 -105.54   40.04     4.9    -4.3     0.3    -1.5     1.8    18.16 C    19.5    -7.7     1.0    95.7    32.1    80.0   0.261   0.282 -99.000 -99.000 -99.000     1.7     1.9 -9999.0 -9999.0 -9999.0
94075 20170504  2.423 -105.54   40.04    11.3    -1.7     4.8     5.3     0.0    27.05 C    35.6    -3.6    10.5    82.8    27.1    43.5   0.256   0.278 -99.000 -99.000 -99.000     4.0     3.2 -9999.0 -9999.0 -9999.0
94075 20170505  2.423 -105.54   40.04    14.6    -2.4     6.1     6.9     0.0    27.03 C    38.6    -3.9    12.3    85.0    21.1    49.6   0.241   0.263 -99.000 -99.000 -99.000     6.6     5.3 -9999.0 -9999.0 -9999.0
94075 20170506  2.423 -105.54   40.04    18.0    -1.2     8.4     9.4     0.0    28.33 C    42.6    -3.0    14.5    78.3    13.2    41.0   0.225   0.251 -99.000 -99.000 -99.000     8.3     6.8 -9999.0 -9999.0 -9999.0
94075 20170507  2.423 -105.54   40.04    13.7     0.7     7.2     7.0     7.2    10.54 C    32.0    -0.4     8.3    94.4    30.7    60.2   0.225   0.248 -99.000 -99.000 -99.000     7.1     6.8 -9999.0 -9999.0 -9999.0
94075 20170508  2.423 -105.54   40.04    12.0    -0.7     5.6     3.9    10.5    12.89 C    32.1    -2.4     6.7    96.3    41.2    83.1   0.247   0.267 -99.000 -99.000 -99.000     6.5     6.2 -9999.0 -9999.0 -9999.0
94075 20170509  2.423 -105.54   40.04    11.0    -0.2     5.4     4.2     0.6    15.76 C    31.0     0.0     8.4    96.1    55.5    84.7   0.260   0.282 -99.000 -99.000 -99.000     7.6     6.8 -9999.0 -9999.0 -9999.0
94075 20170510  2.423 -105.54   40.04     4.3    -0.1     2.1     1.1    18.3     5.88 C     6.6    -0.2     2.3    96.7    59.6    93.8   0.273   0.290 -99.000 -99.000 -99.000     5.1     5.7 -9999.0 -9999.0 -9999.0
94075 20170511  2.423 -105.54   40.04     7.5    -1.0     3.2     2.0     1.6    14.80 C    26.2    -6.9     4.7    96.6    78.0    91.0   0.272   0.291 -99.000 -99.000 -99.000     5.8     5.4 -9999.0 -9999.0 -9999.0
94075 20170512  2.423 -105.54   40.04    14.8    -1.3     6.8     6.6     0.0    27.12 C    36.3    -3.1    11.6    91.8    25.3    60.5   0.250   0.273 -99.000 -99.000 -99.000     8.0     6.8 -9999.0 -9999.0 -9999.0
94075 20170513  2.423 -105.54   40.04    17.4     0.6     9.0     9.8     0.0    25.01 C    40.3    -1.8    12.9    84.1    13.4    36.7   0.232   0.259 -99.000 -99.000 -99.000     9.0     8.0 -9999.0 -9999.0 -9999.0
94075 20170514  2.423 -105.54   40.04    10.9    -1.5     4.7     5.8     0.0    25.71 C    34.6    -3.6    11.6    77.8    28.7    53.5   0.219   0.246 -99.000 -99.000 -99.000     9.5     8.5 -9999.0 -9999.0 -9999.0
94075 20170515  2.423 -105.54   40.04    13.8    -1.5     6.1     7.1     0.0    21.85 C    38.0    -3.5    11.5    78.9    17.2    44.4   0.209   0.235 -99.000 -99.000 -99.000     9.4     8.7 -9999.0 -9999.0 -9999.0
94075 20170516  2.423 -105.54   40.04     8.7    -1.2     3.7     3.7     1.4     9.45 C    28.4    -2.8     4.4    80.4    25.4    49.0   0.199   0.226 -99.000 -99.000 -99.000     6.6     7.2 -9999.0 -9999.0 -9999.0
94075 20170517  2.423 -105.54   40.04     9.5    -2.5     3.5     2.0    15.4    23.12 C    33.2    -4.9     6.1    96.4    29.6    64.8   0.196   0.221 -99.000 -99.000 -99.000     7.1     6.8 -9999.0 -9999.0 -9999.0
94075 20170518  2.423 -105.54   40.04    -2.5    -6.6    -4.5    -4.4    61.2     0.85 C    -2.5    -7.1    -4.5    94.5    86.3    92.4   0.205   0.220 -99.000 -99.000 -99.000     4.7     5.8 -9999.0 -9999.0 -9999.0
94075 20170519  2.423 -105.54   40.04    -3.4    -7.9    -5.6    -5.5     6.2     7.09 C    -0.7   -17.3    -5.9    93.9    87.6    91.0   0.242   0.241 -99.000 -99.000 -99.000     3.0     4.1 -9999.0 -9999.0 -9999.0
94075 20170520  2.423 -105.54   40.04     2.4    -7.8    -2.7    -1.8     0.4    31.79 C     0.2   -16.7    -4.6    92.4    49.9    69.7   0.268   0.266 -99.000 -99.000 -99.000     2.2     3.2 -9999.0 -9999.0 -9999.0
94075 20170521  2.423 -105.54   40.04     5.0    -3.5     0.8     1.1     4.8    15.29 C     1.1    -9.9    -2.4    96.3    41.8    70.7   0.275   0.281 -99.000 -99.000 -99.000     1.8     2.6 -9999.0 -9999.0 -9999.0
94075 20170522  2.423 -105.54   40.04     5.2    -3.5     0.8     0.2     8.7    23.53 C     0.8   -11.2    -2.9    96.4    47.2    75.1   0.278   0.286 -99.000 -99.000 -99.000     1.5     2.3 -9999.0 -9999.0 -9999.0
94075 20170523  2.423 -105.54   40.04     5.2    -5.0     0.1     0.8     0.0    28.66 C     0.4   -13.2    -3.7    86.3    37.0    59.6   0.281   0.290 -99.000 -99.000 -99.000     1.2     1.9 -9999.0 -9999.0 -9999.0
94075 20170524  2.423 -105.54   40.04    13.9     4.1     9.0     8.9     0.0    26.71 C     4.9    -2.3     0.4    56.3    26.4    41.4   0.310   0.380 -99.000 -99.000 -99.000     0.8     1.3 -9999.0 -9999.0 -9999.0
94075 20170525  2.423 -105.54   40.04    11.9     0.3     6.1     6.4     9.4    20.03 C    29.9    -0.1     5.7    95.0    36.4    60.9   0.363   0.399 -99.000 -99.000 -99.000     2.8     2.7 -9999.0 -9999.0 -9999.0
94075 20170526  2.423 -105.54   40.04    11.4    -0.9     5.3     4.6     0.2    21.30 C    29.6    -2.7     8.8    96.8    23.9    78.6   0.304   0.336 -99.000 -99.000 -99.000     5.9     4.7 -9999.0 -9999.0 -9999.0
94075 20170527  2.423 -105.54   40.04     5.1    -1.2     1.9     1.1     4.0    12.96 C    19.7    -3.6     4.1    97.1    59.5    82.8   0.283   0.295 -99.000 -99.000 -99.000     6.0     5.8 -9999.0 -9999.0 -9999.0
94075 20170528  2.423 -105.54   40.04    10.6    -2.1     4.3     3.9     0.0    23.05 C    32.9    -4.9     8.0    86.5    30.0    56.3   0.269   0.283 -99.000 -99.000 -99.000     6.6     6.0 -9999.0 -9999.0 -9999.0
94075 20170529  2.423 -105.54   40.04     8.5    -1.9     3.3     3.1     0.2    16.43 C    32.0    -3.6     7.2    92.8    59.7    79.2   0.257   0.271 -99.000 -99.000 -99.000     7.1     6.6 -9999.0 -9999.0 -9999.0
94075 20170530  2.423 -105.54   40.04    13.8    -1.2     6.3     6.0     2.3    21.42 C    35.9    -2.9     9.7    93.5    26.9    60.5   0.247   0.261 -99.000 -99.000 -99.000     7.9     7.1 -9999.0 -9999.0 -9999.0
94075 20170531  2.423 -105.54   40.04    15.6    -1.2     7.2     7.7     0.0    24.64 C    35.3    -1.7    11.4    94.6    23.3    59.8   0.245   0.255 -99.000 -99.000 -99.000     9.1     8.0 -9999.0 -9999.0 -9999.0
94075 20170601  2.423 -105.54   40.04    15.9     0.6     8.3     8.0     1.1    19.75 C    35.1    -0.9    10.3    82.6    25.9    58.5   0.233   0.246 -99.000 -99.000 -99.000     9.2     8.5 -9999.0 -9999.0 -9999.0
94075 20170602  2.423 -105.54   40.04    14.2     1.3     7.7     8.5     0.8    20.30 C    34.6    -0.3    10.3    87.2    38.5    58.7   0.225   0.238 -99.000 -99.000 -99.000     9.2     8.6 -9999.0 -9999.0 -9999.0
94075 20170603  2.423 -105.54   40.04    12.4    -0.2     6.1     6.5     1.7    17.34 C    33.1    -1.1     9.0    91.0    38.2    71.0   0.220   0.232 -99.000 -99.000 -99.000     8.9     8.4 -9999.0 -9999.0 -9999.0
94075 20170604  2.423 -105.54   40.04    16.6    -0.8     7.9     9.1     0.0    30.50 C    35.6    -1.3    14.3    92.3    31.0    61.0   0.213   0.225 -99.000 -99.000 -99.000    11.2     9.8 -9999.0 -9999.0 -9999.0
94075 20170605  2.423 -105.54   40.04    20.7     1.5    11.1     9.6     0.3    21.52 C    38.7     0.7    12.3    87.9    25.4    60.3   0.196   0.214 -99.000 -99.000 -99.000    11.2    10.4 -9999.0 -9999.0 -9999.0
94075 20170606  2.423 -105.54   40.04    13.4     1.8     7.6     7.1     5.3    15.14 C    31.0     1.3     9.8    94.3    59.5    81.4   0.200   0.207 -99.000 -99.000 -99.000    10.5    10.0 -9999.0 -9999.0 -9999.0
94075 20170607  2.423 -105.54   40.04    18.3     0.7     9.5     9.5     1.2    25.72 C    34.8     0.4    13.1    94.2    28.3    66.6   0.208   0.207 -99.000 -99.000 -99.000    11.6    10.5 -9999.0 -9999.0 -9999.0
94075 20170608  2.423 -105.54   40.04    19.7     2.4    11.0    10.4     2.2    20.60 C    35.5     1.8    12.1    91.7    25.3    59.8   0.198   0.201 -99.000 -99.000 -99.000    11.7    11.0 -9999.0 -9999.0 -9999.0
94075 20170609  2.423 -105.54   40.04    20.7     7.2    13.9    15.0     0.0    29.09 C    35.3     1.7    14.7    53.1    12.6    21.5   0.189   0.191 -99.000 -99.000 -99.000    11.3    10.7 -9999.0 -9999.0 -9999.0
94075 20170610  2.423 -105.54   40.04    22.4     7.9    15.1    16.0     0.0    26.87 C    36.3     3.3    16.9    62.5    12.1    25.9   0.170   0.178 -99.000 -99.000 -99.000    12.7    11.6 -9999.0 -9999.0 -9999.0
94075 20170611  2.423 -105.54   40.04    16.3     6.4    11.4    12.6     0.0    25.53 C    34.1     4.9    16.5    90.6    10.8    49.9   0.152   0.165 -99.000 -99.000 -99.000    13.6    12.4 -9999.0 -9999.0 -9999.0
94075 20170612  2.423 -105.54   40.04    20.4     1.1    10.8    11.8     0.0    25.74 C    34.6     0.4    14.4    92.5    11.6    51.0   0.138   0.153 -99.000 -99.000 -99.000    13.6    12.8 -9999.0 -9999.0 -9999.0
94075 20170613  2.423 -105.54   40.04    12.7     1.4     7.1     8.3     0.0    30.03 C    28.5    -1.5    11.4    56.4    15.6    30.9   0.124   0.141 -99.000 -99.000 -99.000    12.2    11.9 -9999.0 -9999.0 -9999.0
94075 20170614  2.423 -105.54   40.04    16.9     2.7     9.8     9.6     0.0    29.14 C    31.8    -0.5    12.5    64.1    20.4    40.2   0.113   0.130 -99.000 -99.000 -99.000    12.5    11.9 -9999.0 -9999.0 -9999.0
94075 20170615  2.423 -105.54   40.04    18.9     0.2     9.6    10.8     0.0    26.85 C    35.2    -1.1    13.7    77.9    19.2    40.5   0.103   0.121 -99.000 -99.000 -99.000    13.2    12.4 -9999.0 -9999.0 -9999.0
94075 20170616  2.423 -105.54   40.04    20.7     2.6    11.7    12.9     0.0    22.80 C    35.2     0.6    13.4    72.7    20.8    39.1   0.095   0.113 -99.000 -99.000 -99.000    12.9    12.3 -9999.0 -9999.0 -9999.0
94075 20170617  2.423 -105.54   40.04    19.3     5.4    12.4    12.8     0.0    23.32 C    34.3     6.1    15.7    96.8    32.1    56.6   0.090   0.104 -99.000 -99.000 -99.000    14.3    13.1 -9999.0 -9999.0 -9999.0
94075 20170618  2.423 -105.54   40.04    19.0     2.2    10.6    11.4     0.0    31.21 C    33.4     1.5    15.3    96.7    24.8    55.2   0.085   0.099 -99.000 -99.000 -99.000    15.3    13.9 -9999.0 -9999.0 -9999.0
94075 20170619  2.423 -105.54   40.04    18.6     1.3     9.9    10.8     0.0    29.83 C    33.4     0.3    14.8    91.8    31.1    62.7   0.079   0.092 -99.000 -99.000 -99.000    15.4    14.2 -9999.0 -9999.0 -9999.0
94075 20170620  2.423 -105.54   40.04    23.6     4.1    13.8    15.3     1.2    30.83 C    37.0     2.9    17.7    86.8    18.5    43.5   0.075   0.087 -99.000 -99.000 -99.000    16.1    14.6 -9999.0 -9999.0 -9999.0
94075 20170621  2.423 -105.54   40.04    23.1     6.4    14.7    15.7     0.0    28.17 C    34.9     5.1    17.0    82.6    13.1    39.6   0.071   0.084 -99.000 -99.000 -99.000    16.4    15.1 -9999.0 -9999.0 -9999.0
94075 20170622  2.423 -105.54   40.04    22.1     4.1    13.1    13.5     0.4    16.50 C    34.3     2.3    13.7    85.9    21.6    46.7   0.068   0.081 -99.000 -99.000 -99.000    15.3    14.7 -9999.0 -9999.0 -9999.0
94075 20170623  2.423 -105.54   40.04    10.4     1.0     5.7     5.0     1.0    19.64 C    22.7     0.0     8.6    97.3    63.3    88.0   0.067   0.080 -99.000 -99.000 -99.000    13.2    13.2 -9999.0 -9999.0 -9999.0
94075 20170624  2.423 -105.54   40.04    10.8    -0.9     4.9     6.1     0.0    14.85 C    23.6    -1.3     9.3    95.5    64.1    82.2   0.066   0.080 -99.000 -99.000 -99.000    12.1    12.3 -9999.0 -9999.0 -9999.0
94075 20170625  2.423 -105.54   40.04    13.8     0.2     7.0     8.1     0.0    26.63 C    29.5    -0.4    12.2    95.2    43.6    79.2   0.066   0.079 -99.000 -99.000 -99.000    13.9    13.0 -9999.0 -9999.0 -9999.0
94075 20170626  2.423 -105.54   40.04    18.2     0.6     9.4    10.8     0.0    28.32 C    32.1    -0.3    13.9    86.2    17.9    55.2   0.066   0.077 -99.000 -99.000 -99.000    15.0    13.8 -9999.0 -9999.0 -9999.0
94075 20170627  2.423 -105.54   40.04    22.6     3.7    13.2    14.3     0.0    26.26 C    33.7     2.2    15.1    78.6    12.8    36.4   0.063   0.075 -99.000 -99.000 -99.000    15.3    14.2 -9999.0 -9999.0 -9999.0
94075 20170628  2.423 -105.54   40.04    20.1     4.5    12.3    12.6     0.0    25.99 C    32.5     2.3    14.1    68.8    18.4    38.9   0.062   0.074 -99.000 -99.000 -99.000    15.5    14.5 -9999.0 -9999.0 -9999.0
94075 20170629  2.423 -105.54   40.04    18.7     2.9    10.8    10.6     3.9    25.39 C    31.3     0.7    13.3    95.2    20.4    53.7   0.059   0.072 -99.000 -99.000 -99.000    15.3    14.5 -9999.0 -9999.0 -9999.0
94075 20170630  2.423 -105.54   40.04    12.1     2.4     7.2     6.4     0.2    21.72 C    24.3     1.5    10.1    97.2    64.3    87.0   0.060   0.073 -99.000 -99.000 -99.000    14.3    14.0 -9999.0 -9999.0 -9999.0
94075 20170701  2.423 -105.54   40.04    20.0    -0.6     9.7    10.5     0.0    30.99 C    30.7    -1.1    13.1    92.4    10.1    51.3   0.062   0.073 -99.000 -99.000 -99.000    14.7    13.9 -9999.0 -9999.0 -9999.0
94075 20170702  2.423 -105.54   40.04    22.6     1.9    12.3    13.4     0.0    19.89 C    33.1     0.7    13.7    72.4    14.3    36.7   0.061   0.073 -99.000 -99.000 -99.000    14.4    13.9 -9999.0 -9999.0 -9999.0
94075 20170703  2.423 -105.54   40.04    20.1     7.7    13.9    13.5     0.0    17.86 C    29.3     5.3    13.3    63.8    22.6    38.9   0.061   0.072 -99.000 -99.000 -99.000    14.3    13.8 -9999.0 -9999.0 -9999.0
94075 20170704  2.423 -105.54   40.04    20.1     6.1    13.1    13.4     1.3    18.42 C    32.5     3.2    13.1    83.1    21.5    43.0   0.059   0.071 -99.000 -99.000 -99.000    14.0    13.6 -9999.0 -9999.0 -9999.0
94075 20170705  2.423 -105.54   40.04    22.9     4.2    13.6    15.1     0.3    20.24 C    33.5     2.4    14.2    78.6    19.0    38.3   0.059   0.071 -99.000 -99.000 -99.000    14.0    13.4 -9999.0 -9999.0 -9999.0
94075 20170706  2.423 -105.54   40.04    24.7     8.9    16.8    16.0     0.0    22.62 C    35.4     5.4    15.8    65.6    14.1    37.7   0.058   0.070 -99.000 -99.000 -99.000    15.1    14.0 -9999.0 -9999.0 -9999.0
94075 20170707  2.423 -105.54   40.04    23.3     6.1    14.7    13.1     0.5    18.52 C    33.8     4.0    13.3    82.3    20.2    55.0   0.058   0.069 -99.000 -99.000 -99.000    14.8    14.2 -9999.0 -9999.0 -9999.0
94075 20170708  2.423 -105.54   40.04    18.6     6.4    12.5    12.3     0.0    13.30 C    31.0     4.4    11.8    80.4    36.8    57.4   0.056   0.068 -99.000 -99.000 -99.000    13.5    13.4 -9999.0 -9999.0 -9999.0
94075 20170709  2.423 -105.54   40.04    22.9     4.1    13.5    13.6     0.2    19.78 C    36.1     2.5    13.7    82.3    20.7    50.1   0.056   0.068 -99.000 -99.000 -99.000    14.1    13.4 -9999.0 -9999.0 -9999.0
94075 20170710  2.423 -105.54   40.04    23.7     6.6    15.2    15.5     0.2    18.49 C    35.4     4.5    15.5    69.0    22.8    44.1   0.056   0.067 -99.000 -99.000 -99.000    14.7    13.8 -9999.0 -9999.0 -9999.0
94075 20170711  2.423 -105.54   40.04    21.7    11.0    16.3    15.9     0.2    21.95 C    35.7     9.6    17.1    79.7    26.8    47.2   0.056   0.067 -99.000 -99.000 -99.000    16.3    14.8 -9999.0 -9999.0 -9999.0
94075 20170712  2.423 -105.54   40.04    12.4     6.0     9.2    10.4     2.6     4.31 C    14.6     4.9    10.5    92.0    60.6    79.7   0.054   0.066 -99.000 -99.000 -99.000    13.8    14.0 -9999.0 -9999.0 -9999.0
94075 20170713  2.423 -105.54   40.04    19.4     5.2    12.3    12.1     0.0    28.04 C    30.3     3.8    14.1    89.8    34.3    62.9   0.056   0.067 -99.000 -99.000 -99.000    15.1    14.0 -9999.0 -9999.0 -9999.0
94075 20170714  2.423 -105.54   40.04    19.4     4.0    11.7    12.3     0.0    24.73 C    32.2     2.5    14.6    89.9    33.3    65.5   0.058   0.068 -99.000 -99.000 -99.000    15.8    14.8 -9999.0 -9999.0 -9999.0
94075 20170715  2.423 -105.54   40.04    18.4     4.3    11.4    10.9     0.0    23.31 C    31.3     3.6    13.1    91.3    35.5    67.8   0.056   0.067 -99.000 -99.000 -99.000    15.8    15.0 -9999.0 -9999.0 -9999.0
94075 20170716  2.423 -105.54   40.04    19.8     3.5    11.7    12.1     1.3    22.72 C    32.8     2.2    14.2    92.9    35.2    64.9   0.056   0.066 -99.000 -99.000 -99.000    16.1    15.1 -9999.0 -9999.0 -9999.0
94075 20170717  2.423 -105.54   40.04    22.3     8.5    15.4    15.5     0.2    15.87 C    34.8     5.9    14.9    72.0    29.6    45.6   0.054   0.066 -99.000 -99.000 -99.000    15.0    14.7 -9999.0 -9999.0 -9999.0
94075 20170718  2.423 -105.54   40.04    21.7     8.2    14.9    15.5     0.0    21.37 C    31.8     6.4    16.5    71.5    32.2    49.2   0.055   0.065 -99.000 -99.000 -99.000    15.8    14.8 -9999.0 -9999.0 -9999.0
94075 20170719  2.423 -105.54   40.04    26.5     7.1    16.8    16.2     0.8    18.94 C    40.1     5.7    16.6    79.5    16.1    47.7   0.053   0.064 -99.000 -99.000 -99.000    16.4    15.3 -9999.0 -9999.0 -9999.0
94075 20170720  2.423 -105.54   40.04    23.3     7.8    15.6    14.8     0.0    18.24 C    35.3     6.3    15.7    82.9    28.4    56.5   0.053   0.064 -99.000 -99.000 -99.000    16.2    15.4 -9999.0 -9999.0 -9999.0
94075 20170721  2.423 -105.54   40.04    23.2     8.9    16.0    14.0     3.9    15.65 C    35.1     5.1    14.7    93.9    27.8    61.0   0.052   0.064 -99.000 -99.000 -99.000    15.7    15.2 -9999.0 -9999.0 -9999.0
94075 20170722  2.423 -105.54   40.04    18.7     7.6    13.2    13.3     2.7    15.92 C    24.8     6.4    13.0    91.0    37.4    61.4   0.053   0.065 -99.000 -99.000 -99.000    14.6    14.4 -9999.0 -9999.0 -9999.0
94075 20170723  2.423 -105.54   40.04    20.4     6.1    13.2    12.7    14.2    22.79 C    27.1     2.7    13.0    96.2    34.4    63.6   0.069   0.095 -99.000 -99.000 -99.000    14.0    13.8 -9999.0 -9999.0 -9999.0
94075 20170724  2.423 -105.54   40.04    22.1     7.1    14.6    15.7     0.0    19.85 C    30.4     5.6    15.0    81.5    21.3    44.0   0.086   0.104 -99.000 -99.000 -99.000    14.5    14.1 -9999.0 -9999.0 -9999.0
94075 20170725  2.423 -105.54   40.04    20.7     8.6    14.6    13.6     6.0    12.15 C    28.8     7.5    13.7    94.8    42.7    66.5   0.089   0.110 -99.000 -99.000 -99.000    14.3    14.1 -9999.0 -9999.0 -9999.0
94075 20170726  2.423 -105.54   40.04    16.4     6.8    11.6    11.0     7.1     8.85 C    25.7     6.4    12.3    96.2    65.6    93.9   0.117   0.128 -99.000 -99.000 -99.000    14.2    14.0 -9999.0 -9999.0 -9999.0
94075 20170727  2.423 -105.54   40.04    18.2     6.5    12.3    12.3     0.5    17.94 C    27.1     5.8    13.7    95.5    63.6    84.4   0.165   0.142 -99.000 -99.000 -99.000    15.1    14.4 -9999.0 -9999.0 -9999.0
94075 20170728  2.423 -105.54   40.04    20.3     7.0    13.7    13.2     3.3    15.98 C    29.4     5.9    13.4    94.1    34.0    69.2   0.158   0.134 -99.000 -99.000 -99.000    14.9    14.6 -9999.0 -9999.0 -9999.0
94075 20170729  2.423 -105.54   40.04    14.9     8.2    11.5    11.0     3.5     6.50 C    17.6     7.9    11.3    95.4    52.6    83.3   0.182   0.140 -99.000 -99.000 -99.000    13.6    13.8 -9999.0 -9999.0 -9999.0
94075 20170730  2.423 -105.54   40.04    16.0     5.0    10.5    10.3    12.2    13.14 C    23.0     4.7    11.0    95.2    58.8    83.8   0.212   0.176 -99.000 -99.000 -99.000    13.3    13.4 -9999.0 -9999.0 -9999.0
94075 20170731  2.423 -105.54   40.04    18.3     3.0    10.6    10.9     0.0    22.88 C    26.0     2.4    11.8    95.3    37.4    68.7   0.212   0.183 -99.000 -99.000 -99.000    14.1    13.6 -9999.0 -9999.0 -9999.0
94075 20170801  2.423 -105.54   40.04    18.1     2.3    10.2    10.1     0.2    18.37 C    25.4     1.6    10.3    92.5    29.0    61.7   0.194   0.170 -99.000 -99.000 -99.000    13.5    13.6 -9999.0 -9999.0 -9999.0
94075 20170802  2.423 -105.54   40.04    20.8     3.7    12.2    12.2     1.9    20.50 C    28.4     2.4    12.3    87.9    25.6    56.2   0.180   0.162 -99.000 -99.000 -99.000    13.6    13.4 -9999.0 -9999.0 -9999.0
94075 20170803  2.423 -105.54   40.04    17.4     4.0    10.7     8.9     6.1    17.31 C    25.3     3.8    10.6    96.5    38.6    86.1   0.219   0.182 -99.000 -99.000 -99.000    13.9    13.7 -9999.0 -9999.0 -9999.0
94075 20170804  2.423 -105.54   40.04    21.1     4.9    13.0    14.5     0.0    24.50 C    27.0     4.0    13.8    92.8    20.6    45.5   0.202   0.174 -99.000 -99.000 -99.000    14.2    13.8 -9999.0 -9999.0 -9999.0
94075 20170805  2.423 -105.54   40.04    16.7     4.7    10.7    12.0     0.3    10.42 C    18.2     2.6    10.8    90.6    38.1    54.9   0.182   0.163 -99.000 -99.000 -99.000    12.6    13.1 -9999.0 -9999.0 -9999.0
94075 20170806  2.423 -105.54   40.04    14.5     4.4     9.5     9.3     0.0    16.34 C    25.7     1.9    11.2    95.7    49.4    82.5   0.172   0.157 -99.000 -99.000 -99.000    13.0    12.8 -9999.0 -9999.0 -9999.0
94075 20170807  2.423 -105.54   40.04     8.5     4.3     6.4     6.8    26.0     4.44 C    11.1     3.6     8.0    96.6    88.7    94.8   0.219   0.191 -99.000 -99.000 -99.000    11.9    12.4 -9999.0 -9999.0 -9999.0
94075 20170808  2.423 -105.54   40.04    14.4     1.3     7.9     7.6     0.4    13.24 C    20.8     0.5     8.5    97.2    52.8    82.9   0.247   0.212 -99.000 -99.000 -99.000    11.5    11.7 -9999.0 -9999.0 -9999.0
94075 20170809  2.423 -105.54   40.04    13.0     2.9     8.0     7.4     1.5    11.06 C    19.3     1.9     8.1    95.0    63.8    84.4   0.236   0.207 -99.000 -99.000 -99.000    11.5    11.7 -9999.0 -9999.0 -9999.0
94075 20170810  2.423 -105.54   40.04    17.3     3.6    10.5     8.5     7.6    16.45 C    25.1     2.7    10.0    97.0    41.9    83.9   0.257   0.218 -99.000 -99.000 -99.000    12.2    12.0 -9999.0 -9999.0 -9999.0
94075 20170811  2.423 -105.54   40.04    17.6     2.7    10.1     9.5     0.0    20.73 C    23.7     2.4    10.8    95.9    33.8    78.4   0.254   0.228 -99.000 -99.000 -99.000    13.1    12.7 -9999.0 -9999.0 -9999.0
94075 20170812  2.423 -105.54   40.04    18.2     6.8    12.5    12.3     0.3    22.87 C    25.6     3.8    12.0    76.6    32.4    51.4   0.227   0.219 -99.000 -99.000 -99.000    13.0    12.8 -9999.0 -9999.0 -9999.0
94075 20170813  2.423 -105.54   40.04    18.7     5.3    12.0    11.3     0.9    20.81 C    26.3     3.0    11.6    87.8    33.5    58.7   0.208   0.209 -99.000 -99.000 -99.000    13.1    12.9 -9999.0 -9999.0 -9999.0
94075 20170814  2.423 -105.54   40.04    19.2     5.0    12.1    11.0     6.0    16.38 C    26.7     4.4    11.0    94.3    30.4    64.7   0.209   0.202 -99.000 -99.000 -99.000    12.7    12.7 -9999.0 -9999.0 -9999.0
94075 20170815  2.423 -105.54   40.04    17.1     4.1    10.6    10.3     0.0    18.39 C    22.2     3.1    10.6    93.6    32.3    63.0   0.224   0.204 -99.000 -99.000 -99.000    12.5    12.5 -9999.0 -9999.0 -9999.0
94075 20170816  2.423 -105.54   40.04    14.0     2.3     8.2     8.0     0.0    12.10 C    23.4     1.3     8.6    90.2    44.3    68.8   0.211   0.201 -99.000 -99.000 -99.000    11.7    12.0 -9999.0 -9999.0 -9999.0
94075 20170817  2.423 -105.54   40.04    17.7     1.7     9.7    10.3     0.0    23.87 C    25.3     0.7    10.6    87.7    30.0    54.0   0.198   0.196 -99.000 -99.000 -99.000    12.3    12.1 -9999.0 -9999.0 -9999.0
94075 20170818  2.423 -105.54   40.04    19.8     2.7    11.3    11.4     0.0    26.56 C    26.3     1.2    12.1    81.2    21.8    53.7   0.181   0.186 -99.000 -99.000 -99.000    13.1    12.7 -9999.0 -9999.0 -9999.0
94075 20170819  2.423 -105.54   40.04    20.9     3.7    12.3    13.3     0.0    24.36 C    27.7     2.0    12.8    76.7    19.7    41.0   0.164   0.176 -99.000 -99.000 -99.000    13.4    13.1 -9999.0 -9999.0 -9999.0
94075 20170820  2.423 -105.54   40.04    18.7     7.3    13.0    12.9     0.0    15.63 C    25.6     4.5    11.9    67.3    25.8    43.4   0.151   0.167 -99.000 -99.000 -99.000    12.8    12.8 -9999.0 -9999.0 -9999.0
94075 20170821  2.423 -105.54   40.04    19.0     4.4    11.7    11.5     1.1    15.03 C    26.2     3.4    10.9    93.1    24.9    58.7   0.142   0.160 -99.000 -99.000 -99.000    12.5    12.6 -9999.0 -9999.0 -9999.0
94075 20170822  2.423 -105.54   40.04    19.2     2.9    11.1    10.9    10.9    17.97 C    27.7     1.9    11.1    94.1    24.8    67.5   0.154   0.164 -99.000 -99.000 -99.000    12.6    12.5 -9999.0 -9999.0 -9999.0
94075 20170823  2.423 -105.54   40.04    18.7     4.1    11.4    10.1     3.8    11.87 C    24.9     3.6     9.9    94.3    31.1    68.4   0.199   0.182 -99.000 -99.000 -99.000    12.2    12.4 -9999.0 -9999.0 -9999.0
94075 20170824  2.423 -105.54   40.04    16.4     2.9     9.6     8.2     7.1    12.04 C    22.9     2.4     8.3    95.1    31.2    75.1   0.222   0.201 -99.000 -99.000 -99.000    11.3    11.7 -9999.0 -9999.0 -9999.0
94075 20170825  2.423 -105.54   40.04    19.3     4.5    11.9    12.2     0.0    21.75 C    24.7     2.9    11.6    78.7    27.0    50.8   0.224   0.216 -99.000 -99.000 -99.000    12.0    11.8 -9999.0 -9999.0 -9999.0
94075 20170826  2.423 -105.54   40.04    20.5     3.1    11.8    12.5     0.0    22.95 C    26.3     2.3    12.3    87.5    21.9    49.6   0.203   0.200 -99.000 -99.000 -99.000    12.8    12.5 -9999.0 -9999.0 -9999.0
94075 20170827  2.423 -105.54   40.04    18.0     3.6    10.8    10.8     0.0    23.78 C    26.1     2.2    11.6    80.3    36.7    57.9   0.184   0.187 -99.000 -99.000 -99.000    13.4    13.0 -9999.0 -9999.0 -9999.0
94075 20170828  2.423 -105.54   40.04    19.3     4.4    11.8    12.4     0.0    22.21 C    27.6     2.8    12.5    83.4    31.6    52.0   0.168   0.175 -99.000 -99.000 -99.000    13.6    13.2 -9999.0 -9999.0 -9999.0
94075 20170829  2.423 -105.54   40.04    20.5     3.4    11.9    11.4     0.0    14.94 C    26.7     2.2    10.5    79.7    24.1    51.8   0.155   0.166 -99.000 -99.000 -99.000    12.5    12.7 -9999.0 -9999.0 -9999.0
94075 20170830  2.423 -105.54   40.04    20.3     4.3    12.3    12.0     0.0    15.53 C    28.4     2.4    11.2    71.4    27.9    49.3   0.145   0.157 -99.000 -99.000 -99.000    12.4    12.4 -9999.0 -9999.0 -9999.0
94075 20170831  2.423 -105.54   40.04    19.3     6.3    12.8    12.3     2.2    10.34 C    26.5     4.4    11.5    89.9    31.2    57.8   0.139   0.151 -99.000 -99.000 -99.000    12.2    12.3 -9999.0 -9999.0 -9999.0
94075 20170901  2.423 -105.54   40.04 -9999.0 -9999.0 -9999.0 -9999.0 -9999.0 -9999.00 U -9999.0 -9999.0 -9999.0 -9999.0 -9999.0 -9999.0 -99.000 -99.000 -99.000 -99.000 -99.000 -9999.0 -9999.0 -9999.0 -9999.0 -9999.0
94075 20170902  2.423 -105.54   40.04 -9999.0 -9999.0 -9999.0 -9999.0     0.0 -9999.00 U -9999.0 -9999.0 -9999.0 -9999.0 -9999.0 -9999.0 -99.000 -99.000 -99.000 -99.000 -99.000 -9999.0 -9999.0 -9999.0 -9999.0 -9999.0
94075 20170903  2.423 -105.54   40.04    23.2     3.6    13.4    13.7     0.0    24.27 C    32.9     2.0    14.7    79.7    11.3    42.0   0.118   0.130 -99.000 -99.000 -99.000    13.5    13.1 -9999.0 -9999.0 -9999.0
94075 20170904  2.423 -105.54   40.04    21.9     5.5    13.7    12.2     0.0    15.43 C    33.5     2.2    12.0    81.1    14.6    44.7   0.109   0.121 -99.000 -99.000 -99.000    12.7    12.8 -9999.0 -9999.0 -9999.0
94075 20170905  2.423 -105.54   40.04    12.2    -0.1     6.1     5.9     0.0    17.88 C    24.3    -0.8     9.6    94.6    57.2    80.7   0.102   0.115 -99.000 -99.000 -99.000    12.8    12.8 -9999.0 -9999.0 -9999.0
94075 20170906  2.423 -105.54   40.04    16.5    -1.5     7.5     7.5     0.0    22.19 C    29.4    -2.2    10.3    93.4    42.4    68.2   0.096   0.107 -99.000 -99.000 -99.000    12.2    12.3 -9999.0 -9999.0 -9999.0
94075 20170907  2.423 -105.54   40.04    19.7     1.9    10.8    10.0     0.0    17.51 C    29.6     0.1    10.4    79.3    20.4    49.0   0.090   0.100 -99.000 -99.000 -99.000    12.1    12.2 -9999.0 -9999.0 -9999.0
94075 20170908  2.423 -105.54   40.04    19.8     3.1    11.4    11.9     0.0    16.89 C    32.5     1.0    11.9    71.8    27.0    47.0   0.085   0.095 -99.000 -99.000 -99.000    12.0    12.1 -9999.0 -9999.0 -9999.0
94075 20170909  2.423 -105.54   40.04    20.6     5.5    13.0    13.0     0.0    16.69 C    35.2     3.7    13.3    69.6    26.1    46.3   0.082   0.090 -99.000 -99.000 -99.000    12.6    12.4 -9999.0 -9999.0 -9999.0
94075 20170910  2.423 -105.54   40.04    19.0     7.2    13.1    11.9     1.1     9.18 C    32.8     5.4    11.4    85.5    32.5    57.7   0.080   0.087 -99.000 -99.000 -99.000    11.9    12.1 -9999.0 -9999.0 -9999.0
94075 20170911  2.423 -105.54   40.04 -9999.0 -9999.0 -9999.0 -9999.0 -9999.0 -9999.00 U -9999.0 -9999.0 -9999.0 -9999.0 -9999.0 -9999.0 -99.000 -99.000 -99.000 -99.000 -99.000 -9999.0 -9999.0 -9999.0 -9999.0 -9999.0
94075 20170912  2.423 -105.54   40.04    20.4     6.3    13.3    13.4     0.0    12.17 C    34.7     3.2    12.2    71.8    27.5    44.5   0.076   0.083 -99.000 -99.000 -99.000    11.5    11.7 -9999.0 -9999.0 -9999.0
94075 20170913  2.423 -105.54   40.04    18.8     5.2    12.0    13.1     0.0    14.82 C    30.1     2.1    12.3    67.1    24.6    40.9   0.075   0.081 -99.000 -99.000 -99.000    11.6    11.7 -9999.0 -9999.0 -9999.0
94075 20170914  2.423 -105.54   40.04    18.8     4.3    11.5     9.9     4.8    14.79 C    34.0     1.5    11.4    92.7    25.4    61.6   0.081   0.089 -99.000 -99.000 -99.000    11.5    11.6 -9999.0 -9999.0 -9999.0
94075 20170915  2.423 -105.54   40.04    14.3     4.7     9.5     9.1     0.0    19.23 C    28.0     1.4    10.4    72.0    25.6    43.8   0.088   0.094 -99.000 -99.000 -99.000    11.0    11.3 -9999.0 -9999.0 -9999.0
94075 20170916  2.423 -105.54   40.04    11.7    -1.2     5.3     5.4     1.3    21.41 C    23.5    -1.9     7.5    92.5    27.7    62.8   0.083   0.088 -99.000 -99.000 -99.000    10.3    10.9 -9999.0 -9999.0 -9999.0
94075 20170917  2.423 -105.54   40.04    14.5    -2.2     6.2     5.2     1.5    15.65 C    29.4    -3.5     6.9    93.2    29.7    69.1   0.079   0.084 -99.000 -99.000 -99.000     9.4    10.2 -9999.0 -9999.0 -9999.0
94075 20170918  2.423 -105.54   40.04    15.4     1.2     8.3     8.3     0.0    21.57 C    25.9     0.7     9.4    93.5    22.7    51.1   0.078   0.082 -99.000 -99.000 -99.000    10.0    10.3 -9999.0 -9999.0 -9999.0
94075 20170919  2.423 -105.54   40.04    16.3     6.4    11.3    11.4     0.0    21.00 C    27.2     3.3    11.5    47.7    11.6    21.9   0.075   0.079 -99.000 -99.000 -99.000     9.9    10.3 -9999.0 -9999.0 -9999.0
94075 20170920  2.423 -105.54   40.04    16.2     0.5     8.4     8.5     0.0    20.76 C    30.3    -1.3    10.2    69.3    23.6    44.4   0.072   0.077 -99.000 -99.000 -99.000    10.5    10.6 -9999.0 -9999.0 -9999.0
94075 20170921  2.423 -105.54   40.04    19.3     4.5    11.9    11.8     0.0    21.21 C    32.5    -1.6    11.9    44.0    13.4    24.8   0.069   0.074 -99.000 -99.000 -99.000    10.7    10.7 -9999.0 -9999.0 -9999.0
94075 20170922  2.423 -105.54   40.04    15.8     0.5     8.2     8.2     0.0    14.12 C    34.1    -2.7     9.0    85.9    20.3    48.0   0.066   0.072 -99.000 -99.000 -99.000    10.2    10.6 -9999.0 -9999.0 -9999.0
94075 20170923  2.423 -105.54   40.04     9.7    -0.4     4.7     2.9    11.5     4.49 C    18.5    -0.3     3.6    96.5    64.8    86.8   0.075   0.080 -99.000 -99.000 -99.000     8.3     9.5 -9999.0 -9999.0 -9999.0
94075 20170924  2.423 -105.54   40.04     1.5    -1.3     0.1    -0.1    15.3     2.63 C     5.8    -2.9     0.3    96.3    77.6    93.5   0.159   0.128 -99.000 -99.000 -99.000     5.8     7.5 -9999.0 -9999.0 -9999.0
94075 20170925  2.423 -105.54   40.04     2.1    -3.2    -0.5    -0.8     2.5     8.13 C     7.4    -7.5    -0.7    96.8    84.8    93.5   0.217   0.189 -99.000 -99.000 -99.000     5.2     6.5 -9999.0 -9999.0 -9999.0
94075 20170926  2.423 -105.54   40.04     3.8    -4.6    -0.4     0.0     0.5     8.35 C    17.2    -6.2     1.9    96.4    84.0    92.6   0.220   0.201 -99.000 -99.000 -99.000     5.2     6.1 -9999.0 -9999.0 -9999.0
94075 20170927  2.423 -105.54   40.04     3.0     0.2     1.6     1.9     5.2     2.10 C     6.7     0.5     3.5    97.3    94.9    96.3   0.230   0.214 -99.000 -99.000 -99.000     5.8     6.5 -9999.0 -9999.0 -9999.0
94075 20170928  2.423 -105.54   40.04     3.0    -0.1     1.5     1.2    16.4     2.92 C     6.6    -1.1     2.1    96.8    94.9    96.3   0.259   0.251 -99.000 -99.000 -99.000     5.4     6.2 -9999.0 -9999.0 -9999.0
94075 20170929  2.423 -105.54   40.04     9.3    -0.6     4.4     3.2     0.2    14.60 C    21.5    -3.4     4.9    96.0    67.3    89.4   0.259   0.251 -99.000 -99.000 -99.000     6.5     6.6 -9999.0 -9999.0 -9999.0
94075 20170930  2.423 -105.54   40.04    11.3    -1.1     5.1     4.7     2.5    12.96 C    19.5    -1.9     5.2    94.8    30.8    64.0   0.248   0.244 -99.000 -99.000 -99.000     6.6     7.0 -9999.0 -9999.0 -9999.0
94075 20171001  2.423 -105.54   40.04     9.9    -1.3     4.3     2.5    22.5    13.31 C    19.1    -2.5     2.8    96.1    46.1    78.7   0.271   0.266 -99.000 -99.000 -99.000     5.9     6.6 -9999.0 -9999.0 -9999.0
94075 20171002  2.423 -105.54   40.04    -0.1    -2.9    -1.5    -1.6    17.2     2.11 C     0.2    -8.2    -2.1    96.2    78.5    92.9   0.265   0.264 -99.000 -99.000 -99.000     4.7     5.7 -9999.0 -9999.0 -9999.0
94075 20171003  2.423 -105.54   40.04     1.1    -6.2    -2.5    -1.3     0.0     7.84 C     0.1   -13.8    -3.3    96.3    74.1    91.2   0.266   0.266 -99.000 -99.000 -99.000     3.9     4.9 -9999.0 -9999.0 -9999.0
94075 20171004  2.423 -105.54   40.04    11.7    -0.8     5.4     4.0     0.0    18.20 C    13.8    -5.6     1.0    95.9    65.6    84.5   0.270   0.275 -99.000 -99.000 -99.000     3.6     4.5 -9999.0 -9999.0 -9999.0
94075 20171005  2.423 -105.54   40.04     9.8    -0.8     4.5     3.5     0.0    14.93 C    23.4    -2.2     5.1    94.3    51.5    77.8   0.261   0.265 -99.000 -99.000 -99.000     5.2     5.3 -9999.0 -9999.0 -9999.0
94075 20171006  2.423 -105.54   40.04     7.4    -2.2     2.6     1.3     2.2    13.78 C    21.4    -4.5     0.9    89.5    29.8    60.6   0.248   0.257 -99.000 -99.000 -99.000     4.4     5.2 -9999.0 -9999.0 -9999.0
94075 20171007  2.423 -105.54   40.04    12.4    -0.4     6.0     5.7     0.0    14.73 C    21.9    -3.6     4.1    61.0    22.0    35.6   0.243   0.251 -99.000 -99.000 -99.000     4.3     4.9 -9999.0 -9999.0 -9999.0
94075 20171008  2.423 -105.54   40.04    13.9    -4.7     4.6     5.3     6.5    17.73 C    25.2    -4.9     6.2    95.8    17.7    47.1   0.235   0.247 -99.000 -99.000 -99.000     5.2     5.5 -9999.0 -9999.0 -9999.0
94075 20171009  2.423 -105.54   40.04    -4.6    -8.3    -6.5    -6.9    14.6     5.49 C    -2.5   -17.2    -8.0    93.0    68.5    87.3   0.237   0.244 -99.000 -99.000 -99.000     3.9     4.9 -9999.0 -9999.0 -9999.0
94075 20171010  2.423 -105.54   40.04     7.9   -11.7    -1.9    -2.0     0.0    18.35 C     3.3   -18.8    -7.1    92.5    39.7    74.1   0.259   0.261 -99.000 -99.000 -99.000     3.2     4.1 -9999.0 -9999.0 -9999.0
94075 20171011  2.423 -105.54   40.04    14.0    -4.4     4.8     6.7     0.0    14.91 C    13.4    -8.9     0.2    76.8     5.8    23.8   0.267   0.275 -99.000 -99.000 -99.000     2.7     3.6 -9999.0 -9999.0 -9999.0
94075 20171012  2.423 -105.54   40.04    14.1    -2.2     5.9     6.3     0.0    17.51 C    22.4    -4.7     4.7    78.2    15.1    38.0   0.259   0.267 -99.000 -99.000 -99.000     3.8     4.2 -9999.0 -9999.0 -9999.0
94075 20171013  2.423 -105.54   40.04    11.2    -4.4     3.4     1.8     0.0    17.04 C    21.9    -6.5     2.5    87.3    16.2    59.4   0.245   0.258 -99.000 -99.000 -99.000     3.9     4.4 -9999.0 -9999.0 -9999.0
94075 20171014  2.423 -105.54   40.04     5.6    -5.4     0.1     0.1     0.7    13.91 C    17.8    -7.7    -0.3    71.7    13.4    31.2   0.235   0.251 -99.000 -99.000 -99.000     2.8     3.9 -9999.0 -9999.0 -9999.0
94075 20171015  2.423 -105.54   40.04     9.6    -2.1     3.8     3.5     0.0    16.91 C    23.0    -8.0     3.1    52.5    10.6    23.4   0.225   0.246 -99.000 -99.000 -99.000     2.5     3.4 -9999.0 -9999.0 -9999.0
94075 20171016  2.423 -105.54   40.04    13.1    -1.8     5.7     5.3     0.0     9.32 C    24.3    -7.7     2.0    45.3     6.2    19.6   0.220   0.241 -99.000 -99.000 -99.000     2.4     3.3 -9999.0 -9999.0 -9999.0
94075 20171017  2.423 -105.54   40.04    13.1     1.4     7.3     7.2     0.0    14.77 C    26.4    -3.4     5.5    41.7     8.0    16.0   0.215   0.237 -99.000 -99.000 -99.000     3.2     3.7 -9999.0 -9999.0 -9999.0
94075 20171018  2.423 -105.54   40.04    14.1    -1.6     6.2     5.9     0.0    14.28 C    27.1    -6.6     4.0    50.8     8.2    23.1   0.209   0.233 -99.000 -99.000 -99.000     3.6     4.0 -9999.0 -9999.0 -9999.0
94075 20171019  2.423 -105.54   40.04    15.2    -2.7     6.3     6.5     0.0    13.25 C    29.8    -6.3     5.7    62.9    14.8    35.7   0.205   0.229 -99.000 -99.000 -99.000     4.0     4.3 -9999.0 -9999.0 -9999.0
94075 20171020  2.423 -105.54   40.04    13.2    -2.0     5.6     7.8     0.9    15.02 C    26.6    -3.6     7.6    87.3    20.2    39.8   0.202   0.225 -99.000 -99.000 -99.000     5.1     5.1 -9999.0 -9999.0 -9999.0
94075 20171021  2.423 -105.54   40.04    -0.5    -7.1    -3.8    -4.2     0.6    10.75 C     5.7    -8.6    -4.0    88.2    36.5    49.1   0.196   0.220 -99.000 -99.000 -99.000     2.8     4.1 -9999.0 -9999.0 -9999.0
94075 20171022  2.423 -105.54   40.04     6.8    -3.3     1.8     2.7     0.0    14.07 C    14.3    -5.1     2.3    58.2    25.4    41.4   0.192   0.216 -99.000 -99.000 -99.000     1.7     2.9 -9999.0 -9999.0 -9999.0
94075 20171023  2.423 -105.54   40.04     7.4    -3.8     1.8     3.2     0.0    13.81 C    19.7    -9.9     3.4    76.7    27.8    45.4   0.190   0.214 -99.000 -99.000 -99.000     3.1     3.5 -9999.0 -9999.0 -9999.0
94075 20171024  2.423 -105.54   40.04     9.1    -4.3     2.4     4.1     0.0    14.67 C    20.9    -9.4     3.6    67.1    22.4    29.8   0.187   0.211 -99.000 -99.000 -99.000     2.8     3.4 -9999.0 -9999.0 -9999.0
94075 20171025  2.423 -105.54   40.04    17.2    -1.3     7.9     8.0     0.0    15.40 C    26.2    -6.8     5.7    56.1     4.3    23.3   0.183   0.209 -99.000 -99.000 -99.000     3.5     3.8 -9999.0 -9999.0 -9999.0
94075 20171026  2.423 -105.54   40.04     6.0    -9.2    -1.6    -2.4     6.3     3.60 C    14.8   -15.5    -4.1    95.4    22.2    62.8   0.179   0.206 -99.000 -99.000 -99.000     2.4     3.4 -9999.0 -9999.0 -9999.0
94075 20171027  2.423 -105.54   40.04     1.5    -7.4    -3.0    -2.6     0.0    12.21 C    -0.2   -16.5    -6.7    64.3    15.1    35.1   0.179   0.205 -99.000 -99.000 -99.000     1.9     2.9 -9999.0 -9999.0 -9999.0
94075 20171028  2.423 -105.54   40.04     4.7    -3.0     0.8     0.9     0.0    12.31 C    11.2    -5.6    -0.6    70.4    38.8    58.8   0.185   0.208 -99.000 -99.000 -99.000     1.9     2.7 -9999.0 -9999.0 -9999.0
94075 20171029  2.423 -105.54   40.04     9.8    -4.3     2.7     3.0     0.0    14.39 C    20.6    -7.5     2.8    95.7    27.0    52.3   0.192   0.210 -99.000 -99.000 -99.000     2.5     2.9 -9999.0 -9999.0 -9999.0
94075 20171030  2.423 -105.54   40.04    -4.3    -9.3    -6.8    -8.0     2.7     3.08 C    -2.6    -9.9    -5.5    93.1    84.6    87.6   0.191   0.209 -99.000 -99.000 -99.000     1.5     2.5 -9999.0 -9999.0 -9999.0
94075 20171031  2.423 -105.54   40.04     1.6    -8.4    -3.4    -0.5     6.1     9.30 C    -1.1    -6.5    -3.5    97.5    30.7    60.5   0.191   0.208 -99.000 -99.000 -99.000     1.1     2.0 -9999.0 -9999.0 -9999.0
94075 20171101  2.423 -105.54   40.04     7.3     0.4     3.8     3.4     0.0     8.15 C     3.7    -4.5    -1.3    46.4    33.9    38.8   0.196   0.208 -99.000 -99.000 -99.000     0.8     1.8 -9999.0 -9999.0 -9999.0
94075 20171102  2.423 -105.54   40.04     9.2    -2.1     3.5     4.9     0.0    14.10 C    14.8    -5.4     2.2    72.3    29.2    44.0   0.215   0.214 -99.000 -99.000 -99.000     2.0     2.3 -9999.0 -9999.0 -9999.0
94075 20171103  2.423 -105.54   40.04     9.4    -2.3     3.5     4.0     0.0    12.67 C    17.4    -5.7     2.1    75.1    19.6    41.5   0.214   0.218 -99.000 -99.000 -99.000     1.9     2.4 -9999.0 -9999.0 -9999.0
94075 20171104  2.423 -105.54   40.04     5.7    -1.1     2.3     2.8     1.6     5.03 C     9.9    -3.1     1.1    85.8    40.9    52.9   0.211   0.218 -99.000 -99.000 -99.000     1.7     2.4 -9999.0 -9999.0 -9999.0
94075 20171105  2.423 -105.54   40.04     1.5    -1.9    -0.2    -0.3    11.3     7.99 C     0.3    -6.4    -2.8    95.7    55.3    72.8   0.211   0.217 -99.000 -99.000 -99.000     1.5     2.2 -9999.0 -9999.0 -9999.0
94075 20171106  2.423 -105.54   40.04     3.3    -5.6    -1.2    -0.3     3.7    11.70 C     0.4    -6.8    -3.7    94.7    38.6    58.3   0.224   0.218 -99.000 -99.000 -99.000     1.3     2.0 -9999.0 -9999.0 -9999.0
94075 20171107  2.423 -105.54   40.04    -4.6    -8.8    -6.7    -6.6    14.2     4.49 C    -2.9   -16.0    -6.9    92.2    87.0    89.6   0.232   0.221 -99.000 -99.000 -99.000     1.2     1.9 -9999.0 -9999.0 -9999.0
94075 20171108  2.423 -105.54   40.04     5.9   -11.7    -2.9    -3.6     0.0    12.33 C    -0.9   -23.6   -11.4    90.0    14.5    59.0   0.234   0.223 -99.000 -99.000 -99.000     1.3     1.9 -9999.0 -9999.0 -9999.0
94075 20171109  2.423 -105.54   40.04     7.6   -11.0    -1.7    -0.4     0.0    12.60 C    -0.3   -18.7    -9.1    77.4     8.6    38.0   0.234   0.227 -99.000 -99.000 -99.000     1.1     1.8 -9999.0 -9999.0 -9999.0
94075 20171110  2.423 -105.54   40.04     7.7    -2.3     2.7     3.9     0.0    11.75 C     0.0   -11.5    -4.8    53.1    19.8    30.2   0.234   0.228 -99.000 -99.000 -99.000     1.1     1.7 -9999.0 -9999.0 -9999.0
94075 20171111  2.423 -105.54   40.04     3.6    -4.1    -0.3     0.5     0.3    10.82 C     0.4   -12.3    -5.5    77.5    26.9    46.4   0.236   0.230 -99.000 -99.000 -99.000     1.0     1.6 -9999.0 -9999.0 -9999.0
94075 20171112  2.423 -105.54   40.04     5.8    -8.7    -1.5    -0.9     0.0    11.40 C     0.0   -16.4    -8.8    79.5    18.1    39.7   0.235   0.231 -99.000 -99.000 -99.000     0.6     1.4 -9999.0 -9999.0 -9999.0
94075 20171113  2.423 -105.54   40.04     8.6    -0.2     4.2     4.8     0.0    11.89 C     1.3    -7.7    -3.1    51.8    21.9    31.7   0.242   0.238 -99.000 -99.000 -99.000     0.5     1.2 -9999.0 -9999.0 -9999.0
94075 20171114  2.423 -105.54   40.04     7.7    -1.1     3.3     3.8     0.0    10.56 C     2.4    -5.9    -2.5    48.9    21.3    30.5   0.235   0.255 -99.000 -99.000 -99.000     0.5     1.1 -9999.0 -9999.0 -9999.0
94075 20171115  2.423 -105.54   40.04     6.0    -3.7     1.1     1.7     0.0    11.33 C     2.7   -10.3    -3.9    50.9     9.3    29.9 -99.000   0.259 -99.000 -99.000 -99.000     0.3     1.0 -9999.0 -9999.0 -9999.0
94075 20171116  2.423 -105.54   40.04     9.2     2.8     6.0     5.1     0.0    10.76 C     4.5    -4.8    -0.3    50.6    24.3    33.8 -99.000   0.260 -99.000 -99.000 -99.000     0.2     0.9 -9999.0 -9999.0 -9999.0
94075 20171117  2.423 -105.54   40.04     4.5    -9.8    -2.7     0.1    11.8     2.37 C     0.8   -10.4    -1.8    90.9    42.2    65.9 -99.000   0.259 -99.000 -99.000 -99.000     0.3     0.9 -9999.0 -9999.0 -9999.0
94075 20171118  2.423 -105.54   40.04    -2.7   -13.0    -7.9    -7.3     1.0    10.90 C    -4.4   -14.8   -10.0    77.1    20.6    41.9 -99.000   0.259 -99.000 -99.000 -99.000     0.3     0.9 -9999.0 -9999.0 -9999.0
94075 20171119  2.423 -105.54   40.04     3.6    -7.6    -2.0    -1.8     0.0     8.10 C     2.0   -13.4    -7.1    41.5    10.9    21.9 -99.000   0.252 -99.000 -99.000 -99.000    -0.1     0.6 -9999.0 -9999.0 -9999.0
94075 20171120  2.423 -105.54   40.04     3.6    -1.3     1.2     1.0     0.0     7.92 C     1.9    -7.0    -3.5    33.7    11.0    16.8 -99.000   0.244 -99.000 -99.000 -99.000    -0.3     0.4 -9999.0 -9999.0 -9999.0
94075 20171121  2.423 -105.54   40.04     2.5    -3.1    -0.3    -0.7     8.4     3.65 C     0.1    -6.0    -3.3    95.2    28.4    67.5 -99.000   0.235 -99.000 -99.000 -99.000    -0.4     0.3 -9999.0 -9999.0 -9999.0
94075 20171122  2.423 -105.54   40.04     5.5     1.9     3.7     3.7     0.0     5.90 C     1.8    -2.3    -0.2    76.7    37.5    61.4 -99.000   0.230 -99.000 -99.000 -99.000    -0.4     0.3 -9999.0 -9999.0 -9999.0
94075 20171123  2.423 -105.54   40.04     7.8     2.8     5.3     5.0     0.0     5.68 C     8.1    -1.4     0.6    66.5    23.2    44.4 -99.000   0.227 -99.000 -99.000 -99.000    -0.3     0.4 -9999.0 -9999.0 -9999.0
94075 20171124  2.423 -105.54   40.04     8.0     0.3     4.2     3.7     2.3     6.47 C     9.4    -5.1     0.2    76.9    28.8    46.8 -99.000   0.231 -99.000 -99.000 -99.000    -0.2     0.4 -9999.0 -9999.0 -9999.0
94075 20171125  2.423 -105.54   40.04     5.3    -0.3     2.5     2.6     0.0     9.74 C     6.8    -5.1    -1.5    62.9    20.3    37.2 -99.000   0.238 -99.000 -99.000 -99.000    -0.2     0.4 -9999.0 -9999.0 -9999.0
94075 20171126  2.423 -105.54   40.04    10.2    -0.5     4.8     5.3     0.0     5.56 C    10.6    -6.5    -0.3    54.9    20.5    33.3 -99.000   0.240 -99.000 -99.000 -99.000    -0.2     0.4 -9999.0 -9999.0 -9999.0
94075 20171127  2.423 -105.54   40.04    10.9     0.4     5.6     6.6     0.0     8.76 C    12.7    -6.1     1.1    47.7    13.8    22.7 -99.000   0.240 -99.000 -99.000 -99.000    -0.2     0.4 -9999.0 -9999.0 -9999.0
94075 20171128  2.423 -105.54   40.04     1.1    -6.5    -2.7    -4.2     0.0     5.02 C     9.2    -9.4    -4.2    94.4    29.2    80.2 -99.000   0.239 -99.000 -99.000 -99.000    -0.2     0.4 -9999.0 -9999.0 -9999.0
94075 20171129  2.423 -105.54   40.04     4.4    -4.8    -0.2     1.0     0.0     9.76 C     8.4   -10.1    -2.3    69.4    26.0    39.9 -99.000   0.235 -99.000 -99.000 -99.000    -0.3     0.3 -9999.0 -9999.0 -9999.0
94075 20171130  2.423 -105.54   40.04     5.3    -5.7    -0.2     0.7     0.0     8.92 C    13.4   -10.7    -2.7    69.4    21.6    36.7 -99.000 -99.000 -99.000 -99.000 -99.000    -0.5     0.2 -9999.0 -9999.0 -9999.0
94075 20171201  2.423 -105.54   40.04     4.1    -2.6     0.7     1.4     0.0     7.55 C     9.7    -7.6    -1.3    59.8    34.0    45.3 -99.000 -99.000 -99.000 -99.000 -99.000    -0.5     0.1 -9999.0 -9999.0 -9999.0
94075 20171202  2.423 -105.54   40.04     5.2     0.2     2.7     2.5     0.0     9.43 C    11.1    -3.8     0.0    59.1    27.4    41.1 -99.000 -99.000 -99.000 -99.000 -99.000    -0.6     0.1 -9999.0 -9999.0 -9999.0
94075 20171203  2.423 -105.54   40.04     6.2    -2.7     1.8     2.6     0.7     7.04 C     9.6    -5.3     0.0    80.2    21.6    36.1 -99.000 -99.000 -99.000 -99.000 -99.000    -0.6     0.0 -9999.0 -9999.0 -9999.0
94075 20171204  2.423 -105.54   40.04    -2.7   -12.8    -7.8   -10.5     4.3     5.06 C    -3.4   -15.8   -11.2    76.8    47.6    62.4 -99.000 -99.000 -99.000 -99.000 -99.000    -0.7     0.0 -9999.0 -9999.0 -9999.0
94075 20171205  2.423 -105.54   40.04    -0.5   -13.2    -6.8    -7.2     0.0     8.58 C     4.3   -16.2    -9.9    65.9    23.6    41.8 -99.000 -99.000 -99.000 -99.000 -99.000    -1.1    -0.1 -9999.0 -9999.0 -9999.0
94075 20171206  2.423 -105.54   40.04    -8.4   -14.9   -11.6   -11.8     0.0     6.96 C     2.2   -17.5   -11.8    72.4    38.6    52.9 -99.000 -99.000 -99.000 -99.000 -99.000    -2.1    -0.4 -9999.0 -9999.0 -9999.0
94075 20171207  2.423 -105.54   40.04    -4.8   -15.1   -10.0   -10.5     0.6     3.15 C    -4.4   -17.4   -11.4    70.2    33.4    50.6 -99.000 -99.000 -99.000 -99.000 -99.000    -3.1    -1.2 -9999.0 -9999.0 -9999.0
94075 20171208  2.423 -105.54   40.04     1.2    -5.3    -2.1    -2.1     0.0     5.03 C     4.5    -8.1    -5.3    53.2    12.6    31.6 -99.000 -99.000 -99.000 -99.000 -99.000    -2.0    -1.0 -9999.0 -9999.0 -9999.0
94075 20171209  2.423 -105.54   40.04     3.5    -2.0     0.8     0.4     0.0     8.51 C     7.7    -8.1    -3.6    19.3     7.8    13.3 -99.000 -99.000 -99.000 -99.000 -99.000    -2.2    -1.2 -9999.0 -9999.0 -9999.0
94075 20171210  2.423 -105.54   40.04     6.5    -0.3     3.1     1.9     0.0     8.39 C    13.4    -7.6    -1.9    15.8     4.6     9.6 -99.000 -99.000 -99.000 -99.000 -99.000    -2.0    -1.2 -9999.0 -9999.0 -9999.0
94075 20171211  2.423 -105.54   40.04     3.5    -1.7     0.9     1.7     0.0     8.42 C     7.6   -11.4    -2.4    29.2     4.8    17.9 -99.000 -99.000 -99.000 -99.000 -99.000    -1.8    -1.0 -9999.0 -9999.0 -9999.0
94075 20171212  2.423 -105.54   40.04     8.7    -2.4     3.2     3.7     0.0     8.13 C    16.3   -10.9    -0.1    37.2    12.7    24.4 -99.000 -99.000 -99.000 -99.000 -99.000    -1.5    -1.0 -9999.0 -9999.0 -9999.0
94075 20171213  2.423 -105.54   40.04     3.0    -8.2    -2.6    -0.9     3.1     4.86 C    10.7    -8.8    -2.0    91.0    10.3    29.1 -99.000 -99.000 -99.000 -99.000 -99.000    -1.5    -0.9 -9999.0 -9999.0 -9999.0
94075 20171214  2.423 -105.54   40.04    -5.3   -11.9    -8.6    -8.3     4.2     6.21 C    -7.8   -24.6   -13.2    90.8    20.9    60.9 -99.000 -99.000 -99.000 -99.000 -99.000    -1.4    -0.8 -9999.0 -9999.0 -9999.0
94075 20171215  2.423 -105.54   40.04     4.1    -5.3    -0.6     0.2     0.0     6.58 C     4.6   -12.4    -4.9    29.6    14.5    18.3 -99.000 -99.000 -99.000 -99.000 -99.000    -1.7    -1.0 -9999.0 -9999.0 -9999.0
94075 20171216  2.423 -105.54   40.04     2.0   -10.9    -4.5    -3.0     0.0     4.34 C     9.2   -16.0    -5.5    88.6    10.8    36.9 -99.000 -99.000 -99.000 -99.000 -99.000    -1.8    -1.1 -9999.0 -9999.0 -9999.0
94075 20171217  2.423 -105.54   40.04    -0.2   -11.3    -5.8    -5.3     0.0     7.53 C    12.1   -16.1    -6.9    90.9    22.4    41.8 -99.000 -99.000 -99.000 -99.000 -99.000    -2.7    -1.5 -9999.0 -9999.0 -9999.0
94075 20171218  2.423 -105.54   40.04     4.2    -4.5    -0.2     0.4     0.0     6.75 C     9.2    -8.7    -2.4    45.5    28.0    36.7 -99.000 -99.000 -99.000 -99.000 -99.000    -2.1    -1.4 -9999.0 -9999.0 -9999.0
94075 20171219  2.423 -105.54   40.04     3.9    -3.2     0.3    -0.4     0.0     7.71 C    12.8   -11.1    -2.8    49.9    21.8    37.1 -99.000 -99.000 -99.000 -99.000 -99.000    -1.7    -1.1 -9999.0 -9999.0 -9999.0
94075 20171220  2.423 -105.54   40.04     4.3    -3.9     0.2     0.1     0.0     8.05 C     8.6   -13.1    -3.8    45.6    18.9    30.4 -99.000 -99.000 -99.000 -99.000 -99.000    -2.0    -1.3 -9999.0 -9999.0 -9999.0
94075 20171221  2.423 -105.54   40.04    -3.6   -16.1    -9.9   -11.8     4.5     2.98 C    -5.6   -25.7   -13.7    92.7    41.4    81.0 -99.000 -99.000 -99.000 -99.000 -99.000    -2.3    -1.5 -9999.0 -9999.0 -9999.0
94075 20171222  2.423 -105.54   40.04    -4.0   -13.6    -8.8    -8.0     0.0     7.50 C    -4.8   -21.3   -12.9    75.2    26.1    48.7 -99.000 -99.000 -99.000 -99.000 -99.000    -2.4    -1.6 -9999.0 -9999.0 -9999.0
94075 20171223  2.423 -105.54   40.04    -5.7   -13.2    -9.5    -8.0    20.9     2.58 C    -5.3   -14.7    -8.4    89.0    55.0    74.7 -99.000 -99.000 -99.000 -99.000 -99.000    -2.4    -1.6 -9999.0 -9999.0 -9999.0
94075 20171224  2.423 -105.54   40.04    -6.6   -15.7   -11.2   -11.1     1.6     8.32 C    -8.1   -20.3   -13.8    72.5    29.6    49.4 -99.000 -99.000 -99.000 -99.000 -99.000    -2.3    -1.5 -9999.0 -9999.0 -9999.0
94075 20171225  2.423 -105.54   40.04    -4.9    -7.5    -6.2    -5.9    21.9     1.99 C    -5.3    -8.1    -6.8    89.8    63.5    75.3 -99.000 -99.000 -99.000 -99.000 -99.000    -2.1    -1.5 -9999.0 -9999.0 -9999.0
94075 20171226  2.423 -105.54   40.04    -3.0    -7.0    -5.0    -5.4     4.8     7.43 C    -5.3   -11.7    -8.3    86.1    49.4    62.8 -99.000 -99.000 -99.000 -99.000 -99.000    -1.5    -1.1 -9999.0 -9999.0 -9999.0
94075 20171227  2.423 -105.54   40.04    -2.1    -6.0    -4.1    -3.7     0.0     6.56 C    -5.5   -12.0    -8.9    50.3    30.9    38.2 -99.000 -99.000 -99.000 -99.000 -99.000    -1.5    -1.1 -9999.0 -9999.0 -9999.0
94075 20171228  2.423 -105.54   40.04     0.0    -3.6    -1.8    -1.9     0.0     6.02 C    -4.1   -10.8    -8.3    36.0    21.5    29.8 -99.000 -99.000 -99.000 -99.000 -99.000    -1.8    -1.3 -9999.0 -9999.0 -9999.0
94075 20171229  2.423 -105.54   40.04     3.3    -1.2     1.0     1.2     0.0     6.14 C     1.1    -7.3    -4.4    28.7    17.0    22.4 -99.000 -99.000 -99.000 -99.000 -99.000    -2.2    -1.5 -9999.0 -9999.0 -9999.0
94075 20171230  2.423 -105.54   40.04     4.9   -11.6    -3.3     0.6     0.0     8.12 C    10.6    -8.9    -1.9    92.3    12.3    24.6 -99.000 -99.000 -99.000 -99.000 -99.000    -2.0    -1.5 -9999.0 -9999.0 -9999.0
94075 20171231  2.423 -105.54   40.04    -3.3   -10.3    -6.8    -5.6     2.5     7.47 C    -4.5   -14.4    -9.1    85.4    15.4    49.6 -99.000 -99.000 -99.000 -99.000 -99.000    -2.0    -1.4 -9999.0 -9999.0 -9999.0
