54932 20170101  2.422  -92.99   46.11    -3.9    -8.2    -6.0    -5.5     0.0     2.59 C    -4.8   -13.2    -7.9    83.8    58.1    68.2   0.253   0.246   0.237   0.218   0.330     0.4     0.7     1.1     1.8     3.1
54932 20170102  2.422  -92.99   46.11    -1.9    -7.9    -4.9    -3.8     4.0     1.47 C    -2.3    -8.3    -4.4    93.2    68.8    83.1   0.252   0.244   0.235   0.214   0.330     0.4     0.7     1.0     1.7     3.0
54932 20170103  2.422  -92.99   46.11    -2.0   -20.0   -11.0   -10.5     0.4     4.87 C    -2.3   -24.0   -12.3    95.6    58.7    75.3   0.250   0.244   0.234   0.212   0.330     0.5     0.8     1.1     1.7     3.0
54932 20170104  2.422  -92.99   46.11   -19.1   -26.3   -22.7   -22.0     0.0     6.40 C   -20.0   -35.1   -26.6    78.6    53.9    66.3 -99.000   0.242   0.234   0.210   0.331     0.4     0.7     1.1     1.7     3.0
54932 20170105  2.422  -92.99   46.11   -18.9   -27.7   -23.3   -23.5     0.0     6.04 C   -18.8   -36.3   -29.6    75.9    50.4    68.8 -99.000   0.239   0.232   0.208   0.331     0.2     0.6     1.0     1.6     2.9
54932 20170106  2.422  -92.99   46.11   -17.4   -30.3   -23.8   -23.8     0.0     6.42 C   -20.2   -37.7   -31.0    81.9    51.9    71.2 -99.000   0.259   0.230   0.206   0.331     0.1     0.5     0.8     1.6     2.9
54932 20170107  2.422  -92.99   46.11   -14.8   -24.3   -19.6   -19.5     0.0     6.47 C   -16.8   -33.7   -25.6    81.8    48.3    69.3 -99.000   0.261   0.228   0.204   0.331     0.0     0.4     0.7     1.5     2.8
54932 20170108  2.422  -92.99   46.11   -11.7   -27.9   -19.8   -18.4     1.0     5.06 C   -12.2   -33.9   -21.7    82.6    43.4    72.3 -99.000   0.259   0.226   0.201   0.331     0.0     0.3     0.7     1.4     2.7
54932 20170109  2.422  -92.99   46.11    -6.2   -13.6    -9.9   -10.1     1.1     2.13 C    -6.6   -16.6   -10.8    87.7    74.5    83.2 -99.000   0.257   0.225   0.199   0.331    -0.1     0.3     0.6     1.3     2.6
54932 20170110  2.422  -92.99   46.11    -4.6   -18.5   -11.5    -9.3     4.2     1.47 C    -5.1   -26.2   -11.2    91.9    62.6    78.6 -99.000   0.259   0.224   0.198   0.331    -0.1     0.3     0.6     1.3     2.6
54932 20170111  2.422  -92.99   46.11   -14.4   -20.0   -17.2   -16.9     1.9     2.77 C   -13.9   -30.3   -18.8    80.1    57.0    71.2 -99.000   0.259   0.224   0.197   0.327    -0.1     0.3     0.6     1.3     2.5
54932 20170112  2.422  -92.99   46.11   -12.0   -23.8   -17.9   -18.5     0.0     7.08 C   -14.5   -33.7   -24.2    81.8    39.7    62.0 -99.000   0.259   0.224   0.196   0.326    -0.1     0.3     0.6     1.2     2.5
54932 20170113  2.422  -92.99   46.11   -16.0   -32.3   -24.2   -22.6     0.0     5.40 C   -15.4   -39.2   -26.5    77.3    45.7    62.2 -99.000   0.259   0.232   0.196   0.323    -0.1     0.3     0.6     1.2     2.4
54932 20170114  2.422  -92.99   46.11    -6.7   -18.0   -12.4   -13.6     0.0     7.08 C   -11.5   -27.0   -19.6    86.0    49.8    70.2 -99.000   0.258   0.244   0.195   0.322    -0.1     0.3     0.5     1.2     2.4
54932 20170115  2.422  -92.99   46.11    -3.2   -21.6   -12.4   -11.6     0.0     7.09 C    -8.1   -27.6   -18.3    89.2    53.1    73.9 -99.000   0.258   0.243   0.193   0.322    -0.1     0.3     0.5     1.2     2.4
54932 20170116  2.422  -92.99   46.11    -0.9   -14.8    -7.9    -7.5     0.0     6.05 C    -5.1   -21.9   -13.3    91.5    59.1    80.6 -99.000   0.257   0.242   0.193   0.322    -0.1     0.3     0.5     1.2     2.3
54932 20170117  2.422  -92.99   46.11     3.2   -10.8    -3.8    -3.6     0.0     7.13 C    -2.3   -18.3    -8.7    95.8    48.5    78.7 -99.000   0.257   0.242   0.192   0.322    -0.1     0.3     0.5     1.2     2.3
54932 20170118  2.422  -92.99   46.11     4.0    -5.1    -0.5    -1.1     0.0     7.15 C    -0.4    -9.1    -5.1    94.9    56.8    80.5 -99.000   0.257   0.242   0.192   0.321    -0.1     0.3     0.5     1.1     2.3
54932 20170119  2.422  -92.99   46.11     6.2    -1.4     2.4     1.7     0.0     6.88 C    -0.1    -5.3    -0.8    96.6    65.4    84.9 -99.000   0.259   0.243   0.192   0.321    -0.1     0.3     0.5     1.1     2.2
54932 20170120  2.422  -92.99   46.11     2.2     1.1     1.7     1.7     1.9     1.32 C     0.0    -0.1     0.0    96.8    80.7    94.2 -99.000   0.260   0.243   0.191   0.320    -0.1     0.3     0.5     1.1     2.2
54932 20170121  2.422  -92.99   46.11     1.8     0.8     1.3     1.2     0.0     1.15 C     0.1     0.0     0.0    97.1    94.9    96.4 -99.000   0.270   0.249   0.192   0.321    -0.1     0.3     0.5     1.1     2.1
54932 20170122  2.422  -92.99   46.11     3.3     0.6     2.0     1.7     0.0     2.28 C     0.6    -0.1     0.1    97.2    87.3    95.1 -99.000   0.290   0.261   0.197   0.321    -0.1     0.3     0.5     1.1     2.1
54932 20170123  2.422  -92.99   46.11     1.5    -0.5     0.5     0.5     0.0     1.85 C     0.5    -0.6    -0.1    97.0    81.9    92.7 -99.000   0.295   0.266   0.212   0.326    -0.1     0.3     0.5     1.0     2.1
54932 20170124  2.422  -92.99   46.11    -0.4    -1.5    -1.0    -0.9     0.0     2.27 C     0.2    -2.0    -1.1    93.3    73.6    78.7 -99.000   0.290   0.264   0.218   0.327     0.0     0.3     0.5     1.0     2.1
54932 20170125  2.422  -92.99   46.11    -1.5    -4.1    -2.8    -2.5     0.0     1.79 C    -1.5    -3.8    -2.8    86.6    68.8    79.0 -99.000   0.287   0.263   0.219   0.327     0.1     0.4     0.5     1.0     2.1
54932 20170126  2.422  -92.99   46.11    -2.0    -6.5    -4.3    -3.7     0.0     7.80 C     0.5    -9.8    -4.3    81.3    57.3    71.4 -99.000   0.283   0.261   0.219   0.328     0.1     0.4     0.5     1.1     2.1
54932 20170127  2.422  -92.99   46.11    -1.4    -8.5    -5.0    -4.9     0.0     7.88 C    -0.9   -10.6    -6.5    83.2    57.7    71.0 -99.000   0.279   0.259   0.217   0.328     0.1     0.3     0.5     1.1     2.1
54932 20170128  2.422  -92.99   46.11    -4.2    -7.3    -5.8    -5.4     0.0     3.49 C    -1.5   -10.2    -5.8    79.1    64.4    72.3 -99.000   0.275   0.256   0.214   0.328     0.0     0.3     0.5     1.1     2.1
54932 20170129  2.422  -92.99   46.11    -5.7   -15.2   -10.5    -8.3     0.0     8.99 C    -3.2   -19.1    -9.5    80.5    30.4    61.2 -99.000   0.272   0.254   0.211   0.328     0.0     0.3     0.5     1.0     2.0
54932 20170130  2.422  -92.99   46.11    -4.4   -15.8   -10.1    -7.6     6.7     1.12 C    -4.3   -18.4    -7.8    94.0    61.2    83.8 -99.000   0.266   0.251   0.209   0.328    -0.2     0.2     0.4     1.0     2.0
54932 20170131  2.422  -92.99   46.11     1.5    -5.5    -2.0    -1.7     1.7     4.62 C    -0.4   -12.6    -4.0    91.6    55.9    77.4 -99.000   0.264   0.248   0.207   0.329    -0.2     0.2     0.4     0.9     2.0
54932 20170201  2.422  -92.99   46.11    -2.7   -15.6    -9.2   -12.5     0.0     9.24 C    -4.3   -21.6   -15.8    76.5    39.4    57.8 -99.000   0.264   0.247   0.204   0.329    -0.2     0.2     0.4     0.9     1.9
54932 20170202  2.422  -92.99   46.11   -11.7   -18.8   -15.3   -15.5     0.0     9.44 C   -13.3   -27.0   -20.7    79.2    40.5    60.8 -99.000 -99.000 -99.000   0.201   0.329    -0.2     0.1     0.4     0.9     1.9
54932 20170203  2.422  -92.99   46.11    -7.0   -20.3   -13.7   -13.3     0.0     8.32 C    -8.4   -28.8   -19.7    79.8    47.5    64.3 -99.000 -99.000 -99.000   0.200   0.329    -0.2     0.1     0.3     0.9     1.9
54932 20170204  2.422  -92.99   46.11    -1.1   -16.0    -8.6    -6.2     0.0     5.27 C    -2.7   -24.3    -8.7    86.6    52.3    69.0 -99.000 -99.000 -99.000   0.197   0.329    -0.2     0.1     0.3     0.8     1.9
54932 20170205  2.422  -92.99   46.11    -3.7   -14.0    -8.9   -10.1     0.0     9.40 C    -5.5   -18.3   -12.6    79.7    31.8    55.1 -99.000 -99.000 -99.000   0.196   0.327    -0.2     0.1     0.3     0.8     1.8
54932 20170206  2.422  -92.99   46.11    -2.3   -12.5    -7.4    -7.2     0.0     7.55 C    -2.8   -17.1    -9.0    69.8    45.5    53.6 -99.000 -99.000 -99.000   0.195   0.326    -0.2     0.1     0.3     0.8     1.8
54932 20170207  2.422  -92.99   46.11    -4.3   -14.5    -9.4    -7.7     2.6     4.21 C    -2.8   -20.0    -8.7    92.5    66.2    76.9 -99.000 -99.000 -99.000   0.193   0.324    -0.2     0.1     0.3     0.7     1.7
54932 20170208  2.422  -92.99   46.11   -13.1   -22.5   -17.8   -17.1     0.0    10.33 C   -14.2   -27.8   -20.8    73.9    41.0    59.5 -99.000 -99.000 -99.000   0.193   0.321    -0.2     0.0     0.3     0.7     1.7
54932 20170209  2.422  -92.99   46.11    -9.0   -24.2   -16.6   -15.4     0.0    10.23 C    -9.3   -32.2   -19.6    79.8    41.4    58.1 -99.000 -99.000 -99.000   0.192   0.322    -0.3     0.0     0.2     0.7     1.7
54932 20170210  2.422  -92.99   46.11     3.9    -9.0    -2.5    -2.5     0.0     8.99 C    -0.8    -9.9    -5.6    83.4    52.2    65.4 -99.000 -99.000 -99.000   0.190   0.322    -0.3     0.0     0.2     0.7     1.7
54932 20170211  2.422  -92.99   46.11     3.4    -1.6     0.9     0.8     0.8     7.71 C    -0.1    -6.6    -1.5    91.2    60.1    73.4 -99.000 -99.000 -99.000   0.189   0.320    -0.3     0.0     0.2     0.7     1.7
54932 20170212  2.422  -92.99   46.11     2.2    -5.5    -1.6    -1.1     0.0    10.95 C    -0.1   -13.9    -6.1    92.9    34.2    58.6 -99.000 -99.000 -99.000   0.189   0.320    -0.3     0.0     0.2     0.7     1.7
54932 20170213  2.422  -92.99   46.11     5.9    -5.8     0.1    -0.2     0.0     9.42 C     0.0   -14.4    -5.6    93.5    45.7    70.0 -99.000 -99.000 -99.000   0.189   0.320    -0.3     0.0     0.2     0.7     1.6
54932 20170214  2.422  -92.99   46.11     3.4    -6.1    -1.4    -0.8     0.0    11.36 C    -0.5   -11.1    -4.9    78.6    24.6    55.0 -99.000 -99.000 -99.000   0.188   0.320    -0.3     0.0     0.2     0.7     1.6
54932 20170215  2.422  -92.99   46.11    -1.0   -11.0    -6.0    -6.1     0.0    10.10 C     0.0   -14.7    -8.7    73.4    26.7    53.6 -99.000 -99.000 -99.000   0.188   0.320    -0.3     0.0     0.2     0.7     1.6
54932 20170216  2.422  -92.99   46.11     3.2    -6.0    -1.4    -1.4     0.0     8.30 C     0.5   -11.7    -4.4    72.2    47.7    56.6 -99.000 -99.000 -99.000   0.189   0.320    -0.3     0.0     0.1     0.7     1.6
54932 20170217  2.422  -92.99   46.11    13.5    -3.5     5.0     4.0     0.0    12.25 C     5.0    -7.6    -1.8    83.5    37.2    65.4 -99.000 -99.000 -99.000   0.193   0.321    -0.3     0.0     0.1     0.6     1.6
54932 20170218  2.422  -92.99   46.11    12.5    -1.6     5.5     5.9     0.0    10.55 C    13.2    -6.8     1.4    94.2    35.6    65.4 -99.000 -99.000 -99.000   0.202   0.322    -0.3     0.0     0.1     0.6     1.5
54932 20170219  2.422  -92.99   46.11    14.5    -2.7     5.9     5.7     0.0     8.83 C    16.1    -6.5     2.4    96.6    35.2    66.9 -99.000 -99.000 -99.000   0.212   0.324    -0.2     0.0     0.1     0.6     1.5
54932 20170220  2.422  -92.99   46.11     9.9     0.9     5.4     6.7    19.3     0.90 C     9.3    -1.2     4.8    96.4    71.8    85.0 -99.000 -99.000 -99.000   0.225   0.326    -0.2     0.0     0.1     0.6     1.5
54932 20170221  2.422  -92.99   46.11    11.1    -1.0     5.1     3.7     0.0     6.73 C    12.4    -5.2     2.5    99.9    60.3    88.0 -99.000 -99.000 -99.000   0.240   0.327    -0.2     0.0     0.1     0.6     1.5
54932 20170222  2.422  -92.99   46.11    10.9    -1.7     4.6     3.2     3.8     7.04 C    17.7    -4.8     2.5    97.5    57.0    86.7 -99.000 -99.000 -99.000   0.244   0.326    -0.2     0.0     0.1     0.6     1.5
54932 20170223  2.422  -92.99   46.11     0.5    -4.9    -2.2    -3.0     0.0     4.64 C     0.1    -7.1    -3.4    91.8    68.2    81.5 -99.000 -99.000 -99.000   0.245   0.326    -0.2     0.0     0.1     0.6     1.5
54932 20170224  2.422  -92.99   46.11    -4.9    -9.8    -7.4    -6.8     0.0     7.23 C     1.6   -11.9    -6.6    72.3    56.7    66.1 -99.000 -99.000 -99.000   0.244   0.326    -0.2     0.1     0.1     0.6     1.5
54932 20170225  2.422  -92.99   46.11    -1.0   -12.9    -6.9    -6.4     0.0    12.97 C     5.2   -14.4    -5.8    71.7    46.8    60.4 -99.000 -99.000 -99.000   0.243   0.326    -0.2     0.1     0.1     0.6     1.5
54932 20170226  2.422  -92.99   46.11    -1.9   -10.9    -6.4    -4.7     0.3     9.84 C     6.6   -15.2    -4.9    86.9    30.4    63.8 -99.000 -99.000 -99.000   0.241   0.327    -0.2     0.1     0.1     0.6     1.4
54932 20170227  2.422  -92.99   46.11     6.0    -8.5    -1.2    -1.1     0.0     8.30 C    12.5    -8.8    -0.6    81.9    36.1    61.6 -99.000 -99.000 -99.000   0.234   0.327    -0.2     0.0     0.1     0.6     1.4
54932 20170228  2.422  -92.99   46.11     0.4    -2.8    -1.2    -1.1     5.2     1.85 C     0.2    -8.1    -1.6    93.4    66.7    85.6 -99.000 -99.000 -99.000   0.229   0.327    -0.2     0.0     0.1     0.6     1.4
54932 20170301  2.422  -92.99   46.11     0.5    -6.9    -3.2    -3.7     0.0    12.79 C     2.9   -12.5    -4.9    84.1    43.3    65.9 -99.000 -99.000 -99.000   0.226   0.328    -0.2     0.0     0.1     0.6     1.4
54932 20170302  2.422  -92.99   46.11    -5.3   -14.2    -9.7    -8.9     0.0    15.45 C     1.1   -20.5   -10.3    79.3    25.1    48.5 -99.000 -99.000 -99.000   0.221   0.328    -0.2     0.0     0.1     0.6     1.4
54932 20170303  2.422  -92.99   46.11    -3.1   -19.8   -11.5   -10.4     0.0    14.88 C     3.6   -21.8    -9.8    81.4    42.9    59.3 -99.000 -99.000 -99.000   0.217   0.327    -0.3    -0.1     0.1     0.5     1.4
54932 20170304  2.422  -92.99   46.11     5.9    -7.9    -1.0    -1.0     0.0    14.35 C    11.6   -11.5    -0.8    76.7    44.2    62.1 -99.000 -99.000 -99.000   0.214   0.327    -0.3    -0.1     0.1     0.5     1.4
54932 20170305  2.422  -92.99   46.11    14.5     0.1     7.3     6.5     0.0    11.21 C    19.6    -2.5     6.2    80.7    52.9    69.9 -99.000 -99.000 -99.000   0.211   0.328    -0.3     0.0     0.1     0.5     1.4
54932 20170306  2.422  -92.99   46.11    13.2     3.7     8.4     9.4     5.4     0.78 C    11.6     2.8     7.9    94.9    80.8    88.8 -99.000 -99.000 -99.000   0.212   0.327    -0.2     0.0     0.1     0.5     1.3
54932 20170307  2.422  -92.99   46.11     5.0    -6.0    -0.5    -0.5     1.0    14.08 C     8.8    -6.4    -1.0    89.2    30.3    58.5 -99.000 -99.000 -99.000   0.223   0.328    -0.2     0.0     0.1     0.5     1.3
54932 20170308  2.422  -92.99   46.11    -4.1   -11.0    -7.5    -7.1     0.2    14.71 C     2.8   -11.5    -6.3    77.6    41.6    52.5 -99.000 -99.000 -99.000   0.222   0.329    -0.2     0.0     0.1     0.5     1.3
54932 20170309  2.422  -92.99   46.11    -3.9   -14.0    -9.0    -8.4     0.0    12.59 C     7.9   -15.8    -7.1    75.1    23.8    48.3 -99.000 -99.000 -99.000   0.220   0.329    -0.2     0.0     0.1     0.5     1.3
54932 20170310  2.422  -92.99   46.11   -10.2   -20.4   -15.3   -15.0     0.0    16.18 C     3.0   -20.5   -12.5    53.1    20.5    36.6 -99.000 -99.000 -99.000   0.215   0.329    -0.4    -0.1     0.1     0.5     1.3
54932 20170311  2.422  -92.99   46.11    -6.8   -17.8   -12.3   -12.9     0.0    16.62 C     6.4   -21.6   -11.1    72.7    24.2    40.6 -99.000 -99.000 -99.000   0.222   0.328    -0.5    -0.2     0.1     0.5     1.3
54932 20170312  2.422  -92.99   46.11    -7.5   -15.1   -11.3   -10.6     1.6     6.26 C     0.2   -19.0    -9.1    85.9    37.0    64.7 -99.000 -99.000 -99.000   0.242   0.328    -0.6    -0.2     0.0     0.4     1.3
54932 20170313  2.422  -92.99   46.11    -4.5   -15.5   -10.0    -9.6     0.2    14.24 C     5.2   -20.9   -10.5    86.2    34.2    63.8 -99.000 -99.000 -99.000   0.243   0.329    -0.6    -0.2     0.0     0.4     1.2
54932 20170314  2.422  -92.99   46.11    -1.5   -19.0   -10.3    -9.7     0.0    18.19 C     9.9   -22.1    -9.9    85.0    21.8    53.7 -99.000 -99.000 -99.000   0.239   0.329    -0.8    -0.3    -0.1     0.4     1.2
54932 20170315  2.422  -92.99   46.11     1.2   -14.7    -6.8    -5.7     0.0    18.46 C    13.1   -19.8    -6.7    81.1    24.8    46.5 -99.000 -99.000 -99.000   0.236   0.327    -0.8    -0.4    -0.1     0.4     1.2
54932 20170316  2.422  -92.99   46.11     7.4    -8.8    -0.7    -0.3     2.8    13.76 C    15.6   -14.2     0.1    91.4    34.2    59.0 -99.000 -99.000 -99.000   0.233   0.326    -0.6    -0.3    -0.1     0.3     1.2
54932 20170317  2.422  -92.99   46.11     4.1    -1.5     1.3     0.9     0.4     2.41 C     5.2    -2.0     0.6    93.6    71.9    83.3 -99.000 -99.000 -99.000   0.231   0.324    -0.4    -0.2    -0.1     0.3     1.2
54932 20170318  2.422  -92.99   46.11     2.8    -4.1    -0.7    -1.8     0.0    10.62 C    14.1   -10.1    -1.3    86.5    53.2    73.6 -99.000 -99.000 -99.000   0.229   0.322    -0.4    -0.1    -0.1     0.3     1.2
54932 20170319  2.422  -92.99   46.11     9.8    -3.5     3.1     2.9     0.0     9.49 C    17.0    -7.2     1.7    85.3    46.1    67.1 -99.000 -99.000 -99.000   0.227   0.321    -0.3    -0.1    -0.1     0.3     1.2
54932 20170320  2.422  -92.99   46.11    12.0     0.5     6.2     6.2     0.0    13.59 C    23.3    -6.5     5.1    87.9    13.7    45.8 -99.000 -99.000 -99.000   0.227   0.321    -0.3    -0.1    -0.1     0.3     1.2
54932 20170321  2.422  -92.99   46.11     3.7   -10.0    -3.2    -3.7     0.0    19.93 C    11.6   -17.0    -3.3    62.2    26.9    40.3 -99.000 -99.000 -99.000   0.227   0.320    -0.3    -0.1    -0.1     0.3     1.2
54932 20170322  2.422  -92.99   46.11     3.5   -13.5    -5.0    -3.6     0.0    16.25 C    13.4   -18.1    -3.1    78.0    23.5    45.7 -99.000 -99.000 -99.000   0.226   0.319    -0.3    -0.1    -0.1     0.3     1.2
54932 20170323  2.422  -92.99   46.11     4.1    -1.5     1.3     1.1     2.2     3.10 C     7.3    -2.0     1.0    96.3    39.3    69.4 -99.000 -99.000 -99.000   0.226   0.319    -0.3    -0.1    -0.1     0.3     1.1
54932 20170324  2.422  -92.99   46.11     4.0    -1.4     1.3     1.6     0.3     3.89 C     6.6    -7.2     1.1    96.4    73.6    88.0 -99.000 -99.000 -99.000   0.226   0.319    -0.3    -0.1    -0.1     0.3     1.1
54932 20170325  2.422  -92.99   46.11     8.1    -2.3     2.9     2.3     0.0    13.00 C    18.4    -9.3     3.2    94.0    49.9    75.0 -99.000 -99.000 -99.000   0.227   0.319    -0.3    -0.1    -0.1     0.3     1.1
54932 20170326  2.422  -92.99   46.11     3.3    -0.3     1.5     1.3     2.7     3.60 C     5.9    -1.1     1.8    97.0    81.8    92.0 -99.000 -99.000 -99.000   0.227   0.319    -0.3    -0.1    -0.1     0.3     1.1
54932 20170327  2.422  -92.99   46.11    12.8    -2.2     5.3     4.4     0.0    15.56 C    25.8    -8.0     4.5    97.8    39.8    76.2 -99.000 -99.000 -99.000   0.227   0.319    -0.3    -0.1    -0.1     0.3     1.1
54932 20170328  2.422  -92.99   46.11    16.5    -4.4     6.0     6.0     0.0    19.79 C    26.9    -9.1     5.0    96.2    23.4    59.9 -99.000 -99.000 -99.000   0.227   0.320    -0.3    -0.1    -0.1     0.3     1.1
54932 20170329  2.422  -92.99   46.11    10.9    -0.8     5.1     3.2     0.0     8.71 C    15.3    -5.4     3.0    91.2    41.1    73.5 -99.000 -99.000 -99.000   0.228   0.320    -0.3    -0.1    -0.1     0.3     1.1
54932 20170330  2.422  -92.99   46.11    10.1    -1.4     4.4     3.0     0.0    10.93 C    19.9    -5.2     3.9    94.6    47.9    73.6 -99.000 -99.000 -99.000   0.229   0.319    -0.2     0.0    -0.1     0.3     1.1
54932 20170331  2.422  -92.99   46.11    13.4    -1.4     6.0     4.9     0.0    20.20 C    23.9    -5.8     5.6    93.7    20.4    60.1 -99.000 -99.000 -99.000   0.231   0.319     0.0     0.1     0.0     0.3     1.1
54932 20170401  2.422  -92.99   46.11    16.0    -2.0     7.0     6.8     0.0    15.19 C    27.8    -6.9     5.5    87.1    36.1    59.6 -99.000 -99.000 -99.000   0.237   0.322     0.2     0.2     0.0     0.4     1.1
54932 20170402  2.422  -92.99   46.11    11.4    -1.9     4.8     5.9     2.5     5.97 C    16.8    -6.7     4.2    95.3    52.8    82.5 -99.000   0.289 -99.000   0.245   0.325     0.3     0.2     0.1     0.4     1.1
54932 20170403  2.422  -92.99   46.11     9.9     4.7     7.3     7.7     0.0     4.42 C    13.9    -1.4     6.4    96.8    71.5    88.1   0.267   0.285   0.264   0.240   0.325     1.0     0.6     0.3     0.5     1.2
54932 20170404  2.422  -92.99   46.11    14.4    -0.5     7.0     7.9     0.0    15.74 C    24.1    -7.9     6.2    92.6    23.0    49.0   0.258   0.261   0.257   0.230   0.325     1.7     1.5     0.9     0.8     1.3
54932 20170405  2.422  -92.99   46.11    11.8    -1.8     5.0     6.0     0.0    14.67 C    20.5    -8.0     4.9    84.0    23.1    43.8   0.250   0.254   0.256   0.228   0.325     1.8     1.7     1.3     1.1     1.5
54932 20170406  2.422  -92.99   46.11    10.9    -3.2     3.8     4.2     0.0    23.24 C    24.4   -11.4     3.5    78.0    21.2    44.0   0.244   0.249   0.248   0.213   0.327     2.2     2.0     1.6     1.4     1.7
54932 20170407  2.422  -92.99   46.11    14.4    -5.6     4.4     6.0     0.0    20.61 C    26.6   -11.8     5.6    90.9    18.8    45.7   0.238   0.243   0.234   0.212   0.327     2.1     2.0     1.7     1.5     1.8
54932 20170408  2.422  -92.99   46.11    19.5     5.8    12.6    12.4     0.0    14.92 C    27.8     0.2    10.8    82.3    32.7    47.4   0.235   0.240   0.233   0.211   0.327     3.5     3.2     2.4     1.8     2.0
54932 20170409  2.422  -92.99   46.11    17.0     4.1    10.6    10.8     1.6     6.89 C    25.3    -1.3     9.5    86.0    47.5    67.4   0.233   0.237   0.232   0.210   0.326     4.3     4.1     3.2     2.5     2.2
54932 20170410  2.422  -92.99   46.11     8.5     0.4     4.4     3.2     0.4     8.31 C    12.4    -0.3     3.8    86.8    50.3    66.6   0.235   0.239   0.233   0.210   0.328     4.1     4.1     3.6     2.9     2.5
54932 20170411  2.422  -92.99   46.11    10.3    -0.7     4.8     3.7     0.0    16.90 C    25.8    -7.8     5.2    74.6    23.7    50.7   0.230   0.236   0.232   0.210   0.328     3.7     3.7     3.3     2.9     2.7
54932 20170412  2.422  -92.99   46.11    15.7    -2.5     6.6     7.3     0.0    14.54 C    28.8    -8.6     7.8    94.4    30.3    63.9   0.228   0.234   0.231   0.208   0.327     4.0     3.8     3.3     3.0     2.8
54932 20170413  2.422  -92.99   46.11    13.0     1.9     7.5     7.2     0.0     8.32 C    22.6    -3.9     7.3   100.0    58.1    84.7   0.225   0.233   0.230   0.207   0.328     4.7     4.5     3.8     3.2     2.9
54932 20170414  2.422  -92.99   46.11    18.3     3.2    10.7    10.8     0.0    10.18 C    27.0    -3.0    10.4    95.0    50.3    75.2   0.223   0.230   0.229   0.206   0.330     5.1     4.9     4.1     3.5     3.1
54932 20170415  2.422  -92.99   46.11    14.6     6.5    10.5    11.7    21.9     3.50 C    17.5     1.4    11.2    96.7    86.2    91.9   0.250   0.259   0.240   0.211   0.329     6.7     6.3     5.1     4.0     3.3
54932 20170416  2.422  -92.99   46.11    16.7     5.5    11.1    11.0     0.0    23.20 C    28.2    -2.7    10.4    96.5    18.7    51.9   0.255   0.266   0.251   0.237   0.329     6.8     6.5     5.7     4.6     3.6
54932 20170417  2.422  -92.99   46.11    10.2    -0.4     4.9     5.5     0.0    17.73 C    29.3    -4.3     7.6    85.9    39.7    57.5   0.243   0.254   0.245   0.236   0.329     6.3     6.2     5.6     4.8     3.9
54932 20170418  2.422  -92.99   46.11    11.3    -0.1     5.6     5.5    24.5     1.42 C    11.8    -1.7     5.2    95.5    75.2    87.7   0.292   0.301   0.284   0.250   0.330     5.4     5.5     5.3     4.8     4.1
54932 20170419  2.422  -92.99   46.11     7.9     1.9     4.9     4.6     8.8     9.65 C    17.1    -1.4     5.8    93.4    66.5    81.0   0.273   0.287   0.281   0.257   0.330     5.5     5.5     5.1     4.7     4.2
54932 20170420  2.422  -92.99   46.11     6.2     0.1     3.2     3.0    11.4     9.49 C    15.3    -5.1     3.5    97.1    66.7    87.7   0.323   0.312   0.299   0.261   0.330     5.0     5.1     4.9     4.7     4.2
54932 20170421  2.422  -92.99   46.11    16.8    -1.6     7.6     8.0     0.0    25.06 C    34.4    -6.9     8.5    97.3    25.1    62.0   0.272   0.285   0.287   0.259   0.330     5.5     5.3     4.8     4.5     4.3
54932 20170422  2.422  -92.99   46.11    19.8    -0.2     9.8    11.3     0.0    24.60 C    34.2    -6.5    11.2    90.9    25.5    51.9   0.256   0.267   0.261   0.256   0.330     6.3     6.1     5.4     4.8     4.3
54932 20170423  2.422  -92.99   46.11    12.3     0.6     6.5     4.6     0.6    13.63 C    21.5    -1.8     6.5    89.1    49.2    73.6   0.247   0.258   0.253   0.254   0.330     6.5     6.4     5.9     5.2     4.5
54932 20170424  2.422  -92.99   46.11    19.5     0.0     9.7     8.7     0.0    10.50 C    23.0    -1.7     9.1    82.5    22.9    58.2   0.242   0.252   0.248   0.250   0.330     6.0     6.0     5.6     5.2     4.6
54932 20170425  2.422  -92.99   46.11    16.9     3.3    10.1     8.4     6.3    14.23 C    28.7     3.2    11.0    92.2    42.5    72.7   0.242   0.250   0.245   0.241   0.330     6.8     6.6     6.0     5.3     4.7
54932 20170426  2.422  -92.99   46.11     3.3    -1.1     1.1     0.5    17.4     5.87 C     5.6    -0.7     1.2    92.7    78.3    88.8   0.297   0.304   0.284   0.253   0.332     5.3     5.6     5.7     5.5     4.9
54932 20170427  2.422  -92.99   46.11    -0.4    -4.0    -2.2    -2.2     0.0     5.17 C     3.7    -3.1    -0.9    91.5    65.7    78.1   0.273   0.289   0.285   0.256   0.332     4.0     4.3     4.7     5.0     4.9
54932 20170428  2.422  -92.99   46.11    10.5    -1.1     4.7     3.9     0.0    19.11 C    27.1    -8.7     6.0    74.5    31.7    54.3   0.255   0.266   0.258   0.255   0.332     4.5     4.5     4.3     4.5     4.8
54932 20170429  2.422  -92.99   46.11    12.3    -3.9     4.2     5.2     0.0    23.33 C    27.8   -10.4     7.1    91.5    14.3    46.0   0.245   0.256   0.250   0.250   0.332     5.0     5.0     4.7     4.5     4.7
54932 20170430  2.422  -92.99   46.11     8.0     1.1     4.6     4.2     3.3     6.60 C    16.4     0.3     4.7    83.7    42.8    55.5   0.240   0.250   0.246   0.242   0.332     5.0     5.1     4.9     4.7     4.7
54932 20170501  2.422  -92.99   46.11     2.9     0.4     1.6     1.6    18.9     4.67 C     6.6    -0.1     1.8    93.0    83.7    89.8   0.291   0.291   0.277   0.252   0.332     4.0     4.3     4.5     4.6     4.7
54932 20170502  2.422  -92.99   46.11    15.4     2.0     8.7     8.1     0.0    19.90 C    27.1    -4.2     8.8    88.5    25.3    52.5   0.277   0.289   0.286   0.260   0.332     5.1     4.9     4.5     4.4     4.6
54932 20170503  2.422  -92.99   46.11    18.5     1.0     9.7    11.3     0.0    17.46 C    31.1    -5.2    10.3    84.6    29.3    51.7   0.255   0.266   0.259   0.258   0.332     5.9     5.7     5.2     4.7     4.6
54932 20170504  2.422  -92.99   46.11    19.8     5.5    12.6    12.3     0.0    22.77 C    38.9    -2.5    13.0    92.8    26.9    55.9   0.245   0.257   0.251   0.253   0.332     7.2     6.8     5.9     5.2     4.8
54932 20170505  2.422  -92.99   46.11    25.3     0.4    12.9    11.4     0.0    24.05 C    40.0    -4.8    13.0    96.7    19.3    58.7   0.238   0.250   0.246   0.245   0.332     7.8     7.5     6.6     5.7     5.0
54932 20170506  2.422  -92.99   46.11    18.8     1.3    10.1     9.8     0.0    26.84 C    38.6    -3.8    13.3    96.6    29.1    62.0   0.233   0.244   0.242   0.236   0.331     8.4     8.0     7.1     6.1     5.2
54932 20170507  2.422  -92.99   46.11    17.0     1.1     9.0     9.7     0.0    27.36 C    35.0    -4.6    13.0    82.2    15.1    39.9   0.228   0.239   0.238   0.230   0.331     8.8     8.4     7.6     6.5     5.5
54932 20170508  2.422  -92.99   46.11    20.7     3.0    11.9    10.7     0.0    23.90 C    34.5    -3.8    13.5    45.3    14.6    27.0   0.223   0.235   0.235   0.224   0.332     8.7     8.4     7.7     6.8     5.8
54932 20170509  2.422  -92.99   46.11    21.3     5.3    13.3    13.0     0.0    23.31 C    39.7     0.4    17.0    69.6    26.2    43.8   0.220   0.232   0.233   0.219   0.332     9.7     9.3     8.2     7.1     6.0
54932 20170510  2.422  -92.99   46.11    21.6     6.8    14.2    14.4     0.0    13.01 C    32.5    -0.3    13.9    77.7    31.4    50.1   0.217   0.229   0.231   0.215   0.332     9.7     9.5     8.6     7.5     6.2
54932 20170511  2.422  -92.99   46.11    18.4     2.0    10.2    11.2     0.0    28.53 C    37.1    -4.9    13.3    87.0    23.9    47.9   0.214   0.227   0.229   0.211   0.332     9.8     9.5     8.7     7.7     6.5
54932 20170512  2.422  -92.99   46.11    22.7     1.1    11.9    13.5     0.0    19.95 C    40.5    -4.2    14.1    93.1    25.4    51.5   0.211   0.224   0.227   0.208   0.332     9.7     9.5     8.8     7.8     6.7
54932 20170513  2.422  -92.99   46.11    22.8     7.4    15.1    14.8     0.0    27.21 C    44.1     0.4    18.2    67.7    23.6    41.1   0.208   0.222   0.226   0.206   0.331    10.9    10.4     9.3     8.1     6.9
54932 20170514  2.422  -92.99   46.11    25.8     4.4    15.1    13.4     0.0    24.78 C    41.1    -0.2    17.0    78.9    27.8    48.8   0.204   0.219   0.224   0.204   0.332    11.2    10.9     9.8     8.5     7.1
54932 20170515  2.422  -92.99   46.11    17.6     6.4    12.0    10.5     8.7     6.99 C    30.5     4.3    10.9    95.9    43.2    79.1   0.223   0.229   0.225   0.202   0.333    10.6    10.6     9.9     8.8     7.4
54932 20170516  2.422  -92.99   46.11    26.2     7.6    16.9    14.6    10.6    11.57 C    35.1     7.7    15.5    96.5    54.0    85.6   0.256   0.259   0.239   0.208   0.333    11.0    10.8     9.8     8.8     7.6
54932 20170517  2.422  -92.99   46.11    14.9     8.9    11.9    11.8    12.8     4.16 C    19.1     8.3    12.4    96.2    84.5    91.1   0.255   0.263   0.244   0.220   0.332    11.3    11.2    10.4     9.2     7.8
54932 20170518  2.422  -92.99   46.11    13.9     2.7     8.3     8.4    12.9    10.38 C    25.0    -2.6     8.9    95.1    41.7    76.0   0.275   0.296   0.276   0.253   0.333    10.2    10.3    10.0     9.3     8.0
54932 20170519  2.422  -92.99   46.11    12.1     1.4     6.7     7.0     0.0    14.48 C    21.8    -2.8     8.4    96.5    26.5    58.2   0.251   0.265   0.255   0.253   0.333     9.3     9.4     9.3     9.0     8.2
54932 20170520  2.422  -92.99   46.11     8.5     4.3     6.4     5.4    19.9     3.88 C    11.3     3.6     6.3    94.6    49.7    76.4   0.272   0.277   0.262   0.249   0.333     8.6     8.9     8.9     8.7     8.1
54932 20170521  2.422  -92.99   46.11     9.3     4.3     6.8     6.7     3.0     6.72 C    17.0     4.9     8.6    95.7    83.5    91.4   0.282   0.293   0.287   0.257   0.333     8.5     8.7     8.5     8.4     8.1
54932 20170522  2.422  -92.99   46.11 -9999.0 -9999.0 -9999.0 -9999.0 -9999.0 -9999.00 U -9999.0 -9999.0 -9999.0 -9999.0 -9999.0 -9999.0 -99.000 -99.000 -99.000 -99.000 -99.000 -9999.0 -9999.0 -9999.0 -9999.0 -9999.0
54932 20170523  2.422  -92.99   46.11    15.3     5.0    10.1    10.3     0.0    14.67 C    29.1    -0.4    12.0    96.3    49.5    75.6   0.252   0.260   0.253   0.251   0.333     9.6     9.5     9.0     8.4     8.0
54932 20170524  2.422  -92.99   46.11    15.1     7.1    11.1    11.2     0.0    13.10 C    35.9     3.1    13.7    92.2    50.1    69.8   0.244   0.252   0.247   0.243   0.333    10.2    10.1     9.4     8.7     8.0
54932 20170525  2.422  -92.99   46.11    21.4     6.4    13.9    13.9     0.8    21.90 C    40.0     4.6    17.8    92.9    41.1    66.1   0.238   0.246   0.242   0.235   0.333    11.4    11.0    10.0     9.0     8.1
54932 20170526  2.422  -92.99   46.11    25.4    10.5    18.0    17.4     0.3    23.11 C    39.8     3.7    19.0    94.2    34.2    66.8   0.233   0.241   0.239   0.228   0.333    12.8    12.3    11.0     9.6     8.3
54932 20170527  2.422  -92.99   46.11    23.0     7.1    15.0    16.1     0.0    21.26 C    38.3     1.1    16.8    96.1    31.2    57.1   0.225   0.235   0.235   0.223   0.334    12.7    12.4    11.5    10.1     8.6
54932 20170528  2.422  -92.99   46.11    18.9     9.3    14.1    13.1     1.6    18.30 C    40.3     5.2    14.5    89.1    47.6    73.7   0.221   0.230   0.232   0.218   0.334    12.6    12.4    11.6    10.4     8.9
54932 20170529  2.422  -92.99   46.11    16.8     9.8    13.3    12.4     0.0    13.99 C    30.0     6.8    13.9    90.9    53.2    73.8   0.220   0.229   0.230   0.214   0.334    12.2    12.1    11.5    10.6     9.2
54932 20170530  2.422  -92.99   46.11    13.1     7.1    10.1    10.1     0.4    10.00 C    25.2     2.3    11.5    91.9    63.7    75.2   0.219   0.227   0.229   0.211   0.334    11.6    11.7    11.3    10.5     9.3
54932 20170531  2.422  -92.99   46.11    21.4     5.6    13.5    14.0     0.0    29.95 C    39.8    -1.0    17.1    90.7    21.9    52.7   0.214   0.225   0.228   0.208   0.334    12.3    12.0    11.3    10.4     9.4
54932 20170601  2.422  -92.99   46.11    25.3     3.3    14.3    15.4     0.0    29.77 C    42.5    -1.6    18.1    96.2    19.0    53.3   0.206   0.220   0.225   0.205   0.334    12.8    12.6    11.7    10.7     9.5
54932 20170602  2.422  -92.99   46.11    29.8     5.2    17.5    19.6     0.0    28.60 C    50.2     0.7    23.2    93.6    23.3    55.3   0.200   0.215   0.222   0.204   0.334    13.8    13.5    12.3    11.0     9.6
54932 20170603  2.422  -92.99   46.11    29.3    10.9    20.1    20.2     0.0    19.65 C    47.7     6.3    22.7    88.8    30.6    63.4   0.197   0.214   0.220   0.202   0.333    15.1    14.7    13.3    11.7     9.9
54932 20170604  2.422  -92.99   46.11    28.3    11.5    19.9    20.5     0.0    28.61 C    47.0     5.4    23.1    84.9    18.7    49.9   0.194   0.210   0.219   0.201   0.332    15.3    15.0    13.7    12.2    10.2
54932 20170605  2.422  -92.99   46.11    25.9     7.8    16.9    16.6     0.0    28.48 C    49.0     1.2    22.3    95.1    32.4    65.7   0.189   0.207   0.217   0.199   0.330    15.7    15.4    14.1    12.5    10.5
54932 20170606  2.422  -92.99   46.11    25.8     3.4    14.6    15.8     0.0    30.41 C    48.7    -0.6    20.7    95.7    19.9    57.5   0.185   0.204   0.215   0.196   0.329    15.4    15.2    14.2    12.8    10.8
54932 20170607  2.422  -92.99   46.11    29.1     6.1    17.6    18.9     2.0    25.83 C    49.7     2.3    22.6    93.7    29.2    58.9   0.181   0.200   0.213   0.195   0.328    15.5    15.3    14.3    13.0    11.0
54932 20170608  2.422  -92.99   46.11    26.5    12.1    19.3    19.7     0.0    24.66 C    51.1     8.6    23.5    95.6    39.0    66.8   0.181   0.200   0.212   0.194   0.328    16.3    16.0    14.8    13.2    11.2
54932 20170609  2.422  -92.99   46.11    26.7     9.1    17.9    19.6     0.0    27.32 C    50.3     6.4    24.8    96.3    36.8    61.9   0.178   0.197   0.210   0.192   0.327    16.6    16.3    15.1    13.6    11.5
54932 20170610  2.422  -92.99   46.11    31.9    16.4    24.1    25.0     0.0    23.18 C    47.0     8.6    26.2    82.9    44.1    55.6   0.172   0.193   0.208   0.191   0.327    17.4    17.1    15.7    14.0    11.7
54932 20170611  2.422  -92.99   46.11    18.1    10.9    14.5    14.8     2.7     3.53 C    23.1     7.1    13.9    96.3    68.3    85.6   0.173   0.192   0.207   0.189   0.327    15.9    16.1    15.5    14.2    12.0
54932 20170612  2.422  -92.99   46.11    27.0    11.8    19.4    19.6     0.0    23.43 C    47.6    10.5    22.9    96.4    30.1    67.4   0.175   0.193   0.207   0.189   0.327    16.2    16.1    15.1    14.0    12.2
54932 20170613  2.422  -92.99   46.11    21.9    13.0    17.4    17.7    34.2    11.43 C    32.1    11.9    19.2    93.7    66.4    77.7   0.222   0.227   0.222   0.191   0.326    16.4    16.4    15.5    14.2    12.3
54932 20170614  2.422  -92.99   46.11    27.6    14.4    21.0    20.8     9.4    24.93 C    43.4    10.9    23.6    94.4    46.8    73.5   0.251   0.259   0.251   0.237   0.333    17.5    17.2    16.0    14.5    12.5
54932 20170615  2.422  -92.99   46.11    26.2    12.5    19.3    19.9     0.0    27.10 C    42.8     9.1    22.2    91.1    30.1    61.2   0.228   0.240   0.238   0.228   0.334    17.4    17.4    16.4    14.9    12.8
54932 20170616  2.422  -92.99   46.11    26.5    12.8    19.6    19.7     0.0    18.69 C    47.3     8.7    21.7    90.3    40.2    65.8   0.216   0.230   0.232   0.220   0.334    17.3    17.2    16.3    15.1    13.0
54932 20170617  2.422  -92.99   46.11    26.1    11.7    18.9    18.4     0.0    19.55 C    43.9     9.1    21.2    96.0    37.5    73.4   0.207   0.223   0.228   0.214   0.335    17.4    17.4    16.5    15.2    13.2
54932 20170618  2.422  -92.99   46.11    19.6    11.6    15.6    15.7     0.9    17.80 C    35.4     8.8    17.5    95.9    58.3    79.3   0.203   0.219   0.225   0.209   0.335    17.0    17.1    16.4    15.3    13.4
54932 20170619  2.422  -92.99   46.11    20.6    10.4    15.5    15.3     0.0    17.88 C    36.0     6.9    17.0    94.0    37.9    68.4   0.200   0.215   0.223   0.206   0.335    16.5    16.6    16.0    15.1    13.4
54932 20170620  2.422  -92.99   46.11    21.9     9.1    15.5    15.6     0.0    22.19 C    42.0     5.4    18.2    95.5    39.4    66.7   0.194   0.211   0.220   0.203   0.334    16.2    16.3    15.8    15.0    13.5
54932 20170621  2.422  -92.99   46.11    25.3     6.2    15.8    18.0     0.0    28.21 C    40.2     4.2    21.2    96.5    41.0    64.7   0.187   0.205   0.217   0.200   0.333    16.3    16.3    15.7    14.8    13.5
54932 20170622  2.422  -92.99   46.11    23.0    15.0    19.0    19.0     0.0    17.14 C    35.8    11.4    20.0    94.4    43.3    69.1   0.180   0.200   0.214   0.197   0.331    17.0    17.0    16.1    15.0    13.5
54932 20170623  2.422  -92.99   46.11    20.6    11.3    16.0    15.7     2.2    19.20 C    35.6     6.3    17.1    87.2    49.9    69.4   0.179   0.197   0.211   0.195   0.330    16.4    16.5    16.0    15.1    13.6
54932 20170624  2.422  -92.99   46.11    17.1     7.6    12.3    12.9     0.0    17.40 C    31.4     5.0    14.2    95.5    45.2    69.1   0.181   0.197   0.210   0.193   0.329    15.6    15.9    15.6    14.9    13.6
54932 20170625  2.422  -92.99   46.11    17.7     6.7    12.2    12.7     1.0    17.73 C    30.7     3.1    14.1    94.8    37.2    73.6   0.178   0.196   0.209   0.192   0.329    15.3    15.5    15.2    14.7    13.6
54932 20170626  2.422  -92.99   46.11    19.8     5.9    12.9    13.3     0.0    24.60 C    36.8     2.1    15.0    95.6    35.8    67.3   0.175   0.194   0.208   0.190   0.328    15.0    15.2    14.9    14.4    13.6
54932 20170627  2.422  -92.99   46.11    23.3     7.1    15.2    16.5     0.0    29.46 C    36.1     3.1    18.1    92.8    31.2    55.1   0.170   0.190   0.205   0.188   0.327    15.3    15.4    14.9    14.3    13.5
54932 20170628  2.422  -92.99   46.11    20.6    13.9    17.2    17.0    25.4     3.23 C    21.6    11.7    16.5    94.2    56.7    82.2   0.236   0.239   0.221   0.188   0.328    15.5    15.6    15.1    14.4    13.5
54932 20170629  2.422  -92.99   46.11    23.3    15.8    19.6    18.5     9.0    15.70 C    41.1    14.7    21.2    95.5    58.6    79.7   0.239   0.244   0.231   0.196   0.328    16.3    16.3    15.5    14.5    13.5
54932 20170630  2.422  -92.99   46.11    22.5    14.0    18.2    18.3    24.6    18.82 C    44.0    13.6    21.7    95.9    58.4    82.4   0.264   0.269   0.255   0.224   0.332    17.3    17.3    16.3    15.0    13.6
54932 20170701  2.422  -92.99   46.11    21.9    12.0    16.9    17.2     0.0    20.57 C    42.7    10.9    20.8    96.2    48.5    76.2   0.254   0.263   0.254   0.242   0.335    17.3    17.4    16.6    15.5    13.8
54932 20170702  2.422  -92.99   46.11    24.4    10.2    17.3    17.4     0.0    28.61 C    48.0     7.1    23.1    96.6    42.2    71.6   0.235   0.248   0.243   0.234   0.336    17.4    17.5    16.7    15.6    14.0
54932 20170703  2.422  -92.99   46.11    25.7     8.7    17.2    18.3     0.0    27.92 C    51.1     7.7    24.4    96.3    41.3    70.1   0.222   0.236   0.236   0.225   0.335    17.7    17.7    16.9    15.8    14.2
54932 20170704  2.422  -92.99   46.11    28.4    12.7    20.6    21.8     0.0    26.98 C    49.7    12.0    27.0    92.5    51.5    72.5   0.211   0.227   0.230   0.218   0.335    18.6    18.5    17.3    16.1    14.3
54932 20170705  2.422  -92.99   46.11    29.4    18.6    24.0    23.5     0.0    23.79 C    50.0    17.0    27.7    94.2    48.1    72.5   0.201   0.219   0.226   0.211   0.336    19.5    19.4    18.0    16.5    14.5
54932 20170706  2.422  -92.99   46.11    30.2    17.7    23.9    23.6    44.7    27.23 C    45.9    14.0    27.1    93.1    44.9    65.8   0.275   0.286   0.279   0.257   0.336    20.2    20.1    18.8    17.2    14.8
54932 20170707  2.422  -92.99   46.11    24.3    12.5    18.4    18.8     0.0    25.13 C    46.3    10.0    22.6    96.1    48.0    68.3   0.245   0.259   0.252   0.255   0.337    19.8    19.8    19.0    17.5    15.1
54932 20170708  2.422  -92.99   46.11    25.6     9.7    17.7    18.9     0.0    28.64 C    48.4     7.9    23.8    96.4    40.9    67.6   0.229   0.245   0.241   0.237   0.337    18.9    19.1    18.5    17.4    15.4
54932 20170709  2.422  -92.99   46.11    22.7    14.0    18.4    18.1     2.3    10.08 C    32.5    11.8    19.0    95.2    64.9    84.4   0.225   0.239   0.236   0.225   0.337    18.7    18.9    18.3    17.3    15.5
54932 20170710  2.422  -92.99   46.11    27.2    14.1    20.6    20.4     0.0    26.21 C    50.6    11.5    25.1    95.7    40.9    73.8   0.219   0.235   0.232   0.220   0.337    19.2    19.2    18.3    17.2    15.5
54932 20170711  2.422  -92.99   46.11    25.8    12.0    18.9    20.0     0.0    18.98 C    47.9    10.4    23.1    96.2    49.9    73.7   0.210   0.228   0.229   0.214   0.336    19.1    19.2    18.4    17.4    15.6
54932 20170712  2.422  -92.99   46.11    24.6    10.3    17.4    16.4     6.4    15.22 C    44.9    12.7    21.1    95.8    68.9    88.2   0.235   0.240   0.229   0.211   0.336    19.1    19.3    18.5    17.4    15.7
54932 20170713  2.422  -92.99   46.11    15.9    10.1    13.0    12.8     0.0     6.93 C    26.4    12.0    16.0    94.5    73.9    86.9   0.222   0.237   0.229   0.210   0.336    17.9    18.3    18.0    17.4    15.7
54932 20170714  2.422  -92.99   46.11    23.3     8.3    15.8    16.7     0.0    27.72 C    46.3     7.1    23.8    96.6    48.0    75.8   0.214   0.232   0.226   0.208   0.337    18.0    18.2    17.6    16.9    15.7
54932 20170715  2.422  -92.99   46.11    28.8    14.3    21.5    21.5     0.0    27.11 C    50.2    11.2    26.4    91.7    48.2    71.3   0.203   0.225   0.224   0.205   0.336    19.0    19.0    18.1    17.0    15.6
54932 20170716  2.422  -92.99   46.11    23.9    12.2    18.1    18.2     0.0    27.37 C    46.0    10.6    24.3    93.1    53.4    71.1   0.194   0.218   0.220   0.202   0.335    19.3    19.4    18.5    17.4    15.7
54932 20170717  2.422  -92.99   46.11    30.3     9.0    19.7    20.4    27.0    24.61 C    48.3     8.9    25.5    94.5    59.7    78.4   0.212   0.228   0.228   0.203   0.333    19.3    19.4    18.5    17.5    15.8
54932 20170718  2.422  -92.99   46.11    24.3    13.2    18.7    19.1     5.8     9.46 C    31.8    11.3    19.9    96.4    51.4    87.6   0.260   0.269   0.250   0.224   0.336    19.6    19.7    18.9    17.7    15.9
54932 20170719  2.422  -92.99   46.11    25.3    10.0    17.6    18.8     0.0    19.34 C    36.4     9.5    21.0    96.7    50.2    76.4   0.238   0.252   0.241   0.225   0.336    18.8    19.0    18.5    17.7    16.1
54932 20170720  2.422  -92.99   46.11    28.5    14.6    21.6    21.7     0.0    25.73 C    47.8    13.0    25.8    96.2    43.4    76.7   0.225   0.241   0.235   0.219   0.337    19.6    19.6    18.7    17.6    16.1
54932 20170721  2.422  -92.99   46.11    27.9    16.0    22.0    21.5    15.6    19.49 C    46.0    14.7    25.5    96.1    56.5    82.0   0.229   0.244   0.236   0.215   0.336    20.1    20.2    19.2    18.0    16.2
54932 20170722  2.422  -92.99   46.11    28.8    15.5    22.2    21.5     0.0    24.69 C    47.0    14.2    25.6    96.2    46.2    74.8   0.246   0.258   0.244   0.224   0.339    20.6    20.6    19.5    18.2    16.3
54932 20170723  2.422  -92.99   46.11    22.2    11.3    16.7    17.8     0.0    17.97 C    44.4     9.0    21.1    96.2    59.3    76.4   0.227   0.244   0.236   0.220   0.339    20.0    20.3    19.6    18.4    16.5
54932 20170724  2.422  -92.99   46.11    24.5     9.5    17.0    17.2     0.0    23.61 C    44.8     8.2    22.8    96.6    51.6    78.8   0.217   0.237   0.231   0.215   0.339    19.3    19.5    19.0    18.2    16.6
54932 20170725  2.422  -92.99   46.11    25.2    16.6    20.9    20.7     6.1    11.72 C    31.4    14.6    22.3    94.9    71.9    82.6   0.216   0.236   0.228   0.211   0.339    19.6    19.8    19.1    18.2    16.6
54932 20170726  2.422  -92.99   46.11    26.6    15.6    21.1    21.2     0.0    22.40 C    44.7    13.1    24.7    95.8    49.4    75.9   0.228   0.241   0.229   0.208   0.338    20.3    20.3    19.3    18.3    16.7
54932 20170727  2.422  -92.99   46.11    27.4    13.5    20.5    20.5     0.0    24.11 C    47.6    11.5    24.6    96.2    42.9    73.8   0.212   0.230   0.226   0.206   0.338    20.2    20.3    19.5    18.4    16.8
54932 20170728  2.422  -92.99   46.11    27.2    12.0    19.6    19.8     0.0    26.71 C    47.5    10.3    25.0    96.3    39.1    73.9   0.202   0.222   0.222   0.204   0.336    20.2    20.3    19.5    18.5    16.8
54932 20170729  2.422  -92.99   46.11    28.1    12.5    20.3    20.4     0.0    25.77 C    49.0    11.2    24.7    96.2    40.1    72.5   0.191   0.215   0.219   0.201   0.335    20.1    20.3    19.5    18.5    16.9
54932 20170730  2.422  -92.99   46.11    27.7    13.8    20.7    20.9     0.0    26.25 C    47.4    11.3    25.0    96.0    37.7    71.4   0.181   0.208   0.216   0.198   0.333    20.1    20.3    19.5    18.5    16.9
54932 20170731  2.422  -92.99   46.11    28.2    14.0    21.1    21.5     0.0    25.46 C    46.8    11.8    25.2    96.3    43.5    72.6   0.175   0.201   0.211   0.195   0.332    20.3    20.4    19.6    18.6    17.0
54932 20170801  2.422  -92.99   46.11    28.1    15.8    21.9    22.3     0.0    24.71 C    47.0    12.1    25.8    93.2    35.5    65.2   0.170   0.196   0.208   0.193   0.331    20.5    20.6    19.7    18.7    17.0
54932 20170802  2.422  -92.99   46.11    22.6    12.8    17.7    18.2     0.9    23.28 C    44.7    11.0    22.7    90.9    50.4    71.9   0.165   0.191   0.205   0.191   0.331    20.2    20.4    19.7    18.7    17.1
54932 20170803  2.422  -92.99   46.11    12.8     9.8    11.3    11.1    55.4     6.04 C    17.2    10.8    13.0    93.2    74.6    86.6   0.275   0.261   0.257   0.226   0.334    17.2    18.0    18.4    18.4    17.1
54932 20170804  2.422  -92.99   46.11    22.8    10.6    16.7    15.5     8.0    20.01 C    38.4    10.8    18.5    95.0    46.3    77.8   0.274   0.267   0.253   0.243   0.336    17.2    17.5    17.4    17.5    17.0
54932 20170805  2.422  -92.99   46.11    23.3     8.7    16.0    15.8     4.1    20.92 C    38.5     8.4    18.7    96.6    51.6    82.7   0.272   0.268   0.252   0.243   0.337    17.8    18.1    17.7    17.3    16.8
54932 20170806  2.422  -92.99   46.11    23.8     9.5    16.6    16.7     0.0    22.51 C    39.4     9.5    20.0    96.7    41.8    76.9   0.256   0.256   0.247   0.239   0.336    18.1    18.3    17.9    17.4    16.6
54932 20170807  2.422  -92.99   46.11    25.4     8.6    17.0    17.4     0.0    25.51 C    40.9     7.8    20.6    96.6    33.4    71.7   0.239   0.244   0.240   0.229   0.336    18.2    18.4    17.9    17.4    16.5
54932 20170808  2.422  -92.99   46.11    26.4    11.8    19.1    19.1     0.0    24.00 C    41.9     9.1    20.9    96.2    36.1    70.2   0.224   0.234   0.233   0.220   0.336    18.3    18.5    18.0    17.5    16.5
54932 20170809  2.422  -92.99   46.11    23.6    12.7    18.1    17.3     2.4    12.80 C    38.4    10.7    19.2    95.7    56.2    84.7   0.218   0.231   0.230   0.213   0.336    18.1    18.4    18.0    17.5    16.5
54932 20170810  2.422  -92.99   46.11    21.5    12.0    16.8    16.6    46.3    12.41 C    32.4    10.2    18.3    96.4    60.2    88.5   0.307   0.296   0.277   0.255   0.338    18.0    18.3    17.9    17.4    16.5
54932 20170811  2.422  -92.99   46.11    24.2     9.0    16.6    16.6     0.0    24.61 C    41.2     7.5    19.7    96.6    36.6    74.5   0.270   0.269   0.260   0.258   0.338    17.9    18.1    17.8    17.4    16.5
54932 20170812  2.422  -92.99   46.11    25.0     9.3    17.1    17.0     0.0    24.74 C    42.9     7.1    20.7    96.6    34.1    71.7   0.248   0.253   0.247   0.246   0.337    17.9    18.1    17.7    17.3    16.5
54932 20170813  2.422  -92.99   46.11    18.1    11.4    14.8    15.2     1.7     5.00 C    22.9    10.6    16.2    95.4    72.4    86.3   0.239   0.246   0.241   0.231   0.337    17.5    17.8    17.7    17.3    16.5
54932 20170814  2.422  -92.99   46.11    21.8    11.2    16.5    16.8    15.2    14.44 C    33.9     9.7    18.9    96.3    63.9    87.1   0.283   0.275   0.256   0.240   0.337    17.8    18.0    17.5    17.0    16.4
54932 20170815  2.422  -92.99   46.11    25.1     8.8    16.9    17.5     0.0    21.64 C    39.8     9.5    20.8    96.6    43.5    81.5   0.254   0.257   0.248   0.239   0.337    18.0    18.2    17.7    17.1    16.4
54932 20170816  2.422  -92.99   46.11    21.5    14.8    18.1    17.7    11.8     6.11 C    27.1    12.9    18.6    95.6    77.1    88.7   0.251   0.254   0.243   0.229   0.337    18.1    18.3    17.9    17.3    16.4
54932 20170817  2.422  -92.99   46.11    19.6    14.2    16.9    17.1     5.0     6.13 C    22.6    11.2    17.6    94.2    75.9    87.9   0.284   0.278   0.257   0.240   0.337    17.9    18.1    17.8    17.3    16.4
54932 20170818  2.422  -92.99   46.11    22.9    11.5    17.2    16.7     0.0     9.91 C    31.3     9.3    16.5    96.6    67.8    86.6   0.258   0.261   0.249   0.239   0.337    17.4    17.6    17.4    17.1    16.4
54932 20170819  2.422  -92.99   46.11    25.9    11.9    18.9    18.6     0.0    19.67 C    38.4     9.4    19.6    96.3    49.5    79.0   0.245   0.250   0.243   0.230   0.337    17.6    17.8    17.4    16.9    16.3
54932 20170820  2.422  -92.99   46.11    25.8    12.4    19.1    19.4     0.0    16.90 C    40.9     9.4    20.5    96.2    55.5    80.0   0.234   0.242   0.238   0.221   0.337    18.2    18.3    17.7    17.0    16.3
54932 20170821  2.422  -92.99   46.11    22.0    10.9    16.5    17.4     0.0     7.44 C    27.1     8.8    18.0    96.5    68.4    85.4   0.229   0.238   0.234   0.216   0.337    17.7    18.0    17.7    17.2    16.3
54932 20170822  2.422  -92.99   46.11    21.4    11.2    16.3    16.8     0.0    18.39 C    36.7     7.6    17.8    93.2    41.5    66.7   0.224   0.234   0.232   0.212   0.337    17.5    17.8    17.5    17.1    16.3
54932 20170823  2.422  -92.99   46.11    21.2    10.2    15.7    15.2     4.8    20.64 C    40.1     6.7    18.1    95.2    42.2    72.2   0.220   0.230   0.229   0.208   0.337    17.0    17.3    17.2    16.9    16.3
54932 20170824  2.422  -92.99   46.11    21.0     8.5    14.8    13.9     0.0    20.21 C    34.8     6.8    16.4    96.5    46.1    79.1   0.238   0.238   0.229   0.206   0.337    17.0    17.3    17.1    16.8    16.2
54932 20170825  2.422  -92.99   46.11    16.8     8.0    12.4    13.1     0.0     7.72 C    23.9     6.0    14.4    91.4    65.2    82.8   0.225   0.231   0.228   0.205   0.336    16.2    16.7    16.7    16.6    16.1
54932 20170826  2.422  -92.99   46.11    17.5    14.3    15.9    15.5    28.4     1.26 C    17.0    13.9    15.7    95.4    77.9    92.4   0.284   0.276   0.251   0.213   0.336    16.2    16.5    16.4    16.3    16.0
54932 20170827  2.422  -92.99   46.11    20.0    15.0    17.5    16.9     0.0     6.90 C    28.4    14.2    17.8    94.4    70.8    86.4   0.272   0.271   0.255   0.237   0.337    16.7    16.9    16.5    16.2    15.9
54932 20170828  2.422  -92.99   46.11    21.7    11.2    16.4    16.3     0.0    12.99 C    33.5     8.9    17.8    96.4    62.3    83.8   0.255   0.257   0.247   0.233   0.338    17.0    17.2    16.8    16.3    15.9
54932 20170829  2.422  -92.99   46.11    26.0     9.6    17.8    17.6     0.0    19.82 C    38.8     8.4    19.5    96.6    53.6    82.2   0.243   0.248   0.242   0.226   0.338    17.1    17.3    16.8    16.4    15.8
54932 20170830  2.422  -92.99   46.11    23.4     9.5    16.4    17.7     0.0    16.98 C    35.5     5.7    18.3    96.0    32.8    76.9   0.234   0.241   0.237   0.219   0.338    17.5    17.7    17.2    16.5    15.9
54932 20170831  2.422  -92.99   46.11    20.5     6.5    13.5    13.0     0.0    21.95 C    35.1     3.7    14.9    96.5    46.5    77.2   0.226   0.235   0.233   0.214   0.338    16.4    16.8    16.8    16.5    15.9
54932 20170901  2.422  -92.99   46.11    20.3     8.0    14.2    14.4     0.0    16.80 C    32.4     4.0    16.2    95.8    50.1    75.6   0.221   0.230   0.230   0.209   0.338    15.9    16.2    16.3    16.2    15.8
54932 20170902  2.422  -92.99   46.11    24.2    11.5    17.8    17.9     2.4    14.99 C    36.1     8.3    18.6    96.2    43.1    78.7   0.221   0.231   0.229   0.206   0.338    17.0    17.1    16.5    16.1    15.7
54932 20170903  2.422  -92.99   46.11    28.1    10.4    19.3    19.7     0.0    18.62 C    38.5     7.3    20.3    96.3    37.9    72.7   0.218   0.228   0.227   0.204   0.336    16.9    17.1    16.6    16.2    15.7
54932 20170904  2.422  -92.99   46.11    20.2    10.4    15.3    14.0     2.0     9.31 C    32.3     8.0    14.3    89.4    49.2    77.1   0.216   0.228   0.226   0.202   0.334    16.7    17.1    16.9    16.4    15.7
54932 20170905  2.422  -92.99   46.11    14.5     7.3    10.9    11.2     0.0     9.42 C    21.3     3.7    11.1    92.7    55.4    73.0   0.218   0.228   0.225   0.201   0.333    15.1    15.7    15.9    16.0    15.7
54932 20170906  2.422  -92.99   46.11    17.5     6.8    12.1    11.0     0.7    12.96 C    36.1     3.7    12.9    96.6    50.6    83.1   0.215   0.226   0.224   0.200   0.332    14.7    15.1    15.3    15.5    15.6
54932 20170907  2.422  -92.99   46.11    16.3     6.4    11.4    11.1     0.0     6.71 C    25.9     3.4    12.0    96.7    65.3    86.7   0.214   0.224   0.224   0.199   0.331    14.2    14.7    14.9    15.2    15.4
54932 20170908  2.422  -92.99   46.11    18.7     3.4    11.0    11.2     0.0    20.91 C    33.7     0.4    12.7    96.4    43.5    72.8   0.212   0.223   0.223   0.198   0.330    14.1    14.6    14.7    14.9    15.2
54932 20170909  2.422  -92.99   46.11    22.0     5.5    13.7    13.9     0.0    19.88 C    35.5     1.7    15.2    95.4    52.0    75.0   0.209   0.220   0.222   0.197   0.329    14.2    14.5    14.5    14.7    15.0
54932 20170910  2.422  -92.99   46.11    23.7    12.4    18.1    17.6     0.0    11.62 C    35.4     9.6    17.9    90.9    58.6    76.2   0.206   0.218   0.221   0.196   0.329    15.1    15.3    14.9    14.7    14.8
54932 20170911  2.422  -92.99   46.11    26.1    10.1    18.1    18.1     0.0    18.19 C    39.8     6.5    19.4    96.2    47.5    74.8   0.204   0.216   0.219   0.195   0.329    16.1    16.2    15.5    15.0    14.8
54932 20170912  2.422  -92.99   46.11    27.4     7.6    17.5    18.4     0.0    18.11 C    38.9     5.9    19.2    96.4    36.0    75.0   0.199   0.212   0.217   0.194   0.329    15.9    16.0    15.6    15.2    14.8
54932 20170913  2.422  -92.99   46.11    28.8    16.0    22.4    21.5     0.0    16.69 C    41.3    12.9    21.9    94.0    51.5    78.0   0.196   0.210   0.216   0.193   0.329    17.0    17.0    16.2    15.5    14.8
54932 20170914  2.422  -92.99   46.11    29.7    15.5    22.6    21.6     0.0    16.89 C    40.9    12.1    22.4    95.6    46.9    79.1   0.193   0.207   0.215   0.192   0.329    17.5    17.5    16.7    15.8    15.0
54932 20170915  2.422  -92.99   46.11    25.2    15.1    20.2    18.2     0.0     8.68 C    33.9    13.8    20.0    95.0    60.6    86.2   0.192   0.206   0.213   0.191   0.329    17.6    17.7    17.1    16.2    15.1
54932 20170916  2.422  -92.99   46.11    22.1    12.5    17.3    18.2     0.8     5.39 C    33.2    12.4    18.7    93.3    68.5    85.1   0.192   0.206   0.213   0.191   0.329    17.4    17.5    17.0    16.3    15.3
54932 20170917  2.422  -92.99   46.11    16.3     4.5    10.4    11.2     0.0    17.65 C    33.5     2.7    13.6    96.3    48.8    74.9   0.191   0.205   0.213   0.190   0.329    16.3    16.7    16.6    16.2    15.4
54932 20170918  2.422  -92.99   46.11    15.4     4.4     9.9    11.0     0.2     5.53 C    21.5     3.3    12.6    95.4    65.7    83.4   0.190   0.204   0.211   0.189   0.329    14.9    15.4    15.7    15.7    15.4
54932 20170919  2.422  -92.99   46.11    23.9    11.9    17.9    18.3     0.0    11.01 C    37.8    12.6    19.7    94.7    61.0    78.7   0.190   0.203   0.210   0.188   0.328    15.8    15.9    15.6    15.4    15.2
54932 20170920  2.422  -92.99   46.11    21.5     6.5    14.0    16.7    15.4    14.32 C    32.6     4.0    17.4    96.4    43.9    78.4   0.259   0.237   0.238   0.201   0.327    16.7    16.8    16.2    15.6    15.2
54932 20170921  2.422  -92.99   46.11    26.4     3.3    14.9    16.6     0.0    17.70 C    36.7     1.7    17.6    96.7    39.6    75.4   0.233   0.229   0.229   0.199   0.328    15.5    15.8    15.7    15.6    15.2
54932 20170922  2.422  -92.99   46.11    29.8    18.2    24.0    23.5    27.9     7.94 C    32.3    15.7    21.9    95.4    62.8    81.0   0.273   0.261   0.251   0.225   0.332    17.6    17.5    16.6    15.7    15.2
54932 20170923  2.422  -92.99   46.11    27.9    17.5    22.7    23.3     0.4     8.36 C    35.1    17.0    22.7    94.1    64.8    79.8   0.255   0.252   0.244   0.229   0.336    18.7    18.6    17.6    16.4    15.2
54932 20170924  2.422  -92.99   46.11    29.9    14.8    22.3    21.1    12.6    12.55 C    35.8    13.4    21.2    96.1    49.6    81.7   0.264   0.257   0.246   0.226   0.337    18.5    18.5    17.8    16.8    15.5
54932 20170925  2.422  -92.99   46.11    18.8    11.7    15.2    13.3     4.4     3.73 C    18.8    13.6    15.4    94.1    85.2    91.0   0.281   0.272   0.256   0.237   0.337    17.6    17.9    17.6    16.9    15.6
54932 20170926  2.422  -92.99   46.11    15.6    10.5    13.0    13.0     9.7     5.45 C    23.9    10.0    14.8    95.2    75.2    88.4   0.291   0.283   0.271   0.249   0.336    16.4    16.7    16.8    16.5    15.8
54932 20170927  2.422  -92.99   46.11    16.9     7.0    11.9    11.2     0.0    10.84 C    23.7     5.4    11.1    95.4    52.0    75.3   0.265   0.264   0.255   0.246   0.336    15.1    15.6    15.9    16.0    15.7
54932 20170928  2.422  -92.99   46.11    22.0     7.1    14.5    12.7     0.0    11.74 C    32.6     4.9    12.4    96.1    37.9    76.9   0.254   0.256   0.248   0.238   0.336    14.4    14.9    15.2    15.5    15.5
54932 20170929  2.422  -92.99   46.11    15.8     3.8     9.8     9.3     0.0    14.79 C    31.7     1.5    10.1    95.8    46.2    77.9   0.247   0.250   0.243   0.231   0.337    13.8    14.3    14.7    15.0    15.2
54932 20170930  2.422  -92.99   46.11    19.3     3.4    11.3    11.5     0.0    14.71 C    30.0     0.8    11.5    96.5    42.5    71.8   0.241   0.245   0.240   0.225   0.337    13.0    13.5    14.0    14.5    15.0
54932 20171001  2.422  -92.99   46.11    16.2    10.7    13.5    14.1     1.2     4.55 C    18.9    10.4    13.1    89.6    61.6    69.2   0.239   0.243   0.237   0.220   0.336    13.6    14.0    14.0    14.3    14.7
54932 20171002  2.422  -92.99   46.11    16.2    11.1    13.6    14.1    37.1     1.99 C    18.4    10.9    13.9    95.3    59.0    87.9   0.291   0.280   0.258   0.226   0.337    13.7    14.1    14.0    14.2    14.5
54932 20171003  2.422  -92.99   46.11    19.5     6.5    13.0    13.7    65.0     6.03 C    27.3     3.9    13.7    96.9    68.0    89.9   0.354   0.351   0.306   0.273   0.337    14.6    14.8    14.5    14.3    14.3
54932 20171004  2.422  -92.99   46.11    14.1     3.9     9.0     8.3     0.0    11.43 C    23.3     1.6     8.4    96.7    50.5    78.8   0.295   0.289   0.284   0.262   0.336    12.9    13.5    13.9    14.2    14.3
54932 20171005  2.422  -92.99   46.11    14.9     4.1     9.5    10.7     0.0     3.85 C    18.3     2.3    11.1    96.3    57.7    81.2   0.272   0.271   0.262   0.257   0.337    12.4    12.9    13.2    13.7    14.1
54932 20171006  2.422  -92.99   46.11    14.6     3.2     8.9     9.4     4.2     5.91 C    16.7     1.2     9.4    97.3    61.4    88.0   0.269   0.268   0.256   0.255   0.337    12.0    12.5    12.9    13.3    13.9
54932 20171007  2.422  -92.99   46.11    19.7     8.5    14.1    12.7     1.2     8.58 C    24.0     4.1    12.5    96.1    42.1    81.7   0.272   0.269   0.255   0.254   0.338    12.9    13.1    13.0    13.2    13.7
54932 20171008  2.422  -92.99   46.11    20.1     5.8    13.0    11.8     0.0    12.49 C    27.3     2.5    10.2    96.1    31.0    66.9   0.260   0.261   0.251   0.249   0.336    12.5    12.9    13.0    13.2    13.6
54932 20171009  2.422  -92.99   46.11    10.7    -1.0     4.8     6.6     0.0     7.48 C    19.2    -3.6     5.4    93.7    37.4    62.4   0.252   0.255   0.247   0.239   0.336    11.3    11.9    12.5    13.0    13.5
54932 20171010  2.422  -92.99   46.11    12.1    -2.8     4.6     3.6     0.0    14.67 C    22.0    -4.9     3.5    96.5    30.9    70.6   0.246   0.250   0.242   0.231   0.337     9.7    10.4    11.3    12.3    13.2
54932 20171011  2.422  -92.99   46.11    14.8    -3.1     5.8     7.2     0.0    10.78 C    24.1    -4.9     7.3    96.2    28.0    69.7   0.241   0.247   0.240   0.225   0.336     9.1     9.7    10.5    11.6    12.9
54932 20171012  2.422  -92.99   46.11    16.4    10.5    13.4    12.4     0.0     3.68 C    18.8     8.0    11.6    92.6    61.6    81.3   0.238   0.244   0.237   0.220   0.336    10.8    11.1    11.0    11.5    12.7
54932 20171013  2.422  -92.99   46.11    15.0    -0.5     7.2     8.8     0.0    11.65 C    24.1    -3.1     8.2    94.1    24.0    62.1   0.235   0.242   0.235   0.216   0.335    10.9    11.3    11.4    11.7    12.5
54932 20171014  2.422  -92.99   46.11    14.4    -2.3     6.0     6.0    11.0     6.59 C    23.2    -4.3     6.2    95.5    34.9    74.3   0.245   0.248   0.237   0.213   0.334     9.5    10.1    10.7    11.4    12.4
54932 20171015  2.422  -92.99   46.11    10.4     1.7     6.1     5.6     3.2     9.93 C    18.7    -1.3     6.1    93.8    34.4    76.4   0.284   0.273   0.249   0.220   0.334     9.4     9.9    10.4    11.1    12.2
54932 20171016  2.422  -92.99   46.11    16.6     0.2     8.4     8.4     0.0    13.04 C    21.7    -2.6     6.4    96.4    32.3    65.5   0.259   0.259   0.244   0.223   0.335     8.8     9.3     9.9    10.7    12.0
54932 20171017  2.422  -92.99   46.11    21.8     1.2    11.5    12.0     0.0    12.38 C    27.0    -1.1     8.9    95.4    27.7    60.9   0.250   0.253   0.241   0.221   0.335     9.2     9.6     9.8    10.5    11.8
54932 20171018  2.422  -92.99   46.11    20.5     8.2    14.3    12.9     0.0    11.08 C    26.2     1.8     9.9    84.5    13.7    47.7   0.244   0.248   0.239   0.218   0.335     9.9    10.2    10.2    10.5    11.6
54932 20171019  2.422  -92.99   46.11    21.6     1.4    11.5    12.1     0.0    12.02 C    25.3    -2.1     8.5    78.7    22.0    43.6   0.238   0.244   0.237   0.215   0.335     9.5     9.8    10.1    10.5    11.5
54932 20171020  2.422  -92.99   46.11    25.1     9.8    17.5    16.8     0.0    11.50 C    28.6     4.9    13.7    85.3    31.5    54.8   0.234   0.241   0.235   0.212   0.334    10.4    10.5    10.3    10.5    11.4
54932 20171021  2.422  -92.99   46.11    17.7     9.0    13.4    15.2    20.6     0.34 C    15.6     7.1    13.5    93.1    57.4    81.7   0.273   0.271   0.251   0.222   0.335    11.6    11.7    11.2    10.9    11.4
54932 20171022  2.422  -92.99   46.11    16.3     7.0    11.7    10.7     0.0    10.46 C    20.4     3.7     9.4    88.9    25.1    57.4   0.271   0.268   0.251   0.234   0.335    10.9    11.3    11.3    11.2    11.4
54932 20171023  2.422  -92.99   46.11    14.7     5.6    10.2    10.0     0.0     9.09 C    23.6     3.4     9.7    70.9    44.6    56.3   0.257   0.259   0.246   0.231   0.335    10.4    10.8    11.0    11.1    11.5
54932 20171024  2.422  -92.99   46.11     9.7     2.1     5.9     5.7     0.0    11.92 C    16.9     0.9     6.0    67.1    26.4    53.3   0.249   0.253   0.243   0.226   0.335     9.3     9.8    10.4    10.8    11.5
54932 20171025  2.422  -92.99   46.11    12.4    -1.0     5.7     6.0     0.0    10.89 C    20.0    -3.5     6.2    93.7    41.1    65.8   0.243   0.249   0.240   0.222   0.335     8.8     9.2     9.7    10.4    11.3
54932 20171026  2.422  -92.99   46.11    12.3     2.8     7.5     6.4     0.6     3.76 C    19.1     3.5     6.6    94.4    52.5    72.4   0.239   0.245   0.238   0.217   0.333     8.8     9.2     9.5    10.1    11.2
54932 20171027  2.422  -92.99   46.11     3.5    -1.7     0.9    -0.1    11.3     3.58 C     4.5    -6.3    -0.9    94.3    77.4    87.6   0.253   0.258   0.237   0.214   0.334     7.7     8.3     9.0     9.8    11.0
54932 20171028  2.422  -92.99   46.11    -0.3    -3.1    -1.7    -1.5     0.0     2.97 C    -1.5    -8.8    -3.4    88.1    66.6    77.0   0.261   0.258   0.238   0.213   0.334     6.8     7.4     8.2     9.2    10.8
54932 20171029  2.422  -92.99   46.11     4.0    -3.0     0.5     0.0     0.0     3.18 C     1.3    -4.9    -1.2    89.7    64.5    78.8   0.261   0.258   0.239   0.213   0.333     6.3     6.8     7.6     8.7    10.5
54932 20171030  2.422  -92.99   46.11     2.7    -2.0     0.4     0.5     0.5     3.72 C     5.8    -2.4     0.4    89.1    59.4    73.6   0.263   0.262   0.240   0.214   0.333     5.8     6.3     7.2     8.3    10.1
54932 20171031  2.422  -92.99   46.11    -1.3    -5.3    -3.3    -2.6     0.0     2.84 C     3.3    -6.2    -1.7    80.8    58.2    67.1   0.258   0.258   0.241   0.214   0.332     4.9     5.5     6.5     7.8     9.8
54932 20171101  2.422  -92.99   46.11    -0.1    -5.7    -2.9    -2.0     6.0     2.14 C    -0.2    -6.1    -2.0    96.6    68.9    84.7   0.251   0.253   0.239   0.213   0.332     4.2     4.9     5.8     7.3     9.5
54932 20171102  2.422  -92.99   46.11     1.9    -0.1     0.9     0.7     0.0     2.72 C     0.5    -3.4    -0.3    97.0    61.6    83.8   0.260   0.258   0.239   0.211   0.332     4.6     5.0     5.7     6.9     9.1
54932 20171103  2.422  -92.99   46.11     0.1    -4.5    -2.2    -1.8     5.8     4.25 C     3.4    -8.0    -1.8    93.7    62.6    76.8   0.263   0.261   0.240   0.211   0.332     4.2     4.7     5.5     6.7     8.9
54932 20171104  2.422  -92.99   46.11     2.2    -1.2     0.5     0.9     1.6     1.23 C     1.9    -1.6    -0.1    96.9    89.6    93.0   0.268   0.263   0.240   0.211   0.332     4.3     4.8     5.4     6.5     8.6
54932 20171105  2.422  -92.99   46.11     2.6    -5.0    -1.2    -0.7     3.7     2.47 C     3.1    -6.7    -0.2    96.9    58.3    74.4   0.292   0.284   0.254   0.223   0.332     4.1     4.6     5.2     6.3     8.4
54932 20171106  2.422  -92.99   46.11     0.8    -8.0    -3.6    -3.3     0.0     8.24 C     5.9    -7.8    -2.6    86.1    38.4    63.9   0.268   0.265   0.247   0.226   0.332     3.1     3.7     4.7     6.0     8.2
54932 20171107  2.422  -92.99   46.11    -1.4    -8.6    -5.0    -4.5     0.0     9.31 C     5.5    -9.1    -4.2    84.0    40.6    61.4   0.259   0.259   0.243   0.222   0.332     2.4     3.1     4.1     5.5     7.9
54932 20171108  2.422  -92.99   46.11     0.6    -5.6    -2.5    -3.2     1.3     7.19 C     8.3    -9.0    -2.3    92.2    51.7    76.1   0.255   0.254   0.241   0.218   0.332     2.1     2.7     3.6     5.1     7.5
54932 20171109  2.422  -92.99   46.11    -5.6   -17.1   -11.4   -10.4     0.0     8.15 C    -5.8   -19.4   -11.6    85.0    37.0    59.2   0.250   0.251   0.239   0.214   0.332     1.9     2.5     3.4     4.8     7.3
54932 20171110  2.422  -92.99   46.11    -7.2   -18.2   -12.7   -11.6     3.1     3.92 C    -4.2   -19.4   -11.0    86.3    48.4    68.0   0.240   0.247   0.237   0.211   0.332     1.1     1.8     2.9     4.4     7.0
54932 20171111  2.422  -92.99   46.11     3.4    -7.5    -2.0    -2.6     0.0     7.88 C    -1.0   -11.5    -5.9    91.8    51.5    76.4   0.236   0.244   0.235   0.208   0.332     1.0     1.6     2.5     4.0     6.6
54932 20171112  2.422  -92.99   46.11     0.4    -7.0    -3.3    -3.2     0.0     6.49 C     0.7   -11.7    -5.7    93.6    62.2    81.3   0.239   0.245   0.235   0.207   0.331     1.1     1.6     2.4     3.8     6.3
54932 20171113  2.422  -92.99   46.11     3.4    -8.0    -2.3    -1.6     0.3     4.12 C     2.8    -9.2    -2.3    94.4    64.4    82.5   0.240   0.244   0.233   0.205   0.330     1.1     1.6     2.3     3.6     6.0
54932 20171114  2.422  -92.99   46.11     4.4     1.8     3.1     3.2     0.6     1.39 C     4.4     0.6     2.3    96.6    94.4    96.1   0.278   0.267   0.237   0.205   0.331     1.7     2.1     2.5     3.6     5.8
54932 20171115  2.422  -92.99   46.11     4.1    -2.5     0.8     0.2     0.0     1.13 C     3.2    -1.9     0.3    96.9    65.9    82.6   0.276   0.269   0.242   0.210   0.331     2.3     2.6     3.0     3.7     5.7
54932 20171116  2.422  -92.99   46.11    -0.1    -4.6    -2.3    -2.7     0.0     3.39 C     2.1    -3.0    -1.2    80.0    68.7    73.1   0.261   0.259   0.240   0.211   0.331     1.9     2.3     2.8     3.8     5.6
54932 20171117  2.422  -92.99   46.11     1.4    -1.0     0.2     0.5     1.3     0.50 C     2.8    -1.8     0.1    96.5    73.3    88.6   0.257   0.256   0.239   0.210   0.331     2.1     2.4     2.8     3.7     5.5
54932 20171118  2.422  -92.99   46.11     0.3    -8.6    -4.2    -3.6     0.0     6.73 C     2.7    -8.4    -3.0    95.4    57.2    72.1   0.256   0.255   0.239   0.209   0.331     2.0     2.3     2.9     3.7     5.5
54932 20171119  2.422  -92.99   46.11     0.5   -11.4    -5.5    -5.7     0.0     6.12 C     7.3   -10.5    -5.4    88.6    49.3    67.6   0.247   0.250   0.238   0.208   0.331     1.0     1.5     2.4     3.5     5.4
54932 20171120  2.422  -92.99   46.11     5.5    -7.8    -1.2    -0.8     0.0     3.60 C     4.1    -8.0    -2.4    92.3    53.3    76.2   0.256   0.246   0.236   0.207   0.330     0.7     1.2     2.0     3.2     5.2
54932 20171121  2.422  -92.99   46.11     2.5    -8.5    -3.0    -5.0     0.0     6.74 C     2.9    -9.8    -4.5    68.5    41.8    58.0   0.257   0.243   0.235   0.206   0.330     0.7     1.2     1.8     2.9     5.0
54932 20171122  2.422  -92.99   46.11    -5.4   -12.4    -8.9    -7.8     1.0     2.77 C    -1.3   -12.8    -6.7    90.7    64.9    80.0   0.248   0.241   0.234   0.204   0.330     0.4     0.9     1.6     2.8     4.8
54932 20171123  2.422  -92.99   46.11     3.8    -9.7    -3.0    -1.7     0.0     6.62 C     6.1   -13.6    -3.7    93.2    52.3    71.6   0.241   0.237   0.232   0.202   0.330     0.4     0.8     1.5     2.6     4.6
54932 20171124  2.422  -92.99   46.11    10.0     1.2     5.6     5.0     0.4     2.27 C    14.8    -3.4     1.0    89.3    61.7    76.9   0.253   0.235   0.231   0.202   0.330     0.5     0.9     1.5     2.5     4.5
54932 20171125  2.422  -92.99   46.11     3.0    -7.3    -2.2    -1.9     0.0     6.62 C     3.9    -8.8    -3.6    84.6    42.1    60.5   0.259   0.237   0.231   0.201   0.327     0.8     1.2     1.6     2.5     4.3
54932 20171126  2.422  -92.99   46.11     7.7    -5.8     0.9    -0.5     0.0     5.90 C    11.4    -7.9    -2.0    90.2    50.4    73.9   0.252   0.235   0.231   0.200   0.325     0.5     0.9     1.5     2.4     4.2
54932 20171127  2.422  -92.99   46.11    11.0    -2.9     4.1     5.1     0.0     3.25 C     8.4    -6.1     1.7    90.2    51.0    67.2   0.252   0.234   0.230   0.200   0.325     0.8     1.1     1.5     2.3     4.1
54932 20171128  2.422  -92.99   46.11     9.4    -3.1     3.1     4.5     0.0     6.27 C     8.4    -7.6     0.7    67.8    21.9    48.9   0.252   0.234   0.231   0.199   0.325     1.5     1.7     1.9     2.4     4.1
54932 20171129  2.422  -92.99   46.11     4.0    -8.8    -2.4    -1.2     0.0     6.15 C     6.2   -10.6    -3.3    86.9    37.4    56.2   0.248   0.234   0.230   0.199   0.324     0.8     1.2     1.7     2.5     4.1
54932 20171130  2.422  -92.99   46.11     5.6    -4.2     0.7     1.7     0.0     6.52 C     8.1    -7.8    -1.1    90.7    47.4    69.2   0.248   0.234   0.230   0.198   0.324     1.0     1.3     1.6     2.4     4.0
54932 20171201  2.422  -92.99   46.11     5.2    -4.3     0.5     0.0     0.0     2.80 C     5.7    -8.0    -2.2    89.2    46.6    70.7   0.246   0.233   0.229   0.198   0.324     0.8     1.1     1.6     2.3     4.0
54932 20171202  2.422  -92.99   46.11     7.7    -6.2     0.7    -0.6     0.0     6.38 C     9.3    -8.4    -4.1    92.8    42.5    74.5   0.244   0.232   0.229   0.197   0.323     0.6     1.0     1.5     2.2     3.9
54932 20171203  2.422  -92.99   46.11     5.6    -4.0     0.8     1.6     0.0     2.05 C     5.1    -7.6    -0.9    86.2    57.4    68.2   0.242   0.241   0.229   0.196   0.323     0.5     0.9     1.3     2.2     3.8
54932 20171204  2.422  -92.99   46.11     7.5    -3.3     2.1     4.4     2.8     0.26 C     4.8    -3.9     2.6    95.8    59.1    77.7   0.245   0.240   0.228   0.196   0.323     1.2     1.5     1.5     2.1     3.7
54932 20171205  2.422  -92.99   46.11    -3.3   -10.0    -6.7    -8.1     0.3     4.36 C    -3.9   -13.0    -8.9    81.2    58.3    65.9   0.247   0.232   0.228   0.197   0.322     0.8     1.2     1.6     2.2     3.7
54932 20171206  2.422  -92.99   46.11    -8.3   -11.7   -10.0    -9.5     0.0     4.21 C    -5.8   -12.9   -10.2    74.6    60.0    67.1 -99.000   0.233   0.228   0.196   0.321     0.3     0.7     1.3     2.1     3.7
54932 20171207  2.422  -92.99   46.11    -5.5   -14.9   -10.2    -9.8     0.0     4.72 C    -5.2   -17.7   -10.0    74.4    42.7    63.7 -99.000   0.268   0.227   0.195   0.321     0.1     0.5     1.0     1.9     3.6
54932 20171208  2.422  -92.99   46.11    -2.6    -6.3    -4.4    -4.5     0.2     2.22 C    -3.1   -10.1    -5.2    84.9    58.1    72.0 -99.000   0.264   0.225   0.194   0.321     0.0     0.4     0.9     1.8     3.4
54932 20171209  2.422  -92.99   46.11    -5.3   -11.8    -8.6    -8.2     0.0     3.46 C    -4.6   -14.6    -7.8    74.7    59.7    66.3 -99.000   0.262   0.224   0.194   0.321     0.0     0.3     0.8     1.7     3.3
54932 20171210  2.422  -92.99   46.11    -3.3   -10.3    -6.8    -5.9     0.0     2.83 C    -1.6   -13.3    -6.4    89.7    63.6    75.5 -99.000   0.260   0.222   0.192   0.321    -0.1     0.3     0.8     1.6     3.2
54932 20171211  2.422  -92.99   46.11    -1.2   -12.0    -6.6    -5.5     3.5     1.46 C    -1.4   -18.1    -7.4    92.7    59.8    79.0 -99.000   0.259   0.220   0.191   0.321    -0.1     0.2     0.8     1.6     3.1
54932 20171212  2.422  -92.99   46.11    -8.9   -16.8   -12.9   -12.4     0.0     2.81 C    -7.2   -23.5   -13.2    84.2    71.6    79.0 -99.000   0.257   0.235   0.190   0.320    -0.2     0.2     0.7     1.5     3.0
54932 20171213  2.422  -92.99   46.11    -5.0    -9.9    -7.4    -6.8     2.1     1.47 C    -0.6   -19.0    -7.1    89.1    77.8    83.1 -99.000   0.255   0.241   0.189   0.320    -0.2     0.2     0.6     1.4     3.0
54932 20171214  2.422  -92.99   46.11    -7.2    -9.3    -8.3    -8.2     0.0     1.88 C    -7.3   -12.3    -8.5    86.4    69.7    79.1 -99.000   0.254   0.240   0.188   0.319    -0.2     0.2     0.6     1.4     2.9
54932 20171215  2.422  -92.99   46.11    -6.9   -10.0    -8.4    -8.5     1.8     4.12 C    -6.7   -13.9    -9.0    87.0    60.1    72.7 -99.000   0.252   0.240   0.188   0.318    -0.2     0.2     0.6     1.4     2.8
54932 20171216  2.422  -92.99   46.11    -5.8    -7.9    -6.8    -6.6     0.5     1.51 C    -5.2    -8.1    -6.5    86.6    72.6    76.3 -99.000   0.251   0.240   0.187   0.319    -0.2     0.2     0.5     1.3     2.8
54932 20171217  2.422  -92.99   46.11    -3.6    -8.0    -5.8    -5.6     0.0     2.82 C    -4.2   -15.6    -6.9    92.7    73.1    82.2 -99.000   0.251   0.240   0.187   0.320    -0.2     0.2     0.5     1.3     2.7
54932 20171218  2.422  -92.99   46.11     3.2    -5.6    -1.2    -1.5     0.0     3.21 C    -0.2    -7.0    -3.3    92.3    72.2    83.0 -99.000   0.252   0.239   0.187   0.320    -0.2     0.2     0.5     1.3     2.7
54932 20171219  2.422  -92.99   46.11     0.9   -10.7    -4.9    -2.9     0.0     4.98 C    -1.2   -17.6    -8.4    87.3    48.9    64.8 -99.000   0.253   0.240   0.186   0.319    -0.2     0.2     0.5     1.3     2.6
54932 20171220  2.422  -92.99   46.11   -10.4   -13.9   -12.2   -11.6     2.2     2.02 C    -8.7   -22.2   -12.2    84.6    58.8    74.4 -99.000   0.253   0.240   0.186   0.319    -0.2     0.2     0.5     1.2     2.6
54932 20171221  2.422  -92.99   46.11    -6.4   -11.1    -8.7    -8.7     0.8     2.44 C    -6.3   -14.7    -9.0    85.7    76.7    81.5 -99.000   0.250   0.239   0.186   0.319    -0.2     0.1     0.5     1.2     2.5
54932 20171222  2.422  -92.99   46.11    -8.0   -11.8    -9.9    -9.5     0.2     3.62 C    -8.3   -21.3   -10.7    90.4    61.5    78.5 -99.000   0.250   0.238   0.186   0.319    -0.2     0.1     0.5     1.2     2.5
54932 20171223  2.422  -92.99   46.11    -7.8   -13.9   -10.9   -10.6     0.0     6.16 C   -10.1   -21.0   -14.6    79.7    47.3    63.7 -99.000   0.249   0.237   0.185   0.318    -0.2     0.1     0.5     1.2     2.5
54932 20171224  2.422  -92.99   46.11    -7.1   -19.2   -13.1   -10.3     0.2     4.83 C    -7.1   -25.2   -13.0    80.9    52.5    66.5 -99.000   0.247   0.236   0.186   0.318    -0.2     0.1     0.4     1.1     2.4
54932 20171225  2.422  -92.99   46.11   -19.2   -25.7   -22.4   -23.0     0.0     5.52 C   -21.0   -31.8   -27.3    76.5    49.6    62.7 -99.000 -99.000   0.234   0.185   0.318    -0.3     0.0     0.4     1.1     2.4
54932 20171226  2.422  -92.99   46.11   -21.0   -28.4   -24.7   -24.6     0.0     6.15 C   -22.1   -36.7   -30.1    79.7    54.4    67.2 -99.000 -99.000 -99.000   0.184   0.318    -0.5    -0.1     0.3     1.0     2.3
54932 20171227  2.422  -92.99   46.11   -19.1   -30.0   -24.5   -24.3     0.0     6.28 C   -21.0   -37.5   -29.8    77.5    53.6    69.0 -99.000 -99.000 -99.000   0.183   0.318    -0.8    -0.2     0.2     1.0     2.3
54932 20171228  2.422  -92.99   46.11   -15.4   -25.5   -20.5   -19.6     2.1     3.64 C   -14.5   -33.7   -22.3    83.0    67.0    74.6 -99.000 -99.000 -99.000   0.181   0.318    -0.7    -0.3     0.1     0.9     2.2
54932 20171229  2.422  -92.99   46.11   -18.4   -26.0   -22.2   -21.2     0.0     2.38 C   -17.6   -33.9   -24.6    80.1    68.8    75.1 -99.000 -99.000 -99.000   0.179   0.318    -0.9    -0.4     0.1     0.8     2.2
54932 20171230  2.422  -92.99   46.11   -21.8   -28.6   -25.2   -25.3     0.0     6.32 C   -23.6   -33.4   -29.1    71.6    54.7    64.6 -99.000 -99.000 -99.000   0.178   0.318    -1.1    -0.5     0.0     0.8     2.1
54932 20171231  2.422  -92.99   46.11   -22.0   -31.3   -26.6   -26.2     0.0     6.32 C   -23.3   -36.4   -30.8    71.4    49.4    63.3 -99.000 -99.000 -99.000   0.176   0.317    -1.3    -0.7     0.0     0.7     2.0
