94085 20170101  2.422 -100.35   44.02    -3.0   -10.1    -6.6    -6.1     0.0     6.15 C    -1.4   -10.9    -6.4    92.9    64.6    82.1 -99.000 -99.000 -99.000   0.137   0.436    -4.0    -2.8    -1.7     0.2     3.6
94085 20170102  2.422 -100.35   44.02    -4.5   -16.8   -10.6    -8.6     0.2     2.45 C    -1.0   -17.0    -8.3    94.0    77.4    88.4 -99.000 -99.000 -99.000   0.135   0.435    -3.8    -2.7    -1.7     0.1     3.5
94085 20170103  2.422 -100.35   44.02   -16.8   -22.8   -19.8   -18.7     0.0     8.43 C   -14.5   -22.7   -18.1    78.8    67.5    73.4 -99.000 -99.000 -99.000   0.136   0.432    -7.5    -4.6    -2.4    -0.1     3.5
94085 20170104  2.422 -100.35   44.02   -16.5   -25.3   -20.9   -20.4     0.0     5.12 C   -12.9   -24.5   -19.4    74.5    64.8    71.0 -99.000 -99.000 -99.000 -99.000   0.429    -9.9    -6.9    -4.0    -0.5     3.4
94085 20170105  2.422 -100.35   44.02   -17.4   -21.4   -19.4   -19.0     0.0     7.79 C   -14.0   -21.8   -18.7    75.0    64.0    71.2 -99.000 -99.000 -99.000 -99.000   0.430   -10.3    -7.7    -5.0    -1.3     3.2
94085 20170106  2.422 -100.35   44.02    -9.9   -21.0   -15.5   -16.7     0.3     7.78 C    -5.6   -21.7   -16.5    78.5    54.4    66.0 -99.000 -99.000 -99.000 -99.000   0.431   -10.4    -8.2    -5.8    -1.9     3.0
94085 20170107  2.422 -100.35   44.02   -15.0   -22.1   -18.6   -18.7     0.0     9.05 C    -7.8   -22.2   -17.2    84.5    69.2    77.3 -99.000 -99.000 -99.000 -99.000   0.428   -10.4    -8.3    -6.0    -2.4     2.8
94085 20170108  2.422 -100.35   44.02    -4.6   -16.6   -10.6   -10.8     0.0     6.96 C    -3.8   -17.3   -11.2    77.8    68.8    73.3 -99.000 -99.000 -99.000 -99.000   0.428    -8.7    -7.5    -6.0    -2.8     2.5
94085 20170109  2.422 -100.35   44.02    -5.5   -15.9   -10.7   -10.4     0.7     4.64 C    -4.3   -15.8    -9.9    87.1    70.5    78.4 -99.000 -99.000 -99.000 -99.000   0.428    -7.9    -6.9    -5.6    -2.9     2.2
94085 20170110  2.422 -100.35   44.02    -9.9   -14.1   -12.0   -11.5     0.0     6.34 C    -4.9   -14.2   -10.4    88.8    66.8    78.6 -99.000 -99.000 -99.000 -99.000   0.424    -6.9    -6.0    -5.1    -2.9     2.0
94085 20170111  2.422 -100.35   44.02   -14.0   -16.3   -15.1   -15.4     0.3     6.98 C    -9.6   -15.5   -13.8    81.2    66.7    75.1 -99.000 -99.000 -99.000 -99.000   0.424    -7.8    -6.4    -5.1    -2.9     1.8
94085 20170112  2.422 -100.35   44.02   -13.2   -20.4   -16.8   -15.8     0.0     8.87 C    -9.9   -19.4   -15.2    77.0    59.3    69.5 -99.000 -99.000 -99.000 -99.000   0.422    -8.7    -7.1    -5.5    -3.0     1.6
94085 20170113  2.422 -100.35   44.02    -5.7   -18.0   -11.9   -11.2     0.2     9.15 C    -6.1   -17.8   -12.8    83.7    68.9    74.9 -99.000 -99.000 -99.000 -99.000   0.424    -8.7    -7.4    -5.9    -3.2     1.5
94085 20170114  2.422 -100.35   44.02    -5.6   -15.5   -10.5   -10.3     0.0     9.44 C    -2.6   -16.3   -11.1    82.8    60.6    71.6 -99.000 -99.000 -99.000 -99.000   0.422    -7.9    -6.9    -5.7    -3.4     1.3
94085 20170115  2.422 -100.35   44.02    -3.6   -13.8    -8.7    -8.7     0.0     8.84 C    -1.4   -15.7    -9.9    84.8    68.7    77.8 -99.000 -99.000 -99.000 -99.000   0.419    -7.5    -6.6    -5.5    -3.4     1.2
94085 20170116  2.422 -100.35   44.02    -2.9   -10.5    -6.7    -7.7     0.0     8.48 C    -4.3   -11.7    -8.8    82.1    63.8    73.3 -99.000 -99.000 -99.000 -99.000   0.421    -6.8    -6.0    -5.2    -3.3     1.0
94085 20170117  2.422 -100.35   44.02     0.3   -10.1    -4.9    -4.6     0.0     9.72 C     1.7   -11.5    -5.9    81.5    51.4    67.0 -99.000 -99.000 -99.000 -99.000   0.420    -6.1    -5.6    -4.9    -3.2     1.0
94085 20170118  2.422 -100.35   44.02     3.0    -3.1     0.0     0.0     0.0     9.68 C     5.6    -6.6    -1.8    77.0    42.4    59.9 -99.000 -99.000 -99.000 -99.000   0.442    -4.1    -4.4    -4.2    -3.1     0.9
94085 20170119  2.422 -100.35   44.02     2.8    -6.8    -2.0    -2.2     0.0     9.69 C     5.8    -7.6    -2.5    96.5    64.7    81.2 -99.000 -99.000 -99.000 -99.000   0.450    -3.7    -3.7    -3.6    -2.8     0.8
94085 20170120  2.422 -100.35   44.02    -1.2    -9.0    -5.1    -5.8     0.0     8.94 C     1.4    -9.3    -5.2    93.3    77.4    87.0 -99.000 -99.000 -99.000 -99.000   0.450    -4.0    -3.6    -3.3    -2.5     0.8
94085 20170121  2.422 -100.35   44.02     2.0    -5.4    -1.7    -1.9     0.0     9.23 C     3.9    -5.6    -1.8    95.0    75.5    87.2 -99.000 -99.000 -99.000 -99.000   0.449    -3.1    -3.2    -3.1    -2.4     0.8
94085 20170122  2.422 -100.35   44.02    -2.1    -5.1    -3.6    -3.4     0.0     9.71 C     0.4    -6.3    -3.6    88.6    76.1    82.5 -99.000 -99.000 -99.000 -99.000   0.449    -3.0    -2.9    -2.8    -2.2     0.7
94085 20170123  2.422 -100.35   44.02    -1.1    -4.3    -2.7    -3.0     0.0     4.56 C     1.0    -4.5    -2.3    95.3    87.2    91.9 -99.000 -99.000 -99.000 -99.000   0.447    -2.6    -2.6    -2.6    -2.0     0.7
94085 20170124  2.422 -100.35   44.02    -2.3    -6.5    -4.4    -3.9     8.0     3.52 C    -2.0    -6.6    -3.8    96.5    90.4    93.7 -99.000 -99.000 -99.000 -99.000   0.426    -2.3    -2.2    -2.3    -1.9     0.8
94085 20170125  2.422 -100.35   44.02    -6.4    -8.9    -7.7    -8.0     0.3     6.88 C    -6.5    -8.9    -7.8    90.9    82.2    85.8 -99.000 -99.000 -99.000 -99.000   0.418    -3.2    -2.5    -2.3    -1.8     0.8
94085 20170126  2.422 -100.35   44.02    -4.8   -12.8    -8.8    -7.9     0.0    10.00 C    -5.6   -12.6    -8.4    85.3    74.8    80.5 -99.000 -99.000 -99.000 -99.000   0.419    -4.4    -3.3    -2.6    -1.7     0.8
94085 20170127  2.422 -100.35   44.02    -0.5    -9.1    -4.8    -4.0     0.0    10.15 C    -0.8   -10.5    -5.1    85.6    70.0    78.0 -99.000 -99.000 -99.000 -99.000   0.419    -4.0    -3.5    -2.8    -1.7     0.8
94085 20170128  2.422 -100.35   44.02     1.8    -3.4    -0.8     0.1     0.0     6.14 C     1.0    -5.2    -1.1    79.1    68.7    74.4 -99.000 -99.000 -99.000 -99.000   0.419    -2.7    -2.7    -2.6    -1.7     0.9
94085 20170129  2.422 -100.35   44.02     3.2     0.3     1.8     2.1     0.0     9.91 C     3.8    -1.0     0.8    82.8    64.8    71.6 -99.000 -99.000 -99.000 -99.000   0.421    -1.3    -1.7    -2.0    -1.6     0.9
94085 20170130  2.422 -100.35   44.02     5.0    -1.2     1.9     2.5     0.0    10.18 C     4.1    -1.6     0.7    82.4    52.3    64.4 -99.000 -99.000 -99.000 -99.000   0.421    -0.8    -1.1    -1.5    -1.2     0.9
94085 20170131  2.422 -100.35   44.02     0.3    -5.3    -2.5    -1.3     0.3     4.95 C     1.6    -4.9    -1.1    91.6    69.0    76.8 -99.000 -99.000 -99.000 -99.000   0.421    -0.7    -0.8    -1.2    -1.0     0.9
94085 20170201  2.422 -100.35   44.02    -5.3   -14.3    -9.8    -9.5     0.0     7.04 C    -2.0   -13.7    -7.6    83.7    68.8    75.2 -99.000 -99.000 -99.000 -99.000   0.420    -2.4    -1.3    -1.2    -1.0     1.0
94085 20170202  2.422 -100.35   44.02    -9.1   -15.3   -12.2   -11.8     0.0     9.65 C    -0.8   -14.9    -9.7    83.5    61.7    71.3 -99.000 -99.000 -99.000 -99.000   0.420    -5.1    -3.4    -1.9    -1.0     1.0
94085 20170203  2.422 -100.35   44.02    -4.6   -17.1   -10.9   -11.0     0.0    11.89 C    -1.9   -16.6    -9.7    87.0    69.4    79.9 -99.000 -99.000 -99.000 -99.000   0.420    -6.1    -4.6    -2.9    -1.2     1.1
94085 20170204  2.422 -100.35   44.02    -2.0   -12.8    -7.4    -5.7     0.0    10.76 C     0.3   -12.3    -5.7    83.5    68.4    75.2 -99.000 -99.000 -99.000 -99.000   0.420    -4.5    -3.9    -3.2    -1.5     1.1
94085 20170205  2.422 -100.35   44.02    -4.4   -15.7   -10.1   -10.0     0.0    10.93 C     1.1   -14.6    -8.5    86.3    67.4    79.4 -99.000 -99.000 -99.000 -99.000   0.420    -5.8    -4.7    -3.4    -1.6     1.1
94085 20170206  2.422 -100.35   44.02    -0.1   -10.0    -5.1    -8.0     0.0     7.47 C     1.6    -9.4    -6.3    92.3    72.6    87.3 -99.000 -99.000 -99.000 -99.000   0.420    -4.8    -4.3    -3.5    -1.8     1.0
94085 20170207  2.422 -100.35   44.02   -10.0   -14.8   -12.4   -13.2     0.5    10.21 C    -4.1   -14.0   -10.4    89.9    72.6    80.7 -99.000 -99.000 -99.000 -99.000   0.420    -5.9    -4.7    -3.6    -1.9     0.9
94085 20170208  2.422 -100.35   44.02   -13.1   -17.1   -15.1   -15.3     0.5    11.78 C    -9.0   -18.6   -14.9    80.8    68.9    76.3 -99.000 -99.000 -99.000 -99.000   0.421    -6.2    -5.2    -4.0    -2.1     0.9
94085 20170209  2.422 -100.35   44.02     2.7   -16.4    -6.9    -7.0     0.0    10.33 C    -1.9   -16.7    -7.3    80.7    70.5    75.8 -99.000 -99.000 -99.000 -99.000   0.420    -5.4    -4.9    -4.1    -2.3     0.8
94085 20170210  2.422 -100.35   44.02     9.7     1.7     5.7     6.5     0.0     8.53 C    10.3    -3.2     3.5    80.0    54.2    63.5 -99.000 -99.000 -99.000 -99.000   0.419    -2.4    -3.0    -3.3    -2.3     0.8
94085 20170211  2.422 -100.35   44.02     6.9     1.0     3.9     3.9     0.8     4.29 C     7.8    -0.3     2.8    90.5    57.0    74.1 -99.000 -99.000 -99.000 -99.000   0.418    -0.9    -1.6    -2.3    -2.0     0.7
94085 20170212  2.422 -100.35   44.02     5.9    -5.4     0.3     0.1     0.0    13.46 C     6.9    -4.5    -0.1    82.9    38.1    63.7 -99.000 -99.000 -99.000 -99.000   0.422    -0.6    -1.0    -1.7    -1.7     0.7
94085 20170213  2.422 -100.35   44.02     7.7    -3.0     2.4     1.9     0.0    13.40 C     7.5    -2.9     0.5    77.4    43.3    63.0 -99.000 -99.000 -99.000 -99.000   0.424    -0.5    -0.8    -1.4    -1.5     0.7
94085 20170214  2.422 -100.35   44.02     6.5    -3.1     1.7     1.7     0.0    13.38 C     7.4    -3.4     0.7    82.3    46.9    67.2 -99.000 -99.000 -99.000 -99.000   0.420    -0.5    -0.7    -1.2    -1.3     0.7
94085 20170215  2.422 -100.35   44.02    14.8    -3.4     5.7     5.4     0.0    13.42 C    14.4    -3.5     3.0    84.7    34.0    60.2 -99.000 -99.000 -99.000 -99.000   0.418    -0.3    -0.6    -1.0    -1.1     0.7
94085 20170216  2.422 -100.35   44.02    20.0     4.0    12.0     9.7     0.0    13.27 C    19.1     0.2     6.5    58.7    18.5    42.9 -99.000 -99.000 -99.000 -99.000   0.419     0.9    -0.2    -0.8    -0.9     0.8
94085 20170217  2.422 -100.35   44.02    15.2     1.7     8.5     8.2     0.0    13.02 C    15.1    -0.8     4.7    60.8    27.5    44.2 -99.000 -99.000 -99.000 -99.000   0.419     1.1     0.4    -0.5    -0.8     0.8
94085 20170218  2.422 -100.35   44.02    17.5     1.3     9.4     8.3     0.0    10.33 C    18.3    -1.0     5.5    67.2    23.3    46.0   0.308 -99.000 -99.000 -99.000   0.418     1.5     0.7    -0.1    -0.6     0.9
94085 20170219  2.422 -100.35   44.02    20.2     2.9    11.5    10.9     0.0    11.02 C    23.6     0.7     9.3    79.4    28.9    53.1   0.321   0.227   0.181 -99.000   0.420     3.3     2.0     0.6    -0.2     1.0
94085 20170220  2.422 -100.35   44.02    15.5     2.8     9.2     9.6     1.5    12.83 C    16.5    -0.3     7.5    92.7    24.2    58.0   0.320   0.249   0.209   0.186   0.420     4.7     3.7     1.9     0.4     1.1
94085 20170221  2.422 -100.35   44.02    21.5     2.3    11.9    12.0     0.0    14.09 C    27.5    -0.8    10.5    62.7    24.4    44.4   0.316   0.250   0.212   0.180   0.423     4.8     3.8     2.4     1.0     1.3
94085 20170222  2.422 -100.35   44.02    13.7    -0.7     6.5     6.8     0.0    12.17 C    20.7     0.0     7.3    91.4    40.5    66.7   0.310   0.252   0.215   0.196   0.424     5.5     4.9     3.4     1.6     1.5
94085 20170223  2.422 -100.35   44.02    -0.7    -3.7    -2.2    -2.5     0.0     2.83 C     1.8    -3.6    -1.8    87.8    69.8    80.5   0.295   0.247   0.215   0.201   0.424     2.1     2.9     3.0     2.2     1.9
94085 20170224  2.422 -100.35   44.02    -1.6    -8.0    -4.8    -5.1     0.0     9.88 C     5.9    -8.8    -3.6    78.5    46.1    65.0   0.297   0.242   0.213   0.202   0.424     0.5     1.2     1.9     2.1     2.1
94085 20170225  2.422 -100.35   44.02     3.2    -8.1    -2.4    -3.2     0.0    11.28 C    11.6    -8.0    -1.7    82.6    41.6    64.8 -99.000   0.240   0.211   0.202   0.427    -0.1     0.6     1.2     1.8     2.3
94085 20170226  2.422 -100.35   44.02     6.3    -7.0    -0.3    -1.6     0.0    13.01 C    15.1    -8.5    -1.4    84.3    23.9    55.2 -99.000   0.239   0.207   0.203   0.426    -0.2     0.3     0.9     1.5     2.4
94085 20170227  2.422 -100.35   44.02    10.3    -7.8     1.3     0.6     0.0    11.84 C    20.7    -8.7     1.5    75.1    23.9    51.7 -99.000   0.225   0.202   0.203   0.427     0.0     0.3     0.7     1.4     2.4
94085 20170228  2.422 -100.35   44.02     0.6    -4.3    -1.9    -3.2     0.3     4.04 C     0.9    -4.6    -2.0    97.2    70.2    92.7 -99.000   0.237   0.203   0.203   0.427     0.1     0.4     0.7     1.3     2.4
94085 20170301  2.422 -100.35   44.02     3.0   -10.1    -3.5    -3.0     0.2    12.39 C    10.0   -10.5    -2.0    91.4    40.0    72.7 -99.000   0.236   0.204   0.204   0.426    -0.1     0.3     0.6     1.3     2.4
94085 20170302  2.422 -100.35   44.02     0.9    -9.5    -4.3    -3.8     0.0    16.02 C    11.5    -9.6    -1.6    89.8    46.4    72.7 -99.000   0.226   0.203   0.205   0.425     0.0     0.3     0.6     1.2     2.4
94085 20170303  2.422 -100.35   44.02    12.9    -9.1     1.9     2.4     0.0    14.80 C    25.5    -9.4     3.4    84.5    24.0    53.8 -99.000   0.221   0.204   0.205   0.425     0.3     0.4     0.6     1.2     2.4
94085 20170304  2.422 -100.35   44.02    21.9    -3.7     9.1     7.4     0.0    14.93 C    26.5    -5.6     6.4    77.0    10.8    44.0   0.272   0.236   0.206   0.205   0.426     1.6     1.1     0.9     1.2     2.4
94085 20170305  2.422 -100.35   44.02    23.5     1.3    12.4    12.8     0.0    14.16 C    32.8    -1.9    12.0    60.2     9.3    32.8   0.280   0.243   0.215   0.206   0.425     4.3     3.1     1.9     1.5     2.4
94085 20170306  2.422 -100.35   44.02    12.1     0.2     6.1     4.4     0.0     9.39 C    13.5    -0.9     4.3    82.8    37.9    56.9   0.279   0.245   0.220   0.208   0.427     4.7     4.4     3.4     2.2     2.5
94085 20170307  2.422 -100.35   44.02     8.0    -2.6     2.7     2.0     0.0    13.49 C    13.5    -5.3     1.3    56.7    20.1    38.6   0.269   0.242   0.219   0.209   0.427     2.5     2.8     2.9     2.6     2.6
94085 20170308  2.422 -100.35   44.02     6.4    -8.0    -0.8    -0.6     0.0    17.95 C    21.9    -9.4     2.9    64.9    18.1    37.5   0.265   0.241   0.218   0.210   0.428     2.3     2.4     2.4     2.5     2.8
94085 20170309  2.422 -100.35   44.02    -1.2    -9.5    -5.4    -5.1     0.3     5.03 C     7.9    -9.9    -3.5    90.8    51.0    77.7   0.258   0.239   0.218   0.210   0.430     1.4     2.1     2.4     2.5     2.8
94085 20170310  2.422 -100.35   44.02    -9.3   -14.3   -11.8   -11.8     1.3     5.09 C    -1.9   -12.4    -9.6    83.8    62.9    77.9 -99.000   0.230   0.217   0.211   0.429     0.0     0.9     1.7     2.3     2.9
94085 20170311  2.422 -100.35   44.02    -7.6   -10.9    -9.3    -9.4     0.0     6.46 C    -1.7    -9.9    -7.2    90.2    74.2    82.7 -99.000   0.227   0.215   0.210   0.430    -0.5     0.3     1.1     2.0     3.0
94085 20170312  2.422 -100.35   44.02    -2.2   -11.7    -7.0    -7.4     2.0     7.91 C     1.6   -12.1    -6.3    90.6    78.6    84.0 -99.000 -99.000   0.208   0.209   0.429    -0.7     0.1     0.8     1.7     3.0
94085 20170313  2.422 -100.35   44.02    -7.9   -16.6   -12.3   -11.5     1.1    13.59 C     5.9   -17.8    -8.8    85.9    66.7    78.7 -99.000 -99.000   0.206   0.208   0.429    -1.0    -0.2     0.5     1.5     2.9
94085 20170314  2.422 -100.35   44.02    -2.3   -10.1    -6.2    -6.3     1.4    11.31 C    -1.0    -9.3    -5.9    85.7    68.0    79.4 -99.000 -99.000   0.216   0.208   0.430    -1.2    -0.5     0.3     1.3     2.9
94085 20170315  2.422 -100.35   44.02    13.0    -5.0     4.0     2.7     0.0    16.22 C    18.3    -5.7     2.7    90.3    42.5    70.2 -99.000 -99.000 -99.000   0.207   0.429    -0.6    -0.4     0.2     1.2     2.8
94085 20170316  2.422 -100.35   44.02    18.3     0.6     9.4     8.1     0.0    14.17 C    29.9    -1.3     8.5    81.6    32.4    62.7 -99.000 -99.000   0.208   0.207   0.429     2.0     0.9     0.6     1.1     2.8
94085 20170317  2.422 -100.35   44.02    11.6    -2.3     4.6     6.4     0.0    18.27 C    19.0    -5.5     6.2    83.6    34.7    59.0   0.266   0.238   0.218   0.209   0.427     3.9     3.1     2.0     1.5     2.7
94085 20170318  2.422 -100.35   44.02    17.5    -4.7     6.4     6.3     0.0    18.64 C    23.8    -6.3     7.1    79.1    24.8    46.5   0.263   0.239   0.220   0.211   0.429     3.6     3.2     2.6     2.1     2.7
94085 20170319  2.422 -100.35   44.02    22.8     5.1    14.0    14.2     0.0    17.23 C    33.2     2.3    14.3    61.1    20.5    38.5   0.272   0.245   0.224   0.211   0.429     7.0     5.6     3.8     2.6     2.8
94085 20170320  2.422 -100.35   44.02    13.1    -1.9     5.6     6.5     0.0    15.20 C    30.0    -3.3     9.6    87.8    35.8    56.2   0.267   0.246   0.227   0.214   0.430     7.0     6.3     4.9     3.4     2.9
94085 20170321  2.422 -100.35   44.02     4.9    -2.4     1.3    -0.8     3.8     9.33 C     5.6    -2.2     0.3    95.3    54.5    77.8   0.256   0.243   0.229   0.215   0.431     4.9     5.4     5.1     3.9     3.1
94085 20170322  2.422 -100.35   44.02    13.9    -2.4     5.8     4.5     1.0    17.98 C    18.2    -1.9     5.2    91.7    36.6    65.6   0.263   0.239   0.225   0.215   0.430     3.9     4.0     4.0     3.9     3.4
94085 20170323  2.422 -100.35   44.02    17.3     3.8    10.6     9.3     0.0    17.21 C    33.6     2.5    12.0    88.2    44.1    61.4   0.276   0.244   0.227   0.214   0.434     6.8     5.7     4.5     3.8     3.6
94085 20170324  2.422 -100.35   44.02    14.3    -0.5     6.9     6.6     0.0    17.90 C    26.7    -2.5     9.3    91.0    35.6    68.1   0.273   0.246   0.231   0.217   0.433     7.5     6.9     5.7     4.3     3.7
94085 20170325  2.422 -100.35   44.02    15.5    -3.5     6.0     4.3     0.0    16.38 C    29.1    -3.8     7.3    97.0    25.2    73.6   0.266   0.244   0.232   0.218   0.433     6.5     6.3     5.7     4.7     3.9
94085 20170326  2.422 -100.35   44.02     8.5     3.0     5.8     4.8     0.0     7.06 C    19.5     1.7     7.3    97.1    64.2    85.9   0.263   0.244   0.232   0.219   0.434     6.7     6.5     5.8     4.9     4.0
94085 20170327  2.422 -100.35   44.02    15.9     3.1     9.5     9.1     0.0    20.34 C    34.2     1.2    14.2    88.8    32.2    59.3   0.265   0.247   0.233   0.219   0.435     8.5     7.5     6.1     5.0     4.2
94085 20170328  2.422 -100.35   44.02     9.7     4.6     7.1     7.1     4.0     4.60 C    12.9     3.4     7.6    95.0    60.6    84.7   0.259   0.248   0.236   0.220   0.434     8.1     7.9     7.0     5.5     4.3
94085 20170329  2.422 -100.35   44.02    14.5     0.1     7.3     7.5     0.0    16.18 C    28.4    -1.3     9.5    97.5    37.6    74.6   0.258   0.248   0.236   0.221   0.435     8.4     7.9     6.9     5.7     4.5
94085 20170330  2.422 -100.35   44.02     8.0     0.0     4.0     4.0     0.0     7.19 C    15.1    -0.9     6.1    95.4    60.1    79.4   0.250   0.245   0.237   0.221   0.439     6.8     7.0     6.8     5.9     4.7
94085 20170331  2.422 -100.35   44.02    12.3     3.4     7.8     7.0     0.0     9.28 C    22.8     3.6     8.9    85.5    39.6    65.8   0.249   0.244   0.236   0.221   0.438     7.2     7.0     6.5     5.9     4.9
94085 20170401  2.422 -100.35   44.02    16.1     3.6     9.8     8.8     0.0    19.77 C    33.7     1.7    13.0    81.8    26.5    56.4   0.252   0.247   0.237   0.222   0.439     9.0     8.1     6.9     5.9     5.0
94085 20170402  2.422 -100.35   44.02    18.7    -0.8     9.0     9.0     0.0    21.96 C    36.6    -1.9    12.9    96.4    33.7    64.8   0.250   0.248   0.239   0.223   0.441     9.4     8.7     7.6     6.2     5.1
94085 20170403  2.422 -100.35   44.02    10.8     3.5     7.2     7.4     0.0     5.82 C    14.5     2.2     7.9    83.6    35.9    63.7   0.244   0.248   0.240   0.224   0.441     8.7     8.7     8.0     6.6     5.3
94085 20170404  2.422 -100.35   44.02    13.0    -0.2     6.4     6.4     0.0    17.43 C    33.7    -1.9     8.9    92.8    38.8    64.6   0.237   0.244   0.240   0.226   0.441     8.0     7.9     7.4     6.7     5.4
94085 20170405  2.422 -100.35   44.02    13.3     0.6     6.9     5.8     0.0    21.12 C    27.6    -1.7     9.0    90.3    25.7    63.4   0.233   0.244   0.239   0.225   0.440     8.1     7.9     7.4     6.6     5.6
94085 20170406  2.422 -100.35   44.02    14.0    -3.0     5.5     5.6     0.0    24.13 C    34.2    -5.7    10.7    96.4    26.6    58.4   0.230   0.243   0.239   0.225   0.444     8.4     8.0     7.4     6.7     5.7
94085 20170407  2.422 -100.35   44.02    26.7     2.3    14.5    14.6     0.0    20.96 C    38.0     0.7    16.3    57.0    20.2    39.9   0.230   0.245   0.241   0.226   0.444    10.0     9.1     7.9     6.8     5.8
94085 20170408  2.422 -100.35   44.02    23.0    10.3    16.6    16.9     3.8    19.88 C    39.3     9.4    19.3    87.6    23.1    43.1   0.228   0.249   0.244   0.227   0.443    12.3    11.1     9.2     7.3     5.9
94085 20170409  2.422 -100.35   44.02    15.2     3.0     9.1    10.3    19.0    10.60 C    25.0     3.8    11.3    95.7    67.0    84.6   0.270   0.271   0.246   0.229   0.443    11.5    11.2    10.0     7.9     6.0
94085 20170410  2.422 -100.35   44.02     6.9    -2.7     2.1     0.5     3.4    14.52 C    11.0    -2.0     1.9    93.1    44.5    80.3   0.397   0.364   0.244   0.230   0.446     6.9     8.1     8.7     8.1     6.2
94085 20170411  2.422 -100.35   44.02    15.9    -3.6     6.1     7.3     0.0    23.44 C    25.3    -3.1     8.8    89.5    37.6    61.0   0.361   0.355   0.246   0.227   0.448     7.2     7.1     7.2     7.5     6.4
94085 20170412  2.422 -100.35   44.02    15.5     4.8    10.1     9.9     0.0    16.65 C    23.0     2.4    10.1    87.0    38.5    61.4   0.343   0.350   0.256   0.227   0.447     8.7     8.5     7.9     7.3     6.5
94085 20170413  2.422 -100.35   44.02    14.5     0.4     7.5     7.7     0.3    16.14 C    26.4    -0.2     9.8    98.7    65.7    87.9   0.331   0.345   0.260   0.226   0.446     8.6     8.4     8.0     7.4     6.5
94085 20170414  2.422 -100.35   44.02    25.6     7.8    16.7    15.8     0.0    16.94 C    34.7     6.3    17.2    95.8    43.6    75.9   0.327   0.344   0.265   0.227   0.445    11.4    10.2     8.7     7.5     6.5
94085 20170415  2.422 -100.35   44.02    18.2     5.9    12.0    11.4     2.9    16.39 C    29.2     2.4    12.3    83.1    33.1    58.8   0.315   0.344   0.271   0.229   0.445    11.8    11.3    10.0     8.1     6.6
94085 20170416  2.422 -100.35   44.02    17.8     2.5    10.1    10.5     0.0    22.76 C    35.8    -0.5    13.0    51.3    18.1    33.8   0.301   0.338   0.272   0.229   0.447    10.7    10.4     9.7     8.5     6.8
94085 20170417  2.422 -100.35   44.02    17.7    -1.7     8.0     9.4     2.2    20.79 C    28.9    -2.4    12.4    85.6    36.9    59.9   0.287   0.334   0.273   0.230   0.450    10.5    10.2     9.7     8.6     7.0
94085 20170418  2.422 -100.35   44.02    17.0     6.4    11.7    11.6     0.9    18.62 C    27.1     5.1    13.0    87.0    42.9    66.4   0.280   0.332   0.275   0.230   0.449    11.4    10.9     9.9     8.7     7.1
94085 20170419  2.422 -100.35   44.02     7.3     4.7     6.0     6.0    15.2     3.17 C     9.8     5.2     6.7    97.9    87.7    94.1   0.371   0.364   0.279   0.230   0.450     9.3     9.9     9.8     8.8     7.2
94085 20170420  2.422 -100.35   44.02    14.0     3.7     8.8     8.1     0.0    16.62 C    19.0     3.5     9.1    96.7    45.6    77.3   0.390   0.378   0.298   0.229   0.452     9.1     9.1     8.9     8.6     7.3
94085 20170421  2.422 -100.35   44.02    15.6     1.3     8.4     9.2     0.0    24.55 C    27.6     0.4    11.7    97.8    34.9    64.7   0.362   0.365   0.303   0.228   0.453    10.3     9.8     9.1     8.5     7.4
94085 20170422  2.422 -100.35   44.02    19.1     3.9    11.5    11.2     0.0    26.64 C    33.8     1.2    14.4    74.4    27.6    50.2   0.343   0.360   0.305   0.229   0.453    11.5    10.8     9.7     8.6     7.4
94085 20170423  2.422 -100.35   44.02    24.4     3.9    14.2    14.0     0.0    22.38 C    32.9     1.8    15.2    67.0    21.4    44.6   0.317   0.353   0.307   0.229   0.453    11.9    11.4    10.4     9.0     7.5
94085 20170424  2.422 -100.35   44.02    13.3     0.4     6.8     5.9     0.0    15.72 C    24.4     0.3     8.7    94.6    51.4    78.5   0.293   0.346   0.308   0.230   0.452    11.0    11.1    10.6     9.3     7.6
94085 20170425  2.422 -100.35   44.02     2.4    -1.3     0.6     0.4     1.1     3.93 C     3.8    -1.0     1.8    95.0    78.7    89.4   0.275   0.336   0.305   0.230   0.452     7.7     8.9     9.6     9.3     7.7
94085 20170426  2.422 -100.35   44.02     9.2    -3.7     2.8     1.9     0.0    17.62 C    20.8    -5.1     4.3    93.1    42.2    73.3   0.268   0.330   0.299   0.229   0.453     6.5     7.3     8.0     8.6     7.8
94085 20170427  2.422 -100.35   44.02     9.5    -5.8     1.9     2.2     0.0    22.89 C    28.6    -7.3     7.4    94.5    47.0    70.4   0.263   0.327   0.297   0.228   0.455     7.4     7.5     7.6     8.1     7.8
94085 20170428  2.422 -100.35   44.02    11.1    -2.4     4.3     4.3     0.0    20.29 C    22.9    -3.3     6.9    89.2    30.8    55.0   0.255   0.325   0.298   0.228   0.451     8.1     8.2     8.1     8.0     7.7
94085 20170429  2.422 -100.35   44.02    13.7     0.9     7.3     7.4     0.0    21.77 C    28.8     0.1    11.0    56.5    15.5    33.7   0.247   0.318   0.298   0.228   0.451     9.0     8.7     8.3     8.0     7.7
94085 20170430  2.422 -100.35   44.02    12.9    -0.5     6.2     6.7     0.0    14.86 C    18.9    -1.7     7.7    68.9    23.3    41.7   0.235   0.311   0.297   0.230   0.451     8.6     8.8     8.6     8.1     7.6
94085 20170501  2.422 -100.35   44.02    17.3     0.9     9.1     8.2     4.1    20.03 C    33.5    -0.6    10.0    85.4    21.8    54.2   0.229   0.301   0.296   0.230   0.452     8.8     8.8     8.5     8.1     7.6
94085 20170502  2.422 -100.35   44.02    17.2     2.4     9.8    10.2     0.5    25.26 C    30.5     1.6    12.8    90.9    27.9    60.6   0.227   0.295   0.296   0.229   0.451    10.1     9.6     8.8     8.2     7.6
94085 20170503  2.422 -100.35   44.02    17.3     6.2    11.8    11.0     0.0    24.62 C    31.2     4.7    13.9    87.4    31.3    58.8   0.224   0.289   0.297   0.230   0.452    11.4    10.8     9.7     8.5     7.6
94085 20170504  2.422 -100.35   44.02    20.6     4.8    12.7    13.6     0.0    28.09 C    38.8     2.6    17.6    64.3    24.2    40.2   0.220   0.281   0.296   0.232   0.452    12.6    11.6    10.3     8.9     7.7
94085 20170505  2.422 -100.35   44.02    26.7     6.0    16.3    18.1     0.0    27.93 C    44.0     3.6    21.3    66.5    18.6    37.1   0.215   0.271   0.296   0.232   0.452    14.5    13.2    11.4     9.4     7.8
94085 20170506  2.422 -100.35   44.02    27.7     8.3    18.0    18.7     0.0    27.95 C    40.9     4.9    21.8    58.3    20.7    36.1   0.204   0.257   0.297   0.235   0.456    15.5    14.3    12.5    10.1     8.1
94085 20170507  2.422 -100.35   44.02    32.0    11.4    21.7    22.0     0.0    26.76 C    42.9    10.0    24.6    65.2    21.2    41.3   0.192   0.242   0.296   0.236   0.456    16.6    15.3    13.3    10.8     8.3
94085 20170508  2.422 -100.35   44.02    21.9     8.8    15.4    16.7     5.4    23.07 C    28.8     7.1    17.3    81.6    31.9    57.7   0.180   0.230   0.296   0.236   0.455    16.0    15.5    14.0    11.4     8.5
94085 20170509  2.422 -100.35   44.02    14.6     6.9    10.7    11.5     0.2    10.13 C    27.5     5.8    12.8    76.3    50.5    64.4   0.173   0.220   0.293   0.238   0.458    13.6    13.7    13.2    11.7     8.8
94085 20170510  2.422 -100.35   44.02    20.3     8.5    14.4    13.0     4.3    21.87 C    31.5     6.0    15.7    96.8    35.4    66.9   0.173   0.217   0.292   0.237   0.458    14.2    13.8    12.8    11.5     9.1
94085 20170511  2.422 -100.35   44.02    21.4     4.5    12.9    13.5     0.0    23.99 C    38.2     3.0    17.3    71.4    26.3    47.9   0.173   0.214   0.290   0.237   0.458    14.4    13.9    12.9    11.5     9.2
94085 20170512  2.422 -100.35   44.02    26.2     6.7    16.4    17.4     0.0    28.70 C    40.6     5.7    20.9    75.7    23.8    44.9   0.174   0.210   0.288   0.237   0.458    15.7    14.8    13.5    11.7     9.4
94085 20170513  2.422 -100.35   44.02    28.4     8.5    18.4    19.2     0.0    27.71 C    39.5     6.9    22.0    71.3    26.2    44.6   0.171   0.205   0.285   0.237   0.456    16.4    15.5    14.0    12.0     9.5
94085 20170514  2.422 -100.35   44.02    24.0    13.3    18.7    18.5     0.0    27.19 C    38.7    12.7    22.4    77.3    27.6    52.0   0.167   0.200   0.284   0.236   0.456    17.3    16.3    14.7    12.4     9.7
94085 20170515  2.422 -100.35   44.02    23.7     9.8    16.7    16.7     9.8    22.40 C    32.0     9.5    18.8    93.3    39.9    67.6   0.195   0.196   0.281   0.237   0.456    16.8    16.2    14.9    12.8     9.9
94085 20170516  2.422 -100.35   44.02    21.8    13.1    17.4    17.1    12.2    22.77 C    30.2    13.0    19.0    96.0    51.9    74.4   0.293   0.236   0.281   0.238   0.457    17.3    16.7    15.2    13.1    10.1
94085 20170517  2.422 -100.35   44.02    13.4     8.9    11.2    10.6     3.9     2.24 C    13.0     8.5    11.1    95.6    72.4    87.2   0.295   0.243   0.281   0.239   0.455    14.3    15.0    14.9    13.3    10.3
94085 20170518  2.422 -100.35   44.02    14.9     5.1    10.0    10.1     0.0    19.99 C    23.2     5.8    11.8    83.2    43.1    61.1   0.293   0.239   0.276   0.239   0.457    12.4    13.0    13.3    12.9    10.6
94085 20170519  2.422 -100.35   44.02    11.6     5.6     8.6     8.1     3.3     9.77 C    17.5     6.1     9.2    93.7    47.2    69.3   0.274   0.236   0.274   0.237   0.460    11.4    12.2    12.6    12.4    10.6
94085 20170520  2.422 -100.35   44.02     7.8     1.2     4.5     5.6     1.3     7.06 C    10.3     1.2     6.6    92.4    58.8    75.1   0.267   0.234   0.270   0.237   0.459     9.8    10.9    11.6    11.9    10.6
94085 20170521  2.422 -100.35   44.02    20.5     1.3    10.9    10.8     0.0    28.92 C    27.9     0.8    12.9    91.3    24.9    59.8   0.256   0.232   0.267   0.236   0.457    10.9    10.9    10.8    11.3    10.6
94085 20170522  2.422 -100.35   44.02    15.7     6.4    11.0    10.9     1.9    16.46 C    23.4     5.4    12.1    89.2    48.2    69.2   0.238   0.228   0.268   0.235   0.455    11.9    12.0    11.6    11.1    10.4
94085 20170523  2.422 -100.35   44.02    14.7     6.2    10.5    10.1     0.0    15.58 C    27.3     3.1    11.8    80.2    49.0    64.1   0.223   0.223   0.267   0.235   0.457    11.6    11.8    11.6    11.2    10.4
94085 20170524  2.422 -100.35   44.02    19.9     5.0    12.4    12.9     0.0    29.73 C    32.7     1.7    16.0    81.7    35.3    58.0   0.212   0.218   0.266   0.235   0.457    12.5    12.1    11.5    11.1    10.3
94085 20170525  2.422 -100.35   44.02    23.1     9.8    16.4    16.1     0.0    20.52 C    37.1     8.7    18.3    76.4    23.0    50.9   0.198   0.213   0.266   0.234   0.453    14.1    13.5    12.4    11.3    10.3
94085 20170526  2.422 -100.35   44.02    21.4     6.4    13.9    15.3     0.0    26.49 C    33.6     6.1    18.6    81.2    28.6    48.0   0.182   0.205   0.264   0.234   0.450    15.1    14.4    13.1    11.7    10.3
94085 20170527  2.422 -100.35   44.02    23.3    11.0    17.1    16.2     2.3    22.70 C    35.3    10.5    19.0    88.2    24.8    55.4   0.172   0.200   0.262   0.234   0.451    16.0    15.3    13.8    12.1    10.4
94085 20170528  2.422 -100.35   44.02    24.8    10.0    17.4    16.6     0.0    24.42 C    38.1     8.8    19.0    72.9    19.3    47.3   0.163   0.193   0.259   0.233   0.448    16.0    15.4    14.2    12.5    10.5
94085 20170529  2.422 -100.35   44.02    20.9     7.2    14.1    13.7     0.0    23.30 C    31.7     5.0    15.6    68.7    25.3    46.2   0.154   0.185   0.255   0.232   0.446    15.1    15.0    14.2    12.8    10.7
94085 20170530  2.422 -100.35   44.02    22.4     7.2    14.8    15.0     0.0    30.10 C    39.1     5.0    19.1    59.8    20.0    39.1   0.149   0.180   0.250   0.230   0.447    15.4    15.0    14.0    12.8    10.8
94085 20170531  2.422 -100.35   44.02    24.0     6.5    15.2    15.8     0.0    29.63 C    42.8     3.8    21.0    79.3    27.1    47.6   0.145   0.176   0.247   0.228   0.445    16.4    15.6    14.4    12.9    10.9
94085 20170601  2.422 -100.35   44.02    29.6     8.4    19.0    19.7     0.0    28.92 C    44.5     8.2    24.5    89.7    34.4    60.1   0.142   0.174   0.244   0.227   0.443    18.0    16.8    15.1    13.2    11.1
94085 20170602  2.422 -100.35   44.02    35.0    15.9    25.4    23.5     2.4    25.39 C    48.3    14.8    27.3    94.3    20.2    60.2   0.140   0.173   0.243   0.226   0.440    20.2    18.6    16.3    13.7    11.2
94085 20170603  2.422 -100.35   44.02    29.7    14.4    22.0    22.5     0.0    26.76 C    46.1    13.3    25.4    88.0    21.2    48.2   0.136   0.171   0.241   0.226   0.438    20.1    19.0    17.1    14.4    11.4
94085 20170604  2.422 -100.35   44.02    31.7    14.7    23.2    24.3     0.0    30.26 C    50.1    10.9    27.9    60.3    16.7    32.0   0.134   0.168   0.238   0.224   0.435    20.6    19.3    17.4    14.9    11.6
94085 20170605  2.422 -100.35   44.02    33.6    13.8    23.7    24.6     0.0    28.14 C    54.1    12.5    29.4    57.4    21.4    37.1   0.131   0.166   0.235   0.223   0.434    21.5    20.1    18.0    15.3    11.9
94085 20170606  2.422 -100.35   44.02    23.7    15.9    19.8    19.5     0.5    13.46 C    32.2    15.0    21.0    82.7    39.2    59.2   0.125   0.163   0.235   0.225   0.431    20.2    19.8    18.4    15.8    12.1
94085 20170607  2.422 -100.35   44.02    29.8    14.0    21.9    22.1     0.0    28.70 C    49.2    10.7    26.9    68.1    28.0    47.4   0.125   0.161   0.231   0.223   0.432    20.5    19.4    17.8    15.9    12.4
94085 20170608  2.422 -100.35   44.02    32.1    14.3    23.2    22.5    11.7    23.66 C    50.7    13.9    25.9    76.2    29.9    52.2   0.129   0.161   0.231   0.222   0.431    21.4    20.3    18.5    16.0    12.6
94085 20170609  2.422 -100.35   44.02    37.0    14.4    25.7    25.9     0.0    28.74 C    42.3    14.4    26.6    92.8    18.9    51.3   0.144   0.163   0.232   0.221   0.429    21.6    20.5    18.8    16.4    12.8
94085 20170610  2.422 -100.35   44.02    30.7    17.5    24.1    24.4     0.0    29.44 C    47.7    17.5    29.0    68.7    25.5    44.2   0.145   0.165   0.234   0.221   0.429    22.4    21.2    19.3    16.6    13.0
94085 20170611  2.422 -100.35   44.02    28.5    14.9    21.7    21.3    41.2    28.22 C    34.0    11.3    22.9    95.0    38.6    62.9   0.419   0.408   0.290   0.217   0.430    20.2    19.9    19.1    16.9    13.3
94085 20170612  2.422 -100.35   44.02    27.8    13.2    20.5    21.1     0.0    23.81 C    34.2    12.7    22.2    84.9    35.0    54.5   0.353   0.373   0.281   0.217   0.432    20.4    20.0    19.0    16.9    13.5
94085 20170613  2.422 -100.35   44.02    27.1    13.9    20.5    20.0    31.9    24.67 C    33.7    13.3    21.6    96.9    29.8    70.0   0.454   0.443   0.330   0.214   0.436    20.9    20.5    19.2    17.1    13.6
94085 20170614  2.422 -100.35   44.02    26.8    10.0    18.4    19.2     3.3    28.47 C    30.9    10.8    19.7    84.2    28.9    51.8   0.392   0.403   0.341   0.213   0.436    19.8    19.8    19.0    17.3    13.8
94085 20170615  2.422 -100.35   44.02    28.3    11.2    19.8    21.0     0.0    28.65 C    34.2    11.3    21.7    85.4    24.7    50.8   0.367   0.385   0.335   0.212   0.438    20.3    19.9    18.8    17.2    13.9
94085 20170616  2.422 -100.35   44.02    25.0    15.7    20.3    20.9     0.0    18.36 C    32.9    15.1    21.5    72.1    31.3    50.6   0.326   0.365   0.330   0.213   0.439    20.3    20.2    19.2    17.3    14.1
94085 20170617  2.422 -100.35   44.02    21.9    13.0    17.4    17.5     4.8    19.95 C    28.7    12.5    18.1    92.7    43.4    69.7   0.301   0.347   0.324   0.214   0.441    19.4    19.6    18.9    17.4    14.2
94085 20170618  2.422 -100.35   44.02    24.4     9.1    16.8    17.8     0.0    23.19 C    31.8     9.2    18.4    87.1    28.0    52.2   0.285   0.332   0.315   0.215   0.442    18.1    18.4    18.1    17.2    14.3
94085 20170619  2.422 -100.35   44.02    26.8    13.3    20.0    20.2     0.0    28.97 C    38.9    11.9    22.1    62.3    26.5    44.3   0.262   0.314   0.305   0.215   0.441    19.3    18.9    18.0    16.9    14.4
94085 20170620  2.422 -100.35   44.02    27.3    13.0    20.1    20.6     0.0    28.85 C    38.9    13.0    23.6    65.5    32.2    45.6   0.234   0.295   0.298   0.217   0.440    20.5    19.7    18.6    17.0    14.4
94085 20170621  2.422 -100.35   44.02    31.5    14.2    22.9    23.0     6.0    27.74 C    40.1    14.1    25.2    86.5    37.7    62.0   0.221   0.278   0.293   0.219   0.442    21.5    20.6    19.2    17.2    14.5
94085 20170622  2.422 -100.35   44.02    24.5    13.8    19.1    18.6     0.0    23.48 C    36.4    14.0    21.9    87.2    32.1    56.4   0.203   0.264   0.289   0.222   0.443    20.8    20.7    19.6    17.6    14.6
94085 20170623  2.422 -100.35   44.02    20.6    11.0    15.8    15.4     0.0    26.58 C    31.8    10.0    18.4    69.2    25.1    45.6   0.189   0.248   0.282   0.223   0.441    18.9    19.3    19.0    17.7    14.7
94085 20170624  2.422 -100.35   44.02    22.3     7.3    14.8    15.3     0.0    30.31 C    33.2     7.0    18.1    62.3    21.9    41.8   0.179   0.233   0.273   0.223   0.440    18.1    18.3    18.1    17.4    14.8
94085 20170625  2.422 -100.35   44.02    25.5     7.4    16.4    16.6     0.0    28.79 C    40.3     6.3    20.5    71.5    21.2    44.8   0.174   0.224   0.266   0.223   0.441    18.7    18.5    17.9    17.1    14.9
94085 20170626  2.422 -100.35   44.02    23.2     7.7    15.4    15.9     0.0    30.68 C    39.6     6.7    21.2    83.3    29.8    52.2   0.168   0.215   0.261   0.223   0.440    19.6    19.1    18.2    17.0    14.9
94085 20170627  2.422 -100.35   44.02 -9999.0 -9999.0 -9999.0 -9999.0     0.3 -9999.00 U -9999.0 -9999.0 -9999.0 -9999.0 -9999.0 -9999.0 -99.000 -99.000 -99.000 -99.000 -99.000 -9999.0 -9999.0 -9999.0 -9999.0 -9999.0
94085 20170628  2.422 -100.35   44.02    28.2    16.6    22.4    22.4     0.2    27.69 C    43.9    14.8    26.4    79.6    25.2    49.4   0.156   0.204   0.255   0.222   0.433    21.5    20.6    19.1    17.4    14.9
94085 20170629  2.422 -100.35   44.02    22.5    12.3    17.4    17.2     0.0    12.97 C    36.5    10.9    19.3    87.5    34.7    61.5   0.147   0.198   0.253   0.224   0.433    20.0    20.1    19.3    17.7    15.0
94085 20170630  2.422 -100.35   44.02    24.2    12.7    18.5    17.7     0.0    26.39 C    36.6     9.1    21.0    87.7    31.9    58.1   0.144   0.194   0.249   0.223   0.432    19.6    19.4    18.8    17.6    15.1
94085 20170701  2.422 -100.35   44.02    31.3     9.2    20.3    21.6     0.0    29.17 C    47.8     6.7    25.8    70.6    15.2    39.1   0.142   0.191   0.246   0.222   0.431    20.5    19.8    18.8    17.5    15.2
94085 20170702  2.422 -100.35   44.02    30.1    11.8    21.0    22.1     0.0    27.89 C    44.8    11.3    26.4    83.6    30.7    49.8   0.140   0.190   0.244   0.221   0.430    21.9    21.0    19.5    17.7    15.2
94085 20170703  2.422 -100.35   44.02    34.3    16.5    25.4    25.1     0.0    25.25 C    49.4    16.5    30.1    82.4    22.5    51.4   0.138   0.188   0.243   0.221   0.428    23.1    21.9    20.2    18.1    15.3
94085 20170704  2.422 -100.35   44.02    36.7    15.2    26.0    27.0     0.0    28.23 C    54.2    14.7    32.5    72.3    19.1    41.4   0.137   0.187   0.242   0.221   0.427    24.4    23.0    21.0    18.5    15.4
94085 20170705  2.422 -100.35   44.02    39.4    18.5    29.0    28.4     3.8    27.47 C    55.4    17.3    33.6    84.1    13.1    46.9   0.134   0.187   0.241   0.220   0.424    25.7    24.2    21.9    19.0    15.6
94085 20170706  2.422 -100.35   44.02    34.8    18.6    26.7    26.1     0.0    24.24 C    43.1    16.3    27.2    77.5    22.3    46.8   0.130   0.183   0.240   0.221   0.424    23.9    23.5    22.2    19.6    15.8
94085 20170707  2.422 -100.35   44.02    32.7    16.7    24.7    24.8     0.0    27.32 C    50.3    15.4    30.3    65.8    17.8    39.3   0.132   0.180   0.236   0.221   0.424    23.8    23.0    21.7    19.7    16.0
94085 20170708  2.422 -100.35   44.02    32.7    14.0    23.4    24.2     0.0    28.46 C    50.4    13.9    29.4    82.9    18.8    46.1   0.132   0.179   0.236   0.220   0.423    24.2    23.4    21.9    19.8    16.2
94085 20170709  2.422 -100.35   44.02    40.0    16.6    28.3    28.8     0.0    26.86 C    56.7    15.3    32.5    79.9    12.8    42.1   0.131   0.179   0.235   0.219   0.422    25.1    23.9    22.3    20.0    16.4
94085 20170710  2.422 -100.35   44.02    32.4    15.5    24.0    24.2     0.0    21.88 C    52.0    15.6    29.0    95.1    20.7    53.1   0.129   0.178   0.235   0.219   0.421    25.0    24.2    22.7    20.3    16.6
94085 20170711  2.422 -100.35   44.02    36.9    17.9    27.4    28.2     0.0    25.72 C    53.5    17.9    32.8    86.6    17.8    45.6   0.128   0.178   0.234   0.219   0.419    26.0    24.7    22.9    20.5    16.7
94085 20170712  2.422 -100.35   44.02    29.7    17.3    23.5    23.3     0.0    19.57 C    43.0    17.1    27.6    81.6    33.1    55.2   0.125   0.177   0.235   0.220   0.420    25.2    24.6    23.2    20.8    16.9
94085 20170713  2.422 -100.35   44.02    30.8    12.9    21.8    21.4     0.0    27.22 C    49.6    13.2    28.3    91.4    31.5    58.6   0.122   0.175   0.233   0.220   0.419    24.8    24.0    22.9    20.9    17.1
94085 20170714  2.422 -100.35   44.02    38.1    15.3    26.7    26.8     0.0    27.53 C    56.8    15.5    33.0    84.9    17.2    48.7   0.122   0.175   0.233   0.219   0.418    25.9    24.7    23.1    20.9    17.3
94085 20170715  2.422 -100.35   44.02    35.4    20.2    27.8    28.1     0.0    27.65 C    53.0    19.5    33.0    84.3    24.9    46.2   0.122   0.177   0.234   0.219   0.416    27.2    25.8    23.8    21.2    17.4
94085 20170716  2.422 -100.35   44.02    39.5    17.0    28.2    27.7     0.0    27.33 C    54.8    17.0    32.5    86.6    14.0    46.7   0.119   0.175   0.235   0.220   0.415    27.0    25.8    24.2    21.5    17.6
94085 20170717  2.422 -100.35   44.02    38.9    19.5    29.2    28.9     0.0    26.37 C    56.5    18.6    34.2    69.0    19.3    44.8   0.119   0.175   0.235   0.220   0.414    27.8    26.4    24.5    21.8    17.7
94085 20170718  2.422 -100.35   44.02    30.4    17.3    23.9    24.1     0.0    22.95 C    47.7    18.3    29.2    87.6    34.1    58.9   0.115   0.174   0.236   0.221   0.416    27.1    26.3    24.8    22.2    17.9
94085 20170719  2.422 -100.35   44.02    36.3    17.8    27.1    26.9     0.0    24.30 C    52.6    18.0    31.9    95.2    35.2    66.4   0.115   0.173   0.236   0.221   0.416    27.3    26.2    24.6    22.2    18.1
94085 20170720  2.422 -100.35   44.02    35.9    21.1    28.5    27.6     0.0    24.07 C    51.8    21.8    33.0    93.9    32.4    62.9   0.115   0.173   0.237   0.222   0.415    28.2    26.9    25.1    22.4    18.3
94085 20170721  2.422 -100.35   44.02    37.0    21.5    29.3    28.3     0.0    22.47 C    56.0    21.7    34.1    95.3    29.3    62.5   0.115   0.172   0.238   0.222   0.415    28.6    27.2    25.4    22.7    18.5
94085 20170722  2.422 -100.35   44.02    35.1    17.8    26.4    26.3     0.0    24.33 C    51.9    16.6    30.7    93.7    15.1    46.8   0.113   0.171   0.238   0.223   0.414    27.9    27.1    25.6    23.0    18.7
94085 20170723  2.422 -100.35   44.02    31.9    14.0    22.9    23.6     0.0    26.25 C    50.1    12.9    29.5    75.0    22.3    44.2   0.110   0.168   0.237   0.223   0.415    27.1    26.3    25.1    23.0    18.8
94085 20170724  2.422 -100.35   44.02    38.8    16.7    27.7    25.9     5.6    18.81 C    51.2    16.9    27.3    78.2    14.5    51.9   0.108   0.166   0.236   0.224   0.420    26.2    25.7    24.9    22.9    19.0
94085 20170725  2.422 -100.35   44.02    34.5    18.2    26.4    26.8     0.0    19.01 C    48.6    17.4    28.3    81.6    33.2    58.4   0.111   0.164   0.235   0.223   0.417    25.6    25.1    24.3    22.8    19.1
94085 20170726  2.422 -100.35   44.02    31.6    18.7    25.1    24.5     0.0    23.67 C    45.7    16.7    28.7    93.8    25.8    60.0   0.116   0.164   0.235   0.223   0.416    25.7    25.2    24.2    22.6    19.2
94085 20170727  2.422 -100.35   44.02    31.1    16.2    23.6    23.8     0.0    20.28 C    48.1    14.0    27.7    80.7    29.9    51.5   0.116   0.163   0.234   0.223   0.416    25.3    24.9    24.1    22.5    19.2
94085 20170728  2.422 -100.35   44.02    32.0    18.3    25.1    24.0     0.0    19.93 C    48.1    18.2    27.8    85.9    30.4    58.4   0.116   0.163   0.234   0.222   0.416    25.4    24.9    24.0    22.4    19.2
94085 20170729  2.422 -100.35   44.02    33.9    16.5    25.2    24.1     0.0    21.36 C    50.8    16.4    28.6    93.6    34.8    66.3   0.115   0.163   0.233   0.222   0.416    25.7    25.0    24.0    22.3    19.3
94085 20170730  2.422 -100.35   44.02    30.6    18.2    24.4    23.2     5.1    18.66 C    38.3    17.6    25.1    96.1    45.6    73.9   0.112   0.162   0.233   0.221   0.416    25.0    24.8    24.0    22.4    19.3
94085 20170731  2.422 -100.35   44.02    33.3    16.3    24.8    24.4     0.0    25.95 C    50.9    15.7    29.2    96.7    25.4    63.4   0.116   0.162   0.232   0.222   0.416    25.1    24.5    23.7    22.3    19.3
94085 20170801  2.422 -100.35   44.02    30.4    16.6    23.5    23.0     3.0    19.26 C    39.6    15.1    23.6    88.4    22.4    58.3   0.116   0.161   0.232   0.221   0.418    24.0    24.1    23.6    22.2    19.4
94085 20170802  2.422 -100.35   44.02    26.8    14.5    20.7    19.2     1.6    11.68 C    38.0    13.9    20.3    89.4    46.5    73.0   0.114   0.157   0.229   0.221   0.416    22.2    22.6    22.7    22.0    19.4
94085 20170803  2.422 -100.35   44.02    22.0    11.3    16.7    15.6     0.0    15.51 C    35.4     9.2    17.4    93.0    38.2    69.8   0.113   0.155   0.227   0.220   0.419    20.4    21.3    21.7    21.5    19.4
94085 20170804  2.422 -100.35   44.02    27.6    10.6    19.1    19.2     0.0    22.63 C    43.7     7.8    22.5    81.6    30.2    52.5   0.114   0.155   0.225   0.218   0.416    20.6    20.7    20.9    20.9    19.2
94085 20170805  2.422 -100.35   44.02    21.7    13.9    17.8    17.2    31.0    11.54 C    28.3    14.1    18.5    96.5    59.5    78.5   0.377   0.356   0.272   0.217   0.416    19.9    20.4    20.7    20.5    19.1
94085 20170806  2.422 -100.35   44.02    23.1    11.4    17.3    16.5     2.6    12.47 C    33.0    11.8    17.9    98.6    47.4    83.0   0.380   0.368   0.272   0.215   0.417    19.5    19.9    20.2    20.2    19.0
94085 20170807  2.422 -100.35   44.02    25.4    13.4    19.4    18.3     1.4    20.56 C    35.8    13.4    20.9    98.6    36.6    71.4   0.381   0.362   0.270   0.214   0.416    20.4    20.4    20.1    19.9    18.8
94085 20170808  2.422 -100.35   44.02    30.3    11.5    20.9    20.4     0.0    19.80 C    39.6    11.4    22.1    92.9    28.8    63.9   0.361   0.351   0.271   0.213   0.417    20.5    20.5    20.3    19.8    18.7
94085 20170809  2.422 -100.35   44.02    27.9    14.1    21.0    20.7     0.0    24.21 C    37.6    13.5    23.3    94.2    29.1    58.6   0.345   0.341   0.269   0.214   0.418    21.2    21.2    20.6    19.8    18.6
94085 20170810  2.422 -100.35   44.02    24.3    11.7    18.0    17.5     0.0    15.40 C    38.0    11.7    20.1    91.3    37.0    66.3   0.324   0.330   0.268   0.214   0.417    20.3    20.7    20.6    19.9    18.4
94085 20170811  2.422 -100.35   44.02    28.3    12.0    20.1    20.4     0.0    23.60 C    45.7    10.3    24.2    88.7    30.1    56.2   0.310   0.322   0.267   0.215   0.415    20.9    20.7    20.3    19.7    18.4
94085 20170812  2.422 -100.35   44.02    29.2    14.7    22.0    19.9     8.0    18.38 C    42.6    14.3    21.9    92.7    39.1    72.2   0.306   0.318   0.266   0.215   0.415    21.2    21.2    20.8    19.8    18.3
94085 20170813  2.422 -100.35   44.02    26.1    13.3    19.7    18.7     0.6    19.09 C    35.3    13.6    20.8    97.8    38.8    74.6   0.313   0.315   0.265   0.215   0.414    20.8    20.9    20.6    19.8    18.3
94085 20170814  2.422 -100.35   44.02    26.2    11.7    19.0    18.9     0.8    21.30 C    37.2    10.7    21.7    97.0    37.0    70.0   0.302   0.309   0.263   0.215   0.415    20.5    20.6    20.4    19.7    18.2
94085 20170815  2.422 -100.35   44.02    27.8    15.8    21.8    20.4     1.9    15.54 C    36.1    15.7    22.4    97.0    52.1    81.8   0.295   0.304   0.263   0.216   0.415    21.1    21.0    20.5    19.7    18.2
94085 20170816  2.422 -100.35   44.02    21.0    15.3    18.2    18.0    18.2     5.44 C    21.2    13.3    17.8    97.8    55.0    83.8   0.401   0.346   0.265   0.215   0.416    20.0    20.5    20.5    19.8    18.2
94085 20170817  2.422 -100.35   44.02    31.6    13.9    22.7    22.3     0.0    22.70 C    34.5    11.5    22.2    82.0    30.9    50.3   0.395   0.344   0.262   0.214   0.414    19.8    19.8    19.6    19.4    18.2
94085 20170818  2.422 -100.35   44.02    28.0    12.7    20.4    20.3     0.0    23.22 C    36.8    11.6    22.2    95.7    29.6    61.0   0.364   0.337   0.263   0.213   0.414    20.7    20.6    20.1    19.4    18.2
94085 20170819  2.422 -100.35   44.02    33.6    13.9    23.7    23.3     0.0    23.16 C    42.7    13.3    25.4    94.4    30.7    65.2   0.340   0.331   0.264   0.213   0.414    21.5    21.1    20.4    19.5    18.1
94085 20170820  2.422 -100.35   44.02    26.3    15.4    20.9    20.7     0.0    20.81 C    38.7    14.6    23.5    94.4    39.4    60.5   0.317   0.327   0.266   0.214   0.414    22.1    21.9    21.1    19.7    18.1
94085 20170821  2.422 -100.35   44.02    26.4    13.9    20.1    18.2    20.8    12.46 C    27.6    12.5    18.1    95.4    33.6    72.8   0.383   0.346   0.285   0.213   0.413    20.1    20.7    20.7    19.9    18.1
94085 20170822  2.422 -100.35   44.02    26.9    11.4    19.2    18.8     0.0    23.17 C    32.7     9.4    19.6    76.6    25.6    50.8   0.391   0.341   0.293   0.210   0.413    19.5    19.7    19.8    19.6    18.1
94085 20170823  2.422 -100.35   44.02    30.6    11.3    21.0    21.0     0.0    22.50 C    38.3    11.3    23.0    88.8    38.1    64.2   0.363   0.334   0.296   0.208   0.413    20.4    20.2    19.8    19.3    18.1
94085 20170824  2.422 -100.35   44.02    26.9    14.0    20.4    19.4     0.0    20.75 C    34.3    14.1    21.5    98.2    45.4    76.8   0.340   0.330   0.301   0.208   0.413    21.0    21.0    20.4    19.4    18.0
94085 20170825  2.422 -100.35   44.02    27.2    14.2    20.7    19.1     0.0    15.07 C    38.5    13.7    21.3    98.9    56.1    82.9   0.319   0.325   0.302   0.208   0.413    21.1    21.0    20.5    19.6    18.0
94085 20170826  2.422 -100.35   44.02    28.8    12.5    20.6    19.8     7.2    18.86 C    38.8    12.0    22.3    96.9    41.9    76.5   0.301   0.321   0.302   0.209   0.413    21.2    21.1    20.5    19.6    18.0
94085 20170827  2.422 -100.35   44.02    28.1    14.2    21.1    20.9     0.0    22.22 C    33.8    13.5    21.7    94.2    28.8    62.4   0.308   0.318   0.304   0.209   0.413    21.2    21.1    20.6    19.7    18.0
94085 20170828  2.422 -100.35   44.02    29.4    13.2    21.3    20.9     0.0    22.03 C    35.5    11.6    21.6    82.7    30.9    58.1   0.285   0.313   0.303   0.209   0.413    20.6    20.7    20.4    19.7    18.0
94085 20170829  2.422 -100.35   44.02    30.7    13.9    22.3    21.6     0.0    19.64 C    36.8    13.4    22.8    89.4    40.1    66.0   0.266   0.308   0.302   0.209   0.413    21.0    20.9    20.4    19.6    18.1
94085 20170830  2.422 -100.35   44.02    29.3    13.6    21.4    21.1     0.0    20.92 C    38.5    13.2    23.5    97.7    46.7    73.3   0.314   0.333   0.316   0.212   0.414    21.9    21.6    20.8    19.6    18.1
94085 20170831  2.422 -100.35   44.02    25.3    16.3    20.8    20.1     0.4     6.47 C    27.6    16.0    20.1    96.1    57.1    81.3   0.341   0.349   0.324   0.215   0.415    21.0    21.2    20.9    19.9    18.1
94085 20170901  2.422 -100.35   44.02    29.8    17.7    23.7    22.2     0.6    15.16 C    35.7    16.7    22.9    91.9    39.0    72.1   0.340   0.346   0.324   0.215   0.415    21.4    21.1    20.6    19.7    18.1
94085 20170902  2.422 -100.35   44.02    29.2    14.8    22.0    21.4     0.0    19.49 C    38.8    13.6    23.4    91.8    31.6    60.6   0.333   0.345   0.324   0.215   0.416    21.9    21.6    20.9    19.8    18.1
94085 20170903  2.422 -100.35   44.02    35.6    14.8    25.2    24.2     0.0    18.58 C    42.5    13.2    25.0    82.3    15.6    48.6   0.312   0.341   0.325   0.216   0.416    22.1    21.9    21.1    19.9    18.1
94085 20170904  2.422 -100.35   44.02    23.4    11.0    17.2    17.0     0.0    13.07 C    28.6     9.2    17.1    76.5    24.8    48.2   0.282   0.333   0.322   0.217   0.417    20.0    20.6    20.8    20.0    18.2
94085 20170905  2.422 -100.35   44.02    21.4     7.1    14.2    14.3     0.0    20.53 C    30.0     5.5    15.4    65.1    24.1    42.5   0.259   0.324   0.317   0.216   0.416    18.1    18.8    19.3    19.5    18.2
94085 20170906  2.422 -100.35   44.02    23.1     7.0    15.1    15.2     0.0    21.11 C    36.6     3.7    17.3    69.1    18.7    43.4   0.241   0.320   0.314   0.214   0.416    18.2    18.5    18.6    18.9    18.2
94085 20170907  2.422 -100.35   44.02    29.6     9.2    19.4    19.5     0.0    21.14 C    42.1     7.5    21.4    63.8    16.1    36.7   0.229   0.316   0.313   0.214   0.416    19.3    19.2    18.8    18.7    18.0
94085 20170908  2.422 -100.35   44.02    29.1    10.2    19.7    20.9     0.0    20.00 C    38.4     8.9    22.1    77.4    31.8    47.6   0.219   0.313   0.314   0.215   0.416    19.8    19.7    19.2    18.7    17.9
94085 20170909  2.422 -100.35   44.02    28.4    14.3    21.4    21.1     0.0    19.53 C    37.7    13.4    23.3    94.6    34.8    65.8   0.213   0.312   0.315   0.216   0.430    21.0    20.7    19.9    18.8    17.9
94085 20170910  2.422 -100.35   44.02    31.3    12.4    21.9    21.3     0.0    18.31 C    40.5    11.1    23.8    90.6    34.0    64.5   0.207   0.308   0.314   0.215   0.420    21.4    21.0    20.2    19.1    17.8
94085 20170911  2.422 -100.35   44.02    31.9    16.4    24.1    23.0     0.0    16.63 C    41.1    15.4    25.2    90.3    32.3    64.5   0.202   0.305   0.315   0.216   0.430    22.3    21.8    20.8    19.3    17.9
94085 20170912  2.422 -100.35   44.02    37.1    15.6    26.3    25.3     0.0    18.55 C    45.1    13.8    27.5    94.7    19.2    56.5   0.198   0.301   0.315   0.217   0.430    22.9    22.3    21.2    19.6    18.0
94085 20170913  2.422 -100.35   44.02    33.7    16.3    25.0    25.2     0.0    18.62 C    44.9    14.0    27.2    70.1    23.1    45.5   0.192   0.298   0.313   0.218   0.430    23.5    23.0    21.8    20.0    18.0
94085 20170914  2.422 -100.35   44.02    28.8    16.0    22.4    21.7     0.0    18.05 C    38.3    16.1    24.1    90.6    42.1    65.8   0.186   0.293   0.311   0.220   0.430    23.0    22.8    21.9    20.3    18.1
94085 20170915  2.422 -100.35   44.02    16.5    10.0    13.3    13.5    10.0     2.31 C    17.3     9.8    14.3    97.8    88.0    95.1   0.196   0.284   0.306   0.220   0.433    19.5    20.5    21.0    20.3    18.3
94085 20170916  2.422 -100.35   44.02    14.5     7.4    10.9     9.7     3.4     7.96 C    17.6     6.5    10.1    94.8    53.7    77.6   0.240   0.272   0.298   0.218   0.434    15.8    17.2    18.6    19.5    18.3
94085 20170917  2.422 -100.35   44.02    18.5     3.0    10.7    10.8     0.0    15.99 C    23.6     2.6    12.2    90.7    48.8    71.2   0.257   0.266   0.290   0.215   0.435    14.6    15.6    16.8    18.4    18.3
94085 20170918  2.422 -100.35   44.02    25.0     8.3    16.7    17.2     0.0    18.62 C    33.4     7.5    18.6    93.1    40.6    67.5   0.261   0.268   0.288   0.213   0.430    16.9    16.9    16.9    17.7    18.1
94085 20170919  2.422 -100.35   44.02    27.3    11.8    19.5    19.0     0.0     9.75 C    30.5    11.4    18.9    95.2    36.8    71.7   0.259   0.270   0.290   0.213   0.431    17.9    18.0    17.7    17.6    17.9
94085 20170920  2.422 -100.35   44.02    24.1     5.3    14.7    14.6     0.0    19.26 C    30.0     4.3    15.6    88.6    12.7    50.0   0.248   0.267   0.287   0.213   0.431    16.7    17.2    17.5    17.7    17.6
94085 20170921  2.422 -100.35   44.02    31.1     9.3    20.2    20.4     0.0    18.04 C    36.8     7.9    20.7    74.3    28.7    53.5   0.240   0.266   0.284   0.213   0.429    17.2    17.3    17.2    17.4    17.5
94085 20170922  2.422 -100.35   44.02    20.6     9.5    15.1    16.0     0.3    16.40 C    28.3     9.7    17.4    95.9    52.7    72.7   0.230   0.267   0.285   0.213   0.430    18.2    18.2    17.9    17.4    17.3
94085 20170923  2.422 -100.35   44.02     9.9     8.2     9.1     9.3    31.8     1.08 C    10.9     8.6     9.8    98.2    85.1    95.4   0.317   0.286   0.301   0.213   0.430    14.4    15.6    16.8    17.4    17.3
94085 20170924  2.422 -100.35   44.02    12.7     8.7    10.7    10.6    15.8     4.60 C    14.3     9.0    10.9    97.5    71.9    88.0   0.462   0.403   0.378   0.204   0.430    13.3    14.2    15.2    16.6    17.2
94085 20170925  2.422 -100.35   44.02    11.7     7.5     9.6     9.1     0.0     4.47 C    14.4     7.6     9.8    95.7    67.2    85.3   0.419   0.397   0.387   0.198   0.429    12.8    13.6    14.5    15.9    17.0
94085 20170926  2.422 -100.35   44.02    19.2     4.1    11.7    11.1     0.0    16.19 C    26.7     3.6    12.3    97.2    35.7    73.2   0.407   0.389   0.387   0.198   0.431    13.4    13.7    14.2    15.4    16.7
94085 20170927  2.422 -100.35   44.02    21.1     5.3    13.2    13.4     0.0    17.32 C    27.1     4.9    13.7    88.9    28.8    59.4   0.394   0.385   0.386   0.199   0.427    13.9    14.2    14.4    15.2    16.4
94085 20170928  2.422 -100.35   44.02    24.3     9.5    16.9    16.3     0.0    16.77 C    29.6     7.6    15.6    80.7    23.1    49.2   0.380   0.380   0.384   0.200   0.424    14.4    14.6    14.6    15.1    16.2
94085 20170929  2.422 -100.35   44.02    20.6     7.2    13.9    14.1     0.0    13.99 C    25.9     6.5    14.6    89.8    46.8    67.0   0.366   0.375   0.384   0.200   0.428    14.4    14.7    14.8    15.1    16.0
94085 20170930  2.422 -100.35   44.02    23.4    13.8    18.6    17.2     0.0    11.77 C    26.5    12.8    17.3    89.0    48.4    70.7   0.354   0.373   0.383   0.202   0.425    15.5    15.5    15.2    15.2    15.9
94085 20171001  2.422 -100.35   44.02    23.0    10.5    16.8    16.3     0.9    14.43 C    28.2     9.5    16.7    94.4    38.3    69.4   0.340   0.370   0.382   0.203   0.424    16.2    16.1    15.7    15.4    15.8
94085 20171002  2.422 -100.35   44.02    11.5     8.3     9.9     9.9     3.0     3.46 C    13.3     8.1    10.2    95.7    75.9    86.8   0.317   0.363   0.379   0.205   0.424    14.1    14.8    15.3    15.5    15.6
94085 20171003  2.422 -100.35   44.02    14.7     3.7     9.2     9.3     1.3    13.58 C    19.0     2.7    10.2    95.3    38.9    67.5   0.313   0.359   0.377   0.204   0.424    13.2    13.9    14.4    15.2    15.6
94085 20171004  2.422 -100.35   44.02    13.4    -1.0     6.2     7.7     0.0    10.80 C    21.1    -1.0     9.0    87.8    47.6    67.1   0.304   0.353   0.372   0.204   0.424    11.7    12.6    13.5    14.7    15.6
94085 20171005  2.422 -100.35   44.02    19.7     9.7    14.7    13.7     0.0    10.59 C    24.7     7.3    14.0    85.5    47.2    69.4   0.305   0.353   0.372   0.204   0.423    13.4    13.5    13.6    14.3    15.4
94085 20171006  2.422 -100.35   44.02    17.3     8.1    12.7    12.2     0.0     9.47 C    25.1     6.9    13.0    96.5    52.5    78.9   0.300   0.352   0.372   0.208   0.423    13.6    13.8    13.9    14.3    15.3
94085 20171007  2.422 -100.35   44.02    24.9     6.7    15.8    14.6     0.0    15.50 C    28.5     6.0    14.2    96.9    18.7    60.9   0.291   0.348   0.371   0.210   0.422    13.6    13.8    13.9    14.3    15.2
94085 20171008  2.422 -100.35   44.02    15.9     5.8    10.8    10.9     0.0    13.79 C    21.4     4.6    11.3    76.1    23.8    48.8   0.273   0.341   0.366   0.211   0.423    12.8    13.4    13.8    14.3    15.0
94085 20171009  2.422 -100.35   44.02     9.4    -0.1     4.7     5.9     0.0    10.36 C    14.1    -2.3     5.6    64.6    29.1    45.9   0.250   0.332   0.363   0.211   0.422    11.0    12.1    13.1    14.0    14.9
94085 20171010  2.422 -100.35   44.02    14.9    -4.0     5.4     5.6     0.0    15.26 C    21.7    -4.2     6.3    82.2    23.2    50.9   0.233   0.322   0.359   0.209   0.420     9.5    10.5    11.8    13.5    14.8
94085 20171011  2.422 -100.35   44.02    22.3    -1.3    10.5    10.1     0.0    13.42 C    24.6    -2.0     9.7    83.8    27.0    55.3   0.225   0.317   0.355   0.209   0.418     9.8    10.5    11.3    12.9    14.6
94085 20171012  2.422 -100.35   44.02    18.3     5.0    11.7    11.3     0.0    13.87 C    21.9     4.1    11.3    85.8    32.6    55.9   0.219   0.314   0.353   0.208   0.420    11.2    11.5    11.8    12.6    14.4
94085 20171013  2.422 -100.35   44.02    15.6     3.3     9.5     8.6     0.0    12.56 C    20.8     1.1     9.2    71.7    25.9    50.2   0.209   0.308   0.351   0.209   0.416    10.8    11.3    11.8    12.6    14.2
94085 20171014  2.422 -100.35   44.02     7.9     1.6     4.8     4.9     6.0     2.92 C     9.5     1.0     4.5    96.7    67.3    82.6   0.201   0.307   0.349   0.210   0.415     9.3    10.3    11.4    12.5    14.0
94085 20171015  2.422 -100.35   44.02    15.5    -1.4     7.0     7.1     0.0    14.03 C    16.3    -1.7     6.0    90.0    27.4    57.7   0.198   0.303   0.345   0.208   0.417     8.1     9.0    10.3    12.0    13.9
94085 20171016  2.422 -100.35   44.02    23.4     2.0    12.7    12.8     0.0    13.39 C    24.9     0.4    10.6    72.6    18.1    42.7   0.200   0.297   0.342   0.208   0.413     8.9     9.4    10.0    11.6    13.7
94085 20171017  2.422 -100.35   44.02    25.8     6.2    16.0    15.5     0.0    13.72 C    28.7     3.9    13.1    60.3    16.9    36.9   0.203   0.294   0.341   0.209   0.416    10.4    10.6    10.6    11.5    13.5
94085 20171018  2.422 -100.35   44.02    17.8     3.8    10.8    12.4     0.0    13.15 C    23.1     2.6    11.3    64.2    16.3    33.5   0.201   0.287   0.339   0.208   0.418    10.4    10.8    11.0    11.6    13.3
94085 20171019  2.422 -100.35   44.02    29.1     3.3    16.2    16.1     0.0    13.09 C    30.0     2.3    14.5    70.3    11.9    43.2   0.198   0.282   0.335   0.210   0.411    10.8    10.9    11.0    11.6    13.1
94085 20171020  2.422 -100.35   44.02    27.2    12.3    19.7    17.8     0.0    10.52 C    30.6    10.1    16.5    73.6    32.6    54.9   0.198   0.279   0.334   0.211   0.410    12.6    12.3    11.8    11.8    13.1
94085 20171021  2.422 -100.35   44.02    17.6     6.0    11.8    10.9     2.8     5.19 C    15.9     3.6     9.8    86.4    35.0    54.6   0.193   0.274   0.333   0.212   0.413    11.7    12.2    12.3    12.2    13.0
94085 20171022  2.422 -100.35   44.02    20.8     0.1    10.4     9.8     0.0    12.39 C    21.8    -1.5     8.5    68.9    18.3    44.2   0.184   0.266   0.327   0.212   0.413     9.5    10.3    11.1    12.1    13.0
94085 20171023  2.422 -100.35   44.02    15.6     5.7    10.7    10.9     0.0    10.04 C    18.0     4.1    10.1    67.4    25.9    42.3   0.183   0.262   0.323   0.212   0.414    10.0    10.5    10.9    11.8    13.0
94085 20171024  2.422 -100.35   44.02    14.4     1.2     7.8     7.4     0.0    12.39 C    16.2     0.2     6.9    72.0    20.8    46.5   0.176   0.255   0.318   0.213   0.414     8.8     9.6    10.5    11.5    12.9
94085 20171025  2.422 -100.35   44.02    23.4     7.3    15.4    14.2     0.0    12.29 C    25.9     5.4    12.5    47.5    14.8    31.5   0.175   0.252   0.312   0.211   0.410     9.7    10.0    10.3    11.2    12.8
94085 20171026  2.422 -100.35   44.02    15.4    -3.0     6.2     4.8     0.0     1.86 C    12.8    -2.6     4.7    63.8    22.3    51.0   0.170   0.247   0.309   0.211   0.408     8.7     9.7    10.5    11.2    12.7
94085 20171027  2.422 -100.35   44.02     5.5    -6.8    -0.7    -1.5     0.0    10.62 C     8.6    -7.1    -1.4    80.6    17.4    47.7   0.161   0.239   0.303   0.211   0.411     5.5     7.1     8.9    10.8    12.5
94085 20171028  2.422 -100.35   44.02    10.7    -5.4     2.6     2.7     0.0    11.23 C    14.9    -8.0     1.9    49.8    26.0    36.1   0.158   0.234   0.298   0.209   0.413     4.9     6.1     7.7    10.0    12.4
94085 20171029  2.422 -100.35   44.02    12.8     3.1     8.0     8.3     0.0     3.99 C    14.7     1.7     7.5    60.6    36.1    47.2   0.158   0.236   0.296   0.208   0.408     6.8     7.3     7.9     9.5    12.1
94085 20171030  2.422 -100.35   44.02     3.1    -5.6    -1.3    -0.6     0.0     3.15 C     3.0    -7.5    -0.5    63.5    42.7    51.6   0.153   0.232   0.294   0.207   0.409     5.3     6.5     7.8     9.4    11.9
94085 20171031  2.422 -100.35   44.02     7.3   -11.2    -1.9    -1.7     0.0     9.61 C    12.3   -12.3    -1.2    83.4    32.8    64.0   0.151   0.227   0.289   0.207   0.407     3.8     5.1     6.7     9.0    11.7
94085 20171101  2.422 -100.35   44.02    10.5    -2.4     4.1     4.5     0.0     3.69 C    13.7    -2.7     4.7    81.7    54.4    66.8   0.149   0.229   0.288   0.205   0.407     5.4     5.9     6.7     8.5    11.4
94085 20171102  2.422 -100.35   44.02     3.8    -1.5     1.2     1.1     0.0     1.92 C     5.7    -1.6     1.5    80.6    62.3    71.3   0.148   0.228   0.289   0.206   0.406     5.3     6.2     7.0     8.5    11.2
94085 20171103  2.422 -100.35   44.02     3.5    -2.3     0.6     0.3     0.4     2.57 C     4.9    -1.9     0.7    84.4    64.2    71.6   0.144   0.225   0.285   0.205   0.406     4.3     5.4     6.6     8.3    11.0
94085 20171104  2.422 -100.35   44.02     6.5    -1.9     2.3     2.2     1.3     5.77 C     9.8    -2.3     2.6    93.7    66.9    77.0   0.144   0.224   0.283   0.204   0.404     4.9     5.6     6.4     8.1    10.8
94085 20171105  2.422 -100.35   44.02     0.4    -7.0    -3.3    -3.7     0.0    10.34 C     5.9    -7.7    -2.9    82.1    49.8    71.2   0.142   0.223   0.281   0.205   0.402     4.1     5.2     6.3     7.9    10.6
94085 20171106  2.422 -100.35   44.02     0.7    -6.1    -2.7    -2.0     1.2     4.24 C     3.9    -6.4    -1.4    95.9    77.6    86.9   0.140   0.220   0.279   0.204   0.402     3.2     4.3     5.6     7.7    10.4
94085 20171107  2.422 -100.35   44.02     1.0    -6.3    -2.6    -4.0     0.3     5.72 C     5.8    -7.0    -2.9    93.7    63.0    84.3   0.141   0.220   0.278   0.203   0.405     3.1     4.2     5.4     7.3    10.2
94085 20171108  2.422 -100.35   44.02     7.4    -7.1     0.1    -1.9     0.0     8.34 C    13.7    -7.7    -1.2    88.2    39.2    73.5   0.145   0.216   0.276   0.202   0.401     2.3     3.4     4.8     7.0    10.0
94085 20171109  2.422 -100.35   44.02    -4.1    -9.8    -6.9    -7.4     0.3     4.91 C     3.6    -9.2    -5.5    86.9    55.8    74.9   0.148   0.214   0.274   0.201   0.399     1.6     3.0     4.5     6.7     9.8
94085 20171110  2.422 -100.35   44.02     6.9    -7.9    -0.5    -2.0     0.0     6.82 C     8.3    -8.6    -2.2    87.5    46.1    65.0   0.154   0.210   0.272   0.200   0.398     0.8     2.1     3.7     6.2     9.6
94085 20171111  2.422 -100.35   44.02     8.9    -4.7     2.1     2.0     0.0     7.52 C    13.4    -5.7     1.8    95.6    45.5    71.7   0.143   0.212   0.271   0.199   0.398     2.2     2.8     3.7     5.9     9.4
94085 20171112  2.422 -100.35   44.02    12.8    -3.7     4.6     4.0     0.0     9.26 C    14.7    -6.0     2.6    90.4    37.3    67.0   0.144   0.215   0.271   0.200   0.396     3.2     3.6     4.2     5.8     9.1
94085 20171113  2.422 -100.35   44.02    14.9     0.9     7.9     6.7     0.0     8.92 C    19.8    -1.0     5.2    88.8    28.4    61.2   0.143   0.216   0.273   0.199   0.396     4.2     4.4     4.7     5.9     8.9
94085 20171114  2.422 -100.35   44.02    14.6    -0.6     7.0     6.0     0.0     5.67 C    17.9    -1.4     4.8    94.3    32.8    63.2   0.144   0.216   0.272   0.199   0.394     4.2     4.7     5.1     6.1     8.7
94085 20171115  2.422 -100.35   44.02     4.7    -7.6    -1.4    -1.6     0.0     8.54 C     5.9    -7.9    -1.3    86.3    51.3    72.1   0.143   0.215   0.272   0.201   0.393     3.6     4.4     5.1     6.2     8.7
94085 20171116  2.422 -100.35   44.02    17.1    -8.3     4.4     5.2     0.0     5.14 C    17.3    -8.6     4.3    83.7    26.7    54.6   0.144   0.212   0.270   0.201   0.395     2.9     3.6     4.4     6.1     8.6
94085 20171117  2.422 -100.35   44.02    12.1     0.4     6.3     4.5     0.2     2.01 C     9.9    -0.7     4.3    86.9    38.7    68.0   0.143   0.215   0.271   0.201   0.395     4.8     5.0     5.2     6.0     8.5
94085 20171118  2.422 -100.35   44.02     3.1    -4.4    -0.6    -0.2     0.0     8.37 C     5.4    -7.1    -0.8    94.1    50.9    74.6   0.141   0.214   0.271   0.201   0.395     3.6     4.5     5.2     6.2     8.5
94085 20171119  2.422 -100.35   44.02    13.4    -3.9     4.7     4.0     0.0     8.12 C    16.9    -6.1     1.7    71.3    18.4    46.1   0.142   0.211   0.269   0.201   0.394     2.8     3.5     4.5     6.1     8.4
94085 20171120  2.422 -100.35   44.02    18.9     0.4     9.6     7.9     0.0     6.20 C    19.6    -4.6     6.0    52.4    10.5    33.4   0.139   0.212   0.268   0.201   0.393     3.6     4.0     4.5     5.9     8.3
94085 20171121  2.422 -100.35   44.02     4.2   -11.4    -3.6    -6.5     0.6     8.44 C     3.7   -13.9    -7.4    90.4    40.9    58.2   0.143   0.210   0.268   0.201   0.394     2.4     3.6     4.7     5.9     8.2
94085 20171122  2.422 -100.35   44.02    20.5   -10.7     4.9     4.2     0.0     7.41 C    21.8   -11.2     3.6    81.7    27.9    58.6   0.155   0.206   0.264   0.200   0.392     1.9     2.6     3.6     5.6     8.1
94085 20171123  2.422 -100.35   44.02    23.9     3.0    13.5    11.8     0.0     6.52 C    25.0     1.7     9.7    84.3    24.4    56.8   0.140   0.212   0.267   0.200   0.392     5.4     5.1     4.8     5.5     8.0
94085 20171124  2.422 -100.35   44.02    13.7     2.6     8.1     9.8     0.0     5.85 C    14.7     0.3     8.1    72.4    40.5    52.8   0.140   0.215   0.270   0.201   0.390     6.1     6.1     5.8     5.9     7.9
94085 20171125  2.422 -100.35   44.02    12.0     0.5     6.2     5.3     0.0     7.72 C    17.0    -1.5     3.7    76.7    29.8    53.6   0.137   0.212   0.269   0.202   0.389     4.9     5.4     5.8     6.3     7.9
94085 20171126  2.422 -100.35   44.02    17.6     1.7     9.7     8.0     0.0     7.05 C    20.5    -1.4     6.7    63.5    16.6    43.3   0.136   0.211   0.266   0.201   0.390     5.0     5.3     5.6     6.3     7.9
94085 20171127  2.422 -100.35   44.02    22.3     5.7    14.0    12.6     0.0     3.85 C    21.9     2.7    10.5    70.2    15.9    37.6   0.138   0.213   0.268   0.202   0.390     6.3     6.2     6.0     6.4     7.9
94085 20171128  2.422 -100.35   44.02     9.0    -3.1     2.9     4.1     0.0     7.79 C    11.6    -6.8     2.3    70.6    24.9    44.8   0.135   0.212   0.268   0.203   0.389     5.3     6.0     6.3     6.6     7.9
94085 20171129  2.422 -100.35   44.02    14.8    -4.0     5.4     4.8     0.0     5.15 C    15.0    -6.8     3.4    65.3    21.0    42.6   0.133   0.207   0.264   0.203   0.389     3.8     4.6     5.4     6.5     7.9
94085 20171130  2.422 -100.35   44.02    11.7    -2.0     4.8     3.2     0.0     7.29 C    14.2    -5.1     1.6    59.4    18.6    41.6   0.130   0.206   0.264   0.202   0.389     3.8     4.5     5.2     6.3     7.9
94085 20171201  2.422 -100.35   44.02    10.1    -2.0     4.0     3.8     0.0     4.78 C    14.3    -3.9     2.5    58.1    22.8    38.4   0.128   0.205   0.262   0.202   0.389     3.5     4.1     4.9     6.1     7.9
94085 20171202  2.422 -100.35   44.02    11.6    -2.8     4.4     4.1     0.0     7.14 C    14.6    -4.6     2.4    57.8    24.3    39.4   0.128   0.204   0.260   0.201   0.390     3.4     4.0     4.7     5.9     7.9
94085 20171203  2.422 -100.35   44.02     8.9    -4.4     2.3     3.3     0.0     2.11 C     9.6    -4.8     1.8    66.5    38.3    53.7   0.127   0.203   0.259   0.201   0.391     3.1     3.8     4.5     5.8     7.8
94085 20171204  2.422 -100.35   44.02     6.9    -7.4    -0.3    -2.2     0.6     0.84 C     4.6    -9.2    -2.9    92.0    52.7    71.2   0.130   0.202   0.260   0.200   0.392     2.8     3.6     4.5     5.7     7.7
94085 20171205  2.422 -100.35   44.02     3.0    -7.2    -2.1    -1.7     0.0     2.90 C     1.9    -8.0    -2.4    86.7    53.7    71.5   0.133   0.199   0.257   0.199   0.391     1.5     2.6     3.7     5.4     7.6
94085 20171206  2.422 -100.35   44.02     0.3   -15.3    -7.5    -6.0     0.4     6.13 C    -0.6   -18.1    -6.6    86.4    62.0    71.3   0.139   0.199   0.256   0.199   0.389     1.2     2.3     3.4     5.1     7.5
94085 20171207  2.422 -100.35   44.02     1.4   -17.2    -7.9    -6.6     0.0     5.22 C     0.1   -18.2    -7.5    80.2    55.7    69.8 -99.000   0.193   0.252   0.198   0.389    -0.8     0.6     2.4     4.7     7.4
94085 20171208  2.422 -100.35   44.02     3.3    -4.6    -0.7     0.5     0.0     4.73 C     3.2    -5.9    -0.3    81.5    53.4    65.4   0.135   0.194   0.252   0.197   0.390     0.6     1.2     2.2     4.2     7.2
94085 20171209  2.422 -100.35   44.02     9.4    -4.8     2.3     2.8     0.0     6.99 C     8.7    -6.2     1.8    78.4    31.5    53.3   0.131   0.196   0.251   0.197   0.388     1.4     1.9     2.5     4.0     7.0
94085 20171210  2.422 -100.35   44.02    15.4     4.9    10.1     8.2     0.0     6.76 C    14.9     2.7     6.4    35.3    17.9    28.1   0.124   0.200   0.254   0.196   0.388     2.9     3.0     3.2     4.1     6.8
94085 20171211  2.422 -100.35   44.02     8.3    -0.8     3.7     3.4     0.3     2.02 C     6.3    -1.6     2.7    92.2    26.1    65.8   0.124   0.201   0.255   0.197   0.387     3.3     3.6     3.8     4.4     6.7
94085 20171212  2.422 -100.35   44.02    13.1    -5.1     4.0     4.5     0.0     6.55 C    12.5    -6.0     3.1    88.4    21.8    54.0   0.126   0.200   0.255   0.197   0.386     2.7     3.2     3.7     4.6     6.6
94085 20171213  2.422 -100.35   44.02    12.0    -3.2     4.4     4.7     0.0     6.18 C    10.1    -5.5     3.8    82.4    20.8    51.0   0.124   0.201   0.256   0.197   0.385     3.7     3.9     4.0     4.6     6.6
94085 20171214  2.422 -100.35   44.02     2.6    -2.9    -0.2     0.3     0.8     1.21 C     2.0    -3.9    -0.2    95.4    59.1    78.5   0.122   0.199   0.255   0.198   0.386     2.5     3.3     3.9     4.8     6.6
94085 20171215  2.422 -100.35   44.02     9.5    -4.6     2.5     1.6     0.0     5.23 C     9.4    -5.6     0.2    85.1    38.7    62.2   0.128   0.197   0.253   0.198   0.387     1.8     2.5     3.4     4.6     6.6
94085 20171216  2.422 -100.35   44.02     5.0    -0.7     2.2     2.2     0.0     1.63 C     5.0    -2.4     1.1    87.2    41.7    66.8   0.124   0.197   0.253   0.197   0.387     2.2     2.7     3.3     4.5     6.5
94085 20171217  2.422 -100.35   44.02     4.4    -3.0     0.7     0.3     0.0     3.29 C     8.5    -5.4     0.2    91.4    61.4    81.6   0.123   0.197   0.252   0.197   0.387     2.4     2.9     3.4     4.4     6.4
94085 20171218  2.422 -100.35   44.02    11.5    -4.4     3.5     3.6     0.0     5.03 C    11.6    -6.0     1.8    85.7    30.8    56.7   0.127   0.195   0.252   0.197   0.387     1.9     2.5     3.2     4.4     6.4
94085 20171219  2.422 -100.35   44.02     4.2    -5.3    -0.5    -0.1     0.0     6.62 C    10.4    -6.5    -0.2    81.0    30.3    59.3   0.127   0.196   0.252   0.197   0.387     2.2     2.8     3.3     4.3     6.3
94085 20171220  2.422 -100.35   44.02     7.4    -6.4     0.5    -0.8     0.0     5.42 C     9.3    -5.9    -1.3    79.5    37.5    56.9   0.130   0.194   0.251   0.197   0.387     1.2     2.0     2.9     4.2     6.2
94085 20171221  2.422 -100.35   44.02    -6.4   -13.4    -9.9    -9.8     3.7     2.52 C    -5.9   -15.8   -10.1    85.6    68.0    79.8   0.139   0.192   0.249   0.196   0.386     0.0     1.1     2.4     4.0     6.2
94085 20171222  2.422 -100.35   44.02    -3.9   -16.1   -10.0   -10.8     0.0     3.72 C    -3.9   -18.1   -12.1    87.7    66.7    78.2 -99.000   0.189   0.236   0.195   0.386    -1.1     0.2     1.6     3.7     6.1
94085 20171223  2.422 -100.35   44.02    -7.6   -13.9   -10.8   -10.7     0.0     5.24 C    -6.3   -15.8   -11.2    77.7    57.9    69.0 -99.000   0.190   0.227   0.195   0.385    -1.4    -0.2     1.1     3.2     6.0
94085 20171224  2.422 -100.35   44.02    -5.3   -15.4   -10.4   -11.0     0.0     6.03 C    -5.3   -17.2   -12.2    74.2    47.9    63.1 -99.000 -99.000   0.225   0.194   0.385    -2.1    -0.7     0.7     2.9     5.8
94085 20171225  2.422 -100.35   44.02   -13.3   -22.6   -18.0   -18.4     0.0     4.06 C   -14.2   -24.3   -19.0    76.0    48.0    60.7 -99.000 -99.000   0.216   0.192   0.381    -3.2    -1.5     0.2     2.5     5.6
94085 20171226  2.422 -100.35   44.02   -16.9   -25.7   -21.3   -22.1     0.0     7.02 C   -13.1   -26.5   -22.3    66.8    40.3    58.5 -99.000 -99.000 -99.000   0.192   0.383    -4.6    -2.6    -0.6     2.1     5.5
94085 20171227  2.422 -100.35   44.02   -10.1   -25.1   -17.6   -17.6     0.0     4.82 C    -9.3   -25.7   -17.8    82.0    63.2    73.0 -99.000 -99.000 -99.000   0.192   0.382    -5.3    -3.4    -1.4     1.6     5.3
94085 20171228  2.422 -100.35   44.02   -10.9   -15.9   -13.4   -12.7     0.0     4.41 C    -9.9   -17.0   -12.5    82.5    58.9    68.1 -99.000 -99.000 -99.000   0.181   0.382    -4.5    -3.3    -1.7     1.1     5.0
94085 20171229  2.422 -100.35   44.02   -13.5   -18.4   -16.0   -15.7     1.1     4.35 C   -11.3   -18.1   -14.9    80.3    68.1    75.0 -99.000 -99.000 -99.000   0.169   0.380    -4.4    -3.3    -1.9     0.7     4.7
94085 20171230  2.422 -100.35   44.02   -18.4   -25.6   -22.0   -23.6     4.2     2.88 C   -18.1   -26.7   -22.5    76.6    67.8    72.0 -99.000 -99.000 -99.000   0.168   0.378    -4.4    -3.3    -2.0     0.4     4.5
94085 20171231  2.422 -100.35   44.02   -23.7   -30.0   -26.8   -26.5     0.0     6.99 C   -22.6   -34.1   -27.8    75.9    62.3    69.7 -99.000 -99.000 -99.000   0.166   0.380    -4.1    -3.1    -2.0     0.2     4.3
