23908 20170101  2.422  -94.58   37.43    15.0    -6.7     4.1     3.6     0.0     8.46 C    18.9    -5.9     5.3    94.6    41.3    74.2   0.337   0.350   0.325   0.502   0.471     4.4     4.7     5.0     6.5     9.4
23908 20170102  2.422  -94.58   37.43    16.7     7.2    12.0    10.8     0.0     3.44 C    21.1     5.0    12.2   100.0    71.0    88.2   0.338   0.351   0.326   0.502   0.471     6.3     6.1     6.0     6.6     9.3
23908 20170103  2.422  -94.58   37.43    11.1    -6.8     2.1     1.9     0.3     1.74 C    12.3    -5.1     3.6   100.0    61.8    81.0   0.337   0.351   0.326   0.501   0.471     6.2     6.5     6.6     7.1     9.3
23908 20170104  2.422  -94.58   37.43    -1.3   -10.9    -6.1    -6.2     0.0    10.31 C     4.5    -9.3    -3.7    81.8    36.1    60.1   0.335   0.350   0.324   0.501   0.471     3.7     4.7     5.3     7.1     9.3
23908 20170105  2.422  -94.58   37.43    -5.3   -12.5    -8.9    -8.9     1.5     4.85 C    -2.8   -11.8    -6.5    88.5    56.4    73.0   0.334   0.349   0.324   0.498   0.471     2.8     3.8     4.3     6.5     9.3
23908 20170106  2.422  -94.58   37.43    -7.2   -15.8   -11.5   -11.8     0.0     8.08 C    -2.1   -16.6   -10.2    88.5    48.1    67.0   0.332   0.348   0.323   0.497   0.472     1.9     2.9     3.5     6.0     9.3
23908 20170107  2.422  -94.58   37.43     2.0   -16.0    -7.0    -8.0     0.0    11.10 C     4.3   -16.9    -8.1    87.3    33.6    67.6   0.330   0.346   0.320   0.494   0.472     1.1     2.1     2.7     5.4     9.2
23908 20170108  2.422  -94.58   37.43     4.9   -12.4    -3.8    -3.3     0.0     8.65 C     7.1   -13.3    -3.0    88.9    27.9    59.6   0.329   0.345   0.319   0.490   0.471     0.9     1.7     2.3     5.0     9.0
23908 20170109  2.422  -94.58   37.43    10.9    -4.7     3.1     3.8     0.0     6.70 C    13.2    -6.8     3.7    79.4    46.4    64.1   0.333   0.346   0.319   0.490   0.470     1.2     1.8     2.2     4.6     8.8
23908 20170110  2.422  -94.58   37.43    18.9    -0.7     9.1    11.8     0.0     9.11 C    21.6    -2.3    11.4    83.2    25.0    58.6   0.337   0.348   0.322   0.491   0.471     4.5     4.2     3.9     4.7     8.6
23908 20170111  2.422  -94.58   37.43    23.2     3.0    13.1    12.9     0.0     9.01 C    25.1    -0.7    13.4    78.9    31.3    59.0   0.336   0.349   0.323   0.494   0.470     5.6     5.3     5.0     5.4     8.4
23908 20170112  2.422  -94.58   37.43     3.3    -4.2    -0.5    -1.2     0.0     7.14 C     6.9    -2.3     1.3    92.6    52.4    71.9   0.335   0.349   0.323   0.494   0.470     5.1     5.5     5.6     6.0     8.4
23908 20170113  2.422  -94.58   37.43    -1.6    -3.6    -2.6    -2.3     2.9     1.07 C     1.4    -2.1    -0.2    97.2    63.8    87.5   0.333   0.348   0.323   0.493   0.471     3.7     4.3     4.7     6.1     8.4
23908 20170114  2.422  -94.58   37.43    -0.1    -2.7    -1.4    -1.4    17.2     1.35 C     1.9    -0.6     0.8    98.3    96.1    97.0   0.348   0.357   0.327   0.494   0.471     3.4     4.0     4.3     5.8     8.5
23908 20170115  2.422  -94.58   37.43     7.4    -0.1     3.6     1.9    18.2     1.87 C     8.8     1.8     3.7    99.4    96.6    98.2   0.439   0.396   0.401   0.539   0.477     3.4     3.8     4.0     5.6     8.4
23908 20170116  2.422  -94.58   37.43    15.9     4.4    10.1     9.6     8.0     6.57 C    18.0     5.5    10.9    97.1    68.5    85.2   0.460   0.401   0.410   0.541   0.478     6.0     5.8     5.3     5.6     8.3
23908 20170117  2.422  -94.58   37.43 -9999.0 -9999.0 -9999.0 -9999.0     0.0     2.07 C     6.8     3.7     5.1    99.8    82.7    88.3   0.464   0.404   0.411   0.544   0.478     5.8     5.9     5.9     6.2     8.3
23908 20170118  2.422  -94.58   37.43 -9999.0 -9999.0 -9999.0 -9999.0     0.0     4.65 C    16.4     0.7     7.8    93.4    62.8    82.6   0.468   0.406   0.412   0.546   0.479     5.7     5.8     5.8     6.4     8.3
23908 20170119  2.422  -94.58   37.43 -9999.0 -9999.0 -9999.0 -9999.0     0.0     2.33 C    13.5     4.4     9.9    92.4    72.3    86.3   0.470   0.407   0.412   0.548   0.480     6.7     6.6     6.4     6.6     8.3
23908 20170120  2.422  -94.58   37.43 -9999.0 -9999.0 -9999.0 -9999.0     0.0     8.82 C    20.9     3.6    12.0    92.1    44.9    73.4   0.471   0.408   0.411   0.548   0.481     7.6     7.4     7.1     7.0     8.4
23908 20170121  2.422  -94.58   37.43    14.2     1.1     7.7     9.4     4.9     5.75 C    18.0     0.0    10.4    92.5    45.0    71.1   0.472   0.409   0.413   0.548   0.481     7.3     7.3     7.3     7.4     8.5
23908 20170122  2.422  -94.58   37.43    10.3     1.0     5.7     6.6    43.6     1.59 C    11.5     1.7     8.0   100.0    85.4    92.7   0.474   0.410   0.415   0.551   0.481     7.6     7.6     7.6     7.6     8.6
23908 20170123  2.422  -94.58   37.43 -9999.0 -9999.0 -9999.0 -9999.0     0.0    12.42 C    17.1    -0.5     5.4    91.5    50.2    77.2   0.475   0.411   0.416   0.554   0.480     6.4     6.6     7.0     7.6     8.7
23908 20170124  2.422  -94.58   37.43    20.6     1.1    10.9    10.4     0.0    11.04 C    22.9    -0.1    10.9    87.8    33.4    62.5   0.475   0.411   0.416   0.545   0.480     6.5     6.5     6.7     7.4     8.8
23908 20170125  2.422  -94.58   37.43     6.0    -1.4     2.3     3.0     0.0     9.67 C    11.0    -0.9     4.8    81.9    48.1    65.4   0.476   0.412   0.417   0.543   0.480     6.5     6.7     7.0     7.5     8.8
23908 20170126  2.422  -94.58   37.43     2.7    -3.4    -0.4    -0.5     0.0     7.46 C     8.7    -4.1     1.3    82.4    51.1    66.3   0.477   0.413   0.417   0.546   0.480     5.1     5.7     6.0     7.3     8.8
23908 20170127  2.422  -94.58   37.43     7.8    -4.3     1.8     1.1     0.0    13.14 C    12.1    -4.6     2.3    82.5    31.2    56.6   0.478   0.413   0.417   0.546   0.480     4.1     4.7     5.2     6.9     8.8
23908 20170128  2.422  -94.58   37.43    10.2    -3.1     3.5     4.0     0.0    12.84 C    14.2    -2.4     5.7    90.0    32.6    57.5   0.476   0.413   0.417   0.544   0.480     4.2     4.6     4.9     6.4     8.7
23908 20170129  2.422  -94.58   37.43    11.6    -0.6     5.5     5.0     0.0    10.56 C    16.2    -1.1     5.7    92.1    42.9    66.4   0.475   0.413   0.417   0.545   0.481     4.9     5.1     5.2     6.3     8.6
23908 20170130  2.422  -94.58   37.43    18.5    -2.3     8.1     6.9     0.0    12.81 C    21.5    -2.7     6.4    97.8    24.6    63.3   0.473   0.413   0.417   0.546   0.481     4.8     5.0     5.2     6.3     8.5
23908 20170131  2.422  -94.58   37.43    14.5    -2.3     6.1     5.8     0.0    11.97 C    20.1    -2.8     6.3    91.4    28.3    59.8   0.464   0.411   0.417   0.546   0.481     4.8     5.1     5.3     6.3     8.5
23908 20170201  2.422  -94.58   37.43    11.6     0.9     6.2     4.6     0.0    12.87 C    17.0     1.4     6.3    81.7    35.6    60.3   0.452   0.409   0.416   0.547   0.480     5.0     5.3     5.4     6.3     8.4
23908 20170202  2.422  -94.58   37.43     2.2    -6.5    -2.2    -2.1     0.0    11.83 C     9.3    -6.2     0.3    79.5    23.9    52.7   0.435   0.404   0.405   0.549   0.480     3.9     4.7     5.0     6.3     8.4
23908 20170203  2.422  -94.58   37.43     2.1    -8.3    -3.1    -4.0     0.0     9.84 C     9.7    -7.3    -1.8    85.1    38.6    64.2   0.416   0.397   0.392   0.549   0.480     2.7     3.6     4.0     5.9     8.3
23908 20170204  2.422  -94.58   37.43     6.9    -5.2     0.8     0.6     0.0     7.21 C    11.2    -7.0     1.5    72.3    35.6    56.1   0.411   0.396   0.388   0.547   0.479     2.3     3.1     3.5     5.5     8.3
23908 20170205  2.422  -94.58   37.43    14.8    -4.1     5.3     5.2     0.0    13.46 C    22.6    -4.2     6.2    98.1    52.2    76.3   0.410   0.395   0.387   0.546   0.479     3.5     3.7     3.8     5.2     8.1
23908 20170206  2.422  -94.58   37.43    22.4     0.7    11.5    13.3     0.6     4.52 C    25.7     0.2    14.5    99.3    59.1    86.0   0.410   0.396   0.389   0.545   0.480     5.6     5.2     4.9     5.4     8.0
23908 20170207  2.422  -94.58   37.43    19.0     2.0    10.5    12.1     0.0    13.41 C    24.5     2.8    13.6    90.2    33.5    66.4   0.412   0.398   0.392   0.548   0.481     8.1     7.5     7.0     6.1     7.9
23908 20170208  2.422  -94.58   37.43     3.2    -5.7    -1.2    -0.5     0.0     8.75 C    10.0    -4.5     2.0    86.4    48.6    71.0   0.404   0.394   0.384   0.552   0.480     5.9     6.5     6.6     6.8     7.9
23908 20170209  2.422  -94.58   37.43     6.5    -8.8    -1.1    -1.6     0.0    13.81 C    15.0    -8.3     1.0    86.6    33.6    59.6   0.394   0.390   0.377   0.552   0.479     4.2     4.9     5.3     6.6     8.1
23908 20170210  2.422  -94.58   37.43    20.7     3.6    12.1    12.0     0.0    13.56 C    23.7     4.6    13.2    82.3    34.9    54.7   0.393   0.389   0.376   0.550   0.479     5.5     5.4     5.3     6.2     8.1
23908 20170211  2.422  -94.58   37.43    27.2    11.7    19.5    18.6     0.0    14.11 C    30.2     9.9    18.9    84.8    35.2    63.9   0.394   0.391   0.376   0.552   0.479     8.6     7.8     7.2     6.6     8.1
23908 20170212  2.422  -94.58   37.43    14.0    -0.4     6.8     8.4     0.0    13.70 C    19.7    -2.0     9.4    91.7    24.2    56.0   0.389   0.386   0.373   0.553   0.479     8.3     8.3     8.1     7.4     8.1
23908 20170213  2.422  -94.58   37.43    14.3    -0.1     7.1     7.4     0.7    12.19 C    22.8    -0.3     9.9    91.2    22.2    48.8   0.385   0.380   0.369   0.553   0.479     7.3     7.4     7.4     7.6     8.2
23908 20170214  2.422  -94.58   37.43    10.5     3.7     7.1     7.0     0.0     5.13 C    13.3     3.9     8.1    97.2    45.2    68.3   0.385   0.381   0.368   0.552   0.481     7.5     7.6     7.5     7.6     8.4
23908 20170215  2.422  -94.58   37.43    12.0    -0.4     5.8     4.7     0.0    15.97 C    19.4    -3.0     5.7    79.7    19.1    52.0   0.382   0.379   0.366   0.553   0.481     6.7     7.1     7.2     7.6     8.4
23908 20170216  2.422  -94.58   37.43    18.6    -1.8     8.4     8.5     0.0    16.28 C    22.3    -3.6     9.3    83.4    27.0    53.9   0.380   0.377   0.364   0.554   0.481     6.4     6.5     6.7     7.4     8.5
23908 20170217  2.422  -94.58   37.43    21.9     3.1    12.5    12.7     0.0    15.54 C    26.0     0.3    13.5    78.4    25.6    49.8   0.379   0.377   0.362   0.553   0.481     7.6     7.4     7.2     7.4     8.5
23908 20170218  2.422  -94.58   37.43    18.5     4.2    11.3    11.3     0.0    10.53 C    25.3     2.4    11.8   100.0    59.8    78.6   0.378   0.376   0.361   0.552   0.481     8.4     8.1     7.9     7.7     8.5
23908 20170219  2.422  -94.58   37.43    25.2     2.0    13.6    14.0     0.0    14.44 C    30.9     3.0    15.2   100.0    38.7    76.8   0.377   0.376   0.360   0.552   0.480     8.9     8.5     8.3     8.0     8.6
23908 20170220  2.422  -94.58   37.43    19.9    11.4    15.6    16.4     3.5     4.72 C    21.4    11.3    16.9    95.5    61.0    79.4   0.385   0.379   0.364   0.554   0.481    10.7    10.0     9.5     8.5     8.7
23908 20170221  2.422  -94.58   37.43    21.7     7.3    14.5    13.3     0.0    12.58 C    30.8     5.2    14.1    98.9    45.7    81.6   0.383   0.379   0.364   0.556   0.481    10.7    10.3    10.0     9.0     8.8
23908 20170222  2.422  -94.58   37.43    25.2     5.3    15.2    13.7     0.0    14.68 C    29.8     3.4    13.5   100.0    26.6    73.3   0.380   0.378   0.362   0.556   0.481    10.3    10.0     9.9     9.3     9.0
23908 20170223  2.422  -94.58   37.43    28.0     6.4    17.2    18.2     0.0    13.87 C    32.2     5.0    18.4    99.3    27.9    59.8   0.379   0.377   0.361   0.556   0.481    10.8    10.3    10.1     9.4     9.1
23908 20170224  2.422  -94.58   37.43    21.4    -1.6     9.9     5.3     0.0    12.35 C    21.0    -0.5     8.2    88.4    40.6    64.2   0.376   0.376   0.359   0.556   0.482    10.4    10.4    10.4     9.8     9.3
23908 20170225  2.422  -94.58   37.43     7.1    -6.4     0.3    -0.5     0.0    17.73 C    18.0    -7.1     1.2    84.9    23.8    56.0   0.372   0.373   0.355   0.555   0.483     7.8     8.3     8.8     9.6     9.4
23908 20170226  2.422  -94.58   37.43     5.8    -3.8     1.0     2.3     1.2     4.14 C     8.4    -7.0     3.3    98.3    48.6    76.2   0.370   0.372   0.354   0.556   0.483     6.5     7.2     7.6     8.9     9.5
23908 20170227  2.422  -94.58   37.43    19.3    -3.6     7.8     9.5     0.0    11.76 C    25.9    -3.6    10.6   100.0    40.2    74.6   0.370   0.372   0.353   0.555   0.483     7.2     7.2     7.3     8.4     9.5
23908 20170228  2.422  -94.58   37.43    24.3     8.9    16.6    19.6     0.9     7.45 C    26.3    10.7    20.7    89.6    46.7    73.7   0.373   0.374   0.355   0.555   0.483    11.0    10.0     9.3     8.5     9.4
23908 20170301  2.422  -94.58   37.43    13.5     1.6     7.6     7.0     0.5    18.54 C    20.4    -2.1     8.8    90.8    20.9    55.8   0.372   0.374   0.354   0.557   0.483    10.3    10.2    10.2     9.3     9.4
23908 20170302  2.422  -94.58   37.43    16.8    -5.2     5.8     5.8     0.0    18.57 C    23.5    -6.0     6.5    91.6    18.5    50.5   0.369   0.371   0.352   0.553   0.483     8.0     8.4     8.7     9.3     9.5
23908 20170303  2.422  -94.58   37.43    18.5    -4.7     6.9     7.5     0.0    18.17 C    25.1    -5.0     9.5    87.0    18.6    47.9   0.366   0.371   0.350   0.548   0.483     7.6     7.8     8.1     8.9     9.6
23908 20170304  2.422  -94.58   37.43    20.7     4.8    12.8    13.9     0.0    16.49 C    25.7     5.6    15.8    59.6    20.4    35.9   0.365   0.369   0.348   0.546   0.483     8.5     8.4     8.4     8.7     9.6
23908 20170305  2.422  -94.58   37.43    15.5    11.8    13.6    13.8     0.0     3.69 C    18.3    13.3    15.5    77.8    40.8    69.9   0.364   0.369   0.347   0.545   0.483     9.7     9.4     9.1     8.9     9.5
23908 20170306  2.422  -94.58   37.43    24.0     6.7    15.4    18.2    14.3     6.60 C    26.2     8.6    19.4    91.2    51.0    70.1   0.373   0.374   0.352   0.547   0.483    11.5    10.8    10.3     9.3     9.5
23908 20170307  2.422  -94.58   37.43    16.2     0.7     8.5     8.6     0.0    19.67 C    21.7     0.3     9.4    77.0    12.1    40.5   0.417   0.400   0.400   0.564   0.484    10.4    10.4    10.5     9.9     9.6
23908 20170308  2.422  -94.58   37.43    21.1     0.0    10.6    10.5     0.0    17.23 C    25.9    -1.5    11.0    74.1    12.8    39.3   0.395   0.390   0.378   0.567   0.484     9.0     9.1     9.4     9.8     9.7
23908 20170309  2.422  -94.58   37.43    26.9     6.6    16.8    14.5     0.5    14.05 C    32.6     3.3    15.4    89.2    42.5    62.3   0.388   0.387   0.370   0.566   0.485    10.0     9.7     9.5     9.5     9.8
23908 20170310  2.422  -94.58   37.43    10.2     0.2     5.2     5.4     0.0    18.60 C    21.1     1.8     9.3    72.4    33.6    50.7   0.381   0.380   0.365   0.566   0.485     9.3     9.6     9.7     9.7     9.8
23908 20170311  2.422  -94.58   37.43     4.8    -1.9     1.5     2.1     1.0     3.40 C     8.6    -0.5     4.8    94.1    52.3    73.6   0.378   0.377   0.361   0.567   0.486     7.8     8.5     8.8     9.5     9.9
23908 20170312  2.422  -94.58   37.43    10.1    -1.0     4.5     3.3     3.4    11.57 C    22.3     1.9     7.6    97.7    45.1    75.5   0.377   0.375   0.359   0.566   0.486     7.3     7.7     8.0     9.1     9.9
23908 20170313  2.422  -94.58   37.43     5.3    -2.5     1.4     1.0     0.4     4.05 C     7.5    -1.1     3.5    97.7    68.6    78.2   0.383   0.379   0.364   0.567   0.486     6.9     7.5     7.8     8.8     9.8
23908 20170314  2.422  -94.58   37.43     0.2    -4.9    -2.4    -1.7     0.4     4.74 C     4.9    -6.9     0.4    88.9    70.2    79.0   0.379   0.376   0.361   0.568   0.485     5.6     6.4     6.9     8.4     9.8
23908 20170315  2.422  -94.58   37.43     4.9    -6.0    -0.6    -0.2     0.0     9.12 C    16.4    -7.9     3.1    90.2    36.5    63.4   0.377   0.375   0.358   0.567   0.485     4.7     5.5     5.9     7.9     9.7
23908 20170316  2.422  -94.58   37.43    20.4    -0.8     9.8    10.6     0.0    18.27 C    26.6    -2.4    12.3    77.2    48.9    63.3   0.377   0.375   0.358   0.567   0.485     6.7     6.5     6.4     7.5     9.5
23908 20170317  2.422  -94.58   37.43    24.0    11.6    17.8    17.2     0.0    11.71 C    34.3     6.9    18.3    83.2    43.0    66.3   0.376   0.375   0.358   0.568   0.483     9.9     9.1     8.5     7.9     9.4
23908 20170318  2.422  -94.58   37.43    20.3     4.2    12.3    12.2     0.0    20.51 C    32.6     1.5    14.2    77.6    18.6    44.1   0.373   0.374   0.356   0.569   0.484     9.8     9.5     9.3     8.7     9.3
23908 20170319  2.422  -94.58   37.43    29.7    10.5    20.1    20.8     0.0    19.42 C    34.9     7.8    21.5    65.9    34.4    49.2   0.370   0.373   0.354   0.570   0.484    11.4    10.6    10.0     9.1     9.4
23908 20170320  2.422  -94.58   37.43    30.0    16.2    23.1    22.4     0.0    20.05 C    38.8    14.6    23.5    80.9    32.9    58.4   0.370   0.373   0.352   0.569   0.484    13.8    12.7    11.9     9.9     9.5
23908 20170321  2.422  -94.58   37.43    18.0    12.3    15.1    14.3     0.0    12.11 C    24.0    13.0    16.2    81.4    37.0    60.1   0.366   0.372   0.351   0.565   0.484    13.0    12.6    12.4    10.8     9.7
23908 20170322  2.422  -94.58   37.43    14.7     7.7    11.2    11.7     0.0     9.83 C    22.3     8.7    14.2    57.9    33.2    43.8   0.364   0.370   0.349   0.559   0.485    11.4    11.5    11.5    11.0     9.9
23908 20170323  2.422  -94.58   37.43    27.0    10.6    18.8    18.5     0.0    19.71 C    33.1    10.9    20.2    60.6    27.9    45.3   0.362   0.370   0.346   0.552   0.486    12.1    11.7    11.4    10.8    10.1
23908 20170324  2.422  -94.58   37.43    21.4    12.9    17.1    17.2     8.9     3.36 C    21.5    11.8    17.1    92.0    34.9    67.4   0.377   0.377   0.351   0.555   0.485    12.8    12.4    12.1    11.1    10.2
23908 20170325  2.422  -94.58   37.43    13.7     7.8    10.7     9.5     0.2     4.39 C    14.2     7.8    11.0    97.9    80.1    90.4   0.381   0.379   0.357   0.566   0.485    12.0    11.9    11.9    11.3    10.3
23908 20170326  2.422  -94.58   37.43    19.9     7.1    13.5    12.3     0.8    14.97 C    31.2     7.6    15.2    97.7    51.7    81.7   0.378   0.375   0.355   0.566   0.486    12.1    11.8    11.6    11.2    10.5
23908 20170327  2.422  -94.58   37.43    13.8    10.0    11.9    11.2    10.6     4.62 C    15.9    11.5    12.8    97.2    81.4    90.8   0.418   0.399   0.393   0.571   0.487    12.2    12.1    11.9    11.3    10.6
23908 20170328  2.422  -94.58   37.43    18.5     9.8    14.2    12.9     0.3     9.54 C    27.0    11.1    14.9    96.2    59.5    81.1   0.414   0.401   0.394   0.573   0.489    12.1    12.0    11.8    11.4    10.7
23908 20170329  2.422  -94.58   37.43    24.7     9.0    16.8    16.7    15.6    14.89 C    28.8     8.5    17.4    91.5    42.1    75.0   0.457   0.414   0.407   0.575   0.489    13.4    13.1    12.5    11.5    10.8
23908 20170330  2.422  -94.58   37.43    10.2     7.3     8.8     8.5     2.9     5.07 C    13.0     8.8     9.9    95.5    81.8    90.0   0.465   0.417   0.412   0.576   0.489    12.2    12.3    12.4    11.8    10.9
23908 20170331  2.422  -94.58   37.43    13.4     7.3    10.3     9.3     0.0     8.08 C    24.5     8.8    11.9    95.2    65.9    82.1   0.467   0.417   0.414   0.576   0.489    11.6    11.6    11.6    11.6    11.0
23908 20170401  2.422  -94.58   37.43    16.4     8.2    12.3    11.3     1.0    12.62 C    25.8     9.4    13.9    91.5    65.0    78.8   0.467   0.417   0.417   0.576   0.489    11.6    11.5    11.5    11.5    11.1
23908 20170402  2.422  -94.58   37.43    21.2    10.2    15.7    14.9    11.4    10.77 C    29.9    11.1    16.4    97.1    60.0    83.3   0.467   0.417   0.416   0.576   0.488    12.9    12.6    12.1    11.5    11.1
23908 20170403  2.422  -94.58   37.43    19.5     9.2    14.4    14.3     5.7     8.68 C    23.6     6.8    14.8    96.7    60.1    85.7   0.466   0.417   0.416   0.576   0.489    13.7    13.5    13.0    11.9    11.1
23908 20170404  2.422  -94.58   37.43    17.3     8.3    12.8    11.8     4.7    10.71 C    25.0     6.5    13.4    96.5    66.2    87.1   0.467   0.416   0.416   0.577   0.488    12.7    12.7    12.7    12.1    11.2
23908 20170405  2.422  -94.58   37.43    13.7     4.9     9.3     9.6     2.7    13.08 C    18.8     3.1    10.7    96.2    51.0    79.5   0.467   0.416   0.416   0.576   0.488    12.1    12.3    12.3    12.1    11.3
23908 20170406  2.422  -94.58   37.43    16.5     4.1    10.3     9.9     0.0    21.79 C    25.4     1.4    10.7    87.6    28.7    59.4   0.469   0.417   0.415   0.577   0.488    11.4    11.5    11.6    11.8    11.4
23908 20170407  2.422  -94.58   37.43    19.6     0.0     9.8    10.8     0.0    24.17 C    31.3    -1.3    12.5    97.1    24.4    56.6   0.469   0.417   0.415   0.578   0.488    11.2    11.2    11.3    11.6    11.4
23908 20170408  2.422  -94.58   37.43    27.4    10.5    18.9    19.5     0.0    20.92 C    33.3     8.6    19.9    68.1    35.9    52.2   0.467   0.416   0.416   0.576   0.488    12.8    12.3    11.9    11.5    11.4
23908 20170409  2.422  -94.58   37.43    26.9    17.5    22.2    21.3     0.0    17.41 C    31.0    17.1    21.9    76.7    48.7    64.5   0.462   0.416   0.413   0.576   0.488    14.8    14.0    13.4    12.0    11.4
23908 20170410  2.422  -94.58   37.43    23.5     8.9    16.2    18.7     0.0    18.77 C    29.9     8.2    19.8    76.0    17.6    50.6   0.449   0.413   0.411   0.578   0.488    15.5    14.8    14.3    12.7    11.5
23908 20170411  2.422  -94.58   37.43    18.9     3.7    11.3    10.2     0.0    23.39 C    32.5     2.8    14.0    92.5    42.4    72.0   0.428   0.405   0.395   0.576   0.489    13.9    13.8    13.8    13.0    11.6
23908 20170412  2.422  -94.58   37.43    27.0     7.7    17.4    17.5     0.0    21.56 C    36.4     4.8    18.7    86.4    32.6    62.8   0.412   0.398   0.384   0.579   0.491    14.3    13.9    13.6    12.9    11.8
23908 20170413  2.422  -94.58   37.43    27.4    11.9    19.6    20.2     0.0    20.33 C    37.0    10.7    21.3    97.7    38.7    67.7   0.401   0.390   0.375   0.578   0.491    15.8    15.0    14.5    13.1    11.9
23908 20170414  2.422  -94.58   37.43    28.0    16.9    22.4    21.5     0.8    19.70 C    33.1    15.1    21.9    91.1    33.0    60.3   0.395   0.386   0.370   0.578   0.492    16.5    15.8    15.3    13.6    12.0
23908 20170415  2.422  -94.58   37.43    28.2    17.8    23.0    22.4     0.0    19.87 C    33.7    16.8    23.1    67.2    40.9    56.5   0.388   0.382   0.364   0.576   0.492    16.8    16.1    15.6    14.0    12.1
23908 20170416  2.422  -94.58   37.43    23.1    15.1    19.1    18.9    36.4    14.26 C    36.1    16.0    21.3    97.0    62.6    79.6   0.442   0.407   0.394   0.580   0.492    17.4    16.9    16.2    14.4    12.3
23908 20170417  2.422  -94.58   37.43    21.9    15.1    18.5    17.7     0.0    13.85 C    29.7    13.3    19.6    97.5    64.3    83.2   0.460   0.416   0.407   0.582   0.490    17.5    17.1    16.6    14.8    12.5
23908 20170418  2.422  -94.58   37.43    26.6    11.8    19.2    19.2     0.0    21.76 C    35.5    10.4    20.5    98.5    47.2    77.0   0.460   0.416   0.408   0.584   0.490    17.5    17.0    16.6    15.1    12.7
23908 20170419  2.422  -94.58   37.43    27.5    15.8    21.7    21.4     0.0    21.42 C    33.4    13.5    22.2    93.4    47.5    71.7   0.458   0.416   0.409   0.584   0.492    17.9    17.4    16.9    15.3    12.9
23908 20170420  2.422  -94.58   37.43    20.3    13.9    17.1    17.4    33.9    15.24 C    31.1    12.3    19.4    97.3    60.8    80.5   0.458   0.416   0.410   0.584   0.493    18.3    18.0    17.3    15.6    13.1
23908 20170421  2.422  -94.58   37.43    14.7     8.5    11.6    10.6    50.1     2.77 C    15.0    10.0    11.8    96.3    77.0    90.9   0.461   0.416   0.410   0.584   0.495    15.1    15.5    16.0    15.7    13.3
23908 20170422  2.422  -94.58   37.43    11.4     6.4     8.9     8.7     1.1     5.34 C    12.8     4.3     9.6    95.8    63.8    83.0   0.463   0.417   0.409   0.581   0.495    12.6    13.0    13.7    14.8    13.4
23908 20170423  2.422  -94.58   37.43 -9999.0 -9999.0 -9999.0 -9999.0 -9999.0 -9999.00 U -9999.0 -9999.0 -9999.0 -9999.0 -9999.0 -9999.0 -99.000 -99.000 -99.000 -99.000 -99.000 -9999.0 -9999.0 -9999.0 -9999.0 -9999.0
23908 20170424  2.422  -94.58   37.43    25.2     4.6    14.9    15.4     0.0    26.86 C    32.9     0.9    15.4    98.6    22.1    58.8   0.462   0.416   0.409   0.576   0.495    13.9    13.8    13.7    13.7    13.4
23908 20170425  2.422  -94.58   37.43    27.2    12.5    19.9    19.6    25.2    21.65 C    35.4    10.1    20.8    95.3    44.1    61.6   0.460   0.416   0.406   0.578   0.495    15.3    14.8    14.4    13.8    13.3
23908 20170426  2.422  -94.58   37.43    16.0     5.4    10.7     8.7    10.1     2.03 C    16.6     3.5    10.2    96.6    86.5    93.4   0.464   0.416   0.408   0.580   0.495    14.1    14.2    14.5    14.2    13.3
23908 20170427  2.422  -94.58   37.43    17.5     2.5    10.0    10.8     0.0    22.06 C    33.0     1.1    13.7    97.6    46.6    73.2   0.465   0.417   0.408   0.577   0.495    13.3    13.1    13.3    13.7    13.3
23908 20170428  2.422  -94.58   37.43    20.0    12.6    16.3    15.5    11.1     7.68 C    26.2    11.2    16.6    96.4    67.3    86.4   0.464   0.416   0.408   0.576   0.495    14.7    14.4    14.0    13.5    13.2
23908 20170429  2.422  -94.58   37.43    15.1    10.1    12.6    11.9    80.9     0.21 C    15.5    11.4    12.9    97.3    91.3    95.1   0.466   0.416   0.408   0.577   0.495    13.6    13.8    14.0    13.8    13.2
23908 20170430  2.422  -94.58   37.43    17.1     6.7    11.9    12.0     8.6    10.81 C    20.1     6.8    13.0    97.0    51.9    83.4   0.466   0.416   0.407   0.576   0.495    13.6    13.6    13.6    13.6    13.2
23908 20170501  2.422  -94.58   37.43    17.3     4.7    11.0     9.6     0.3    15.66 C    22.4     2.5     9.7    93.3    37.3    71.5   0.468   0.417   0.408   0.577   0.495    12.0    12.2    12.6    13.3    13.2
23908 20170502  2.422  -94.58   37.43    20.7     7.3    14.0    14.7     0.6    19.37 C    37.7     3.8    17.3    82.9    38.0    60.3   0.467   0.417   0.409   0.578   0.494    13.3    12.9    12.8    12.9    13.2
23908 20170503  2.422  -94.58   37.43    12.5     8.2    10.4     9.9    45.4     3.07 C    12.8     8.7    10.9    96.1    77.9    90.2   0.468   0.417   0.408   0.579   0.494    12.5    12.7    13.0    13.1    13.1
23908 20170504  2.422  -94.58   37.43    18.9     5.5    12.2    12.5     0.0    24.86 C    27.1     4.5    13.8    87.5    43.0    64.2   0.469   0.417   0.409   0.578   0.494    12.7    12.3    12.4    12.8    13.0
23908 20170505  2.422  -94.58   37.43    21.8     9.4    15.6    15.4     0.0    27.36 C    35.9     5.2    16.7    85.2    34.1    54.6   0.468   0.418   0.408   0.577   0.492    14.2    13.5    13.3    12.8    13.0
23908 20170506  2.422  -94.58   37.43    28.0    10.3    19.2    18.6     0.0    26.94 C    40.4     5.1    20.1    90.4    35.1    60.9   0.466   0.417   0.407   0.577   0.492    15.6    14.6    14.2    13.2    12.9
23908 20170507  2.422  -94.58   37.43    29.0    10.5    19.7    19.6     0.0    27.26 C    43.9     6.4    21.4    90.0    28.9    61.8   0.452   0.414   0.402   0.579   0.492    16.8    15.9    15.4    13.8    12.9
23908 20170508  2.422  -94.58   37.43    28.6    13.6    21.1    21.2     0.0    26.97 C    40.0     9.2    21.8    91.3    38.6    65.1   0.426   0.404   0.388   0.579   0.492    17.7    16.9    16.3    14.4    13.0
23908 20170509  2.422  -94.58   37.43    28.8    13.0    20.9    21.5     0.0    25.47 C    40.1     9.3    22.7    97.6    43.4    71.6   0.406   0.391   0.375   0.578   0.495    18.3    17.5    16.9    15.0    13.2
23908 20170510  2.422  -94.58   37.43    29.0    17.0    23.0    21.4    33.0    14.46 C    37.6    14.0    22.8    96.2    52.4    79.1   0.408   0.389   0.373   0.578   0.495    18.8    18.1    17.6    15.6    13.3
23908 20170511  2.422  -94.58   37.43    24.5    15.7    20.1    18.3    34.3    10.04 C    34.8    15.5    20.1    96.5    66.6    90.8   0.459   0.413   0.407   0.584   0.495    18.8    18.3    17.8    16.0    13.5
23908 20170512  2.422  -94.58   37.43    23.0    13.6    18.3    18.0     1.2    22.78 C    33.1    10.0    19.8    93.1    51.3    75.9   0.459   0.413   0.409   0.583   0.496    18.6    18.0    17.7    16.2    13.8
23908 20170513  2.422  -94.58   37.43    25.5    10.7    18.1    18.5     0.0    28.07 C    42.1     8.2    21.9    96.2    39.0    68.1   0.458   0.414   0.410   0.583   0.495    18.9    18.2    17.8    16.3    14.0
23908 20170514  2.422  -94.58   37.43    27.8    12.4    20.1    20.3     0.0    27.76 C    37.5     9.4    22.6    87.6    44.5    65.2   0.453   0.413   0.409   0.584   0.496    19.1    18.5    18.1    16.5    14.2
23908 20170515  2.422  -94.58   37.43    30.7    14.2    22.4    22.8     0.0    25.82 C    41.8    13.4    25.0    90.7    49.5    67.6   0.429   0.405   0.394   0.581   0.496    20.0    19.1    18.6    16.8    14.3
23908 20170516  2.422  -94.58   37.43    29.4    16.8    23.1    23.5     0.0    26.78 C    38.2    14.8    25.2    88.5    43.7    60.9   0.406   0.392   0.375   0.580   0.497    20.6    19.8    19.2    17.2    14.5
23908 20170517  2.422  -94.58   37.43    27.8    16.5    22.1    22.5     0.7    23.68 C    34.8    11.2    22.7    86.0    35.0    60.4   0.393   0.383   0.363   0.575   0.497    20.1    19.7    19.3    17.5    14.7
23908 20170518  2.422  -94.58   37.43    30.9    16.6    23.8    24.0     9.8    21.11 C    41.8    14.2    26.2    91.8    45.0    71.6   0.388   0.382   0.357   0.567   0.498    20.5    19.8    19.2    17.6    14.8
23908 20170519  2.422  -94.58   37.43    23.7    16.3    20.0    19.1    37.1     7.87 C    29.2    17.1    20.2    95.4    66.8    87.0   0.455   0.411   0.406   0.579   0.498    20.0    19.7    19.5    17.9    15.0
23908 20170520  2.422  -94.58   37.43    20.8    10.0    15.4    16.4    11.0    17.28 C    31.6     7.6    18.3    96.4    60.4    81.9   0.459   0.414   0.410   0.580   0.497    19.2    19.0    18.8    17.9    15.2
23908 20170521  2.422  -94.58   37.43    21.7     7.8    14.7    14.9     0.0    29.04 C    37.2     6.6    18.8    95.1    40.9    70.0   0.459   0.414   0.410   0.580   0.498    18.8    18.4    18.3    17.6    15.4
23908 20170522  2.422  -94.58   37.43    25.4    10.2    17.8    18.2     0.0    21.52 C    41.4     8.7    20.9    97.2    38.2    69.9   0.453   0.414   0.409   0.578   0.498    18.9    18.4    18.3    17.4    15.5
23908 20170523  2.422  -94.58   37.43    20.0    12.5    16.3    15.7     0.0    15.26 C    36.3    10.2    18.7    97.8    47.1    75.9   0.438   0.410   0.400   0.578   0.498    18.8    18.4    18.3    17.4    15.5
23908 20170524  2.422  -94.58   37.43    19.0     7.7    13.3    13.6     0.0    18.07 C    33.7     5.8    15.8    97.9    55.0    75.2   0.419   0.400   0.383   0.579   0.499    17.8    17.5    17.7    17.3    15.5
23908 20170525  2.422  -94.58   37.43    26.9     6.5    16.7    18.6     0.0    27.37 C    40.3     4.4    20.8   100.0    38.2    67.6   0.402   0.387   0.371   0.578   0.499    17.8    17.3    17.3    17.0    15.6
23908 20170526  2.422  -94.58   37.43    28.6    17.6    23.1    22.8     0.0    22.06 C    49.2    16.0    26.7    94.6    55.9    73.1   0.391   0.383   0.361   0.575   0.498    19.8    18.9    18.3    17.0    15.6
23908 20170527  2.422  -94.58   37.43    28.8    17.3    23.1    21.9    38.0    11.79 C    44.8    16.5    23.4    96.5    69.2    87.7   0.422   0.399   0.383   0.577   0.498    20.8    20.0    19.4    17.6    15.6
23908 20170528  2.422  -94.58   37.43    26.2    15.6    20.9    20.4     0.0    27.50 C    42.1    12.0    23.8    94.3    39.4    71.3   0.458   0.419   0.412   0.583   0.498    21.3    20.4    19.9    18.1    15.7
23908 20170529  2.422  -94.58   37.43    28.1    12.3    20.2    20.9     0.0    28.73 C    46.0    10.3    23.8    93.9    35.7    64.8   0.446   0.416   0.407   0.583   0.499    21.0    20.2    19.9    18.4    15.8
23908 20170530  2.422  -94.58   37.43    27.1    12.5    19.8    19.5     4.0    20.70 C    39.5    10.2    21.5    93.6    41.7    72.0   0.428   0.410   0.393   0.582   0.500    20.4    19.9    19.8    18.5    15.9
23908 20170531  2.422  -94.58   37.43    27.6    14.1    20.9    19.4     3.4    14.82 C    39.6    12.3    21.0    93.9    47.8    77.7   0.437   0.414   0.398   0.583   0.499    20.4    19.9    19.7    18.6    16.1
23908 20170601  2.422  -94.58   37.43    28.0    14.3    21.1    20.4     6.1    22.18 C    44.6    12.5    23.4    95.3    54.3    79.4   0.447   0.418   0.402   0.583   0.499    20.6    20.0    19.7    18.5    16.2
23908 20170602  2.422  -94.58   37.43    28.9    14.8    21.9    22.4     0.0    26.08 C    44.0    13.6    25.8    99.7    42.6    73.3   0.427   0.410   0.391   0.582   0.500    21.4    20.7    20.2    18.6    16.3
23908 20170603  2.422  -94.58   37.43    29.1    18.1    23.6    22.3    10.2    18.86 C    48.3    16.2    26.3    97.2    54.0    82.7   0.420   0.402   0.385   0.583   0.500    22.0    21.2    20.8    18.9    16.4
23908 20170604  2.422  -94.58   37.43    25.2    18.9    22.1    21.5     5.6    11.41 C    32.6    18.8    23.8    97.5    74.5    89.7   0.459   0.414   0.407   0.585   0.501    22.0    21.3    20.9    19.3    16.5
23908 20170605  2.422  -94.58   37.43    30.6    18.2    24.4    23.8     0.0    26.04 C    45.1    16.2    27.7    97.8    44.4    78.2   0.452   0.412   0.405   0.585   0.502    22.6    21.7    21.2    19.5    16.7
23908 20170606  2.422  -94.58   37.43    27.2    13.7    20.5    21.0     0.0    29.44 C    43.2    12.4    24.9    96.1    41.9    70.6   0.421   0.400   0.386   0.585   0.503    22.4    21.7    21.4    19.7    16.8
23908 20170607  2.422  -94.58   37.43    26.2    12.2    19.2    19.1     0.0    28.33 C    43.1    10.5    23.1    92.1    34.3    66.1   0.398   0.386   0.368   0.581   0.504    21.5    21.0    20.9    19.8    16.9
23908 20170608  2.422  -94.58   37.43    26.6    10.9    18.7    19.3     0.0    27.49 C    44.7     9.1    23.3    96.4    35.9    68.6   0.387   0.382   0.358   0.569   0.503    21.0    20.6    20.5    19.6    17.1
23908 20170609  2.422  -94.58   37.43    28.8    12.0    20.4    21.4     0.0    27.41 C    46.7    10.3    24.5    95.0    40.5    66.3   0.378   0.378   0.352   0.557   0.503    21.2    20.7    20.5    19.5    17.2
23908 20170610  2.422  -94.58   37.43    30.7    16.8    23.8    24.2     0.0    26.78 C    40.7    15.8    26.2    84.2    51.7    65.6   0.368   0.373   0.345   0.545   0.503    21.9    21.2    20.9    19.6    17.2
23908 20170611  2.422  -94.58   37.43    31.1    20.3    25.7    25.7     0.0    26.97 C    39.9    18.6    27.2    78.9    51.5    64.5   0.356   0.368   0.338   0.533   0.503    22.7    21.9    21.4    19.8    17.3
23908 20170612  2.422  -94.58   37.43    32.3    19.2    25.7    26.2     0.0    26.78 C    43.5    18.2    28.0    89.6    49.0    69.1   0.342   0.362   0.330   0.524   0.503    23.3    22.4    21.8    20.1    17.3
23908 20170613  2.422  -94.58   37.43    31.2    22.5    26.8    26.7     0.0    20.48 C    39.5    21.9    27.7    90.2    52.5    72.0   0.331   0.354   0.322   0.516   0.502    23.6    22.8    22.3    20.4    17.4
23908 20170614  2.422  -94.58   37.43    31.5    24.1    27.8    27.0     0.0    17.37 C    38.5    22.9    27.8    86.9    58.2    73.3   0.320   0.348   0.314   0.511   0.502    23.8    23.1    22.5    20.7    17.6
23908 20170615  2.422  -94.58   37.43    32.4    18.9    25.6    25.9    11.2    26.25 C    42.0    20.0    28.3    93.8    55.0    74.1   0.336   0.349   0.314   0.510   0.503    24.4    23.5    22.8    21.0    17.8
23908 20170616  2.422  -94.58   37.43    32.6    17.9    25.3    25.6     2.3    26.57 C    42.8    18.6    28.5    96.2    56.0    75.7   0.327   0.346   0.312   0.509   0.504    24.6    23.7    23.1    21.2    17.9
23908 20170617  2.422  -94.58   37.43    29.9    18.6    24.2    25.3    29.6    19.15 C    36.1    19.2    26.2    95.8    60.3    79.0   0.382   0.376   0.353   0.531   0.505    24.2    23.6    23.2    21.5    18.1
23908 20170618  2.422  -94.58   37.43    25.5    15.5    20.5    21.0     7.4    12.46 C    32.0    13.0    22.0    95.5    57.9    82.7   0.396   0.387   0.376   0.567   0.505    23.5    23.1    22.9    21.6    18.2
23908 20170619  2.422  -94.58   37.43    25.4    14.3    19.8    19.8     0.0    10.28 C    31.9    12.4    19.9    98.1    64.5    85.6   0.387   0.384   0.373   0.570   0.506    21.8    21.7    21.9    21.3    18.4
23908 20170620  2.422  -94.58   37.43    31.6    13.7    22.7    23.9     0.0    28.91 C    43.0    13.1    26.2    99.3    41.7    72.7   0.373   0.378   0.361   0.560   0.505    22.4    21.8    21.6    20.9    18.5
23908 20170621  2.422  -94.58   37.43    32.6    18.3    25.4    25.4     0.0    25.90 C    41.9    16.8    26.7    96.2    36.7    66.9   0.356   0.371   0.350   0.545   0.506    23.1    22.5    22.2    20.9    18.5
23908 20170622  2.422  -94.58   37.43    30.9    18.9    24.9    25.1     0.0    18.13 C    39.1    17.1    26.3    95.4    58.2    78.9   0.347   0.365   0.342   0.536   0.507    23.4    22.8    22.5    21.1    18.5
23908 20170623  2.422  -94.58   37.43    28.0    17.4    22.7    23.3    22.6    20.01 C    35.4    15.8    24.3    97.8    43.5    76.8   0.392   0.385   0.380   0.552   0.508    23.4    23.0    22.7    21.3    18.6
23908 20170624  2.422  -94.58   37.43    25.4    13.9    19.6    19.8     0.0    29.30 C    38.5    12.2    22.7    92.8    39.2    66.9   0.402   0.391   0.393   0.572   0.508    22.4    22.3    22.2    21.3    18.7
23908 20170625  2.422  -94.58   37.43    27.1    14.6    20.8    20.9     0.0    25.22 C    39.1    13.1    23.9    92.8    40.2    67.5   0.373   0.379   0.363   0.562   0.507    22.1    21.9    21.8    21.1    18.7
23908 20170626  2.422  -94.58   37.43    26.3    15.3    20.8    19.3    11.9    10.88 C    32.8    15.5    20.5    95.1    59.9    82.6   0.373   0.378   0.357   0.553   0.508    21.6    21.5    21.6    21.0    18.8
23908 20170627  2.422  -94.58   37.43    28.6    14.7    21.7    22.0     1.8    25.49 C    36.5    15.3    24.1    97.5    54.9    78.0   0.393   0.388   0.374   0.575   0.508    22.0    21.6    21.4    20.7    18.8
23908 20170628  2.422  -94.58   37.43    31.3    19.0    25.1    25.2     0.0    26.35 C    37.3    18.1    26.0    86.6    53.7    69.6   0.369   0.378   0.359   0.565   0.507    22.8    22.2    21.9    20.8    18.8
23908 20170629  2.422  -94.58   37.43    31.6    21.2    26.4    26.2     0.0    25.20 C    38.2    20.2    27.0    85.7    52.0    69.5   0.356   0.373   0.348   0.549   0.507    23.4    22.8    22.3    21.0    18.8
23908 20170630  2.422  -94.58   37.43    28.2    19.2    23.7    23.2    15.4    21.25 C    36.6    19.4    25.0    95.6    64.7    82.7   0.383   0.383   0.362   0.562   0.507    23.5    23.0    22.5    21.2    18.8
23908 20170701  2.422  -94.58   37.43    28.0    16.7    22.3    22.6     0.0    25.46 C    37.3    14.6    24.3    96.5    46.2    75.7   0.368   0.376   0.354   0.560   0.507    23.5    23.0    22.7    21.4    18.9
23908 20170702  2.422  -94.58   37.43    31.4    14.6    23.0    23.3     0.0    24.72 C    39.7    13.7    25.0    98.4    53.9    79.0   0.356   0.372   0.346   0.548   0.507    23.0    22.6    22.4    21.4    19.0
23908 20170703  2.422  -94.58   37.43    30.1    17.1    23.6    23.9     0.0    23.52 C    38.6    16.7    25.7    97.8    55.4    79.0   0.348   0.368   0.341   0.537   0.507    23.5    22.9    22.7    21.5    19.1
23908 20170704  2.422  -94.58   37.43    23.8    20.2    22.0    21.8    33.5     6.10 C    26.0    20.6    22.9    96.9    81.8    92.9   0.420   0.396   0.376   0.554   0.508    23.1    22.7    22.6    21.6    19.1
23908 20170705  2.422  -94.58   37.43    27.1    19.9    23.5    22.7     1.5    13.65 C    32.5    20.1    23.9    97.0    71.1    89.9   0.456   0.411   0.403   0.576   0.508    22.9    22.5    22.4    21.5    19.2
23908 20170706  2.422  -94.58   37.43    30.0    19.4    24.7    24.3     0.0    26.72 C    38.3    18.5    26.1    97.3    56.3    81.3   0.447   0.410   0.401   0.580   0.509    23.5    22.8    22.5    21.5    19.3
23908 20170707  2.422  -94.58   37.43    32.6    19.8    26.2    25.6     0.0    22.26 C    39.9    18.4    26.7    96.1    57.3    79.7   0.416   0.397   0.382   0.581   0.509    23.9    23.2    22.9    21.6    19.3
23908 20170708  2.422  -94.58   37.43    30.8    17.4    24.1    24.7     0.0    27.21 C    38.5    17.0    26.2    96.2    52.5    76.1   0.390   0.385   0.367   0.577   0.510    24.1    23.4    23.1    21.8    19.4
23908 20170709  2.422  -94.58   37.43    31.7    19.1    25.4    25.7     0.0    26.79 C    38.1    17.8    26.8    99.9    53.8    77.9   0.375   0.380   0.356   0.564   0.510    24.2    23.6    23.3    21.9    19.5
23908 20170710  2.422  -94.58   37.43    32.1    21.1    26.6    26.4     0.0    27.70 C    38.4    20.4    27.5    95.5    54.0    76.5   0.363   0.374   0.347   0.549   0.510    24.5    23.8    23.5    22.1    19.5
23908 20170711  2.422  -94.58   37.43    34.1    21.4    27.8    28.0     0.0    27.57 C    39.2    20.0    28.5    93.2    46.7    71.0   0.351   0.368   0.340   0.536   0.511    24.8    24.1    23.7    22.3    19.6
23908 20170712  2.422  -94.58   37.43    34.1    23.6    28.8    28.5     0.0    27.19 C    39.3    22.5    29.1    89.3    52.2    71.9   0.336   0.362   0.330   0.526   0.511    25.3    24.5    24.1    22.5    19.7
23908 20170713  2.422  -94.58   37.43    34.0    22.1    28.1    28.0     0.0    25.46 C    40.1    22.5    28.9    94.0    48.7    72.6   0.323   0.354   0.321   0.516   0.511    25.5    24.8    24.4    22.7    19.8
23908 20170714  2.422  -94.58   37.43    29.5    20.9    25.2    24.3    15.0    17.53 C    35.3    21.2    25.5    96.5    62.1    85.5   0.346   0.358   0.322   0.513   0.511    24.9    24.4    24.2    22.9    19.9
23908 20170715  2.422  -94.58   37.43    31.6    20.2    25.9    25.7     0.0    26.69 C    40.0    19.8    27.1    97.7    55.2    80.2   0.336   0.355   0.322   0.513   0.511    25.0    24.4    24.1    22.9    20.0
23908 20170716  2.422  -94.58   37.43    31.2    19.2    25.2    25.0     0.0    26.55 C    38.8    18.7    26.6    95.9    51.0    77.9   0.322   0.350   0.317   0.511   0.512    24.9    24.4    24.2    22.9    20.1
23908 20170717  2.422  -94.58   37.43    32.7    18.7    25.7    26.2     0.0    26.38 C    40.7    19.0    27.5    96.6    48.9    77.6   0.310   0.344   0.309   0.508   0.513    24.8    24.3    24.1    22.9    20.2
23908 20170718  2.422  -94.58   37.43    32.7    19.1    25.9    26.0     0.0    26.37 C    38.6    19.0    26.7    97.8    40.5    73.8   0.296   0.337   0.301   0.505   0.514    24.6    24.2    24.1    23.0    20.3
23908 20170719  2.422  -94.58   37.43    33.8    20.7    27.2    27.5     0.0    26.43 C    40.9    19.3    27.7    93.4    44.2    73.1   0.280   0.328   0.293   0.498   0.514    24.7    24.2    24.0    22.9    20.3
23908 20170720  2.422  -94.58   37.43    34.3    21.9    28.1    28.2     0.0    26.75 C    40.2    20.4    28.4    93.6    50.9    72.4   0.260   0.317   0.283   0.493   0.514    25.1    24.5    24.2    22.9    20.4
23908 20170721  2.422  -94.58   37.43    34.8    22.3    28.5    28.8     0.0    26.87 C    40.2    21.2    28.9    93.3    48.2    69.6   0.237   0.305   0.274   0.485   0.514    25.3    24.7    24.4    23.0    20.5
23908 20170722  2.422  -94.58   37.43    35.6    24.3    30.0    29.7     0.0    26.48 C    39.4    22.9    29.6    83.8    49.8    66.2   0.213   0.291   0.263   0.492   0.514    25.7    25.0    24.7    23.2    20.5
23908 20170723  2.422  -94.58   37.43    31.9    20.7    26.3    25.8     0.2    20.35 C    38.7    20.3    26.7    95.3    49.3    74.6   0.196   0.279   0.253   0.490   0.515    25.3    24.8    24.6    23.3    20.6
23908 20170724  2.422  -94.58   37.43    33.4    19.7    26.6    26.8     0.0    26.07 C    40.6    19.2    28.2    97.0    49.0    77.7   0.185   0.269   0.245   0.487   0.514    25.2    24.6    24.4    23.3    20.7
23908 20170725  2.422  -94.58   37.43    34.0    20.2    27.1    27.5     0.0    25.04 C    40.9    19.9    28.0    96.7    45.6    74.3   0.175   0.258   0.235   0.482   0.512    25.4    24.8    24.6    23.3    20.7
23908 20170726  2.422  -94.58   37.43    33.6    22.9    28.3    28.4     0.2    18.79 C    35.8    21.4    27.9    92.8    50.9    71.2   0.167   0.247   0.226   0.476   0.512    25.3    24.8    24.6    23.4    20.8
23908 20170727  2.422  -94.58   37.43    31.7    24.2    28.0    26.5    13.3    13.67 C    36.3    23.8    26.9    96.0    64.9    85.7   0.207   0.248   0.221   0.472   0.511    25.4    24.8    24.6    23.4    20.8
23908 20170728  2.422  -94.58   37.43    30.6    18.3    24.5    25.2     0.0    23.71 C    37.3    17.4    26.2    97.1    55.8    79.8   0.203   0.246   0.219   0.469   0.511    25.6    25.0    24.7    23.4    20.9
23908 20170729  2.422  -94.58   37.43    28.4    16.5    22.4    22.2     0.0    27.13 C    36.3    16.4    24.3    96.0    47.9    75.0   0.185   0.242   0.213   0.463   0.510    24.1    23.9    23.9    23.4    21.0
23908 20170730  2.422  -94.58   37.43    27.8    14.4    21.1    21.1     0.0    27.30 C    35.5    14.5    23.0    95.0    39.4    71.3   0.172   0.235   0.207   0.458   0.509    23.1    23.1    23.2    23.0    21.0
23908 20170731  2.422  -94.58   37.43    30.1    14.7    22.4    22.5     0.0    20.74 C    37.9    14.2    24.0    96.7    47.0    77.4   0.165   0.228   0.199   0.452   0.509    22.8    22.7    22.8    22.6    21.0
23908 20170801  2.422  -94.58   37.43    28.2    20.2    24.2    23.2     3.2    21.47 C    35.3    20.8    25.0    96.0    54.3    81.3   0.163   0.223   0.194   0.449   0.509    23.5    23.1    23.0    22.5    20.9
23908 20170802  2.422  -94.58   37.43    30.5    18.1    24.3    23.8     0.0    21.76 C    37.4    17.2    24.6    98.1    47.3    78.2   0.160   0.218   0.188   0.443   0.507    23.6    23.2    23.1    22.5    20.9
23908 20170803  2.422  -94.58   37.43    31.5    17.5    24.5    22.7     1.9    18.98 C    37.7    16.9    23.7    97.3    47.8    81.9   0.157   0.211   0.181   0.438   0.506    23.0    22.8    22.8    22.4    20.8
23908 20170804  2.422  -94.58   37.43    25.3    13.2    19.2    19.6     0.0    26.67 C    33.2    12.5    21.2    89.9    36.7    63.7   0.154   0.205   0.175   0.436   0.506    22.1    22.2    22.3    22.1    20.8
23908 20170805  2.422  -94.58   37.43    26.0    12.9    19.5    18.8   110.1     9.96 C    28.7    12.9    19.3    97.4    66.3    84.8   0.327   0.311   0.291   0.507   0.508    19.8    20.1    20.5    21.3    20.7
23908 20170806  2.422  -94.58   37.43    24.5    17.9    21.2    20.6    17.3    11.68 C    28.6    17.0    21.5    97.3    76.3    88.8   0.447   0.392   0.391   0.573   0.509    20.5    20.4    20.5    20.8    20.6
23908 20170807  2.422  -94.58   37.43    27.1    17.6    22.4    21.7     0.0    14.45 C    32.3    16.8    22.8   100.0    61.9    87.2   0.409   0.390   0.388   0.581   0.508    21.4    21.0    21.0    20.9    20.5
23908 20170808  2.422  -94.58   37.43    27.2    15.7    21.4    21.0     0.0    24.46 C    35.5    15.2    22.4    97.2    52.5    80.4   0.378   0.382   0.377   0.579   0.507    21.5    21.3    21.3    21.0    20.4
23908 20170809  2.422  -94.58   37.43    28.9    16.1    22.5    22.6     0.0    21.22 C    35.1    15.8    23.7    96.4    53.0    79.2   0.363   0.375   0.365   0.571   0.508    21.7    21.3    21.3    21.0    20.3
23908 20170810  2.422  -94.58   37.43    30.6    18.7    24.7    24.8     0.9    21.36 C    37.7    17.7    25.8    96.8    53.8    79.9   0.352   0.370   0.356   0.589   0.508    22.5    22.0    21.8    21.1    20.2
23908 20170811  2.422  -94.58   37.43    27.6    18.4    23.0    22.7    47.5    15.81 C    32.5    17.3    23.3    97.3    67.0    89.1   0.436   0.403   0.393   0.609   0.509    22.9    22.5    22.3    21.4    20.3
23908 20170812  2.422  -94.58   37.43    25.5    17.0    21.3    21.1     0.0    12.56 C    31.3    16.0    22.2    96.3    71.7    84.5   0.456   0.413   0.408   0.624   0.509    22.1    21.9    22.0    21.6    20.2
23908 20170813  2.422  -94.58   37.43    24.8    17.0    20.9    20.9     0.0    12.60 C    29.0    16.2    22.3    97.0    72.1    86.4   0.440   0.412   0.404   0.625   0.509    21.8    21.7    21.7    21.4    20.3
23908 20170814  2.422  -94.58   37.43    29.3    18.4    23.9    23.1     0.0    20.23 C    37.4    17.6    25.3    98.0    60.7    84.0   0.414   0.402   0.392   0.620   0.509    22.4    22.0    21.9    21.3    20.3
23908 20170815  2.422  -94.58   37.43    30.4    17.3    23.8    24.1     0.0    18.73 C    38.4    16.9    25.8   100.0    61.9    84.8   0.388   0.390   0.380   0.612   0.509    22.6    22.1    22.1    21.5    20.3
23908 20170816  2.422  -94.58   37.43    29.8    19.6    24.7    24.1    36.7    15.10 C    32.6    19.7    24.8    95.3    66.6    86.3   0.401   0.394   0.386   0.613   0.509    23.2    22.7    22.6    21.6    20.3
23908 20170817  2.422  -94.58   37.43    28.4    16.6    22.5    22.5     0.0    22.13 C    34.5    14.8    23.3    96.6    51.5    82.4   0.459   0.417   0.414   0.619   0.510    22.7    22.4    22.4    21.8    20.3
23908 20170818  2.422  -94.58   37.43    31.1    15.1    23.1    22.8     0.0    15.00 C    35.1    14.1    22.6    97.5    55.1    85.4   0.456   0.417   0.415   0.619   0.509    22.0    21.7    21.9    21.7    20.3
23908 20170819  2.422  -94.58   37.43    34.1    18.6    26.3    25.4     2.7    20.74 C    38.4    17.7    25.8    97.5    50.8    81.7   0.435   0.414   0.408   0.616   0.510    22.7    22.2    22.1    21.5    20.3
23908 20170820  2.422  -94.58   37.43    34.2    21.0    27.6    27.5     0.0    21.71 C    36.3    19.9    27.4    94.3    50.8    75.7   0.411   0.404   0.396   0.612   0.509    23.8    23.0    22.8    21.7    20.3
23908 20170821  2.422  -94.58   37.43    32.2    20.4    26.3    26.6     0.0    19.40 C    35.4    19.7    26.6    95.5    58.2    77.4   0.387   0.390   0.382   0.611   0.509    23.9    23.3    23.1    22.0    20.3
23908 20170822  2.422  -94.58   37.43    27.6    18.1    22.8    23.5    33.9    15.20 C    33.3    17.5    24.3    95.2    72.5    84.6   0.440   0.409   0.405   0.616   0.509    23.6    23.4    23.2    22.3    20.4
23908 20170823  2.422  -94.58   37.43    25.9    13.9    19.9    19.4     0.0    25.25 C    31.5    13.0    20.6    94.9    41.5    74.4   0.457   0.415   0.416   0.620   0.509    22.4    22.4    22.6    22.2    20.5
23908 20170824  2.422  -94.58   37.43    27.7    12.5    20.1    19.9     0.0    23.38 C    34.4    12.0    20.8    95.9    47.1    77.1   0.437   0.414   0.409   0.616   0.509    21.4    21.4    21.6    21.8    20.6
23908 20170825  2.422  -94.58   37.43    27.2    15.2    21.2    20.9     0.0    19.15 C    33.2    14.3    21.7    96.6    51.8    79.1   0.401   0.403   0.394   0.613   0.509    21.5    21.3    21.4    21.4    20.5
23908 20170826  2.422  -94.58   37.43    28.5    18.0    23.3    22.2     0.0    19.91 C    35.5    17.3    23.2    95.9    47.4    78.2   0.381   0.391   0.383   0.614   0.509    21.9    21.6    21.6    21.3    20.5
23908 20170827  2.422  -94.58   37.43    28.5    16.3    22.4    21.4     0.0    17.20 C    33.7    15.7    22.2    97.8    60.9    85.7   0.374   0.385   0.374   0.615   0.509    21.8    21.5    21.6    21.3    20.4
23908 20170828  2.422  -94.58   37.43    28.0    14.8    21.4    20.8     0.0    23.18 C    34.2    14.8    21.8   100.0    46.4    80.5   0.372   0.382   0.367   0.604   0.509    21.6    21.4    21.5    21.2    20.3
23908 20170829  2.422  -94.58   37.43    25.5    13.9    19.7    19.0     0.0    21.60 C    34.2    13.2    19.7    96.5    56.4    81.2   0.364   0.377   0.361   0.587   0.509    21.0    21.0    21.2    21.2    20.3
23908 20170830  2.422  -94.58   37.43    27.7    14.2    21.0    20.4     0.0    20.19 C    32.9    13.3    21.0    95.9    51.5    80.4   0.357   0.373   0.356   0.585   0.509    20.9    20.8    20.9    21.0    20.3
23908 20170831  2.422  -94.58   37.43    27.2    15.1    21.1    20.5     0.0    21.40 C    32.8    14.5    20.8    96.5    54.5    79.5   0.343   0.370   0.350   0.586   0.509    21.0    20.9    20.9    20.8    20.2
23908 20170901  2.422  -94.58   37.43    26.2    14.9    20.6    19.6     0.0    21.73 C    32.1    13.7    20.4    97.2    55.4    81.1   0.332   0.365   0.344   0.575   0.510    20.8    20.7    20.8    20.8    20.2
23908 20170902  2.422  -94.58   37.43    28.6    14.5    21.6    21.5     0.0    20.77 C    33.4    13.8    21.7    95.1    49.7    76.1   0.322   0.360   0.338   0.566   0.509    20.8    20.6    20.7    20.6    20.2
23908 20170903  2.422  -94.58   37.43    31.1    16.3    23.7    23.3     0.0    19.85 C    34.8    15.4    23.1    95.9    53.3    79.4   0.313   0.355   0.333   0.565   0.510    21.1    20.9    20.8    20.7    20.1
23908 20170904  2.422  -94.58   37.43    32.3    19.5    25.9    25.4     0.0    20.38 C    33.9    17.7    25.1    94.3    47.0    73.9   0.303   0.350   0.326   0.561   0.509    21.8    21.5    21.3    20.7    20.0
23908 20170905  2.422  -94.58   37.43    25.2    10.4    17.8    18.8     0.0    19.90 C    30.8     8.7    19.2    87.7    32.2    61.5   0.289   0.343   0.319   0.559   0.508    21.1    21.2    21.3    21.0    20.0
23908 20170906  2.422  -94.58   37.43    22.8     9.1    15.9    15.2     0.0    21.38 C    30.4     7.2    15.4    94.4    38.3    67.9   0.278   0.336   0.312   0.556   0.509    19.1    19.5    19.9    20.7    20.0
23908 20170907  2.422  -94.58   37.43    27.1     8.1    17.6    17.4     0.0    22.17 C    31.3     6.8    17.2    96.7    34.6    70.4   0.269   0.331   0.306   0.552   0.508    18.3    18.6    18.9    20.0    20.0
23908 20170908  2.422  -94.58   37.43    28.7    10.5    19.6    19.4     0.0    20.69 C    32.7     9.9    19.1    96.4    38.9    73.3   0.258   0.326   0.300   0.547   0.507    18.6    18.6    18.8    19.6    19.9
23908 20170909  2.422  -94.58   37.43    28.8    11.1    20.0    20.1     0.0    20.47 C    33.0    10.8    20.0    98.3    41.7    75.9   0.245   0.320   0.295   0.547   0.506    18.9    18.8    19.0    19.4    19.8
23908 20170910  2.422  -94.58   37.43    27.4    12.5    19.9    19.4     0.0    19.82 C    32.5    11.6    19.4    95.4    38.5    72.4   0.232   0.315   0.288   0.542   0.506    19.0    19.0    19.1    19.4    19.6
23908 20170911  2.422  -94.58   37.43    26.5     9.8    18.2    17.7     0.0    21.38 C    31.6     9.0    17.8    96.2    39.9    72.3   0.221   0.308   0.283   0.540   0.505    18.5    18.6    18.8    19.4    19.5
23908 20170912  2.422  -94.58   37.43    23.6    10.2    16.9    16.5     0.0    13.56 C    27.8     9.3    16.6    92.2    43.0    74.4   0.211   0.303   0.278   0.538   0.504    18.0    18.1    18.4    19.1    19.4
23908 20170913  2.422  -94.58   37.43    28.4     8.2    18.3    18.6     0.0    20.57 C    32.9     6.3    18.3    97.5    42.5    74.7   0.202   0.298   0.273   0.536   0.504    17.8    17.8    18.1    18.8    19.4
23908 20170914  2.422  -94.58   37.43    30.0    10.8    20.4    20.2     0.0    19.14 C    33.7     9.7    19.2    98.5    35.7    69.8   0.190   0.293   0.268   0.532   0.504    18.0    18.0    18.2    18.6    19.2
23908 20170915  2.422  -94.58   37.43    31.7    14.6    23.2    23.0     0.0    18.53 C    35.2    12.9    22.2    93.9    45.8    70.5   0.178   0.286   0.262   0.535   0.503    18.8    18.5    18.5    18.6    19.1
23908 20170916  2.422  -94.58   37.43    31.4    18.2    24.8    23.1    28.5    15.99 C    34.3    16.8    23.2    94.6    50.2    76.9   0.221   0.292   0.262   0.536   0.503    19.8    19.5    19.4    19.0    19.1
23908 20170917  2.422  -94.58   37.43    22.4    15.8    19.1    19.3    41.9     4.28 C    27.6    15.3    19.3    97.8    81.5    92.5   0.403   0.368   0.346   0.572   0.504    19.8    19.7    19.7    19.4    19.0
23908 20170918  2.422  -94.58   37.43    26.8    16.0    21.4    20.8     0.0    10.98 C    30.5    15.3    20.4    97.9    62.4    86.9   0.437   0.397   0.391   0.602   0.506    19.6    19.4    19.5    19.4    19.1
23908 20170919  2.422  -94.58   37.43    31.2    16.2    23.7    23.9     0.0    19.30 C    32.7    15.3    23.2    98.2    47.7    76.8   0.392   0.388   0.382   0.602   0.506    20.0    19.7    19.6    19.4    19.1
23908 20170920  2.422  -94.58   37.43    33.4    22.4    27.9    26.7     0.0    19.37 C    35.2    20.8    25.9    89.2    52.1    74.4   0.366   0.377   0.372   0.602   0.506    21.3    20.8    20.5    19.6    19.1
23908 20170921  2.422  -94.58   37.43    32.5    21.8    27.1    26.4     0.0    18.18 C    35.0    20.5    25.9    90.7    55.3    75.1   0.354   0.372   0.363   0.594   0.506    21.9    21.5    21.2    20.1    19.1
23908 20170922  2.422  -94.58   37.43    31.7    19.8    25.7    24.8     0.0    19.62 C    34.7    18.1    24.3    93.4    50.3    76.7   0.346   0.367   0.356   0.583   0.506    21.9    21.6    21.4    20.5    19.1
23908 20170923  2.422  -94.58   37.43    32.1    17.5    24.8    24.2     0.0    19.18 C    36.3    16.7    23.6    96.9    42.9    75.3   0.338   0.362   0.351   0.576   0.506    21.6    21.4    21.3    20.7    19.2
23908 20170924  2.422  -94.58   37.43    31.5    17.0    24.2    23.9     0.0    17.50 C    35.1    16.0    23.2    95.2    47.7    75.6   0.332   0.359   0.346   0.574   0.506    21.5    21.3    21.2    20.7    19.4
23908 20170925  2.422  -94.58   37.43    30.5    17.3    23.9    23.1     0.0    17.11 C    34.8    15.3    22.5    94.6    45.1    76.5   0.326   0.355   0.342   0.566   0.505    21.3    21.1    21.1    20.7    19.4
23908 20170926  2.422  -94.58   37.43    21.8    17.4    19.6    19.3    27.3     4.20 C    24.7    16.9    19.8    97.3    86.7    94.2   0.388   0.388   0.375   0.594   0.505    20.9    20.8    20.9    20.7    19.5
23908 20170927  2.422  -94.58   37.43    18.7    12.0    15.3    16.0     1.4     4.49 C    20.0    12.1    16.5    94.6    76.7    89.8   0.388   0.394   0.385   0.622   0.505    20.1    20.2    20.4    20.5    19.5
23908 20170928  2.422  -94.58   37.43    24.0    11.7    17.9    16.4     0.0    17.87 C    27.4    10.4    16.9    93.8    42.0    73.9   0.370   0.379   0.374   0.625   0.505    19.2    19.3    19.6    20.1    19.5
23908 20170929  2.422  -94.58   37.43    25.9     9.8    17.8    17.1     0.0    18.12 C    30.1     8.8    17.0    97.2    39.9    74.3   0.358   0.372   0.366   0.620   0.505    18.4    18.5    18.8    19.6    19.5
23908 20170930  2.422  -94.58   37.43    27.2    10.3    18.8    18.3     0.0    17.67 C    31.4     9.5    18.2    95.9    32.6    67.8   0.350   0.368   0.359   0.599   0.506    18.2    18.2    18.4    19.2    19.4
23908 20171001  2.422  -94.58   37.43    27.1    12.6    19.8    19.6     0.0    16.35 C    31.1    10.7    19.2    79.4    35.1    58.6   0.344   0.366   0.355   0.590   0.506    18.4    18.4    18.5    18.9    19.3
23908 20171002  2.422  -94.58   37.43    30.2    18.7    24.4    23.5     0.0    14.78 C    33.1    17.5    22.9    94.4    47.9    72.2   0.340   0.363   0.351   0.582   0.506    19.2    19.0    18.9    18.9    19.2
23908 20171003  2.422  -94.58   37.43    26.2    20.5    23.4    22.6     5.8     4.74 C    28.0    19.1    22.4    96.5    71.9    87.5   0.350   0.363   0.351   0.575   0.506    20.0    19.7    19.6    19.2    19.1
23908 20171004  2.422  -94.58   37.43    23.5    19.7    21.6    21.3     0.8     3.27 C    25.3    19.1    21.3    96.4    85.6    93.8   0.354   0.366   0.354   0.584   0.506    20.4    20.2    20.0    19.5    19.1
23908 20171005  2.422  -94.58   37.43    25.5    19.6    22.5    21.4     0.4     8.88 C    28.8    19.2    21.5    96.2    70.5    88.0   0.349   0.366   0.353   0.588   0.506    20.5    20.3    20.1    19.7    19.1
23908 20171006  2.422  -94.58   37.43    29.1    19.5    24.3    22.5     1.2    10.42 C    30.3    19.0    21.7    92.1    53.2    75.6   0.350   0.364   0.352   0.590   0.507    20.6    20.4    20.3    19.8    19.1
23908 20171007  2.422  -94.58   37.43    24.7    11.7    18.2    19.5     2.4    16.98 C    27.3     9.5    18.8    92.8    48.1    74.3   0.352   0.364   0.352   0.588   0.506    20.1    20.1    20.2    19.9    19.1
23908 20171008  2.422  -94.58   37.43    27.1     9.1    18.1    17.0     0.0    18.53 C    30.5     7.7    16.1    97.2    28.6    72.8   0.341   0.361   0.349   0.580   0.507    18.3    18.6    19.0    19.7    19.1
23908 20171009  2.422  -94.58   37.43    30.6     9.6    20.1    19.8    49.4    16.39 C    33.4     8.5    19.5    96.7    29.7    72.9   0.357   0.367   0.355   0.580   0.506    18.1    18.1    18.3    19.1    19.1
23908 20171010  2.422  -94.58   37.43    17.9     8.1    13.0    11.0     0.0     3.35 C    18.1     9.1    12.1    95.4    69.7    84.0   0.453   0.410   0.403   0.612   0.508    17.9    18.1    18.5    18.9    19.1
23908 20171011  2.422  -94.58   37.43    17.6     7.2    12.4    11.0     0.0    13.54 C    24.3     5.9    12.5    96.9    59.9    81.9   0.455   0.412   0.407   0.620   0.508    16.7    16.8    17.4    18.4    19.0
23908 20171012  2.422  -94.58   37.43    25.5     5.1    15.3    15.2     0.0    16.47 C    28.1     4.7    15.3    99.6    44.4    77.4   0.446   0.411   0.410   0.619   0.508    16.0    16.1    16.7    17.9    18.7
23908 20171013  2.422  -94.58   37.43    30.2    14.3    22.3    22.2     0.0    16.09 C    31.9    11.5    20.7    89.7    48.5    70.5   0.410   0.404   0.398   0.618   0.509    17.3    17.1    17.1    17.7    18.6
23908 20171014  2.422  -94.58   37.43    30.6    15.5    23.0    24.1    32.5    14.14 C    32.1    15.3    23.1    94.2    50.6    73.8   0.393   0.392   0.387   0.619   0.508    18.8    18.4    18.2    17.9    18.5
23908 20171015  2.422  -94.58   37.43    17.9     6.2    12.0    12.1     8.4    17.42 C    22.1     3.5    11.9    93.6    36.7    70.0   0.456   0.413   0.408   0.624   0.509    17.3    17.7    18.0    18.2    18.4
23908 20171016  2.422  -94.58   37.43    19.7     3.2    11.5    10.5     0.0    17.20 C    24.4     2.0    10.0    97.7    32.1    73.4   0.463   0.415   0.409   0.623   0.509    14.9    15.4    16.3    17.7    18.3
23908 20171017  2.422  -94.58   37.43    22.0     5.3    13.6    12.6     0.0    16.71 C    25.4     3.6    11.3    96.8    37.5    70.6   0.463   0.415   0.409   0.620   0.508    14.3    14.6    15.4    16.9    18.1
23908 20171018  2.422  -94.58   37.43    24.5     6.9    15.7    14.5     0.0    14.78 C    27.0     4.0    12.1    87.6    35.7    65.9   0.446   0.414   0.410   0.622   0.506    14.0    14.3    15.0    16.4    17.9
23908 20171019  2.422  -94.58   37.43    26.7     6.6    16.6    16.1     0.0    15.55 C    30.0     5.3    13.7    95.1    37.5    71.1   0.418   0.409   0.404   0.622   0.504    14.1    14.3    14.7    16.1    17.7
23908 20171020  2.422  -94.58   37.43    24.3    10.3    17.3    17.1     0.0    10.07 C    26.2     5.5    15.6    90.8    47.3    73.8   0.399   0.401   0.394   0.617   0.505    14.5    14.5    14.8    16.0    17.6
23908 20171021  2.422  -94.58   37.43    26.8    14.0    20.4    20.7    21.2     9.54 C    28.7    14.1    20.0    96.2    54.4    72.3   0.395   0.394   0.391   0.615   0.506    16.0    15.7    15.7    16.1    17.4
23908 20171022  2.422  -94.58   37.43    18.5     6.0    12.2    12.1    20.1    11.37 C    21.8     3.4    11.7    96.1    41.6    79.7   0.457   0.416   0.411   0.623   0.507    15.4    15.7    15.9    16.3    17.3
23908 20171023  2.422  -94.58   37.43    21.8     5.0    13.4    12.4     0.0    13.79 C    23.4     3.3    10.9    96.0    30.1    62.7   0.461   0.417   0.413   0.623   0.507    13.7    14.1    14.8    16.1    17.2
23908 20171024  2.422  -94.58   37.43    15.5     2.8     9.2     9.7     0.0    15.99 C    20.2     0.3     8.4    82.8    26.0    51.3   0.463   0.418   0.415   0.622   0.507    13.1    13.5    14.2    15.6    17.0
23908 20171025  2.422  -94.58   37.43    23.3     1.1    12.2    11.0     0.0    15.30 C    24.6    -0.3     9.4    90.2    25.9    61.2   0.459   0.416   0.414   0.614   0.506    11.9    12.4    13.3    15.1    16.8
23908 20171026  2.422  -94.58   37.43    26.5     8.2    17.4    16.5     0.0    15.20 C    28.5     4.6    14.9    77.5    27.3    48.8   0.433   0.415   0.411   0.612   0.505    12.7    12.9    13.3    14.6    16.6
23908 20171027  2.422  -94.58   37.43     9.2     0.1     4.6     4.5     0.0    13.70 C    17.4    -2.1     5.2    83.5    38.7    57.7   0.404   0.404   0.398   0.611   0.503    11.7    12.4    13.1    14.7    16.4
23908 20171028  2.422  -94.58   37.43    10.4    -4.7     2.8     1.8     0.0    15.49 C    15.5    -5.5     2.0    92.3    24.4    64.9   0.396   0.391   0.390   0.612   0.503     9.9    10.7    11.6    14.2    16.3
23908 20171029  2.422  -94.58   37.43    17.2    -4.2     6.5     6.4     0.0    14.82 C    22.4    -5.4     5.5    92.4    27.0    57.8   0.389   0.386   0.383   0.615   0.503     8.9     9.6    10.4    13.4    16.0
23908 20171030  2.422  -94.58   37.43    11.7     1.1     6.4     8.0     0.0     6.12 C    15.5    -1.2     7.7    87.7    28.8    55.2   0.383   0.383   0.378   0.614   0.504     9.6    10.0    10.5    12.9    15.7
23908 20171031  2.422  -94.58   37.43     6.4    -4.0     1.2     2.3     0.0     7.34 C    15.5    -4.6     3.3    89.7    42.7    65.4   0.379   0.380   0.374   0.610   0.504     8.9     9.5    10.2    12.6    15.5
23908 20171101  2.422  -94.58   37.43    17.4     0.9     9.1     9.4     0.0     3.35 C    18.3    -1.2     8.4    96.8    70.3    88.0   0.375   0.380   0.371   0.609   0.501     9.2     9.5    10.0    12.2    15.2
23908 20171102  2.422  -94.58   37.43    25.3     6.9    16.1    15.0     0.0    13.27 C    30.1     5.3    14.9   100.0    43.0    81.7   0.371   0.378   0.370   0.609   0.500    10.9    10.7    10.8    12.2    15.0
23908 20171103  2.422  -94.58   37.43    14.9     8.8    11.8    11.6     0.0     2.28 C    16.0     9.3    12.3    94.4    77.8    86.5   0.369   0.377   0.369   0.607   0.501    11.6    11.6    11.7    12.6    14.9
23908 20171104  2.422  -94.58   37.43    14.6     9.1    11.9    11.9     0.3     2.53 C    16.1     9.8    12.8    99.2    85.4    94.2   0.368   0.377   0.368   0.607   0.501    12.0    12.1    12.1    12.8    14.8
23908 20171105  2.422  -94.58   37.43    20.7     7.8    14.3    14.3     0.0     2.42 C    21.4     8.3    14.2   100.0    75.1    87.6   0.368   0.377   0.368   0.610   0.501    12.9    12.8    12.8    13.1    14.7
23908 20171106  2.422  -94.58   37.43     7.8     3.4     5.6     5.1     1.0     2.81 C     9.5     5.5     6.6    97.5    76.8    88.1   0.367   0.375   0.365   0.616   0.500    11.4    11.9    12.3    13.4    14.7
23908 20171107  2.422  -94.58   37.43     5.5     3.7     4.6     4.8     0.3     2.09 C     7.4     4.1     5.8    97.5    71.9    87.6   0.367   0.374   0.365   0.615   0.501    10.4    11.0    11.4    13.0    14.7
23908 20171108  2.422  -94.58   37.43    12.2    -0.9     5.7     4.4     0.0    12.82 C    17.4    -3.4     4.5    95.7    36.3    71.1   0.365   0.374   0.362   0.611   0.500     9.6    10.3    10.8    12.6    14.6
23908 20171109  2.422  -94.58   37.43    14.7    -3.1     5.8     5.2     0.0    11.75 C    20.4    -4.1     4.9    97.8    34.5    69.4   0.363   0.372   0.360   0.608   0.500     8.5     9.1     9.8    12.1    14.5
23908 20171110  2.422  -94.58   37.43    12.9    -1.7     5.6     4.9     0.0    11.57 C    19.0    -1.6     5.6    80.2    42.4    62.3   0.360   0.372   0.359   0.597   0.500     8.6     9.1     9.6    11.7    14.4
23908 20171111  2.422  -94.58   37.43    12.9     3.2     8.0     8.0     0.0     3.21 C    15.1    -0.9     8.1    95.8    48.6    71.0   0.359   0.371   0.357   0.593   0.499     8.9     9.2     9.6    11.4    14.2
23908 20171112  2.422  -94.58   37.43    12.4     8.0    10.2     9.6     0.0     3.05 C    17.9     8.3    10.3    98.3    68.7    86.0   0.358   0.370   0.357   0.589   0.498    10.0    10.1    10.2    11.4    14.0
23908 20171113  2.422  -94.58   37.43    13.8     7.6    10.7    10.5     0.0     3.85 C    18.3     7.9    11.3    86.0    65.0    76.5   0.358   0.370   0.357   0.589   0.498    10.4    10.5    10.6    11.6    13.9
23908 20171114  2.422  -94.58   37.43 -9999.0 -9999.0 -9999.0 -9999.0     1.6     1.24 C    14.3    11.0    12.5    97.0    74.5    90.1   0.360   0.371   0.356   0.595   0.498    11.2    11.1    11.1    11.8    13.8
23908 20171115  2.422  -94.58   37.43 -9999.0 -9999.0 -9999.0 -9999.0     1.3    11.26 C    20.1    -1.1    10.4    94.8    34.8    71.0   0.360   0.371   0.358   0.600   0.498    11.5    11.6    11.7    12.1    13.7
23908 20171116  2.422  -94.58   37.43    17.2    -1.2     8.0     8.6     0.0    12.33 C    21.1    -1.9     8.1    95.6    27.0    63.6   0.357   0.370   0.357   0.593   0.498     9.8    10.2    10.7    12.2    13.7
23908 20171117  2.422  -94.58   37.43    23.1    13.0    18.1    18.3     0.0     3.60 C    23.2    12.2    17.5    83.6    65.5    75.9   0.357   0.370   0.357   0.588   0.497    11.8    11.4    11.3    12.0    13.7
23908 20171118  2.422  -94.58   37.43    21.9     3.0    12.4    10.6     3.2     3.33 C    20.1     0.1     9.2    94.1    48.3    74.8   0.361   0.372   0.358   0.598   0.497    12.5    12.5    12.5    12.5    13.7
23908 20171119  2.422  -94.58   37.43    12.0    -1.5     5.3     4.7     0.0    12.24 C    16.2    -4.0     3.5    87.2    38.1    63.2   0.358   0.370   0.357   0.596   0.497     9.8    10.3    11.0    12.5    13.7
23908 20171120  2.422  -94.58   37.43    16.5     2.6     9.6     9.7     0.0    12.07 C    18.7    -0.6     8.3    73.8    28.6    48.6   0.360   0.371   0.355   0.589   0.497     9.3     9.6    10.1    11.9    13.7
23908 20171121  2.422  -94.58   37.43    15.2    -1.7     6.8     7.8     0.0     8.84 C    19.3    -2.8     7.3    74.4    31.0    51.9   0.363   0.372   0.355   0.584   0.497     9.4     9.7    10.1    11.6    13.7
23908 20171122  2.422  -94.58   37.43     6.8    -7.3    -0.3    -0.5     0.0    12.12 C    13.4    -8.9    -0.2    91.2    32.7    64.3   0.363   0.371   0.353   0.579   0.497     7.5     8.3     9.1    11.3    13.5
23908 20171123  2.422  -94.58   37.43    17.4    -1.6     7.9     6.6     0.0    11.36 C    21.6    -2.8     5.6    83.1    29.0    58.7   0.361   0.370   0.352   0.573   0.497     7.3     7.8     8.3    10.7    13.4
23908 20171124  2.422  -94.58   37.43    23.4     5.5    14.5    14.4     0.0    10.39 C    25.2     0.8    12.6    67.1    24.6    43.9   0.359   0.370   0.351   0.575   0.497     8.5     8.5     8.7    10.3    13.2
23908 20171125  2.422  -94.58   37.43    16.7     0.9     8.8     9.9     0.0    11.72 C    21.3    -2.4     7.9    89.6    28.3    57.9   0.358   0.369   0.350   0.577   0.497     9.2     9.4     9.6    10.6    13.0
23908 20171126  2.422  -94.58   37.43    19.3    -0.1     9.6     8.1     0.0    10.49 C    23.2    -2.8     6.1    94.9    21.9    61.5   0.356   0.368   0.349   0.568   0.497     8.1     8.5     9.0    10.6    13.0
23908 20171127  2.422  -94.58   37.43    22.1     4.6    13.4    13.4     0.0     9.97 C    25.1    -0.2    11.3    69.5    38.4    52.7   0.355   0.368   0.348   0.567   0.497     8.7     8.8     9.1    10.4    12.9
23908 20171128  2.422  -94.58   37.43    21.9    12.6    17.2    15.7     0.0     6.83 C    25.4    10.1    14.7    73.8    39.5    53.4   0.354   0.367   0.347   0.567   0.497    10.2    10.0    10.0    10.6    12.8
23908 20171129  2.422  -94.58   37.43    15.4     6.1    10.7    10.8     2.6     3.86 C    19.3     2.5     9.8    92.1    47.1    67.3   0.357   0.368   0.347   0.564   0.498    10.3    10.4    10.5    11.0    12.7
23908 20171130  2.422  -94.58   37.43    14.7     0.6     7.6     8.1     0.0    10.05 C    18.6    -1.7     6.7    88.4    26.0    59.5   0.355   0.367   0.347   0.563   0.497     9.6     9.9    10.2    11.1    12.7
23908 20171201  2.422  -94.58   37.43    18.3    -1.4     8.4     7.0     0.0     6.53 C    22.4    -4.0     5.3    91.1    32.9    66.8   0.353   0.366   0.346   0.561   0.497     8.2     8.7     9.2    10.9    12.7
23908 20171202  2.422  -94.58   37.43    18.8     5.4    12.1    10.9     0.0    10.09 C    24.5     1.2     9.5    87.9    44.0    66.7   0.353   0.366   0.344   0.561   0.497     9.0     9.1     9.3    10.6    12.7
23908 20171203  2.422  -94.58   37.43    23.2     5.7    14.4    14.2     0.0     7.80 C    26.0     2.4    13.0    94.0    50.3    74.6   0.353   0.365   0.345   0.561   0.496     9.8     9.6     9.7    10.6    12.6
23908 20171204  2.422  -94.58   37.43    23.0     4.1    13.5    15.8     0.6     3.91 C    23.5     2.9    14.7    81.4    39.9    64.8   0.352   0.366   0.345   0.562   0.496    11.9    11.5    11.2    10.9    12.6
23908 20171205  2.422  -94.58   37.43     7.9    -0.4     3.7     2.3     0.0     8.95 C    11.7    -5.0     2.3    62.1    24.4    45.7   0.349   0.365   0.344   0.561   0.495     9.5    10.0    10.6    11.4    12.6
23908 20171206  2.422  -94.58   37.43    11.2    -1.7     4.8     3.6     0.0    10.42 C    16.0    -3.7     2.8    70.8    31.7    50.7   0.349   0.363   0.342   0.556   0.495     7.8     8.4     9.1    10.9    12.6
23908 20171207  2.422  -94.58   37.43     1.2    -8.5    -3.6    -4.0     0.0    11.01 C     7.8   -12.6    -4.4    83.4    33.8    59.0   0.348   0.362   0.340   0.554   0.495     6.1     7.0     7.9    10.3    12.6
23908 20171208  2.422  -94.58   37.43     4.9    -9.6    -2.3    -2.3     0.0     9.75 C     9.5   -12.9    -2.9    85.3    37.8    62.9   0.352   0.361   0.338   0.548   0.495     4.3     5.3     6.2     9.4    12.4
23908 20171209  2.422  -94.58   37.43     7.9    -3.8     2.1     0.9     0.0    10.70 C    13.3    -8.5    -1.0    87.1    31.3    63.1   0.350   0.360   0.338   0.545   0.495     4.5     5.2     5.8     8.7    12.3
23908 20171210  2.422  -94.58   37.43    15.6    -3.8     5.9     4.6     0.0    10.42 C    18.6    -7.8     2.3    80.6    21.5    54.1   0.348   0.360   0.337   0.544   0.493     4.5     5.1     5.6     8.2    12.0
23908 20171211  2.422  -94.58   37.43    17.4    -1.1     8.2     7.5     0.0     8.24 C    22.1    -5.3     5.8    75.3    15.9    46.1   0.345   0.360   0.337   0.545   0.493     5.1     5.5     5.8     8.0    11.8
23908 20171212  2.422  -94.58   37.43     5.8    -5.3     0.3     0.5     0.0    10.69 C    12.1    -8.4    -0.4    78.9    20.8    55.7   0.343   0.360   0.336   0.546   0.494     5.0     5.6     6.0     8.1    11.5
23908 20171213  2.422  -94.58   37.43    17.4    -0.6     8.4     7.5     0.0     9.38 C    20.2    -2.4     6.0    68.3    23.6    48.6   0.343   0.359   0.335   0.544   0.494     5.1     5.4     5.8     7.9    11.4
23908 20171214  2.422  -94.58   37.43     5.5    -2.9     1.3     1.9     0.0     3.07 C     8.9    -6.9     1.1    91.0    51.7    70.8   0.341   0.359   0.334   0.538   0.493     5.2     5.6     6.0     7.8    11.2
23908 20171215  2.422  -94.58   37.43     8.5    -0.7     3.9     3.2     0.0    10.11 C    13.1    -4.5     2.7    92.7    39.4    67.6   0.342   0.358   0.334   0.539   0.491     5.2     5.5     5.9     7.7    11.0
23908 20171216  2.422  -94.58   37.43    14.4     1.8     8.1     7.9     0.0    10.03 C    17.1    -0.1     6.9    66.8    31.2    47.1   0.340   0.358   0.333   0.539   0.490     5.4     5.7     5.9     7.7    10.9
23908 20171217  2.422  -94.58   37.43     8.9     5.4     7.1     6.4     9.0     1.22 C     8.8     5.7     6.7    98.0    51.5    94.5   0.370   0.369   0.345   0.541   0.489     6.4     6.5     6.6     7.8    10.8
23908 20171218  2.422  -94.58   37.43    10.2     3.7     7.0     6.9     0.0     6.37 C    13.6     0.1     6.8    97.8    74.6    90.0   0.357   0.364   0.344   0.547   0.490     7.0     7.2     7.2     8.1    10.7
23908 20171219  2.422  -94.58   37.43    11.8     5.7     8.7     9.9     0.0     1.40 C    12.7     4.3    10.0    98.6    89.1    95.2   0.354   0.364   0.344   0.550   0.490     7.7     7.7     7.6     8.3    10.7
23908 20171220  2.422  -94.58   37.43    10.3     6.7     8.5     8.4     0.2     2.02 C    10.6     7.3     8.9    98.7    78.1    91.4   0.353   0.364   0.343   0.557   0.490     8.2     8.3     8.2     8.7    10.6
23908 20171221  2.422  -94.58   37.43    19.3     6.0    12.6    12.1     0.3     9.41 C    20.9     3.6    10.7    98.6    50.5    80.7   0.353   0.364   0.343   0.558   0.490     8.8     8.8     8.7     9.0    10.6
23908 20171222  2.422  -94.58   37.43     6.0    -1.2     2.4     0.9     6.1     1.44 C     6.6    -0.3     2.4    95.1    81.6    90.5   0.357   0.365   0.345   0.557   0.490     7.8     8.2     8.5     9.2    10.7
23908 20171223  2.422  -94.58   37.43     1.9    -5.8    -2.0    -2.2     1.2     9.83 C     6.2    -7.2    -2.1    95.8    55.5    84.0   0.363   0.367   0.347   0.559   0.490     6.1     6.8     7.3     9.0    10.8
23908 20171224  2.422  -94.58   37.43    -0.2    -7.0    -3.6    -3.6     0.0     9.17 C     4.8    -9.8    -3.3    94.6    50.8    74.5   0.359   0.366   0.347   0.563   0.489     4.9     5.6     6.3     8.4    10.8
23908 20171225  2.422  -94.58   37.43     0.2    -7.1    -3.5    -2.6     0.0     3.91 C     3.2    -8.9    -2.2    84.4    47.0    62.7   0.357   0.364   0.346   0.564   0.490     3.9     4.5     5.2     7.8    10.7
23908 20171226  2.422  -94.58   37.43    -2.0   -11.0    -6.5    -6.6     0.0     8.46 C     2.1   -10.5    -4.7    84.4    55.1    71.0   0.357   0.363   0.346   0.559   0.490     3.2     4.0     4.7     7.2    10.6
23908 20171227  2.422  -94.58   37.43    -5.0   -13.9    -9.5    -9.0     0.0    10.55 C     1.7   -13.4    -6.6    68.1    34.1    50.4   0.358   0.362   0.344   0.552   0.489     1.7     2.8     3.6     6.6    10.4
23908 20171228  2.422  -94.58   37.43     0.2    -7.1    -3.5    -3.2     0.0     2.27 C     2.9    -9.8    -2.5    80.7    44.9    55.5   0.359   0.362   0.343   0.547   0.488     1.4     2.4     3.0     6.1    10.1
23908 20171229  2.422  -94.58   37.43     3.6    -8.7    -2.6    -1.5     0.0     2.29 C     5.3   -10.9    -1.9    93.3    49.4    71.2   0.359   0.362   0.343   0.545   0.488     1.5     2.3     2.8     5.7     9.9
23908 20171230  2.422  -94.58   37.43     1.9   -11.5    -4.8    -6.5     0.0     8.84 C     2.5   -11.1    -4.5    92.9    43.1    65.8   0.357   0.362   0.344   0.543   0.487     1.7     2.4     2.8     5.4     9.7
23908 20171231  2.422  -94.58   37.43    -8.4   -15.6   -12.0   -12.0     0.0     8.68 C    -0.4   -15.2    -9.8    69.5    38.9    56.1   0.351   0.360   0.340   0.542   0.487     0.8     1.7     2.3     5.2     9.4
