54902 20170101  2.422  -93.29   41.56     3.5    -8.4    -2.4    -2.4     0.0     5.21 C     7.0   -10.4    -3.1    89.9    52.2    74.3 -99.000   0.353   0.383   0.417   0.470    -0.1     0.2     1.2     3.0     4.8
54902 20170102  2.422  -93.29   41.56     2.4    -0.1     1.1     1.0     1.0     0.92 C     2.9    -0.9     0.9   100.0    70.5    90.3 -99.000   0.353   0.383   0.417   0.470    -0.1     0.2     1.2     3.0     4.8
54902 20170103  2.422  -93.29   41.56     1.0   -13.2    -6.1    -5.1     0.0     4.38 C     0.8   -13.9    -5.2   100.0    62.1    80.6 -99.000   0.352   0.382   0.417   0.471     0.0     0.3     1.2     3.0     4.8
54902 20170104  2.422  -93.29   41.56    -9.9   -15.6   -12.8   -13.0     0.0     7.88 C    -6.2   -16.0   -12.3    81.3    48.4    63.2 -99.000   0.352   0.382   0.417   0.473    -0.8     0.1     1.2     3.0     4.7
54902 20170105  2.422  -93.29   41.56   -11.1   -16.7   -13.9   -14.0     0.0     5.83 C    -6.5   -18.6   -13.9    83.7    51.8    70.1 -99.000   0.349   0.382   0.418   0.473    -1.7    -0.4     1.0     3.0     4.7
54902 20170106  2.422  -93.29   41.56   -11.0   -20.1   -15.6   -15.4     0.0     8.24 C    -6.2   -20.7   -14.8    81.6    47.3    65.9 -99.000 -99.000   0.381   0.417   0.472    -2.8    -1.1     0.8     2.9     4.6
54902 20170107  2.422  -93.29   41.56    -5.9   -16.2   -11.0   -11.2     0.0     9.42 C    -2.1   -19.0   -11.4    83.5    46.3    68.0 -99.000 -99.000   0.379   0.416   0.474    -2.8    -1.3     0.5     2.7     4.5
54902 20170108  2.422  -93.29   41.56    -4.5   -18.5   -11.5   -10.9     0.0     4.21 C    -4.4   -20.0   -11.2    86.1    52.2    71.0 -99.000 -99.000   0.378   0.416   0.475    -3.5    -1.8     0.1     2.5     4.4
54902 20170109  2.422  -93.29   41.56    -0.3   -11.1    -5.7    -5.3     0.0     1.62 C    -1.7   -12.2    -5.8    88.6    67.1    76.2 -99.000 -99.000   0.377   0.415   0.474    -2.6    -1.6     0.0     2.3     4.3
54902 20170110  2.422  -93.29   41.56     5.5    -5.1     0.2    -0.2    10.2     1.32 C     5.0    -7.2    -0.9    99.9    74.0    86.1 -99.000 -99.000   0.403   0.429   0.475    -1.1    -1.0     0.0     2.0     3.9
54902 20170111  2.422  -93.29   41.56     3.1   -10.6    -3.8    -4.4     0.0     2.09 C     3.8   -11.0    -4.6    90.6    73.6    83.9 -99.000 -99.000   0.391   0.423   0.476    -0.9    -0.7     0.2     2.0     3.9
54902 20170112  2.422  -93.29   41.56    -5.5   -11.5    -8.5    -8.8     0.0     5.82 C    -2.9   -12.0    -8.4    82.1    43.4    68.0 -99.000 -99.000   0.385   0.418   0.477    -2.3    -1.3     0.0     2.1     3.9
54902 20170113  2.422  -93.29   41.56    -4.4   -12.3    -8.3    -8.5     0.0     4.41 C    -0.1   -11.3    -7.3    66.4    39.1    54.9 -99.000 -99.000   0.382   0.416   0.478    -3.0    -1.7    -0.2     2.0     3.8
54902 20170114  2.422  -93.29   41.56     0.5    -6.6    -3.0    -4.0     0.0     7.22 C     4.7    -9.7    -4.4    80.8    42.5    60.2 -99.000 -99.000   0.382   0.415   0.477    -2.3    -1.5    -0.2     2.0     3.8
54902 20170115  2.422  -93.29   41.56     0.8    -5.9    -2.5    -2.0     1.9     2.87 C     3.6    -5.8    -1.4    94.5    49.3    70.8 -99.000 -99.000   0.381   0.415   0.477    -1.9    -1.3    -0.1     1.9     3.7
54902 20170116  2.422  -93.29   41.56     0.4    -1.8    -0.7    -0.2    20.1     0.95 C     0.0    -1.8    -0.2   100.0    94.4    98.7 -99.000 -99.000   0.394   0.421   0.477    -1.0    -0.8     0.0     1.6     3.3
54902 20170117  2.422  -93.29   41.56     2.0    -0.8     0.6     0.6     0.0     2.26 C     3.0    -0.5     0.6   100.0    93.3    98.5 -99.000 -99.000   0.387   0.419   0.477    -0.6    -0.6     0.1     1.5     2.8
54902 20170118  2.422  -93.29   41.56     7.8    -1.7     3.1     1.5     0.0     8.51 C     8.5    -3.6     1.1   100.0    67.3    91.6 -99.000 -99.000   0.383   0.416   0.478    -0.4    -0.5     0.2     1.6     2.9
54902 20170119  2.422  -93.29   41.56     3.1    -1.4     0.8     1.4     0.4     2.13 C     5.5    -1.6     1.5   100.0   100.0   100.0 -99.000 -99.000   0.383   0.413   0.477    -0.4    -0.4     0.2     1.6     3.0
54902 20170120  2.422  -93.29   41.56     5.0     1.5     3.3     3.1     1.7     1.81 C     6.7     1.2     3.0   100.0   100.0   100.0 -99.000 -99.000   0.382   0.415   0.478    -0.3    -0.4     0.2     1.7     3.1
54902 20170121  2.422  -93.29   41.56     8.1    -0.9     3.6     5.2     0.9     2.80 C     8.8    -3.3     3.8   100.0    83.1    96.3 -99.000 -99.000   0.397   0.418   0.478    -0.3    -0.4     0.2     1.7     3.1
54902 20170122  2.422  -93.29   41.56     3.3    -3.2     0.0     1.3     0.3     1.91 C     3.4    -3.8     1.1   100.0    92.2    97.5 -99.000 -99.000   0.417   0.426   0.478    -0.2    -0.4     0.2     1.7     3.1
54902 20170123  2.422  -93.29   41.56     2.0    -0.5     0.7     0.1     0.0     0.92 C     1.7    -0.7    -0.1    99.9    85.3    93.3 -99.000 -99.000   0.408   0.422   0.478    -0.2    -0.4     0.3     1.7     3.1
54902 20170124  2.422  -93.29   41.56     1.0    -0.8     0.1    -0.1     2.1     1.26 C     0.6    -0.9    -0.3    98.3    88.0    93.3 -99.000 -99.000   0.397   0.419   0.479    -0.2    -0.3     0.3     1.7     3.2
54902 20170125  2.422  -93.29   41.56     1.2    -2.7    -0.7    -0.4     2.6     1.39 C     1.1    -3.6    -0.5   100.0    88.9    96.7 -99.000 -99.000   0.429   0.431   0.479    -0.2    -0.3     0.3     1.7     3.2
54902 20170126  2.422  -93.29   41.56    -1.4    -5.7    -3.6    -2.9     0.0     4.03 C    -1.0    -6.1    -3.4    94.4    78.4    83.7 -99.000 -99.000   0.407   0.425   0.480    -0.2    -0.3     0.4     1.8     3.2
54902 20170127  2.422  -93.29   41.56    -1.0    -7.8    -4.4    -4.0     0.0    11.00 C    -0.4    -9.5    -4.6    86.0    66.4    76.6 -99.000 -99.000   0.399   0.421   0.479    -0.3    -0.3     0.4     1.8     3.2
54902 20170128  2.422  -93.29   41.56    -0.1    -4.8    -2.4    -2.4     0.0     5.03 C    -0.3    -6.5    -3.3    88.8    73.6    81.5 -99.000 -99.000   0.395   0.419   0.480    -0.4    -0.3     0.4     1.9     3.3
54902 20170129  2.422  -93.29   41.56     1.9    -4.3    -1.2    -1.2     0.0     5.12 C     2.3    -8.7    -2.3    90.9    63.1    76.8 -99.000 -99.000   0.393   0.418   0.479    -0.4    -0.3     0.5     1.9     3.3
54902 20170130  2.422  -93.29   41.56    11.1    -5.9     2.6     2.7     0.0     9.53 C    12.2    -8.0     1.6    95.9    40.7    74.0 -99.000 -99.000   0.393   0.418   0.480    -0.4    -0.3     0.5     1.9     3.3
54902 20170131  2.422  -93.29   41.56     6.0     1.5     3.8     3.0     0.0     6.15 C     7.8    -0.9     2.3    80.4    58.8    72.8 -99.000 -99.000   0.391   0.418   0.480    -0.3    -0.2     0.5     1.9     3.3
54902 20170201  2.422  -93.29   41.56     1.5    -6.1    -2.3    -1.6     0.0     6.19 C     5.4    -6.9    -1.6    83.6    60.5    70.6 -99.000 -99.000   0.391   0.417   0.481    -0.2    -0.2     0.6     1.9     3.3
54902 20170202  2.422  -93.29   41.56    -4.4   -10.5    -7.4    -7.9     0.0     7.84 C    -0.9   -11.8    -7.9    82.2    48.7    64.1 -99.000 -99.000   0.392   0.417   0.481    -0.7    -0.3     0.6     2.0     3.3
54902 20170203  2.422  -93.29   41.56    -1.6   -10.3    -5.9    -6.2     0.0    12.82 C     3.9   -12.2    -6.6    75.8    29.2    52.7 -99.000 -99.000   0.390   0.417   0.480    -1.2    -0.5     0.6     2.0     3.3
54902 20170204  2.422  -93.29   41.56     6.5    -8.9    -1.2    -1.0     0.0     9.83 C     7.9   -11.6    -2.0    76.2    39.0    55.4 -99.000 -99.000   0.388   0.418   0.480    -1.1    -0.6     0.5     2.0     3.3
54902 20170205  2.422  -93.29   41.56     1.4    -4.8    -1.7    -1.6     0.0     9.03 C     7.8    -8.3    -1.8    86.4    55.3    73.4 -99.000 -99.000   0.386   0.418   0.480    -0.7    -0.4     0.4     1.9     3.3
54902 20170206  2.422  -93.29   41.56    13.5    -5.6     4.0     4.0     0.0     9.48 C    17.3    -8.2     2.8    91.2    52.4    75.7 -99.000 -99.000   0.387   0.417   0.480    -0.7    -0.5     0.4     1.9     3.3
54902 20170207  2.422  -93.29   41.56     7.1    -5.8     0.6     1.0     0.0     1.56 C     6.0    -6.8     0.6   100.0    70.4    86.3 -99.000 -99.000   0.385   0.416   0.480    -0.4    -0.3     0.4     1.9     3.2
54902 20170208  2.422  -93.29   41.56    -5.9   -12.3    -9.1    -8.9     4.6     9.95 C    -3.2   -16.6    -9.1    90.4    54.6    73.1 -99.000 -99.000   0.384   0.415   0.479    -0.6    -0.4     0.5     1.9     3.2
54902 20170209  2.422  -93.29   41.56    -6.0   -14.1   -10.1    -9.9     0.0    10.50 C    -0.2   -16.8   -10.4    82.2    49.6    68.7 -99.000 -99.000   0.384   0.415   0.480    -1.1    -0.5     0.4     1.9     3.2
54902 20170210  2.422  -93.29   41.56    14.0    -8.8     2.6     3.2     0.0    11.43 C    14.3   -10.5     0.5    88.6    48.7    67.4 -99.000 -99.000   0.385   0.414   0.481    -0.9    -0.5     0.4     1.9     3.2
54902 20170211  2.422  -93.29   41.56    12.7    -1.2     5.7     5.6     0.0     7.68 C    15.7    -3.2     4.0    95.2    48.2    76.2 -99.000 -99.000   0.384   0.412   0.481    -0.4    -0.3     0.4     1.8     3.2
54902 20170212  2.422  -93.29   41.56     8.5    -1.4     3.6     3.6     0.0    14.06 C     9.9    -6.2     2.0    96.7    32.1    67.4 -99.000 -99.000   0.383   0.412   0.481    -0.3    -0.3     0.4     1.8     3.2
54902 20170213  2.422  -93.29   41.56     9.6    -5.7     2.0     1.8     0.0    10.08 C    13.8    -7.8     0.2    91.0    31.8    63.9 -99.000 -99.000   0.383   0.413   0.481    -0.3    -0.2     0.5     1.8     3.2
54902 20170214  2.422  -93.29   41.56    10.0    -2.3     3.8     3.2     0.0    12.98 C    11.9    -4.3     1.9    93.2    40.3    69.4 -99.000 -99.000   0.383   0.412   0.482    -0.2    -0.2     0.5     1.8     3.2
54902 20170215  2.422  -93.29   41.56     5.8    -5.0     0.4     0.0     0.0    14.57 C     9.6    -6.5    -1.0    87.1    35.5    62.2 -99.000 -99.000   0.384   0.413   0.481    -0.2    -0.2     0.5     1.8     3.1
54902 20170216  2.422  -93.29   41.56    16.5    -2.7     6.9     6.4     0.0    12.21 C    20.4    -4.9     3.9    76.1    32.1    54.7 -99.000 -99.000   0.383   0.412   0.482    -0.2    -0.2     0.5     1.8     3.1
54902 20170217  2.422  -93.29   41.56    23.0     2.5    12.7    11.8     0.0    14.27 C    23.6    -3.3     8.3    75.3    22.2    48.8 -99.000 -99.000   0.383   0.413   0.481    -0.2    -0.2     0.5     1.8     3.1
54902 20170218  2.422  -93.29   41.56    18.3     0.3     9.3     8.8     0.0    14.93 C    22.7    -3.9     5.4    93.6    32.7    64.8 -99.000 -99.000   0.384   0.413   0.482    -0.2    -0.1     0.5     1.9     3.1
54902 20170219  2.422  -93.29   41.56    22.2     0.5    11.3    11.4     0.0    12.48 C    25.8    -3.6     8.9    96.5    40.0    70.1 -99.000 -99.000   0.397   0.413   0.480     0.1    -0.1     0.6     1.9     3.1
54902 20170220  2.422  -93.29   41.56    16.9     9.3    13.1    14.0     4.2     1.76 C    16.6     6.5    12.2    96.5    68.8    85.7   0.345   0.385   0.417   0.425   0.480     2.3     0.5     0.9     2.0     3.1
54902 20170221  2.422  -93.29   41.56    19.4     0.1     9.8    10.3     0.0    15.33 C    22.5    -1.3     8.2   100.0    29.5    70.0   0.344   0.379   0.416   0.435   0.481     3.1     2.0     1.9     2.4     3.2
54902 20170222  2.422  -93.29   41.56    22.9     7.0    14.9    13.8     0.0    15.29 C    25.4     4.3    12.0    83.1    25.2    50.0   0.340   0.375   0.397   0.431   0.482     4.2     2.9     2.8     2.9     3.3
54902 20170223  2.422  -93.29   41.56     8.0     3.4     5.7     5.1     2.1     3.56 C    10.6     1.5     5.2    98.5    74.6    88.3   0.337   0.369   0.394   0.430   0.482     4.8     4.2     4.0     3.5     3.6
54902 20170224  2.422  -93.29   41.56     3.8    -6.5    -1.3    -1.1     4.1     2.65 C     3.7    -9.0    -1.0    98.7    73.9    93.2   0.353   0.385   0.412   0.435   0.484     3.4     3.7     4.0     3.9     3.9
54902 20170225  2.422  -93.29   41.56    -0.2    -9.4    -4.8    -4.6     0.0    15.37 C     1.4   -11.8    -5.7    82.5    52.6    69.3   0.340   0.375   0.401   0.434   0.486     1.5     2.2     3.1     3.9     4.1
54902 20170226  2.422  -93.29   41.56     9.0    -3.7     2.7     1.9     0.0    16.44 C    11.3    -7.3    -0.2    81.1    32.3    56.1   0.341   0.376   0.400   0.431   0.487     1.0     1.6     2.5     3.7     4.2
54902 20170227  2.422  -93.29   41.56    13.3    -5.4     4.0     4.6     0.0    13.40 C    18.9    -8.2     3.5    92.3    29.7    63.1   0.341   0.375   0.401   0.429   0.487     1.1     1.4     2.3     3.5     4.2
54902 20170228  2.422  -93.29   41.56    19.4     3.3    11.4    10.6     0.3     9.89 C    25.7     0.5    10.4    96.6    44.1    76.9   0.346   0.378   0.402   0.430   0.487     3.4     2.7     2.8     3.5     4.1
54902 20170301  2.422  -93.29   41.56     5.5    -2.7     1.4     2.1     0.6     7.16 C     8.2    -4.8     2.0    96.9    51.2    77.8   0.345   0.376   0.399   0.429   0.487     3.6     3.6     3.7     3.8     4.2
54902 20170302  2.422  -93.29   41.56     3.1    -7.0    -2.0    -2.6     0.4     8.64 C    10.9    -9.5    -2.5    88.4    51.3    76.7   0.340   0.372   0.394   0.429   0.488     2.0     2.5     3.3     3.9     4.3
54902 20170303  2.422  -93.29   41.56     4.4    -9.8    -2.7    -1.8     0.0    13.43 C    10.1   -11.4    -1.9    92.8    30.7    60.1   0.335   0.368   0.392   0.428   0.488     1.1     1.7     2.7     3.8     4.4
54902 20170304  2.422  -93.29   41.56    18.7    -3.5     7.6     6.3     0.0    17.12 C    22.3    -5.1     6.0    79.1    24.7    54.5   0.336   0.368   0.390   0.427   0.488     1.4     1.6     2.4     3.6     4.4
54902 20170305  2.422  -93.29   41.56    16.1     6.3    11.2    12.3     0.0     5.44 C    17.9     2.5    10.9    84.7    46.1    65.4   0.340   0.369   0.390   0.426   0.487     4.0     3.2     3.1     3.6     4.3
54902 20170306  2.422  -93.29   41.56    24.2     6.8    15.5    16.0     7.3     8.11 C    25.9     4.4    15.3    92.2    48.2    70.4   0.350   0.379   0.397   0.428   0.486     7.3     5.6     4.7     4.1     4.4
54902 20170307  2.422  -93.29   41.56    12.5     1.8     7.1     6.5     0.0    15.19 C    16.8    -0.2     5.8    70.9    23.1    46.0   0.360   0.390   0.410   0.436   0.488     6.4     6.0     5.7     4.9     4.7
54902 20170308  2.422  -93.29   41.56    12.4    -0.9     5.7     5.0     0.0    15.20 C    16.8    -4.0     3.6    66.7    17.1    39.2   0.353   0.382   0.403   0.436   0.490     4.8     4.9     5.2     5.2     5.0
54902 20170309  2.422  -93.29   41.56     8.6    -4.8     1.9     1.4     0.0    12.99 C    13.0    -7.2     1.5    81.6    29.3    56.9   0.349   0.377   0.399   0.434   0.491     3.5     4.0     4.6     5.2     5.1
54902 20170310  2.422  -93.29   41.56    -0.4    -9.0    -4.7    -5.2     1.4    10.46 C     8.0   -10.0    -3.8    90.9    28.0    51.3   0.346   0.373   0.395   0.432   0.492     2.0     2.9     3.9     5.0     5.2
54902 20170311  2.422  -93.29   41.56    -1.7    -7.6    -4.7    -4.9     0.5     9.30 C     2.5    -7.7    -3.9    91.7    38.8    59.6   0.342   0.370   0.391   0.430   0.492     1.2     2.1     3.2     4.6     5.1
54902 20170312  2.422  -93.29   41.56     1.6    -8.1    -3.3    -3.1     3.3     5.78 C     4.0   -10.9    -2.7    97.5    42.9    63.7   0.340   0.369   0.390   0.430   0.492     0.9     1.6     2.7     4.3     5.0
54902 20170313  2.422  -93.29   41.56    -1.6    -9.0    -5.3    -3.6     2.2     8.29 C    -0.6   -12.0    -3.6    97.6    75.1    85.5   0.340   0.367   0.388   0.426   0.490     0.8     1.4     2.4     3.9     4.9
54902 20170314  2.422  -93.29   41.56    -2.8   -13.2    -8.0    -8.6     0.0    18.59 C     3.2   -16.6    -8.8    86.5    48.3    71.8   0.337   0.368   0.387   0.426   0.489     0.6     1.2     2.2     3.7     4.8
54902 20170315  2.422  -93.29   41.56     2.0   -14.1    -6.1    -5.8     0.0    19.30 C     8.9   -15.6    -4.8    89.8    33.6    65.0   0.334   0.368   0.388   0.426   0.489     0.5     1.0     2.0     3.6     4.6
54902 20170316  2.422  -93.29   41.56     9.9    -4.8     2.5     3.1     0.0    11.26 C    13.7    -6.4     3.1    79.1    36.8    54.2   0.330   0.369   0.391   0.425   0.490     0.4     0.9     1.8     3.4     4.5
54902 20170317  2.422  -93.29   41.56    18.2     2.1    10.1     8.2     0.0    19.28 C    21.0    -2.8     7.4    85.2    26.2    60.8   0.341   0.374   0.392   0.423   0.490     1.1     1.4     2.0     3.2     4.4
54902 20170318  2.422  -93.29   41.56    10.9    -0.6     5.2     4.1     0.0    17.89 C    18.3    -2.3     4.3    86.3    40.5    65.6   0.351   0.376   0.392   0.424   0.489     2.3     2.4     2.7     3.3     4.3
54902 20170319  2.422  -93.29   41.56    19.9    -1.9     9.0     8.8     0.0    17.11 C    24.1    -3.6     8.6    93.1    25.4    61.8   0.349   0.376   0.393   0.425   0.489     3.2     3.0     3.1     3.6     4.3
54902 20170320  2.422  -93.29   41.56    20.2     4.1    12.1    11.4     0.0    17.82 C    25.6     0.6    10.9    83.4    36.6    57.3   0.350   0.377   0.393   0.426   0.488     5.2     4.4     4.1     3.9     4.4
54902 20170321  2.422  -93.29   41.56    10.6    -1.9     4.4     5.0     1.4    10.60 C    17.0    -4.1     4.6    95.6    28.6    56.9   0.350   0.376   0.394   0.428   0.490     5.0     4.9     4.7     4.4     4.6
54902 20170322  2.422  -93.29   41.56     7.9    -5.0     1.5     2.1     0.0    13.49 C    15.4    -7.3     2.9    77.3    37.9    55.2   0.350   0.375   0.393   0.428   0.490     3.4     3.9     4.3     4.7     4.8
54902 20170323  2.422  -93.29   41.56    13.0     3.9     8.5     7.8     0.0     9.41 C    18.6     3.9     8.0    64.0    37.1    52.3   0.349   0.374   0.392   0.429   0.490     3.9     3.9     4.2     4.7     4.9
54902 20170324  2.422  -93.29   41.56    20.8     5.9    13.4    11.1     7.1     3.78 C    24.6     5.5    10.1    98.2    48.2    81.1   0.359   0.381   0.397   0.427   0.490     5.8     5.0     4.8     4.8     5.0
54902 20170325  2.422  -93.29   41.56     6.2     3.9     5.1     5.2    15.8     2.95 C     8.0     4.0     5.5   100.0    92.9    97.6   0.388   0.408   0.429   0.445   0.491     5.6     5.4     5.3     5.2     5.1
54902 20170326  2.422  -93.29   41.56     8.4     4.6     6.5     6.2     0.0     4.29 C    11.0     4.6     6.6   100.0    86.7    96.0   0.375   0.396   0.419   0.445   0.493     5.5     5.3     5.4     5.4     5.3
54902 20170327  2.422  -93.29   41.56    10.1     5.7     7.9     7.6     0.0     4.74 C    12.5     5.7     8.0   100.0    76.7    89.2   0.370   0.393   0.414   0.442   0.493     5.9     5.6     5.6     5.5     5.4
54902 20170328  2.422  -93.29   41.56    11.3     7.0     9.1     8.7     0.0     3.99 C    15.4     6.1     8.8    93.7    66.3    82.3   0.368   0.391   0.409   0.442   0.494     6.2     6.0     5.8     5.7     5.6
54902 20170329  2.422  -93.29   41.56     7.9     4.7     6.3     5.9    28.4     0.70 C     6.8     4.6     5.7    98.1    90.3    95.0   0.388   0.408   0.425   0.447   0.493     6.1     6.0     6.0     5.9     5.7
54902 20170330  2.422  -93.29   41.56     6.7     4.0     5.3     5.3     0.3     2.46 C     8.1     3.8     5.3    98.3    90.9    95.0   0.385   0.407   0.429   0.450   0.497     5.8     5.8     5.9     6.0     5.8
54902 20170331  2.422  -93.29   41.56     6.8     3.3     5.1     4.9     0.0     5.16 C     9.7    -0.8     5.1    93.4    75.8    84.4   0.374   0.396   0.418   0.446   0.496     5.4     5.5     5.8     6.0     5.9
54902 20170401  2.422  -93.29   41.56    12.4    -0.2     6.1     7.4     0.0    10.14 C    17.5    -2.5     7.1    98.2    49.5    72.2   0.370   0.393   0.411   0.444   0.495     5.2     5.3     5.6     6.0     6.0
54902 20170402  2.422  -93.29   41.56    11.4     6.8     9.1     8.7     5.1     2.58 C    15.2     5.5     8.2    99.4    85.0    91.7   0.376   0.397   0.412   0.444   0.494     6.2     5.9     5.9     6.0     6.0
54902 20170403  2.422  -93.29   41.56    11.2     7.0     9.1     9.1    16.4     2.71 C    12.5     6.3     9.1    99.9    94.9    97.4   0.402   0.422   0.441   0.455   0.495     7.0     6.5     6.3     6.2     6.1
54902 20170404  2.422  -93.29   41.56    12.3     8.2    10.3     9.7     0.0     6.27 C    16.0     7.3     9.5    97.9    67.4    84.1   0.387   0.408   0.429   0.452   0.497     7.5     7.1     6.8     6.4     6.2
54902 20170405  2.422  -93.29   41.56     9.6     4.9     7.3     7.2    14.3     7.09 C    10.4     3.1     6.8    95.6    49.3    79.1   0.399   0.417   0.438   0.457   0.496     7.1     7.0     6.9     6.7     6.3
54902 20170406  2.422  -93.29   41.56    13.4     1.9     7.7     7.3     0.0    22.11 C    19.7    -3.4     7.2    79.9    36.5    58.4   0.382   0.402   0.424   0.450   0.498     6.5     6.5     6.7     6.8     6.5
54902 20170407  2.422  -93.29   41.56    16.2    -0.8     7.7     7.9     0.0    22.24 C    24.4    -5.5     7.7    83.3    23.7    48.6   0.374   0.396   0.414   0.447   0.498     5.8     6.1     6.4     6.8     6.6
54902 20170408  2.422  -93.29   41.56    24.6     5.1    14.9    16.3     0.0    17.28 C    29.1     2.8    15.0    71.3    37.1    52.5   0.371   0.393   0.411   0.444   0.496     7.6     7.0     6.8     6.7     6.6
54902 20170409  2.422  -93.29   41.56    26.7    15.1    20.9    20.5     0.0    16.52 C    30.1    12.6    19.5    80.5    51.2    65.7   0.370   0.392   0.411   0.443   0.496    10.6     9.1     8.1     7.1     6.7
54902 20170410  2.422  -93.29   41.56    19.3     4.8    12.0    12.3     0.2    14.73 C    25.8     4.9    12.5    90.1    51.2    72.3   0.365   0.390   0.411   0.442   0.496    11.1    10.2     9.3     7.8     6.9
54902 20170411  2.422  -93.29   41.56    16.0     4.0    10.0     8.8     0.0    21.82 C    21.7     1.8     9.4    83.1    31.0    56.8   0.357   0.385   0.408   0.442   0.497     9.0     9.1     9.0     8.3     7.3
54902 20170412  2.422  -93.29   41.56    21.5     4.4    12.9    14.3     0.0    13.86 C    24.6     1.4    13.0    77.8    37.8    57.4   0.352   0.381   0.406   0.442   0.497     8.9     8.7     8.6     8.3     7.5
54902 20170413  2.422  -93.29   41.56    24.9    11.4    18.1    17.0     0.3    19.07 C    30.6     8.4    17.3    89.0    49.2    68.9   0.349   0.380   0.405   0.442   0.499    10.7     9.8     9.2     8.4     7.6
54902 20170414  2.422  -93.29   41.56    21.9    10.8    16.3    15.9     4.1     7.92 C    26.7    10.0    15.2    95.5    65.5    85.0   0.346   0.378   0.406   0.441   0.500    11.4    10.6     9.9     8.8     7.8
54902 20170415  2.422  -93.29   41.56    25.7    14.8    20.3    19.6    14.9    12.64 C    26.6    13.2    18.5    97.6    51.9    70.2   0.355   0.384   0.412   0.444   0.503    12.6    11.4    10.5     9.2     8.0
54902 20170416  2.422  -93.29   41.56    21.4     9.0    15.2    15.4     0.0    21.05 C    26.6     4.1    13.8    97.6    24.6    56.9   0.389   0.410   0.433   0.452   0.504    12.5    12.0    11.2     9.7     8.3
54902 20170417  2.422  -93.29   41.56    22.3     6.9    14.6    15.3     0.0    23.60 C    27.6     3.6    14.2    89.5    35.2    54.7   0.373   0.399   0.418   0.449   0.504    11.4    11.3    10.9    10.0     8.6
54902 20170418  2.422  -93.29   41.56    24.4    11.1    17.8    16.3     0.8    13.40 C    26.6     8.7    15.4    95.9    51.9    74.0   0.365   0.394   0.415   0.447   0.503    11.7    11.4    10.9    10.0     8.8
54902 20170419  2.422  -93.29   41.56    25.6     9.7    17.7    16.7     2.4    14.06 C    26.5     9.7    16.5    96.4    54.4    77.6   0.361   0.391   0.413   0.445   0.505    12.4    11.9    11.2    10.2     9.0
54902 20170420  2.422  -93.29   41.56    20.9     6.1    13.5    10.9     0.0    10.91 C    18.8     4.3    10.8    91.2    56.9    73.9   0.354   0.387   0.411   0.445   0.506    12.1    11.9    11.5    10.5     9.2
54902 20170421  2.422  -93.29   41.56    15.5     2.6     9.0     9.7     0.0    18.28 C    18.3     1.2     9.4    98.5    36.5    65.1   0.344   0.381   0.409   0.444   0.507    10.3    10.6    10.8    10.5     9.3
54902 20170422  2.422  -93.29   41.56    18.9     3.7    11.3    11.9     0.0    25.85 C    24.1     0.3    10.4    84.5    23.8    48.4   0.334   0.375   0.406   0.443   0.506    10.0    10.2    10.4    10.3     9.4
54902 20170423  2.422  -93.29   41.56    21.9     2.8    12.3    13.4     0.0    25.42 C    26.5    -1.0    11.8    94.7    21.5    46.9   0.320   0.367   0.403   0.441   0.505     9.6     9.9    10.1    10.1     9.4
54902 20170424  2.422  -93.29   41.56    23.9     7.6    15.8    16.2     0.0    22.79 C    26.1     4.4    14.3    63.1    16.7    38.1   0.306   0.360   0.399   0.440   0.504    10.3    10.2    10.2    10.1     9.4
54902 20170425  2.422  -93.29   41.56    23.9     9.5    16.7    16.0     0.0    11.21 C    26.5     8.6    14.8    88.9    41.9    58.1   0.294   0.353   0.397   0.440   0.503    11.1    10.7    10.5    10.1     9.4
54902 20170426  2.422  -93.29   41.56     9.9     4.1     7.0     7.2     1.5     7.46 C    11.9     4.1     7.4    95.3    69.2    83.3   0.286   0.349   0.396   0.440   0.504    10.3    10.5    10.5    10.2     9.5
54902 20170427  2.422  -93.29   41.56    12.8     1.4     7.1     5.4     0.0    14.15 C    16.5     1.5     5.8    91.3    49.0    70.8   0.279   0.345   0.394   0.439   0.504     8.6     9.2     9.7    10.1     9.5
54902 20170428  2.422  -93.29   41.56     6.3     2.5     4.4     4.3     9.8     3.12 C     6.4     2.2     4.3    96.3    68.2    85.5   0.296   0.341   0.391   0.439   0.503     7.7     8.5     9.1     9.8     9.4
54902 20170429  2.422  -93.29   41.56     7.2     3.9     5.5     5.6    15.3     2.54 C     6.9     3.8     5.3    98.0    74.3    86.9   0.327   0.364   0.401   0.437   0.503     7.4     8.0     8.7     9.5     9.4
54902 20170430  2.422  -93.29   41.56     7.6     3.9     5.7     5.8    19.4     1.84 C     7.6     3.8     5.8    99.9    94.7    97.1   0.372   0.403   0.433   0.449   0.504     7.1     7.6     8.3     9.2     9.2
54902 20170501  2.422  -93.29   41.56     8.5     5.0     6.7     6.5     1.0     7.86 C     9.7     3.5     6.2   100.0    74.0    87.2   0.389   0.413   0.439   0.461   0.505     7.4     7.7     8.2     9.0     9.1
54902 20170502  2.422  -93.29   41.56    17.7     2.4    10.0    10.1     0.0    26.94 C    20.6     1.0     8.9    88.0    33.5    58.9   0.376   0.402   0.427   0.454   0.503     7.5     7.7     8.1     8.8     9.0
54902 20170503  2.422  -93.29   41.56    14.2     2.8     8.5     9.2     0.0    16.90 C    16.9    -0.9     7.4    94.4    41.2    64.5   0.367   0.396   0.416   0.450   0.504     7.8     8.0     8.3     8.7     8.9
54902 20170504  2.422  -93.29   41.56    21.0     1.8    11.4    12.4     0.0    23.07 C    24.2    -0.9    11.2    93.3    30.6    56.9   0.358   0.391   0.412   0.447   0.505     8.1     8.1     8.4     8.7     8.8
54902 20170505  2.422  -93.29   41.56    24.1     5.9    15.0    15.9     0.0    26.64 C    26.0     2.0    13.9    76.3    24.9    46.2   0.345   0.384   0.411   0.445   0.506     9.3     9.0     8.9     8.8     8.8
54902 20170506  2.422  -93.29   41.56    21.7     8.4    15.1    16.1     0.0    27.33 C    24.8     3.1    14.1    81.8    26.3    46.1   0.328   0.376   0.408   0.444   0.506    10.4    10.0     9.6     9.1     8.9
54902 20170507  2.422  -93.29   41.56    24.4     5.6    15.0    16.0     0.0    26.67 C    26.9     1.2    14.0    78.1    29.6    49.0   0.307   0.367   0.405   0.443   0.505    10.2    10.1     9.9     9.4     9.0
54902 20170508  2.422  -93.29   41.56    27.9    10.4    19.1    18.7     0.0    18.21 C    29.1     8.7    17.8    83.4    42.4    66.5   0.292   0.359   0.403   0.443   0.505    11.5    10.9    10.4     9.7     9.1
54902 20170509  2.422  -93.29   41.56    25.6    15.5    20.5    20.2     0.0    25.07 C    27.9    14.1    19.5    83.3    49.7    67.1   0.278   0.351   0.401   0.442   0.506    13.3    12.3    11.4    10.1     9.3
54902 20170510  2.422  -93.29   41.56    19.5    13.7    16.6    15.7    34.2     6.09 C    21.3    13.4    15.6    97.9    82.6    92.3   0.351   0.393   0.427   0.455   0.507    13.4    12.9    12.1    10.7     9.6
54902 20170511  2.422  -93.29   41.56    22.4     9.9    16.2    15.9     0.0    24.37 C    24.8     8.1    15.5    98.0    48.4    73.2   0.380   0.408   0.433   0.458   0.507    13.5    13.1    12.4    11.1     9.9
54902 20170512  2.422  -93.29   41.56    23.1     6.3    14.7    15.9     0.0    27.62 C    24.5     4.3    14.0    86.1    32.5    54.1   0.359   0.398   0.421   0.454   0.508    12.7    12.7    12.4    11.4    10.1
54902 20170513  2.422  -93.29   41.56    25.9     9.9    17.9    18.6     0.0    26.91 C    26.9     8.4    16.9    85.6    34.7    56.8   0.338   0.389   0.416   0.450   0.508    13.1    12.9    12.4    11.5    10.3
54902 20170514  2.422  -93.29   41.56    27.6    13.1    20.4    20.9     0.0    25.86 C    27.7    10.5    19.5    82.6    45.6    62.6   0.316   0.379   0.412   0.447   0.508    14.1    13.5    12.8    11.7    10.5
54902 20170515  2.422  -93.29   41.56    30.8    16.4    23.6    24.7     0.0    23.47 C    31.1    14.6    23.7    91.1    45.2    65.3   0.295   0.369   0.410   0.447   0.508    15.6    14.6    13.5    12.0    10.7
54902 20170516  2.422  -93.29   41.56 -9999.0 -9999.0 -9999.0 -9999.0     5.2 -9999.00 U -9999.0 -9999.0 -9999.0 -9999.0 -9999.0 -9999.0 -99.000 -99.000 -99.000 -99.000 -99.000 -9999.0 -9999.0 -9999.0 -9999.0 -9999.0
54902 20170517  2.422  -93.29   41.56    26.0    15.3    20.7    19.0     7.4    13.26 C    30.8    13.3    18.5    97.3    50.0    81.2   0.273   0.362   0.407   0.447   0.508    16.7    16.0    15.0    13.1    11.2
54902 20170518  2.422  -93.29   41.56    18.1    11.4    14.7    15.1     1.7    14.24 C    26.7    10.9    16.5    91.5    68.5    78.0   0.279   0.369   0.406   0.448   0.508    15.4    15.3    14.7    13.4    11.6
54902 20170519  2.422  -93.29   41.56    11.8     8.6    10.2     9.7    16.9     3.81 C    12.7     8.4    10.1    95.8    86.1    93.1   0.360   0.413   0.426   0.450   0.510    13.5    14.1    14.1    13.4    11.8
54902 20170520  2.422  -93.29   41.56    19.8     8.2    14.0    12.0     9.5     9.23 C    25.8     8.2    12.4    98.2    66.7    87.8   0.401   0.431   0.449   0.461   0.515    12.4    13.0    13.2    13.2    11.9
54902 20170521  2.422  -93.29   41.56    13.1     7.1    10.1     9.8     0.0    13.23 C    21.1     5.3    10.1    93.7    57.6    75.3   0.388   0.419   0.441   0.459   0.514    12.0    12.4    12.7    12.8    11.9
54902 20170522  2.422  -93.29   41.56    21.4     7.0    14.2    14.9     0.0    18.19 C    29.9     5.3    15.2    92.6    58.8    72.7   0.381   0.413   0.432   0.458   0.515    12.1    12.0    12.2    12.5    11.8
54902 20170523  2.422  -93.29   41.56    16.0     8.3    12.2    12.0     0.5    15.24 C    25.1     4.2    12.6    95.3    58.2    81.0   0.376   0.411   0.429   0.457   0.513    12.7    12.5    12.5    12.3    11.7
54902 20170524  2.422  -93.29   41.56    17.8     8.2    13.0    12.7     0.0    11.51 C    27.1     2.8    13.0    97.2    62.7    82.8   0.371   0.408   0.427   0.455   0.513    12.4    12.4    12.4    12.3    11.7
54902 20170525  2.422  -93.29   41.56    22.3     4.3    13.3    15.3     0.0    27.30 C    35.9     1.7    17.6   100.0    47.3    72.4   0.364   0.404   0.424   0.454   0.513    12.4    12.4    12.4    12.3    11.6
54902 20170526  2.422  -93.29   41.56    26.3    13.4    19.9    18.5     3.3    21.59 C    38.6    10.0    20.7    97.8    49.2    77.9   0.357   0.401   0.423   0.453   0.512    14.0    13.5    13.1    12.4    11.6
54902 20170527  2.422  -93.29   41.56    20.6    11.5    16.0    15.7     8.2    10.02 C    25.6     7.7    15.1   100.0    76.1    91.7   0.372   0.408   0.423   0.454   0.514    14.4    14.2    13.7    12.7    11.7
54902 20170528  2.422  -93.29   41.56    25.5    11.1    18.3    18.3     0.0    25.94 C    35.2     7.3    19.0    95.7    28.2    62.7   0.381   0.411   0.426   0.454   0.513    14.4    14.2    13.8    13.0    11.9
54902 20170529  2.422  -93.29   41.56    22.8    11.4    17.1    17.1     0.0    25.32 C    30.0     6.6    17.1    84.9    32.7    55.9   0.369   0.404   0.423   0.454   0.514    14.4    14.2    13.9    13.2    12.0
54902 20170530  2.422  -93.29   41.56    23.8     9.1    16.4    16.8     0.0    25.75 C    31.0     4.6    16.4    90.5    26.7    52.6   0.357   0.397   0.421   0.455   0.513    14.1    14.0    13.8    13.3    12.2
54902 20170531  2.422  -93.29   41.56    23.4     8.3    15.8    16.6     0.0    28.88 C    36.0     2.6    17.1    82.1    33.0    55.8   0.343   0.390   0.418   0.456   0.512    13.8    13.8    13.7    13.3    12.3
54902 20170601  2.422  -93.29   41.56    26.9     8.8    17.9    19.7     0.0    28.89 C    38.2     4.2    20.5    98.5    31.4    57.4   0.328   0.383   0.415   0.453   0.512    14.5    14.3    14.0    13.4    12.4
54902 20170602  2.422  -93.29   41.56    29.2    14.7    22.0    23.0     0.0    24.48 C    38.5    11.6    23.8    94.3    50.4    71.2   0.314   0.376   0.413   0.450   0.513    16.1    15.4    14.7    13.6    12.4
54902 20170603  2.422  -93.29   41.56    30.5    17.8    24.1    24.4     0.0    27.74 C    38.0    16.1    24.9    92.5    42.5    66.0   0.300   0.370   0.409   0.451   0.513    17.6    16.6    15.6    14.0    12.6
54902 20170604  2.422  -93.29   41.56    32.1    17.2    24.7    25.1     0.0    24.58 C    40.5    10.8    24.1    86.0    29.2    56.0   0.287   0.362   0.405   0.451   0.513    18.3    17.5    16.4    14.6    12.9
54902 20170605  2.422  -93.29   41.56    29.8    12.9    21.3    23.1     0.0    29.12 C    36.9     8.8    22.1    73.2    30.0    48.5   0.274   0.353   0.398   0.452   0.512    17.8    17.4    16.6    15.0    13.2
54902 20170606  2.422  -93.29   41.56    27.1    11.7    19.4    20.2     0.0    29.39 C    34.9     7.1    19.7    81.4    27.4    49.6   0.264   0.346   0.390   0.449   0.511    17.5    17.3    16.7    15.3    13.5
54902 20170607  2.422  -93.29   41.56    26.8    10.5    18.6    20.2     0.0    29.07 C    34.8     6.2    19.7    78.4    28.7    49.7   0.253   0.338   0.382   0.450   0.513    16.9    16.9    16.5    15.4    13.6
54902 20170608  2.422  -93.29   41.56    28.4    12.5    20.5    21.7     0.0    25.94 C    34.4     8.5    21.3    79.7    35.4    53.4   0.245   0.329   0.374   0.447   0.515    17.2    17.0    16.5    15.4    13.8
54902 20170609  2.422  -93.29   41.56    30.4    14.5    22.5    23.3     0.0    27.28 C    35.0    10.5    22.6    83.4    41.1    56.9   0.240   0.323   0.366   0.445   0.513    17.9    17.4    16.8    15.6    14.0
54902 20170610  2.422  -93.29   41.56    32.0    19.1    25.6    25.7     0.0    28.03 C    35.3    16.9    25.5    75.9    47.1    62.0   0.235   0.314   0.359   0.444   0.513    18.9    18.1    17.2    15.8    14.1
54902 20170611  2.422  -93.29   41.56    33.2    22.2    27.7    27.5     0.0    27.65 C    36.0    20.5    27.1    81.5    44.0    64.3   0.230   0.306   0.352   0.440   0.511    20.2    19.0    17.9    16.1    14.3
54902 20170612  2.422  -93.29   41.56    31.9    22.6    27.2    26.6     0.0    21.80 C    36.4    20.9    26.4    81.6    55.1    69.7   0.225   0.300   0.344   0.433   0.510    20.8    19.8    18.5    16.6    14.5
54902 20170613  2.422  -93.29   41.56    33.3    21.4    27.4    27.7     0.0    26.60 C    36.6    19.1    27.1    90.2    45.9    66.3   0.221   0.291   0.339   0.430   0.508    21.3    20.2    19.0    17.0    14.8
54902 20170614  2.422  -93.29   41.56    30.7    18.5    24.6    24.4     2.6    20.48 C    33.5    18.0    23.9    96.1    47.9    76.4   0.218   0.284   0.335   0.427   0.503    21.1    20.3    19.3    17.4    15.1
54902 20170615  2.422  -93.29   41.56    33.1    18.9    26.0    25.9     4.7    28.25 C    36.9    16.4    25.7    98.5    33.7    67.4   0.216   0.277   0.329   0.424   0.498    21.0    20.3    19.4    17.6    15.4
54902 20170616  2.422  -93.29   41.56    30.7    17.5    24.1    24.4     1.1    25.45 C    34.1    15.6    24.2    95.7    51.0    75.3   0.215   0.271   0.325   0.419   0.498    21.0    20.4    19.5    17.8    15.6
54902 20170617  2.422  -93.29   41.56    29.0    18.6    23.8    23.3     0.0    18.31 C    33.4    16.9    23.0    96.5    52.9    77.2   0.215   0.269   0.322   0.416   0.496    21.2    20.7    19.7    18.0    15.8
54902 20170618  2.422  -93.29   41.56    25.4    13.4    19.4    20.0     0.0    28.05 C    30.3    11.2    19.8    89.8    44.1    65.8   0.212   0.265   0.319   0.413   0.496    19.9    19.8    19.4    18.1    15.9
54902 20170619  2.422  -93.29   41.56    27.0    13.4    20.2    20.3     0.0    23.89 C    34.1    10.2    19.6    91.0    36.9    62.7   0.209   0.261   0.313   0.410   0.493    19.1    19.1    18.8    18.0    16.0
54902 20170620  2.422  -93.29   41.56    32.2    13.6    22.9    23.0     0.0    28.16 C    35.5    10.2    21.8    84.8    24.1    54.7   0.207   0.255   0.307   0.404   0.491    19.0    18.9    18.6    17.8    16.1
54902 20170621  2.422  -93.29   41.56    31.6    16.1    23.8    23.0     1.1    23.43 C    32.0    13.4    22.9    91.4    41.7    72.0   0.205   0.252   0.303   0.399   0.490    19.4    19.1    18.6    17.7    16.1
54902 20170622  2.422  -93.29   41.56    30.3    18.8    24.6    25.2    26.2    13.14 C    31.6    18.0    24.0    94.7    60.6    71.0   0.218   0.256   0.300   0.396   0.488    20.3    19.7    19.0    17.8    16.2
54902 20170623  2.422  -93.29   41.56    24.4    14.1    19.3    20.0     0.0    25.27 C    27.0    11.7    19.5    97.9    42.3    70.5   0.319   0.303   0.299   0.395   0.488    19.9    19.7    19.2    18.0    16.3
54902 20170624  2.422  -93.29   41.56    24.1    11.6    17.8    17.5     0.0    26.59 C    27.7     7.3    16.5    87.5    30.1    56.1   0.292   0.293   0.297   0.393   0.487    18.4    18.6    18.5    18.0    16.3
54902 20170625  2.422  -93.29   41.56    22.4     8.9    15.6    16.1     0.0    29.00 C    26.3     6.7    15.2    90.3    37.6    59.9   0.272   0.284   0.295   0.389   0.484    17.2    17.7    17.9    17.8    16.4
54902 20170626  2.422  -93.29   41.56    23.0     9.4    16.2    16.0     2.3    22.00 C    28.4     5.9    15.3    95.6    38.8    70.9   0.262   0.279   0.293   0.387   0.481    16.8    17.3    17.4    17.5    16.3
54902 20170627  2.422  -93.29   41.56    25.4     7.0    16.2    18.7     0.0    29.82 C    28.7     4.2    18.1    91.6    38.3    59.6   0.251   0.272   0.291   0.383   0.481    16.5    17.0    17.1    17.2    16.2
54902 20170628  2.422  -93.29   41.56    29.3    18.7    24.0    22.7     6.6    16.21 C    31.1    17.3    21.8    96.2    64.9    77.9   0.244   0.268   0.289   0.381   0.477    18.3    17.9    17.6    17.0    16.1
54902 20170629  2.422  -93.29   41.56    27.5    17.9    22.7    22.2     0.0    20.69 C    29.9    17.1    22.1    97.1    60.1    81.5   0.241   0.267   0.290   0.380   0.476    19.3    18.8    18.2    17.3    16.0
54902 20170630  2.422  -93.29   41.56    26.7    16.1    21.4    20.6     0.7    22.62 C    30.2    15.2    20.8    97.7    47.5    75.8   0.235   0.265   0.289   0.380   0.474    19.6    19.2    18.6    17.5    16.2
54902 20170701  2.422  -93.29   41.56    26.3    14.0    20.2    20.5     0.0    29.62 C    29.3    12.7    19.8    95.3    40.6    68.0   0.228   0.261   0.288   0.376   0.474    19.2    19.1    18.7    17.7    16.3
54902 20170702  2.422  -93.29   41.56    27.2    15.2    21.2    22.3     0.0    15.13 C    30.2    13.8    21.1    90.6    60.5    74.1   0.223   0.258   0.286   0.376   0.471    19.1    18.9    18.6    17.8    16.4
54902 20170703  2.422  -93.29   41.56    31.2    17.5    24.3    24.4     0.0    22.33 C    35.6    15.6    23.9    97.6    54.2    78.9   0.219   0.255   0.284   0.373   0.471    20.2    19.6    18.9    17.9    16.5
54902 20170704  2.422  -93.29   41.56    31.2    18.6    24.9    23.3     0.0    21.48 C    34.6    16.5    23.3    98.8    51.1    83.2   0.215   0.254   0.283   0.371   0.469    21.0    20.3    19.5    18.1    16.6
54902 20170705  2.422  -93.29   41.56    31.3    16.2    23.8    24.6     0.0    27.00 C    35.6    15.2    24.7    99.4    48.5    75.3   0.211   0.251   0.282   0.367   0.467    21.1    20.5    19.7    18.4    16.7
54902 20170706  2.422  -93.29   41.56    32.8    19.5    26.1    26.4     0.0    27.80 C    36.1    18.6    26.5    96.2    46.5    73.7   0.208   0.248   0.281   0.367   0.464    22.0    21.2    20.2    18.7    16.8
54902 20170707  2.422  -93.29   41.56    29.4    18.7    24.1    24.3     0.0    26.38 C    33.7    16.1    23.5    89.9    38.9    65.0   0.205   0.245   0.280   0.366   0.461    22.0    21.4    20.6    19.0    17.1
54902 20170708  2.422  -93.29   41.56    29.3    16.1    22.7    23.0     0.0    25.89 C    33.6    13.2    22.6    95.5    43.4    69.3   0.200   0.242   0.277   0.362   0.458    21.2    20.9    20.4    19.1    17.2
54902 20170709  2.422  -93.29   41.56    34.0    16.2    25.1    26.1     0.0    27.02 C    37.8    14.7    25.9    97.0    43.8    68.2   0.198   0.239   0.275   0.359   0.456    21.8    21.2    20.5    19.2    17.3
54902 20170710  2.422  -93.29   41.56    31.9    21.2    26.6    27.3     0.0    24.58 C    35.5    19.4    27.1    97.8    57.5    74.4   0.198   0.238   0.273   0.355   0.452    22.9    22.1    21.0    19.4    17.5
54902 20170711  2.422  -93.29   41.56    34.1    20.0    27.0    26.7    17.5    21.40 C    35.7    19.7    26.3    98.9    58.1    81.1   0.236   0.277   0.272   0.355   0.453    23.0    22.3    21.3    19.5    17.7
54902 20170712  2.422  -93.29   41.56    31.3    21.1    26.2    26.1     0.0    11.09 C    34.2    19.7    25.4    98.0    65.9    80.1   0.230   0.274   0.274   0.354   0.453    23.4    22.7    21.8    19.3    17.9
54902 20170713  2.422  -93.29   41.56    28.7    17.3    23.0    22.7     0.0    18.98 C    32.1    15.4    22.4    99.8    59.2    80.9   0.223   0.266   0.275   0.355   0.452    22.8    22.4    21.7    19.5    18.0
54902 20170714  2.422  -93.29   41.56    27.3    14.1    20.7    20.7     0.0    28.23 C    31.3    12.4    21.2    99.6    58.5    76.6   0.214   0.257   0.274   0.352   0.451    21.8    21.8    21.3    19.5    18.2
54902 20170715  2.422  -93.29   41.56    32.2    15.3    23.8    24.6     0.0    27.08 C    34.9    14.3    24.6    98.7    48.4    75.8   0.209   0.249   0.272   0.351   0.449    22.0    21.7    21.2    19.5    18.3
54902 20170716  2.422  -93.29   41.56    32.9    20.9    26.9    26.4     0.0    25.50 C    36.8    20.2    26.4    94.7    53.6    77.7   0.206   0.244   0.272   0.350   0.450    23.3    22.6    21.7    19.5    18.3
54902 20170717  2.422  -93.29   41.56    31.2    19.5    25.4    24.7     0.0    20.36 C    34.7    17.8    25.2    97.9    63.6    84.8   0.203   0.241   0.272   0.345   0.450    23.3    22.7    21.9    19.8    18.4
54902 20170718  2.422  -93.29   41.56    31.4    22.0    26.7    26.2     0.0    18.35 C    35.6    21.3    26.0    97.8    58.6    80.5   0.200   0.240   0.271   0.345   0.445    23.6    23.0    22.1    19.9    18.6
54902 20170719  2.422  -93.29   41.56    34.8    21.9    28.4    28.0     0.0    25.23 C    37.7    20.8    28.1    93.0    47.0    72.6   0.198   0.238   0.270   0.343   0.443    24.0    23.2    22.3    20.1    18.7
54902 20170720  2.422  -93.29   41.56    35.3    21.7    28.5    29.2    27.2    25.32 C    38.5    20.6    29.4    92.5    51.6    71.5   0.209   0.249   0.275   0.341   0.442    24.8    23.9    22.8    20.3    18.8
54902 20170721  2.422  -93.29   41.56    35.9    21.7    28.8    28.5     0.0    21.59 C    35.4    21.2    27.9    95.6    50.8    77.9   0.278   0.323   0.298   0.339   0.441    24.9    24.2    23.2    20.6    19.0
54902 20170722  2.422  -93.29   41.56    30.3    22.3    26.3    26.6     0.0    20.70 C    34.4    21.5    26.6    95.6    67.5    82.0   0.261   0.306   0.291   0.340   0.444    25.1    24.5    23.4    20.9    19.3
54902 20170723  2.422  -93.29   41.56    29.3    16.7    23.0    24.2     0.0    26.88 C    31.0    14.2    23.6    99.6    45.7    76.4   0.247   0.291   0.287   0.341   0.444    24.4    24.1    23.4    21.1    19.5
54902 20170724  2.422  -93.29   41.56    27.0    14.8    20.9    21.1     0.0    27.46 C    30.7    13.6    21.4    98.0    54.9    78.6   0.234   0.275   0.283   0.339   0.445    22.9    23.1    22.8    21.1    19.6
54902 20170725  2.422  -93.29   41.56    32.3    18.6    25.4    25.4     0.0    25.80 C    33.9    17.9    25.4    95.2    54.4    74.4   0.223   0.263   0.280   0.340   0.445    23.3    23.0    22.6    21.0    19.6
54902 20170726  2.422  -93.29   41.56    25.4    21.9    23.7    23.5     5.8     5.43 C    25.9    20.9    23.2    98.8    82.2    90.2   0.219   0.257   0.277   0.338   0.445    23.4    23.2    22.6    21.5    19.6
54902 20170727  2.422  -93.29   41.56    29.3    18.2    23.8    23.5     0.0    22.59 C    32.0    14.5    22.7    98.9    50.5    78.5   0.217   0.255   0.276   0.338   0.444    23.1    23.0    22.5    21.5    19.6
54902 20170728  2.422  -93.29   41.56    29.2    16.0    22.6    22.3     0.0    26.09 C    32.9    14.1    21.7    97.7    49.6    72.8   0.210   0.250   0.274   0.337   0.444    22.2    22.4    22.2    21.4    19.6
54902 20170729  2.422  -93.29   41.56    28.2    14.6    21.4    21.1     0.0    26.92 C    32.2    11.2    20.2    96.6    39.9    69.6   0.204   0.245   0.271   0.336   0.443    21.7    22.0    21.9    21.3    19.6
54902 20170730  2.422  -93.29   41.56    27.2    13.0    20.1    20.4     0.0    25.30 C    32.0    10.7    19.8    97.4    42.4    69.4   0.198   0.239   0.268   0.334   0.442    20.9    21.4    21.4    21.1    19.5
54902 20170731  2.422  -93.29   41.56    28.7    13.8    21.2    21.5     0.0    25.31 C    33.5    11.5    21.3    94.5    38.9    68.4   0.195   0.235   0.265   0.333   0.441    21.0    21.2    21.1    20.8    19.4
54902 20170801  2.422  -93.29   41.56    30.1    14.5    22.3    23.0     0.4    24.73 C    35.4    12.0    22.5    98.3    38.6    69.9   0.192   0.232   0.263   0.332   0.439    21.4    21.4    21.1    20.7    19.4
54902 20170802  2.422  -93.29   41.56    30.6    15.9    23.2    23.0     0.0    24.76 C    35.2    14.1    22.6    98.4    42.3    75.2   0.190   0.229   0.261   0.327   0.438    21.8    21.7    21.3    20.7    19.3
54902 20170803  2.422  -93.29   41.56    25.7    11.7    18.7    19.5    18.6    17.57 C    27.8    10.6    19.2    98.1    54.2    79.9   0.238   0.292   0.262   0.326   0.438    21.2    21.4    21.2    20.7    19.3
54902 20170804  2.422  -93.29   41.56    24.9     9.3    17.1    17.5     0.0    27.45 C    28.8     8.2    17.0    93.4    42.5    67.6   0.239   0.296   0.262   0.325   0.436    19.7    20.2    20.5    20.5    19.3
54902 20170805  2.422  -93.29   41.56    24.2    10.6    17.4    18.0     0.0    14.00 C    28.8     8.5    17.2    98.5    49.4    75.8   0.226   0.282   0.261   0.327   0.437    19.1    19.7    20.0    20.2    19.2
54902 20170806  2.422  -93.29   41.56    24.9    13.8    19.3    19.5     0.0    16.87 C    28.4    12.2    19.1    97.6    60.6    79.8   0.219   0.273   0.259   0.325   0.437    19.6    19.7    19.8    19.9    19.0
54902 20170807  2.422  -93.29   41.56    26.4    13.0    19.7    19.8     0.0    22.61 C    31.2    10.0    19.0   100.0    44.1    75.7   0.212   0.263   0.260   0.323   0.438    19.7    19.9    19.8    19.8    18.9
54902 20170808  2.422  -93.29   41.56    27.1    10.3    18.7    19.7     0.0    26.77 C    31.9     7.6    18.7    98.4    34.4    65.6   0.204   0.253   0.259   0.323   0.435    19.2    19.6    19.7    19.7    18.8
54902 20170809  2.422  -93.29   41.56    29.0    13.5    21.3    21.4     0.0    22.61 C    32.4    11.8    20.8    84.8    34.8    63.2   0.198   0.244   0.258   0.321   0.434    19.7    19.8    19.7    19.5    18.7
54902 20170810  2.422  -93.29   41.56    29.5    16.8    23.1    22.1     1.3    21.90 C    34.1    16.0    21.8    97.1    50.6    76.2   0.195   0.238   0.258   0.320   0.435    20.5    20.3    20.0    19.6    18.6
54902 20170811  2.422  -93.29   41.56    26.5    13.0    19.8    19.6     0.0    25.98 C    33.3     9.3    19.4    98.9    43.8    70.8   0.191   0.234   0.258   0.321   0.434    20.2    20.3    20.1    19.7    18.6
54902 20170812  2.422  -93.29   41.56    26.8    11.1    18.9    19.2     0.0    22.56 C    33.6     7.9    18.6    93.1    42.7    68.8   0.187   0.228   0.256   0.320   0.434    19.2    19.6    19.8    19.7    18.6
54902 20170813  2.422  -93.29   41.56    25.9    14.4    20.2    19.5     0.0    12.20 C    28.3    13.0    18.9    90.0    45.2    70.8   0.186   0.226   0.254   0.317   0.432    19.4    19.7    19.7    19.5    18.6
54902 20170814  2.422  -93.29   41.56    28.2    16.5    22.3    20.8     1.4    13.50 C    31.4    15.7    20.4    96.9    58.8    84.0   0.185   0.224   0.254   0.317   0.431    19.5    19.6    19.6    19.4    18.6
54902 20170815  2.422  -93.29   41.56    24.5    16.1    20.3    20.1     1.8    10.46 C    27.8    14.2    19.9    99.9    77.3    92.6   0.184   0.224   0.254   0.319   0.432    19.8    19.8    19.7    19.4    18.6
54902 20170816  2.422  -93.29   41.56    29.6    18.9    24.2    23.6     0.0    14.60 C    32.2    18.2    23.4    98.8    62.1    82.5   0.185   0.224   0.254   0.317   0.432    20.5    20.2    19.9    19.4    18.5
54902 20170817  2.422  -93.29   41.56    27.2    16.7    22.0    21.7     0.0    18.12 C    30.8    13.7    21.6    95.3    52.5    76.0   0.185   0.223   0.255   0.317   0.432    20.8    20.5    20.1    19.5    18.5
54902 20170818  2.422  -93.29   41.56    30.3    13.7    22.0    21.7     0.0    20.60 C    35.1    12.4    21.9    99.3    45.8    79.2   0.182   0.221   0.253   0.317   0.430    20.5    20.3    20.0    19.6    18.6
54902 20170819  2.422  -93.29   41.56    29.9    14.6    22.2    22.2     0.0    23.56 C    36.0    12.6    22.8    97.7    44.4    76.1   0.182   0.219   0.252   0.317   0.430    21.0    20.7    20.3    19.7    18.6
54902 20170820  2.422  -93.29   41.56    27.1    18.3    22.7    22.2     7.5    14.46 C    29.5    17.7    22.1    97.5    63.6    84.8   0.183   0.223   0.253   0.314   0.430    21.2    20.9    20.5    19.8    18.6
54902 20170821  2.422  -93.29   41.56    28.7    18.0    23.3    20.8   105.4     8.48 C    29.9    17.6    20.4    98.7    67.9    90.5   0.352   0.397   0.386   0.347   0.443    20.6    20.6    20.5    20.0    18.7
54902 20170822  2.422  -93.29   41.56    24.2    13.3    18.8    19.2     1.2    24.98 C    26.7    10.0    18.7    97.9    40.5    74.2   0.364   0.401   0.424   0.428   0.478    20.3    20.4    20.3    20.1    18.9
54902 20170823  2.422  -93.29   41.56    25.2    10.5    17.9    18.4     0.0    24.66 C    30.0     8.7    18.4    99.9    42.3    70.6   0.346   0.384   0.409   0.426   0.484    19.3    19.8    19.9    19.9    18.9
54902 20170824  2.422  -93.29   41.56    25.8    14.9    20.3    19.8     0.5    17.02 C    30.0    13.9    19.8    96.3    48.8    75.4   0.336   0.376   0.403   0.424   0.484    19.8    20.0    19.9    19.8    18.8
54902 20170825  2.422  -93.29   41.56    25.4    15.7    20.5    19.6     0.0    15.55 C    28.1    14.9    19.5    91.6    56.5    77.8   0.325   0.368   0.399   0.422   0.483    19.9    20.1    20.0    19.7    18.8
54902 20170826  2.422  -93.29   41.56    27.7    13.7    20.7    20.6     0.0    16.04 C    30.8    12.3    20.4    96.1    56.0    75.8   0.315   0.360   0.395   0.423   0.479    19.8    19.9    19.8    19.7    18.7
54902 20170827  2.422  -93.29   41.56    25.0    16.3    20.6    20.1     0.5     7.01 C    28.2    15.0    19.6    98.6    70.4    90.1   0.308   0.357   0.392   0.419   0.479    20.2    20.2    20.0    19.7    18.7
54902 20170828  2.422  -93.29   41.56    22.2    13.3    17.8    17.7     0.0    12.34 C    25.1    11.5    17.4    99.9    66.3    85.8   0.303   0.353   0.389   0.419   0.478    19.5    19.8    19.8    19.7    18.7
54902 20170829  2.422  -93.29   41.56    26.1    12.4    19.2    18.8     0.0    19.25 C    31.9    11.3    18.8    99.8    55.0    82.6   0.295   0.347   0.387   0.417   0.477    19.2    19.4    19.5    19.5    18.7
54902 20170830  2.422  -93.29   41.56    27.0    11.2    19.1    19.8     0.0    19.82 C    32.3    10.4    19.0   100.0    52.7    80.3   0.286   0.340   0.383   0.414   0.474    19.2    19.4    19.5    19.4    18.6
54902 20170831  2.422  -93.29   41.56    26.4    13.4    19.9    19.6     0.0    20.28 C    30.9    12.3    19.7   100.0    64.5    84.8   0.278   0.332   0.379   0.414   0.475    19.4    19.5    19.6    19.4    18.6
54902 20170901  2.422  -93.29   41.56    23.3     9.8    16.5    16.4     0.0    21.14 C    28.4     7.5    16.9    98.6    47.4    76.2   0.269   0.325   0.376   0.412   0.472    19.0    19.4    19.5    19.4    18.6
54902 20170902  2.422  -93.29   41.56    27.7    14.8    21.2    20.0     0.0    15.59 C    30.5    13.7    19.6    94.9    56.7    74.3   0.263   0.318   0.373   0.412   0.471    19.1    19.3    19.3    19.3    18.6
54902 20170903  2.422  -93.29   41.56    29.7    11.9    20.8    21.6     0.0    20.74 C    31.6    10.4    21.0   100.0    36.6    70.1   0.257   0.312   0.370   0.411   0.471    19.2    19.3    19.3    19.2    18.5
54902 20170904  2.422  -93.29   41.56    24.8    13.9    19.3    20.9     0.0    10.85 C    25.0    12.2    20.0    84.3    54.0    73.3   0.251   0.309   0.366   0.408   0.467    19.8    19.7    19.6    19.3    18.5
54902 20170905  2.422  -93.29   41.56    21.1     8.6    14.9    14.6     0.0    22.38 C    24.7     7.0    14.2    90.1    33.5    63.3   0.244   0.305   0.361   0.409   0.468    18.2    18.8    19.1    19.3    18.5
54902 20170906  2.422  -93.29   41.56    20.5     6.5    13.5    13.2     0.0    17.02 C    25.6     5.1    12.4    94.4    42.8    71.3   0.237   0.299   0.355   0.406   0.468    16.9    17.8    18.4    19.0    18.5
54902 20170907  2.422  -93.29   41.56    23.1     6.0    14.6    15.4     0.0    21.79 C    28.6     4.7    15.3    98.8    38.8    67.3   0.232   0.293   0.350   0.402   0.463    16.7    17.3    17.9    18.6    18.3
54902 20170908  2.422  -93.29   41.56    28.5     9.1    18.8    19.2     0.0    21.27 C    32.5     6.8    18.7    92.0    34.5    64.4   0.228   0.288   0.346   0.399   0.463    17.3    17.6    17.9    18.4    18.1
54902 20170909  2.422  -93.29   41.56    28.0    12.7    20.4    19.7     0.0    19.17 C    31.8    12.3    20.1    95.8    41.7    72.9   0.223   0.286   0.342   0.398   0.461    18.3    18.3    18.2    18.4    18.0
54902 20170910  2.422  -93.29   41.56    28.2    14.1    21.1    20.0     0.0    19.38 C    31.9    13.3    20.0    93.5    43.6    69.9   0.220   0.286   0.336   0.395   0.459    18.8    18.7    18.5    18.5    18.0
54902 20170911  2.422  -93.29   41.56    27.1    10.5    18.8    19.0     0.0    19.89 C    31.6     9.4    18.7    91.1    43.3    66.8   0.215   0.282   0.331   0.393   0.459    18.6    18.7    18.6    18.5    18.0
54902 20170912  2.422  -93.29   41.56    27.9    12.0    19.9    19.9     0.0    19.14 C    33.2     9.6    19.1    95.1    47.0    71.8   0.211   0.278   0.326   0.392   0.459    18.5    18.7    18.6    18.5    18.0
54902 20170913  2.422  -93.29   41.56    29.2    12.0    20.6    21.3     0.0    18.92 C    32.9    11.2    20.9   100.0    45.0    74.6   0.208   0.272   0.322   0.389   0.456    18.9    18.9    18.8    18.6    18.0
54902 20170914  2.422  -93.29   41.56    31.9    15.0    23.4    23.1     0.0    18.75 C    33.5    13.4    22.4    95.3    35.4    65.2   0.205   0.266   0.317   0.388   0.454    19.5    19.3    19.1    18.7    18.0
54902 20170915  2.422  -93.29   41.56    32.7    17.2    24.9    24.5     0.0    17.41 C    34.6    15.7    23.9    83.6    35.9    61.1   0.204   0.260   0.312   0.385   0.452    20.0    19.6    19.3    18.9    18.1
54902 20170916  2.422  -93.29   41.56    28.1    18.1    23.1    22.2    12.2     8.20 C    30.9    17.4    21.6    99.4    63.4    83.9   0.206   0.264   0.310   0.383   0.451    20.3    20.0    19.6    19.1    18.2
54902 20170917  2.422  -93.29   41.56    22.1    11.7    16.9    16.9    29.5    17.01 C    26.2     9.5    16.9    99.6    46.2    76.6   0.353   0.389   0.402   0.386   0.457    19.3    19.5    19.6    19.2    18.2
54902 20170918  2.422  -93.29   41.56    21.6     9.5    15.5    16.6     0.4     7.31 C    24.7     8.7    16.0   100.0    66.9    89.7   0.334   0.375   0.391   0.388   0.456    18.1    18.7    19.0    19.1    18.3
54902 20170919  2.422  -93.29   41.56    28.1    15.4    21.8    21.8     0.2    15.27 C    31.8    15.0    21.9   100.0    58.6    83.7   0.328   0.369   0.387   0.387   0.457    18.9    18.9    18.9    18.9    18.2
54902 20170920  2.422  -93.29   41.56    30.0    19.9    25.0    24.5     0.0    12.37 C    33.4    18.2    23.5    86.9    61.4    75.3   0.318   0.361   0.384   0.386   0.456    20.3    19.8    19.4    18.9    18.2
54902 20170921  2.422  -93.29   41.56    31.2    18.4    24.8    24.8     0.0    16.54 C    32.8    17.1    24.3    95.7    57.1    76.7   0.308   0.354   0.383   0.386   0.456    20.8    20.3    19.9    19.2    18.3
54902 20170922  2.422  -93.29   41.56    32.3    21.9    27.1    26.3     0.0    18.64 C    33.7    19.9    25.5    89.3    49.9    71.5   0.296   0.346   0.380   0.385   0.454    21.6    21.0    20.3    19.4    18.4
54902 20170923  2.422  -93.29   41.56    32.6    20.0    26.3    25.7     0.0    18.62 C    34.5    18.8    24.8    91.3    44.3    68.3   0.284   0.336   0.376   0.384   0.453    21.8    21.3    20.6    19.7    18.5
54902 20170924  2.422  -93.29   41.56    31.9    18.1    25.0    24.7     0.0    16.51 C    33.7    16.5    23.6    90.1    40.9    67.1   0.272   0.327   0.372   0.383   0.452    21.6    21.2    20.8    20.0    18.7
54902 20170925  2.422  -93.29   41.56    29.8    17.2    23.5    21.6     6.1    12.48 C    33.6    15.9    21.4    98.9    53.2    82.7   0.263   0.321   0.368   0.383   0.452    21.3    21.1    20.8    20.1    18.8
54902 20170926  2.422  -93.29   41.56    20.4    13.6    17.0    17.3     7.1     6.77 C    22.7    12.8    17.2   100.0    72.6    89.0   0.285   0.339   0.366   0.383   0.454    20.5    20.6    20.5    20.1    18.9
54902 20170927  2.422  -93.29   41.56    19.9     9.2    14.5    14.6     0.0    11.81 C    21.5     7.6    13.7    96.9    52.7    75.6   0.280   0.337   0.365   0.383   0.451    18.6    19.3    19.7    19.9    18.9
54902 20170928  2.422  -93.29   41.56    24.1     8.0    16.0    15.9     0.0    18.65 C    27.7     6.7    15.7    99.3    38.1    71.2   0.270   0.330   0.363   0.382   0.450    17.5    18.3    18.8    19.5    18.8
54902 20170929  2.422  -93.29   41.56    23.3     9.6    16.4    15.5     0.0    18.36 C    27.7     7.3    15.0    91.0    36.8    63.9   0.262   0.324   0.360   0.378   0.451    17.3    17.9    18.4    19.1    18.6
54902 20170930  2.422  -93.29   41.56    21.8     7.2    14.5    14.4     0.0    16.76 C    26.1     5.8    14.1    91.1    40.8    64.4   0.254   0.317   0.357   0.377   0.449    16.5    17.3    17.9    18.7    18.4
54902 20171001  2.422  -93.29   41.56    23.2    11.6    17.4    17.4     0.2    10.36 C    23.7    10.1    16.2    72.3    41.9    55.4   0.248   0.313   0.353   0.376   0.448    16.4    17.0    17.5    18.3    18.2
54902 20171002  2.422  -93.29   41.56    29.7    16.0    22.9    22.4     0.0     8.51 C    30.9    14.3    21.3    89.3    47.8    67.5   0.244   0.309   0.350   0.375   0.448    17.3    17.2    17.5    18.0    18.0
54902 20171003  2.422  -93.29   41.56    25.8    14.6    20.2    20.8    12.1     4.15 C    26.2    14.2    20.2    98.5    60.3    80.5   0.248   0.312   0.348   0.374   0.445    18.4    18.1    18.0    18.1    17.9
54902 20171004  2.422  -93.29   41.56    19.1    10.3    14.7    14.9     1.1     7.55 C    22.5     8.7    14.4    98.6    48.3    79.2   0.276   0.334   0.355   0.373   0.447    17.6    17.8    18.0    18.2    17.9
54902 20171005  2.422  -93.29   41.56    18.0     9.1    13.6    14.8     1.3     2.11 C    18.2     8.6    14.7   100.0    88.3    96.1   0.274   0.330   0.357   0.374   0.447    16.6    17.1    17.5    18.1    17.8
54902 20171006  2.422  -93.29   41.56    21.0    17.9    19.5    19.5    25.2     1.33 C    20.8    17.9    19.3   100.0    83.5    96.8   0.333   0.375   0.389   0.382   0.448    17.7    17.5    17.6    17.9    17.7
54902 20171007  2.422  -93.29   41.56    20.8    12.0    16.4    16.3     4.8     4.34 C    20.8    10.7    15.8    95.9    81.7    91.0   0.376   0.405   0.429   0.430   0.453    18.0    17.9    17.9    17.9    17.6
54902 20171008  2.422  -93.29   41.56    26.2    10.3    18.2    17.5     0.0    17.03 C    26.5     8.8    16.0    94.0    35.8    67.6   0.358   0.392   0.416   0.429   0.455    16.9    17.2    17.5    17.9    17.6
54902 20171009  2.422  -93.29   41.56    20.8     8.3    14.6    13.8     0.0    15.88 C    24.4     7.6    13.6    92.5    37.3    60.1   0.344   0.383   0.409   0.427   0.456    16.1    16.7    17.2    17.8    17.5
54902 20171010  2.422  -93.29   41.56     9.3     5.8     7.5     7.5    12.8     1.08 C     9.9     5.9     7.7    97.6    62.1    88.9   0.361   0.398   0.421   0.432   0.457    14.0    15.3    16.2    17.5    17.5
54902 20171011  2.422  -93.29   41.56    15.3     4.5     9.9    10.2     0.0     7.65 C    19.7     4.1    10.9    99.2    69.1    86.5   0.364   0.398   0.419   0.442   0.458    13.6    14.4    15.3    16.9    17.2
54902 20171012  2.422  -93.29   41.56    15.9     8.8    12.3    11.7     0.0     8.42 C    20.7     6.7    12.0    99.9    70.9    89.6   0.356   0.389   0.412   0.438   0.457    14.2    14.7    15.3    16.5    17.0
54902 20171013  2.422  -93.29   41.56    17.0    10.1    13.5    13.1     2.5     5.55 C    20.5     9.0    13.3    99.6    75.1    91.9   0.350   0.386   0.410   0.438   0.460    14.3    14.7    15.2    16.3    16.7
54902 20171014  2.422  -93.29   41.56    20.6    10.7    15.7    15.5    29.0     1.25 C    20.8    10.4    15.3   100.0    89.1    96.9   0.400   0.425   0.449   0.460   0.473    14.9    15.0    15.3    16.1    16.5
54902 20171015  2.422  -93.29   41.56    14.6     4.5     9.5     9.4     0.0    12.16 C    17.8     3.4     9.1    89.6    40.1    67.0   0.370   0.401   0.422   0.451   0.490    13.9    14.6    15.2    16.1    16.4
54902 20171016  2.422  -93.29   41.56    20.1     1.9    11.0    11.1     0.0    15.90 C    21.8     0.0    10.5    93.8    30.8    61.9   0.358   0.392   0.414   0.448   0.492    12.8    13.6    14.4    15.8    16.3
54902 20171017  2.422  -93.29   41.56    22.3     8.1    15.2    14.8     0.0    15.35 C    23.4     6.8    13.6    78.8    36.3    58.7   0.350   0.387   0.410   0.445   0.490    13.2    13.6    14.3    15.5    16.1
54902 20171018  2.422  -93.29   41.56    23.9     9.7    16.8    15.9     0.0    14.39 C    24.4     8.2    14.5    85.1    39.8    63.5   0.342   0.382   0.409   0.444   0.490    13.8    13.9    14.4    15.3    15.9
54902 20171019  2.422  -93.29   41.56    23.8     6.7    15.3    15.2     0.0    14.61 C    25.1     3.5    13.5    97.0    30.7    67.2   0.334   0.377   0.407   0.441   0.491    13.6    13.9    14.4    15.3    15.8
54902 20171020  2.422  -93.29   41.56    23.6    11.8    17.7    17.3     0.0    11.96 C    25.1     9.3    16.0    88.7    45.6    68.2   0.328   0.374   0.405   0.438   0.490    14.3    14.3    14.6    15.3    15.7
54902 20171021  2.422  -93.29   41.56    23.5    10.5    17.0    18.1    26.8     3.32 C    23.6     9.8    17.3    96.5    64.8    77.9   0.337   0.381   0.413   0.445   0.491    15.1    14.8    14.9    15.3    15.6
54902 20171022  2.422  -93.29   41.56    17.1     7.1    12.1    11.3     0.9     7.55 C    18.4     5.2    10.4    95.2    38.4    75.3   0.385   0.411   0.435   0.463   0.499    14.4    14.7    15.0    15.4    15.6
54902 20171023  2.422  -93.29   41.56    17.8     7.0    12.4    10.8     0.0     6.54 C    18.8     5.4     9.9    85.7    37.3    63.3   0.366   0.396   0.419   0.453   0.500    13.1    13.8    14.4    15.4    15.6
54902 20171024  2.422  -93.29   41.56    11.5     3.8     7.7     7.0     0.0    12.56 C    12.5     2.8     6.4    70.2    32.8    55.3   0.355   0.390   0.414   0.449   0.500    11.4    12.5    13.6    15.1    15.5
54902 20171025  2.422  -93.29   41.56    18.9     1.8    10.3     9.9     0.0    13.48 C    20.0     0.7     8.5    84.4    33.3    59.5   0.348   0.384   0.411   0.447   0.499    10.8    11.6    12.7    14.5    15.3
54902 20171026  2.422  -93.29   41.56    17.6     3.4    10.5     9.7     0.0    10.75 C    19.2     3.2     9.2    86.6    43.5    63.3   0.342   0.380   0.408   0.445   0.501    11.2    11.8    12.6    14.1    15.0
54902 20171027  2.422  -93.29   41.56     3.4     0.0     1.7     1.6     0.0     3.33 C     3.8    -0.6     1.8    80.5    57.9    68.5   0.333   0.376   0.406   0.443   0.500     9.3    10.6    12.0    13.8    14.8
54902 20171028  2.422  -93.29   41.56     6.9    -4.6     1.2     1.7     0.0     9.59 C    10.5    -6.0     1.5    85.8    40.4    63.8   0.327   0.372   0.403   0.443   0.500     8.1     9.4    10.9    13.3    14.5
54902 20171029  2.422  -93.29   41.56    11.1    -4.5     3.3     4.6     0.4     5.99 C    13.5    -5.8     4.3    94.5    37.0    67.5   0.324   0.370   0.400   0.440   0.498     7.8     8.9    10.3    12.8    14.2
54902 20171030  2.422  -93.29   41.56     7.7     0.9     4.3     4.2     0.0     5.01 C     7.8     0.2     3.7    91.1    47.8    59.9   0.320   0.367   0.399   0.438   0.497     8.2     9.0    10.2    12.3    13.8
54902 20171031  2.422  -93.29   41.56     2.2    -4.9    -1.4    -0.2     0.0     7.66 C     5.8    -6.2     0.0    78.9    40.3    56.9   0.316   0.364   0.397   0.437   0.498     6.9     8.0     9.6    12.0    13.5
54902 20171101  2.422  -93.29   41.56     9.6    -0.2     4.7     4.2     0.0     2.34 C    11.5    -0.3     4.1    97.6    63.5    76.0   0.315   0.362   0.395   0.435   0.494     7.0     7.8     9.2    11.5    13.2
54902 20171102  2.422  -93.29   41.56    13.5    -0.4     6.5     5.9     0.0     6.14 C    17.0    -1.4     5.8   100.0    57.1    85.7   0.316   0.363   0.395   0.434   0.494     8.0     8.4     9.3    11.3    12.9
54902 20171103  2.422  -93.29   41.56    10.1    -3.9     3.1     3.7     0.3    11.39 C    14.0    -4.5     4.1    95.9    50.5    75.6   0.308   0.360   0.394   0.433   0.494     7.4     8.2     9.3    11.2    12.7
54902 20171104  2.422  -93.29   41.56     9.4     5.0     7.2     7.1     0.0     2.23 C    11.4     4.8     7.4    99.3    81.3    89.4   0.307   0.360   0.393   0.432   0.494     8.2     8.6     9.4    11.0    12.5
54902 20171105  2.422  -93.29   41.56     8.3    -2.1     3.1     4.7     0.0     4.92 C     9.2    -2.4     4.8    94.9    57.1    82.8   0.306   0.360   0.393   0.432   0.495     8.6     9.0     9.6    11.0    12.4
54902 20171106  2.422  -93.29   41.56     5.0    -5.3    -0.1    -0.7     0.0     7.20 C    10.2    -6.1    -0.3    93.0    48.7    74.9   0.301   0.356   0.392   0.433   0.493     6.8     7.9     9.1    11.0    12.3
54902 20171107  2.422  -93.29   41.56     5.6    -3.4     1.1     0.7     0.0     4.83 C     9.8    -6.9    -0.4    88.9    48.7    67.1   0.296   0.355   0.389   0.433   0.494     6.1     7.2     8.5    10.6    12.1
54902 20171108  2.422  -93.29   41.56     9.1    -7.3     0.9     1.1     0.0    11.77 C    12.0    -8.2     0.6    97.3    43.5    70.3   0.295   0.352   0.388   0.430   0.493     5.2     6.4     7.9    10.3    11.9
54902 20171109  2.422  -93.29   41.56     4.2    -8.0    -1.9    -1.8     0.0    11.09 C     3.5    -9.4    -1.7    80.8    33.4    59.5   0.295   0.350   0.387   0.429   0.491     5.2     6.3     7.7     9.9    11.6
54902 20171110  2.422  -93.29   41.56     0.6    -9.8    -4.6    -3.7     0.0     7.36 C     5.7   -10.1    -2.7    76.9    36.6    52.9   0.292   0.349   0.385   0.429   0.491     3.8     5.2     6.9     9.5    11.3
54902 20171111  2.422  -93.29   41.56     9.1     0.6     4.8     4.6     0.4     2.91 C    10.5     0.4     4.5    93.6    46.8    56.9   0.292   0.350   0.384   0.427   0.489     4.6     5.4     6.6     9.1    11.1
54902 20171112  2.422  -93.29   41.56     7.0    -2.8     2.1     3.4     2.8     4.04 C    10.3    -3.9     2.8   100.0    70.0    92.8   0.293   0.351   0.384   0.426   0.487     5.7     6.1     7.0     8.9    10.8
54902 20171113  2.422  -93.29   41.56     4.6    -5.6    -0.5     1.1     0.0     2.46 C     5.6    -5.7     1.1   100.0    86.2    95.2   0.288   0.350   0.385   0.425   0.486     5.0     5.8     6.9     8.9    10.6
54902 20171114  2.422  -93.29   41.56    10.7     4.3     7.5     8.0     0.0     1.41 C    11.0     4.4     7.8    98.7    85.0    92.0   0.289   0.351   0.383   0.425   0.487     6.2     6.4     7.1     8.8    10.5
54902 20171115  2.422  -93.29   41.56    11.0    -3.9     3.6     5.8     0.0    11.08 C    12.3    -5.1     5.3    99.3    50.3    76.9   0.285   0.350   0.383   0.425   0.487     7.2     7.3     7.8     8.9    10.4
54902 20171116  2.422  -93.29   41.56     2.3    -7.8    -2.7    -2.5     0.0     8.32 C     8.5    -8.8    -1.9    92.7    70.5    85.7   0.281   0.347   0.382   0.425   0.486     5.2     6.2     7.3     9.0    10.3
54902 20171117  2.422  -93.29   41.56     9.3     0.9     5.1     6.1     0.0     0.79 C     8.8     0.8     5.9   100.0    73.8    89.4   0.283   0.346   0.382   0.424   0.487     5.5     6.0     7.0     8.8    10.3
54902 20171118  2.422  -93.29   41.56     7.4    -2.9     2.3     3.2     5.2     6.32 C     8.3    -4.3     2.8   100.0    50.8    79.6   0.303   0.349   0.382   0.423   0.488     6.1     6.5     7.3     8.7    10.1
54902 20171119  2.422  -93.29   41.56     8.5    -6.5     1.0     0.8     0.0    10.34 C     9.8    -8.2     0.4    79.7    40.8    61.9   0.307   0.344   0.381   0.423   0.483     4.7     5.5     6.8     8.6    10.1
54902 20171120  2.422  -93.29   41.56    17.2     2.4     9.8     8.7     0.0     9.87 C    17.1     0.6     7.2    69.4    25.2    49.4   0.306   0.344   0.380   0.423   0.481     5.4     5.7     6.6     8.4     9.9
54902 20171121  2.422  -93.29   41.56     6.6    -7.2    -0.3     0.9     0.0     9.18 C     5.1    -8.4     0.5    73.4    39.5    54.6   0.303   0.344   0.380   0.422   0.481     5.4     5.9     6.8     8.4     9.8
54902 20171122  2.422  -93.29   41.56     3.4    -9.9    -3.3    -2.8     0.0     9.64 C     6.9   -11.3    -2.7    84.3    33.5    58.6   0.299   0.343   0.379   0.423   0.482     3.5     4.6     6.1     8.3     9.7
54902 20171123  2.422  -93.29   41.56    11.7    -1.9     4.9     4.9     0.0     9.91 C    14.6    -3.1     4.2    71.4    42.1    56.2   0.300   0.343   0.377   0.421   0.483     4.0     4.6     5.8     7.9     9.5
54902 20171124  2.422  -93.29   41.56    21.0     6.2    13.6    12.9     0.0     9.39 C    21.1     4.2    11.3    74.1    34.5    53.7   0.302   0.344   0.378   0.421   0.480     6.0     5.7     6.3     7.7     9.4
54902 20171125  2.422  -93.29   41.56    12.9     0.9     6.9     5.9     0.0     9.88 C    14.5    -2.5     3.9    87.8    44.1    68.5   0.304   0.345   0.378   0.421   0.479     6.3     6.4     6.9     8.0     9.3
54902 20171126  2.422  -93.29   41.56    16.4    -4.3     6.0     6.0     0.0     6.10 C    16.2    -5.0     3.6    94.2    36.4    69.5   0.301   0.344   0.377   0.421   0.479     5.5     5.9     6.7     8.1     9.3
54902 20171127  2.422  -93.29   41.56    15.5    -0.5     7.5     9.2     0.0     5.65 C    16.0    -2.3     7.6    95.0    45.0    68.8   0.300   0.343   0.377   0.421   0.479     5.8     6.0     6.7     8.1     9.3
54902 20171128  2.422  -93.29   41.56    14.2     0.4     7.3     9.3     0.0     5.88 C    15.1    -2.4     7.8    85.6    28.5    58.6   0.301   0.344   0.379   0.421   0.479     7.3     7.1     7.4     8.2     9.3
54902 20171129  2.422  -93.29   41.56     9.4    -5.6     1.9     3.1     0.0     9.11 C    11.8    -9.2     1.7    74.3    30.5    47.5   0.297   0.342   0.378   0.421   0.478     5.5     6.2     7.1     8.3     9.3
54902 20171130  2.422  -93.29   41.56    11.9    -1.0     5.5     5.5     0.0     9.71 C    12.9    -4.1     3.9    68.7    29.7    50.4   0.295   0.342   0.377   0.421   0.477     5.5     5.9     6.7     8.2     9.3
54902 20171201  2.422  -93.29   41.56    13.4    -3.7     4.8     4.8     0.0     9.38 C    14.4    -6.2     3.0    81.0    25.1    52.6   0.294   0.340   0.376   0.419   0.478     5.0     5.5     6.5     8.1     9.2
54902 20171202  2.422  -93.29   41.56    14.1    -3.5     5.3     5.5     0.0     9.05 C    18.1    -5.4     3.0    84.4    27.8    54.7   0.290   0.340   0.375   0.420   0.475     5.0     5.5     6.4     7.9     9.1
54902 20171203  2.422  -93.29   41.56    17.1    -2.8     7.2     8.2     0.0     7.05 C    19.0    -5.3     6.7    89.9    47.5    69.5   0.291   0.340   0.375   0.420   0.476     5.1     5.4     6.3     7.8     9.0
54902 20171204  2.422  -93.29   41.56    20.2    -1.0     9.6    12.9     0.0     2.15 C    19.6    -1.7    12.1    75.5    46.2    67.6   0.299   0.342   0.376   0.418   0.476     7.8     7.2     7.2     7.9     9.0
54902 20171205  2.422  -93.29   41.56     3.0    -4.1    -0.6    -1.2     0.0     5.65 C     3.0    -5.1    -1.6    65.6    28.9    51.3   0.295   0.340   0.376   0.421   0.475     5.2     6.1     7.0     8.2     9.0
54902 20171206  2.422  -93.29   41.56     2.9    -6.7    -1.9    -1.7     0.0     3.85 C     4.1    -7.2    -1.7    90.3    46.2    68.5   0.292   0.338   0.374   0.420   0.476     4.1     4.9     6.1     8.0     9.0
54902 20171207  2.422  -93.29   41.56    -3.5   -10.4    -6.9    -7.4     0.0     9.33 C    -0.7   -11.1    -7.5    72.5    31.3    56.4   0.287   0.336   0.372   0.419   0.476     2.3     3.6     5.2     7.6     8.9
54902 20171208  2.422  -93.29   41.56     3.5    -9.8    -3.1    -3.4     0.0     8.24 C     7.1   -10.6    -3.3    84.3    42.9    64.6   0.286   0.334   0.370   0.417   0.475     1.6     2.7     4.3     7.0     8.7
54902 20171209  2.422  -93.29   41.56    -0.8    -7.6    -4.2    -4.4     0.0     4.81 C     1.5    -8.8    -4.8    83.4    51.3    70.3   0.285   0.333   0.369   0.418   0.474     1.6     2.5     4.0     6.5     8.4
54902 20171210  2.422  -93.29   41.56     7.7    -6.6     0.6     1.3     0.0     8.01 C     9.0    -7.7     0.2    79.6    42.7    63.7   0.285   0.333   0.368   0.415   0.473     1.6     2.3     3.7     6.2     8.1
54902 20171211  2.422  -93.29   41.56     7.7    -5.4     1.2     1.7     0.0     3.03 C     8.3    -6.3     1.1    77.6    46.6    68.8   0.285   0.334   0.369   0.414   0.474     2.5     2.9     4.0     5.9     7.9
54902 20171212  2.422  -93.29   41.56     0.5   -10.8    -5.2    -5.4     0.0     8.76 C     3.6   -11.6    -5.5    82.4    35.9    64.8   0.283   0.333   0.369   0.413   0.472     1.6     2.5     3.8     5.9     7.7
54902 20171213  2.422  -93.29   41.56     8.4    -1.9     3.2     2.0     0.6     1.29 C     7.8    -3.1     1.2    88.9    49.6    68.0   0.283   0.332   0.368   0.413   0.469     1.9     2.3     3.5     5.7     7.6
54902 20171214  2.422  -93.29   41.56    -1.0    -5.3    -3.1    -2.7     0.0     3.42 C     2.8    -6.3    -2.2    79.5    60.4    68.9   0.283   0.333   0.367   0.411   0.469     1.9     2.5     3.6     5.5     7.4
54902 20171215  2.422  -93.29   41.56     7.4    -4.5     1.5     1.4     0.0     4.97 C     8.7    -5.8     0.8    93.3    37.7    64.3   0.282   0.333   0.368   0.411   0.469     2.1     2.6     3.6     5.5     7.3
54902 20171216  2.422  -93.29   41.56    11.7    -2.7     4.5     4.1     0.0     8.49 C    14.6    -5.2     1.9    81.0    35.0    56.7   0.283   0.333   0.368   0.411   0.469     2.7     3.0     3.8     5.4     7.2
54902 20171217  2.422  -93.29   41.56     2.9    -2.9     0.0     0.1     0.5     2.18 C     5.2    -4.3     0.0    91.8    73.2    85.7   0.283   0.333   0.367   0.411   0.469     2.6     3.0     3.9     5.5     7.1
54902 20171218  2.422  -93.29   41.56     9.7    -4.3     2.7     2.9     0.0     7.46 C     9.7    -6.6     2.0   100.0    47.7    78.1   0.282   0.332   0.368   0.411   0.470     2.9     3.2     4.0     5.5     7.1
54902 20171219  2.422  -93.29   41.56     9.6    -0.8     4.4     4.1     0.0     7.69 C    11.7    -4.8     2.9    84.1    25.8    56.6   0.282   0.333   0.367   0.412   0.469     3.6     3.6     4.3     5.5     7.0
54902 20171220  2.422  -93.29   41.56     4.9    -5.4    -0.3     0.3     0.0     6.15 C     8.6    -8.3    -0.3    68.6    28.9    48.4   0.281   0.332   0.368   0.411   0.468     2.8     3.3     4.2     5.6     7.0
54902 20171221  2.422  -93.29   41.56     2.7    -1.9     0.4     0.7     0.5     1.70 C     4.7    -1.8     1.1    88.1    51.0    68.0   0.280   0.332   0.368   0.411   0.468     2.9     3.3     4.1     5.6     7.0
54902 20171222  2.422  -93.29   41.56    -0.4    -9.5    -5.0    -4.4     0.0     4.39 C     1.7   -10.7    -4.5    95.5    70.1    86.7   0.278   0.331   0.366   0.411   0.468     2.2     2.9     3.9     5.5     6.9
54902 20171223  2.422  -93.29   41.56    -3.6   -10.7    -7.1    -7.8     0.0     5.95 C    -0.5   -12.1    -7.9    87.3    49.7    71.5   0.281   0.330   0.366   0.410   0.468     0.9     1.9     3.3     5.4     6.9
54902 20171224  2.422  -93.29   41.56    -4.9   -10.8    -7.9    -7.8     3.2     6.74 C    -2.8   -12.7    -8.0    93.4    61.1    79.7   0.293   0.328   0.364   0.410   0.467     0.5     1.4     2.7     5.0     6.7
54902 20171225  2.422  -93.29   41.56   -10.1   -17.0   -13.6   -13.0     0.0     7.21 C    -7.4   -18.5   -13.4    84.9    48.5    65.8 -99.000   0.334   0.364   0.409   0.467     0.0     0.9     2.4     4.7     6.6
54902 20171226  2.422  -93.29   41.56   -13.5   -21.0   -17.2   -16.8     0.0     7.64 C    -9.1   -22.7   -16.7    77.2    44.6    63.6 -99.000   0.350   0.363   0.409   0.467    -0.6     0.5     2.0     4.4     6.3
54902 20171227  2.422  -93.29   41.56   -14.3   -23.8   -19.0   -18.6     0.8     8.13 C    -6.8   -24.7   -17.6    82.8    51.1    69.6 -99.000   0.349   0.363   0.407   0.467    -1.4     0.1     1.6     4.1     6.1
54902 20171228  2.422  -93.29   41.56    -8.1   -16.0   -12.0   -12.6     1.1     4.18 C    -5.9   -16.2   -12.3    88.7    72.4    80.5 -99.000   0.348   0.361   0.407   0.465    -1.5    -0.2     1.3     3.8     5.9
54902 20171229  2.422  -93.29   41.56    -9.5   -16.0   -12.8   -11.6     1.3     1.83 C    -7.1   -16.6   -11.2    94.1    75.4    85.0 -99.000   0.347   0.380   0.405   0.463    -1.4    -0.3     1.1     3.5     5.7
54902 20171230  2.422  -93.29   41.56   -16.0   -21.0   -18.5   -18.7     0.5     6.23 C   -13.7   -20.7   -17.8    80.3    61.2    70.4 -99.000   0.348   0.382   0.407   0.464    -2.0    -0.5     1.0     3.3     5.5
54902 20171231  2.422  -93.29   41.56   -19.8   -27.0   -23.4   -22.7     0.8     9.28 C   -17.7   -29.4   -23.3    81.5    60.7    72.7 -99.000 -99.000   0.382   0.407   0.465    -2.7    -0.9     0.7     3.1     5.3
