53138 20170101  2.423 -114.21   39.01     5.8    -8.1    -1.1     0.2     0.0     9.75 C     3.3    -9.8    -3.3    73.3    26.2    47.6 -99.000   0.080 -99.000 -99.000 -99.000    -0.1     0.2 -9999.0 -9999.0 -9999.0
53138 20170102  2.423 -114.21   39.01     1.8    -6.6    -2.4    -1.3     0.0     5.05 C     1.4    -5.8    -2.5    91.3    37.3    58.1 -99.000   0.078 -99.000 -99.000 -99.000     0.0     0.3 -9999.0 -9999.0 -9999.0
53138 20170103  2.423 -114.21   39.01     1.5    -9.5    -4.0    -3.4     0.0     8.67 C     3.2   -10.1    -4.3    95.2    43.4    71.4 -99.000   0.079 -99.000 -99.000 -99.000    -0.1     0.2 -9999.0 -9999.0 -9999.0
53138 20170104  2.423 -114.21   39.01     5.3    -1.2     2.0     3.2     0.2     4.48 C     3.2    -3.8     0.0    90.1    47.5    63.5 -99.000   0.079 -99.000 -99.000 -99.000     0.0     0.2 -9999.0 -9999.0 -9999.0
53138 20170105  2.423 -114.21   39.01    -0.7   -21.6   -11.2   -11.8    16.9     1.42 C    -0.6   -28.1   -12.3    95.9    77.6    87.8 -99.000   0.086 -99.000 -99.000 -99.000     0.1     0.4 -9999.0 -9999.0 -9999.0
53138 20170106  2.423 -114.21   39.01    -8.7   -22.4   -15.6   -15.2     0.0     7.04 C    -8.4   -28.6   -20.0    82.6    46.3    71.2   0.133   0.088 -99.000 -99.000 -99.000     0.2     0.5 -9999.0 -9999.0 -9999.0
53138 20170107  2.423 -114.21   39.01    -0.5   -16.0    -8.2    -6.5     0.0     5.95 C    -2.4   -21.3    -8.7    90.6    51.4    76.9   0.132   0.091 -99.000 -99.000 -99.000     0.3     0.5 -9999.0 -9999.0 -9999.0
53138 20170108  2.423 -114.21   39.01    11.1    -1.5     4.8     4.9     0.0     6.16 C     1.7    -4.1     0.3    94.5    44.7    70.5   0.140   0.098 -99.000 -99.000 -99.000     0.4     0.6 -9999.0 -9999.0 -9999.0
53138 20170109  2.423 -114.21   39.01     8.5     1.1     4.8     4.1    14.8     3.58 C     3.8    -1.0     0.8    92.5    29.2    60.1   0.166   0.171 -99.000 -99.000 -99.000     0.7     0.9 -9999.0 -9999.0 -9999.0
53138 20170110  2.423 -114.21   39.01     7.0     1.2     4.1     3.6     0.0     6.79 C     7.1    -1.8     0.8    62.2    32.4    45.9 -99.000   0.136 -99.000 -99.000 -99.000     1.2     1.3 -9999.0 -9999.0 -9999.0
53138 20170111  2.423 -114.21   39.01     3.9    -1.4     1.2     2.0     6.9     5.08 C     0.7    -6.1    -1.6    96.8    36.2    56.9   0.141   0.133 -99.000 -99.000 -99.000     0.6     1.0 -9999.0 -9999.0 -9999.0
53138 20170112  2.423 -114.21   39.01    -0.4    -4.0    -2.2    -3.2    10.5     1.85 C    -0.9    -4.8    -3.3    97.0    52.3    90.8   0.140   0.132 -99.000 -99.000 -99.000     0.6     0.9 -9999.0 -9999.0 -9999.0
53138 20170113  2.423 -114.21   39.01    -2.2    -5.4    -3.8    -3.8     3.7     4.90 C    -0.1    -8.0    -3.6    97.4    90.4    94.6   0.144   0.136 -99.000 -99.000 -99.000     0.6     0.9 -9999.0 -9999.0 -9999.0
53138 20170114  2.423 -114.21   39.01    -3.2    -7.2    -5.2    -4.2     0.0     3.90 C    -1.8    -9.4    -4.0    97.1    83.8    92.9   0.145   0.137 -99.000 -99.000 -99.000     0.7     0.9 -9999.0 -9999.0 -9999.0
53138 20170115  2.423 -114.21   39.01    -1.6   -10.0    -5.8    -6.1     0.0    10.00 C     0.6   -13.9    -7.9    97.1    78.3    90.8   0.144   0.136 -99.000 -99.000 -99.000     0.7     0.9 -9999.0 -9999.0 -9999.0
53138 20170116  2.423 -114.21   39.01    -3.3   -12.1    -7.7    -8.1     0.0    10.94 C    -1.3   -16.9   -10.1    94.2    63.0    86.0   0.150   0.132 -99.000 -99.000 -99.000     0.5     0.8 -9999.0 -9999.0 -9999.0
53138 20170117  2.423 -114.21   39.01    -2.0   -13.2    -7.6    -7.6     0.0    11.52 C    -0.7   -16.5   -10.5    87.1    54.4    73.5   0.145   0.125 -99.000 -99.000 -99.000     0.3     0.6 -9999.0 -9999.0 -9999.0
53138 20170118  2.423 -114.21   39.01     1.8   -10.4    -4.3    -3.2     0.0    10.22 C     1.3   -13.7    -5.3    83.7    51.6    69.0 -99.000   0.120 -99.000 -99.000 -99.000     0.3     0.5 -9999.0 -9999.0 -9999.0
53138 20170119  2.423 -114.21   39.01     1.4    -7.2    -2.9    -1.8     2.9     4.59 C     0.9   -12.1    -2.8    98.7    67.2    87.5   0.147   0.126 -99.000 -99.000 -99.000     0.4     0.7 -9999.0 -9999.0 -9999.0
53138 20170120  2.423 -114.21   39.01    -2.2    -8.3    -5.2    -4.2     2.0     2.16 C    -1.8   -13.0    -5.8    97.8    72.3    87.9   0.149   0.130 -99.000 -99.000 -99.000     0.5     0.7 -9999.0 -9999.0 -9999.0
53138 20170121  2.423 -114.21   39.01     1.1    -6.2    -2.6    -2.1     0.0     9.81 C    -0.8   -13.3    -6.5    96.9    37.6    55.5   0.140   0.129 -99.000 -99.000 -99.000     0.6     0.8 -9999.0 -9999.0 -9999.0
53138 20170122  2.423 -114.21   39.01     3.2    -4.9    -0.9    -0.7     2.5     6.74 C     0.8    -8.1    -2.7    92.9    44.4    64.6   0.148   0.129 -99.000 -99.000 -99.000     0.5     0.7 -9999.0 -9999.0 -9999.0
53138 20170123  2.423 -114.21   39.01     3.1    -7.8    -2.3    -2.1     6.8     6.04 C    -0.6   -15.8    -5.8    97.3    30.1    57.5   0.142   0.132 -99.000 -99.000 -99.000     0.5     0.8 -9999.0 -9999.0 -9999.0
53138 20170124  2.423 -114.21   39.01    -3.4   -12.2    -7.8    -7.0     0.0     9.77 C    -3.6   -19.1   -12.0    58.7    34.5    45.5   0.151   0.129 -99.000 -99.000 -99.000     0.4     0.7 -9999.0 -9999.0 -9999.0
53138 20170125  2.423 -114.21   39.01    -3.3   -12.3    -7.8    -7.8     0.0     8.62 C    -2.1   -19.6   -11.2    60.5    31.8    48.6   0.147   0.123 -99.000 -99.000 -99.000     0.4     0.6 -9999.0 -9999.0 -9999.0
53138 20170126  2.423 -114.21   39.01    -4.3   -12.8    -8.5    -7.7     0.0    12.45 C    -1.2   -17.1   -10.6    78.8    41.2    54.0   0.144   0.120 -99.000 -99.000 -99.000     0.3     0.6 -9999.0 -9999.0 -9999.0
53138 20170127  2.423 -114.21   39.01    -4.4   -14.1    -9.3    -9.1     0.0    11.73 C    -2.6   -18.5   -11.1    91.0    57.5    76.2   0.142   0.117 -99.000 -99.000 -99.000     0.2     0.5 -9999.0 -9999.0 -9999.0
53138 20170128  2.423 -114.21   39.01    -0.8   -15.1    -8.0    -7.9     0.0    12.37 C    -0.1   -18.4   -11.1    88.9    47.1    74.0 -99.000   0.113 -99.000 -99.000 -99.000     0.0     0.4 -9999.0 -9999.0 -9999.0
53138 20170129  2.423 -114.21   39.01     3.9    -9.7    -2.9    -3.0     0.0    12.69 C     0.8   -14.0    -7.2    85.3    33.9    57.8 -99.000   0.110 -99.000 -99.000 -99.000     0.0     0.3 -9999.0 -9999.0 -9999.0
53138 20170130  2.423 -114.21   39.01     6.6    -4.8     0.9     1.1     0.0    12.72 C     1.4   -10.3    -4.2    65.1    31.6    48.9 -99.000   0.109 -99.000 -99.000 -99.000     0.1     0.4 -9999.0 -9999.0 -9999.0
53138 20170131  2.423 -114.21   39.01    13.4    -0.1     6.7     5.4     0.0    12.08 C     3.0    -6.7    -2.5    41.2     7.0    23.4 -99.000   0.118 -99.000 -99.000 -99.000     0.2     0.5 -9999.0 -9999.0 -9999.0
53138 20170201  2.423 -114.21   39.01     9.7     0.2     4.9     4.2     0.0    11.70 C     4.0    -6.3    -1.5    53.7     9.1    31.4 -99.000   0.129 -99.000 -99.000 -99.000     0.3     0.7 -9999.0 -9999.0 -9999.0
53138 20170202  2.423 -114.21   39.01     9.6    -0.1     4.7     3.5     0.0    12.26 C    10.4    -2.8     1.0    66.8    22.2    48.3   0.146   0.142 -99.000 -99.000 -99.000     1.0     1.4 -9999.0 -9999.0 -9999.0
53138 20170203  2.423 -114.21   39.01     8.7    -1.3     3.7     3.8     0.0    10.43 C    14.2    -3.2     2.0    79.9    43.5    56.8   0.139   0.141 -99.000 -99.000 -99.000     1.6     1.8 -9999.0 -9999.0 -9999.0
53138 20170204  2.423 -114.21   39.01     9.0    -0.9     4.1     3.9     0.0    12.80 C    19.5    -3.6     3.4    78.4    38.8    60.4   0.130   0.134 -99.000 -99.000 -99.000     3.0     2.9 -9999.0 -9999.0 -9999.0
53138 20170205  2.423 -114.21   39.01     9.3    -1.9     3.7     4.4     0.0     9.78 C    16.2    -3.9     3.5    78.7    32.0    54.5   0.120   0.125 -99.000 -99.000 -99.000     3.2     3.2 -9999.0 -9999.0 -9999.0
53138 20170206  2.423 -114.21   39.01     9.2     3.3     6.3     5.8     0.0    11.48 C    17.5    -0.7     4.2    72.7    29.2    46.2   0.111   0.118 -99.000 -99.000 -99.000     3.4     3.5 -9999.0 -9999.0 -9999.0
53138 20170207  2.423 -114.21   39.01    10.9     2.1     6.5     7.2     0.4     8.40 C    16.0     0.1     5.0    86.9    41.2    60.0   0.110   0.115 -99.000 -99.000 -99.000     4.2     4.0 -9999.0 -9999.0 -9999.0
53138 20170208  2.423 -114.21   39.01    13.5     1.1     7.3     8.0     0.0     7.72 C    17.6    -2.2     5.8    68.6    29.1    50.8   0.109   0.114 -99.000 -99.000 -99.000     4.8     4.6 -9999.0 -9999.0 -9999.0
53138 20170209  2.423 -114.21   39.01    16.5     4.1    10.3    10.8     0.0     9.42 C    21.0     1.7     8.4    76.9    25.5    49.1   0.106   0.111 -99.000 -99.000 -99.000     6.6     6.1 -9999.0 -9999.0 -9999.0
53138 20170210  2.423 -114.21   39.01    12.0     2.9     7.5     8.1     9.0     7.25 C    15.1     3.8     7.1    95.0    32.7    60.8   0.111   0.114 -99.000 -99.000 -99.000     6.5     6.3 -9999.0 -9999.0 -9999.0
53138 20170211  2.423 -114.21   39.01     2.9    -4.0    -0.5    -0.6    22.3     6.49 C     3.8    -7.7    -1.1    96.1    64.4    85.5   0.146   0.162 -99.000 -99.000 -99.000     2.1     2.9 -9999.0 -9999.0 -9999.0
53138 20170212  2.423 -114.21   39.01     0.6    -7.7    -3.6    -3.8     0.0    14.49 C     0.6   -11.5    -5.7    88.9    57.9    76.3   0.134   0.147 -99.000 -99.000 -99.000     1.4     2.0 -9999.0 -9999.0 -9999.0
53138 20170213  2.423 -114.21   39.01     2.7    -6.9    -2.1    -2.3     0.0    13.90 C     2.8    -9.2    -3.9    87.9    41.4    68.8   0.130   0.139 -99.000 -99.000 -99.000     1.1     1.7 -9999.0 -9999.0 -9999.0
53138 20170214  2.423 -114.21   39.01     5.6    -5.8    -0.1     0.0     0.0    15.28 C     9.0    -8.1    -1.4    75.3    38.0    56.4   0.141   0.137 -99.000 -99.000 -99.000     1.3     1.8 -9999.0 -9999.0 -9999.0
53138 20170215  2.423 -114.21   39.01     9.5    -2.8     3.4     3.0     0.0    15.63 C    16.2    -5.3     2.2    64.5    37.2    48.9   0.131   0.137 -99.000 -99.000 -99.000     2.5     2.7 -9999.0 -9999.0 -9999.0
53138 20170216  2.423 -114.21   39.01    14.4    -0.1     7.1     6.3     0.0    11.25 C    21.7    -3.6     4.5    48.9    19.5    35.4   0.125   0.130 -99.000 -99.000 -99.000     3.6     3.5 -9999.0 -9999.0 -9999.0
53138 20170217  2.423 -114.21   39.01     5.9     1.1     3.5     3.4     0.0     5.81 C    13.4    -2.0     3.5    76.8    40.6    62.7   0.117   0.124 -99.000 -99.000 -99.000     3.7     3.7 -9999.0 -9999.0 -9999.0
53138 20170218  2.423 -114.21   39.01     7.5     2.2     4.9     3.6     2.5     7.25 C    18.5     1.0     4.7    91.8    52.9    75.5   0.117   0.123 -99.000 -99.000 -99.000     4.6     4.4 -9999.0 -9999.0 -9999.0
53138 20170219  2.423 -114.21   39.01     9.8     0.1     4.9     4.3     0.5    13.20 C    19.6    -1.5     4.8    94.1    33.3    64.1   0.123   0.131 -99.000 -99.000 -99.000     5.2     5.1 -9999.0 -9999.0 -9999.0
53138 20170220  2.423 -114.21   39.01    10.4    -0.5     4.9     5.0     2.2    13.97 C    22.9    -2.8     5.1    81.6    47.8    68.4   0.117   0.123 -99.000 -99.000 -99.000     4.6     4.6 -9999.0 -9999.0 -9999.0
53138 20170221  2.423 -114.21   39.01     9.8    -1.2     4.3     7.1     0.4    10.39 C    17.9     0.0     6.3    95.3    40.7    53.3   0.118   0.125 -99.000 -99.000 -99.000     5.7     5.5 -9999.0 -9999.0 -9999.0
53138 20170222  2.423 -114.21   39.01    -0.2    -7.1    -3.7    -2.3     7.8     4.85 C     0.7   -11.5    -2.8    96.3    20.2    71.4   0.129   0.139 -99.000 -99.000 -99.000     2.1     3.0 -9999.0 -9999.0 -9999.0
53138 20170223  2.423 -114.21   39.01    -0.3    -7.3    -3.8    -4.5     0.0    16.86 C     9.5   -11.2    -4.4    50.6    25.6    39.1   0.134   0.127 -99.000 -99.000 -99.000     1.0     1.8 -9999.0 -9999.0 -9999.0
53138 20170224  2.423 -114.21   39.01    -1.9    -9.5    -5.7    -6.4     0.0    19.17 C    10.9   -10.3    -3.8    54.2    24.8    38.1 -99.000   0.110 -99.000 -99.000 -99.000     0.1     1.0 -9999.0 -9999.0 -9999.0
53138 20170225  2.423 -114.21   39.01    -0.5    -9.6    -5.1    -5.7     0.2    11.84 C     8.9    -9.1    -2.8    91.8    33.2    61.5 -99.000   0.102 -99.000 -99.000 -99.000    -0.3     0.5 -9999.0 -9999.0 -9999.0
53138 20170226  2.423 -114.21   39.01     3.0   -10.5    -3.7    -3.0     0.0    17.29 C    14.4   -10.0    -0.7    84.8    31.9    56.6 -99.000   0.103 -99.000 -99.000 -99.000     0.7     1.2 -9999.0 -9999.0 -9999.0
53138 20170227  2.423 -114.21   39.01     0.7    -5.4    -2.3    -1.7     3.7     9.46 C     1.6    -5.4    -1.8    90.1    47.5    69.1 -99.000   0.102 -99.000 -99.000 -99.000     0.3     0.9 -9999.0 -9999.0 -9999.0
53138 20170228  2.423 -114.21   39.01     0.8   -13.0    -6.1    -4.9     0.0    19.27 C    13.0   -14.9    -3.5    91.2    31.5    53.0 -99.000   0.110 -99.000 -99.000 -99.000     1.3     1.6 -9999.0 -9999.0 -9999.0
53138 20170301  2.423 -114.21   39.01     2.4    -8.5    -3.0    -3.4     0.0    19.00 C    14.9    -9.2    -0.6    59.6    38.1    49.6 -99.000   0.104 -99.000 -99.000 -99.000     1.0     1.5 -9999.0 -9999.0 -9999.0
53138 20170302  2.423 -114.21   39.01     7.9    -5.5     1.2     1.0     0.0    18.98 C    19.9    -7.4     2.4    55.0    24.3    38.0 -99.000   0.101 -99.000 -99.000 -99.000     2.1     2.3 -9999.0 -9999.0 -9999.0
53138 20170303  2.423 -114.21   39.01    13.2    -2.1     5.6     5.5     0.0    18.14 C    23.9    -5.7     5.7    37.4    12.9    24.4 -99.000   0.098 -99.000 -99.000 -99.000     4.0     3.7 -9999.0 -9999.0 -9999.0
53138 20170304  2.423 -114.21   39.01    12.4     1.5     7.0     7.4     0.0    17.86 C    23.2    -3.5     6.8    36.4    12.8    23.9   0.089   0.096 -99.000 -99.000 -99.000     4.6     4.4 -9999.0 -9999.0 -9999.0
53138 20170305  2.423 -114.21   39.01     9.1    -6.9     1.1     2.7     6.9    12.03 C    21.7    -9.9     3.0    88.0    15.0    37.5   0.084   0.093 -99.000 -99.000 -99.000     4.5     4.5 -9999.0 -9999.0 -9999.0
53138 20170306  2.423 -114.21   39.01    -0.6    -8.5    -4.5    -4.3     0.4    17.12 C     9.6   -11.6    -3.5    75.1    33.1    45.5   0.098   0.106 -99.000 -99.000 -99.000     2.5     3.1 -9999.0 -9999.0 -9999.0
53138 20170307  2.423 -114.21   39.01     8.0    -7.7     0.2     1.0     0.0    18.16 C    19.8    -8.3     3.0    67.2    29.9    45.8 -99.000   0.106 -99.000 -99.000 -99.000     3.6     3.6 -9999.0 -9999.0 -9999.0
53138 20170308  2.423 -114.21   39.01    13.7    -0.3     6.7     6.4     0.0    18.89 C    26.2    -3.6     7.1    66.8    23.7    42.6   0.092   0.103 -99.000 -99.000 -99.000     5.7     5.4 -9999.0 -9999.0 -9999.0
53138 20170309  2.423 -114.21   39.01    16.3     2.5     9.4     9.5     0.0    18.64 C    28.2    -1.5     9.9    44.1    19.6    32.2   0.088   0.100 -99.000 -99.000 -99.000     7.2     6.7 -9999.0 -9999.0 -9999.0
53138 20170310  2.423 -114.21   39.01    16.5     3.2     9.8    10.1     0.0    13.02 C    25.9     0.9     9.8    62.7    18.6    35.2   0.086   0.096 -99.000 -99.000 -99.000     8.0     7.6 -9999.0 -9999.0 -9999.0
53138 20170311  2.423 -114.21   39.01    13.1     0.9     7.0     7.1     0.0    16.54 C    26.5    -1.5     8.7    77.9    30.9    53.6   0.083   0.093 -99.000 -99.000 -99.000     8.0     7.8 -9999.0 -9999.0 -9999.0
53138 20170312  2.423 -114.21   39.01    13.9     2.9     8.4     8.6     0.0    19.25 C    28.9    -0.2    10.2    60.8    30.3    42.2   0.081   0.091 -99.000 -99.000 -99.000     8.9     8.5 -9999.0 -9999.0 -9999.0
53138 20170313  2.423 -114.21   39.01    17.5     1.4     9.4     9.4     0.0    19.69 C    31.4    -0.9    11.5    65.1    24.7    41.9   0.078   0.089 -99.000 -99.000 -99.000     9.7     9.2 -9999.0 -9999.0 -9999.0
53138 20170314  2.423 -114.21   39.01    21.1     5.8    13.4    12.6     0.0    20.71 C    35.4     1.2    13.6    43.0     9.5    26.3   0.077   0.087 -99.000 -99.000 -99.000    11.1    10.5 -9999.0 -9999.0 -9999.0
53138 20170315  2.423 -114.21   39.01    20.0     5.4    12.7    13.7     0.0    20.07 C    36.6     0.7    14.4    35.3    10.7    20.6   0.074   0.085 -99.000 -99.000 -99.000    11.7    11.0 -9999.0 -9999.0 -9999.0
53138 20170316  2.423 -114.21   39.01    19.5     5.0    12.3    12.9     0.0    19.15 C    35.1     1.9    14.5    46.7    14.0    27.2   0.072   0.083 -99.000 -99.000 -99.000    12.5    11.8 -9999.0 -9999.0 -9999.0
53138 20170317  2.423 -114.21   39.01    20.7     6.5    13.6    12.8     0.0    22.04 C    34.8     2.9    14.6    42.1    12.5    29.9   0.069   0.081 -99.000 -99.000 -99.000    12.9    12.2 -9999.0 -9999.0 -9999.0
53138 20170318  2.423 -114.21   39.01    20.6     8.9    14.8    14.7     0.0    17.95 C    35.4     5.8    14.2    43.7    15.4    28.2   0.066   0.079 -99.000 -99.000 -99.000    12.7    12.2 -9999.0 -9999.0 -9999.0
53138 20170319  2.423 -114.21   39.01    19.9     5.1    12.5    13.1     0.0    21.39 C    34.7     3.0    14.3    55.1    13.2    30.0   0.063   0.077 -99.000 -99.000 -99.000    13.2    12.6 -9999.0 -9999.0 -9999.0
53138 20170320  2.423 -114.21   39.01    19.4     8.0    13.7    14.2     0.0    21.30 C    33.6     4.9    15.2    49.3    16.5    28.5   0.060   0.076 -99.000 -99.000 -99.000    14.0    13.2 -9999.0 -9999.0 -9999.0
53138 20170321  2.423 -114.21   39.01    17.9     7.7    12.8    12.5     0.5    15.61 C    35.2     5.4    13.2    70.6    20.0    32.7   0.055   0.074 -99.000 -99.000 -99.000    12.9    12.7 -9999.0 -9999.0 -9999.0
53138 20170322  2.423 -114.21   39.01    13.8     0.7     7.2     9.0     1.0    12.47 C    27.7     1.0     9.9    87.3    26.2    45.4   0.052   0.071 -99.000 -99.000 -99.000    11.1    11.2 -9999.0 -9999.0 -9999.0
53138 20170323  2.423 -114.21   39.01     7.7    -1.3     3.2     2.0     6.3     9.93 C    17.6    -2.0     3.1    96.2    40.1    74.6   0.061   0.073 -99.000 -99.000 -99.000     7.1     8.1 -9999.0 -9999.0 -9999.0
53138 20170324  2.423 -114.21   39.01    13.1    -1.4     5.8     6.1     0.0    19.81 C    27.6    -3.6     8.9    57.8    28.1    43.7   0.075   0.079 -99.000 -99.000 -99.000     9.2     8.9 -9999.0 -9999.0 -9999.0
53138 20170325  2.423 -114.21   39.01     8.8    -1.6     3.6     1.5    18.8     6.19 C     6.8    -4.1     1.2    97.4    40.2    84.1   0.102   0.109 -99.000 -99.000 -99.000     4.7     6.0 -9999.0 -9999.0 -9999.0
53138 20170326  2.423 -114.21   39.01     8.6    -3.3     2.6     3.5     0.0    16.91 C    17.0    -5.7     4.3    83.2    49.0    66.8   0.123   0.137 -99.000 -99.000 -99.000     6.9     6.7 -9999.0 -9999.0 -9999.0
53138 20170327  2.423 -114.21   39.01     5.8     0.3     3.1     2.2     7.1     4.79 C     9.3    -2.1     1.9    96.8    53.1    75.3   0.126   0.141 -99.000 -99.000 -99.000     4.7     5.5 -9999.0 -9999.0 -9999.0
53138 20170328  2.423 -114.21   39.01     6.9    -1.2     2.8     2.0     0.0    22.38 C    21.0    -4.1     5.0    78.1    38.7    55.5   0.116   0.125 -99.000 -99.000 -99.000     6.8     6.6 -9999.0 -9999.0 -9999.0
53138 20170329  2.423 -114.21   39.01    11.2    -2.3     4.5     5.0     0.0    22.62 C    25.3    -3.5     8.5    75.4    41.2    57.2   0.109   0.115 -99.000 -99.000 -99.000     8.5     8.0 -9999.0 -9999.0 -9999.0
53138 20170330  2.423 -114.21   39.01    14.4    -1.3     6.5     5.0     4.0    12.15 C    23.3    -1.0     5.8    84.7    25.7    58.8   0.106   0.111 -99.000 -99.000 -99.000     7.3     7.6 -9999.0 -9999.0 -9999.0
53138 20170331  2.423 -114.21   39.01     5.1    -0.2     2.5     2.6     1.5     8.86 C    13.7    -0.4     4.0    96.6    59.8    73.9   0.110   0.117 -99.000 -99.000 -99.000     5.8     6.1 -9999.0 -9999.0 -9999.0
53138 20170401  2.423 -114.21   39.01    10.7     0.8     5.7     5.9     0.0    19.37 C    26.5     0.0     8.8    85.5    52.3    65.7   0.110   0.116 -99.000 -99.000 -99.000     9.2     8.6 -9999.0 -9999.0 -9999.0
53138 20170402  2.423 -114.21   39.01    11.9     0.0     6.0     5.6     0.5    14.80 C    27.5    -0.8     7.4    86.6    36.8    62.9   0.104   0.109 -99.000 -99.000 -99.000     8.4     8.3 -9999.0 -9999.0 -9999.0
53138 20170403  2.423 -114.21   39.01     5.1    -1.5     1.8     1.4     1.3    11.89 C    19.7    -3.3     3.0    91.2    39.5    61.0   0.102   0.105 -99.000 -99.000 -99.000     5.8     6.4 -9999.0 -9999.0 -9999.0
53138 20170404  2.423 -114.21   39.01     5.9    -6.5    -0.3     0.1     0.0    24.61 C    23.1    -6.5     4.7    81.6    30.8    53.8   0.101   0.104 -99.000 -99.000 -99.000     7.2     7.0 -9999.0 -9999.0 -9999.0
53138 20170405  2.423 -114.21   39.01    13.8    -2.7     5.6     5.9     0.0    23.65 C    28.6    -3.5     9.5    64.7    23.8    41.5   0.098   0.101 -99.000 -99.000 -99.000     9.3     8.6 -9999.0 -9999.0 -9999.0
53138 20170406  2.423 -114.21   39.01    18.9     4.7    11.8    11.6     0.0    20.75 C    34.6     3.3    13.5    55.2    17.6    31.8   0.094   0.098 -99.000 -99.000 -99.000    11.6    10.7 -9999.0 -9999.0 -9999.0
53138 20170407  2.423 -114.21   39.01    17.0    10.8    13.9    13.2     0.0    20.30 C    29.9     7.4    13.7    35.6    21.7    26.9   0.088   0.093 -99.000 -99.000 -99.000    12.3    11.6 -9999.0 -9999.0 -9999.0
53138 20170408  2.423 -114.21   39.01    12.1    -2.9     4.6     4.8    11.0    18.40 C    25.5    -4.7     7.4    92.7    23.6    55.5   0.110   0.109 -99.000 -99.000 -99.000     9.8    10.1 -9999.0 -9999.0 -9999.0
53138 20170409  2.423 -114.21   39.01     6.3    -5.0     0.6     0.7     0.0    25.19 C    21.7    -6.5     4.6    68.1    26.9    45.6   0.110   0.113 -99.000 -99.000 -99.000     8.5     8.5 -9999.0 -9999.0 -9999.0
53138 20170410  2.423 -114.21   39.01    13.3    -3.1     5.1     5.3     0.0    24.31 C    27.2    -4.2     8.6    63.1    12.4    32.8   0.104   0.106 -99.000 -99.000 -99.000     9.5     9.2 -9999.0 -9999.0 -9999.0
53138 20170411  2.423 -114.21   39.01    13.1     1.9     7.5     7.3     0.0    12.96 C    20.1    -0.6     7.9    47.8    15.1    30.5   0.098   0.101 -99.000 -99.000 -99.000     8.7     8.8 -9999.0 -9999.0 -9999.0
53138 20170412  2.423 -114.21   39.01    19.0     3.4    11.2    11.7     0.0    25.73 C    34.1     0.2    13.8    47.3    15.8    28.4   0.094   0.096 -99.000 -99.000 -99.000    12.2    11.2 -9999.0 -9999.0 -9999.0
53138 20170413  2.423 -114.21   39.01    18.3    -1.4     8.5    12.2     0.0    25.51 C    31.5    -0.5    14.0    77.1    12.5    27.5   0.087   0.092 -99.000 -99.000 -99.000    13.4    12.6 -9999.0 -9999.0 -9999.0
53138 20170414  2.423 -114.21   39.01    11.7    -1.6     5.1     4.4     0.0    27.30 C    29.9    -1.5    10.7    77.2    30.7    52.5   0.081   0.088 -99.000 -99.000 -99.000    12.9    12.4 -9999.0 -9999.0 -9999.0
53138 20170415  2.423 -114.21   39.01    10.6    -2.4     4.1     3.9     0.0    25.56 C    27.8    -3.4     9.7    69.0    31.5    48.9   0.076   0.084 -99.000 -99.000 -99.000    12.0    11.7 -9999.0 -9999.0 -9999.0
53138 20170416  2.423 -114.21   39.01    18.8     2.2    10.5    10.3     0.0    24.01 C    34.5     1.7    13.1    62.0    11.7    33.6   0.072   0.081 -99.000 -99.000 -99.000    13.2    12.5 -9999.0 -9999.0 -9999.0
53138 20170417  2.423 -114.21   39.01    19.4     8.3    13.9    14.0     0.0    26.20 C    38.0     6.7    16.9    50.0    12.6    25.8   0.066   0.078 -99.000 -99.000 -99.000    15.3    14.2 -9999.0 -9999.0 -9999.0
53138 20170418  2.423 -114.21   39.01    17.3     2.0     9.6     8.3    24.5    12.92 C    34.9     2.7    11.4    94.7    31.7    66.0   0.089   0.103 -99.000 -99.000 -99.000    12.5    12.7 -9999.0 -9999.0 -9999.0
53138 20170419  2.423 -114.21   39.01    12.3     0.1     6.2     6.3     0.0    25.89 C    25.6     0.2    10.2    93.7    38.9    66.7   0.121   0.130 -99.000 -99.000 -99.000    12.3    11.9 -9999.0 -9999.0 -9999.0
53138 20170420  2.423 -114.21   39.01    13.0     0.8     6.9     7.0     0.0    20.72 C    27.4     0.6     9.1    81.3    26.4    50.3   0.110   0.115 -99.000 -99.000 -99.000    10.7    10.9 -9999.0 -9999.0 -9999.0
53138 20170421  2.423 -114.21   39.01     9.4    -0.1     4.6     4.2     0.0    31.04 C    26.8    -1.5     9.3    65.2    34.0    47.5   0.103   0.107 -99.000 -99.000 -99.000    11.7    11.4 -9999.0 -9999.0 -9999.0
53138 20170422  2.423 -114.21   39.01    12.7    -0.1     6.3     6.7     0.0    24.78 C    27.7    -1.0    11.3    60.0    30.2    44.0   0.097   0.101 -99.000 -99.000 -99.000    12.6    12.1 -9999.0 -9999.0 -9999.0
53138 20170423  2.423 -114.21   39.01    17.8     4.1    11.0    10.7     0.0    20.04 C    30.1     3.2    11.9    71.7    19.2    41.1   0.090   0.096 -99.000 -99.000 -99.000    12.9    12.6 -9999.0 -9999.0 -9999.0
53138 20170424  2.423 -114.21   39.01    14.0     3.6     8.8     8.5     0.0    14.14 C    27.4     2.7     9.6    61.5    25.3    39.4   0.084   0.091 -99.000 -99.000 -99.000    11.2    11.3 -9999.0 -9999.0 -9999.0
53138 20170425  2.423 -114.21   39.01    10.0    -0.2     4.9     5.1     0.9    25.28 C    27.8    -0.2     9.5    87.2    22.8    42.0   0.080   0.088 -99.000 -99.000 -99.000    11.9    11.7 -9999.0 -9999.0 -9999.0
53138 20170426  2.423 -114.21   39.01    15.3     1.0     8.2     7.6     2.7    23.64 C    33.0     0.0    11.4    82.1    31.4    52.1   0.076   0.084 -99.000 -99.000 -99.000    12.5    12.2 -9999.0 -9999.0 -9999.0
53138 20170427  2.423 -114.21   39.01    10.7    -0.1     5.3     5.7     0.5    26.91 C    27.9    -0.5    10.2    86.8    21.4    42.4   0.076   0.083 -99.000 -99.000 -99.000    12.5    12.3 -9999.0 -9999.0 -9999.0
53138 20170428  2.423 -114.21   39.01     5.6    -2.1     1.7     1.7     0.3    19.36 C    27.1    -3.0     7.0    66.7    25.0    43.7   0.072   0.081 -99.000 -99.000 -99.000    10.4    10.8 -9999.0 -9999.0 -9999.0
53138 20170429  2.423 -114.21   39.01    10.2     0.4     5.3     4.9     0.0    31.76 C    28.3    -0.8     9.6    54.9    25.2    39.6   0.070   0.079 -99.000 -99.000 -99.000    12.3    11.8 -9999.0 -9999.0 -9999.0
53138 20170430  2.423 -114.21   39.01    16.9     0.0     8.4     9.3     0.0    34.13 C    32.7    -1.0    12.9    53.6    19.8    32.2   0.066   0.076 -99.000 -99.000 -99.000    13.9    13.0 -9999.0 -9999.0 -9999.0
53138 20170501  2.423 -114.21   39.01    16.1     4.2    10.1    10.1     0.0    26.23 C    32.8     3.1    14.1    63.6    33.9    47.2   0.061   0.073 -99.000 -99.000 -99.000    15.4    14.5 -9999.0 -9999.0 -9999.0
53138 20170502  2.423 -114.21   39.01    17.9     4.5    11.2    11.4     0.0    32.38 C    35.1     3.4    15.9    59.8    25.5    42.5   0.057   0.070 -99.000 -99.000 -99.000    16.9    15.8 -9999.0 -9999.0 -9999.0
53138 20170503  2.423 -114.21   39.01    17.9     3.8    10.9    11.0     0.0    35.51 C    35.9     2.2    16.0    56.6    18.5    35.6   0.052   0.065 -99.000 -99.000 -99.000    17.5    16.4 -9999.0 -9999.0 -9999.0
53138 20170504  2.423 -114.21   39.01    21.7     7.9    14.8    14.7     0.0    32.44 C    39.2     5.4    19.1    41.8    18.7    29.8   0.048   0.060 -99.000 -99.000 -99.000    19.2    17.6 -9999.0 -9999.0 -9999.0
53138 20170505  2.423 -114.21   39.01    25.5     9.7    17.6    18.1     0.0    31.39 C    42.2     7.0    21.9    42.5    12.2    25.7   0.041   0.054 -99.000 -99.000 -99.000    20.9    19.0 -9999.0 -9999.0 -9999.0
53138 20170506  2.423 -114.21   39.01    22.6    11.1    16.8    17.3     0.0    26.65 C    40.0     8.6    20.7    45.0    15.2    24.4   0.035   0.049 -99.000 -99.000 -99.000    20.9    19.4 -9999.0 -9999.0 -9999.0
53138 20170507  2.423 -114.21   39.01    18.5     5.2    11.9    13.2     0.0    27.34 C    38.4     4.6    18.9    44.9    13.2    25.6   0.031   0.043 -99.000 -99.000 -99.000    20.3    19.0 -9999.0 -9999.0 -9999.0
53138 20170508  2.423 -114.21   39.01    16.1     6.3    11.2    10.8     3.0    18.41 C    30.1     6.4    14.1    92.1    30.5    58.1   0.030   0.039 -99.000 -99.000 -99.000    17.4    17.2 -9999.0 -9999.0 -9999.0
53138 20170509  2.423 -114.21   39.01    19.5     6.3    12.9    12.7     0.0    29.02 C    38.7     5.0    17.8    63.6    23.1    42.8   0.036   0.039 -99.000 -99.000 -99.000    19.4    18.2 -9999.0 -9999.0 -9999.0
53138 20170510  2.423 -114.21   39.01    20.5     6.1    13.3    13.6     0.0    31.83 C    39.0     5.1    19.0    57.2    18.6    35.9   0.036   0.038 -99.000 -99.000 -99.000    20.4    19.1 -9999.0 -9999.0 -9999.0
53138 20170511  2.423 -114.21   39.01    24.1     9.2    16.6    17.3     0.0    28.26 C    41.9     7.1    21.7    43.3    13.6    29.5   0.034   0.036 -99.000 -99.000 -99.000    21.8    20.1 -9999.0 -9999.0 -9999.0
53138 20170512  2.423 -114.21   39.01    22.9     9.5    16.2    17.9     0.0    31.01 C    40.0     9.0    21.7    45.5    12.6    23.8   0.030   0.034 -99.000 -99.000 -99.000    22.2    20.6 -9999.0 -9999.0 -9999.0
53138 20170513  2.423 -114.21   39.01    15.1     1.6     8.4     7.3     0.0    30.56 C    35.8     2.1    14.8    69.1     8.8    45.6   0.025   0.032 -99.000 -99.000 -99.000    19.5    19.1 -9999.0 -9999.0 -9999.0
53138 20170514  2.423 -114.21   39.01    17.2    -0.3     8.5     9.0     0.0    24.63 C    36.6     0.0    14.8    64.9    10.5    30.4   0.023   0.031 -99.000 -99.000 -99.000    18.1    17.7 -9999.0 -9999.0 -9999.0
53138 20170515  2.423 -114.21   39.01    11.9     2.8     7.4     7.7     0.0    14.11 C    27.1     1.8    11.1    71.0    12.7    42.3   0.020   0.029 -99.000 -99.000 -99.000    15.0    15.6 -9999.0 -9999.0 -9999.0
53138 20170516  2.423 -114.21   39.01    14.2     1.2     7.7     8.7     0.5    21.24 C    38.3     0.8    14.2    81.7    22.2    43.7   0.021   0.030 -99.000 -99.000 -99.000    16.5    16.0 -9999.0 -9999.0 -9999.0
53138 20170517  2.423 -114.21   39.01     8.8    -0.6     4.1     3.6     3.6    23.91 C    31.3     1.4     9.6    84.7    23.7    53.4   0.029   0.029 -99.000 -99.000 -99.000    13.8    14.5 -9999.0 -9999.0 -9999.0
53138 20170518  2.423 -114.21   39.01     8.4    -1.5     3.5     2.8     0.6    18.12 C    22.9    -0.2     7.6    86.3    27.7    56.0   0.033   0.029 -99.000 -99.000 -99.000    12.3    12.9 -9999.0 -9999.0 -9999.0
53138 20170519  2.423 -114.21   39.01    13.1    -0.8     6.1     7.7     0.0    33.52 C    35.2    -0.6    12.8    70.2    34.1    48.9   0.035   0.030 -99.000 -99.000 -99.000    15.4    14.7 -9999.0 -9999.0 -9999.0
53138 20170520  2.423 -114.21   39.01    17.5     1.8     9.6    11.2     0.0    24.62 C    38.3     1.5    16.4    72.7    25.7    43.8   0.036   0.031 -99.000 -99.000 -99.000    17.4    16.3 -9999.0 -9999.0 -9999.0
53138 20170521  2.423 -114.21   39.01    18.7     7.1    12.9    12.1     0.0    21.81 C    36.5     6.1    16.6    64.8    32.8    48.0   0.034   0.030 -99.000 -99.000 -99.000    18.1    17.2 -9999.0 -9999.0 -9999.0
53138 20170522  2.423 -114.21   39.01    20.3     6.7    13.5    13.6     0.0    29.74 C    39.7     4.5    19.1    62.6    21.0    37.9   0.032   0.031 -99.000 -99.000 -99.000    20.1    18.5 -9999.0 -9999.0 -9999.0
53138 20170523  2.423 -114.21   39.01    25.1    10.6    17.9    17.8     0.0    30.10 C    43.4     7.9    22.8    38.8    14.9    25.2   0.029   0.031 -99.000 -99.000 -99.000    22.7    20.4 -9999.0 -9999.0 -9999.0
53138 20170524  2.423 -114.21   39.01    26.7    12.6    19.7    20.0     0.0    26.89 C    46.3    10.3    24.1    40.9    13.0    21.7   0.024   0.031 -99.000 -99.000 -99.000    23.4    21.3 -9999.0 -9999.0 -9999.0
53138 20170525  2.423 -114.21   39.01    21.1     6.3    13.7    14.5     0.0    26.40 C    42.0     7.4    20.3    51.7    11.8    28.5   0.021   0.029 -99.000 -99.000 -99.000    22.3    20.8 -9999.0 -9999.0 -9999.0
53138 20170526  2.423 -114.21   39.01    21.5     7.8    14.6    13.7     0.0    26.16 C    42.3     5.9    20.4    50.6    16.3    30.2   0.020   0.029 -99.000 -99.000 -99.000    22.1    20.6 -9999.0 -9999.0 -9999.0
53138 20170527  2.423 -114.21   39.01    17.4     3.4    10.4    10.9     0.0    32.95 C    39.3     3.9    18.5    63.3    19.8    39.0   0.018   0.028 -99.000 -99.000 -99.000    22.0    20.7 -9999.0 -9999.0 -9999.0
53138 20170528  2.423 -114.21   39.01    20.9     7.6    14.2    14.2     0.0    36.99 C    41.7     6.3    20.8    41.4    16.7    29.3   0.017   0.028 -99.000 -99.000 -99.000    22.9    21.1 -9999.0 -9999.0 -9999.0
53138 20170529  2.423 -114.21   39.01    23.5     9.4    16.4    16.7     0.0    32.35 C    43.7     7.6    22.8    37.1    15.4    24.2   0.017   0.028 -99.000 -99.000 -99.000    24.1    22.0 -9999.0 -9999.0 -9999.0
53138 20170530  2.423 -114.21   39.01    26.7    11.8    19.2    18.8     0.0    27.95 C    46.0     9.7    23.3    29.6    10.2    19.9   0.016   0.027 -99.000 -99.000 -99.000    23.9    22.2 -9999.0 -9999.0 -9999.0
53138 20170531  2.423 -114.21   39.01    25.8    11.1    18.4    19.7     0.0    29.04 C    44.5     9.5    23.9    28.6    12.1    16.5   0.015   0.027 -99.000 -99.000 -99.000    24.6    22.7 -9999.0 -9999.0 -9999.0
53138 20170601  2.423 -114.21   39.01    25.3    13.1    19.2    19.2     0.0    27.61 C    43.5    10.9    23.7    37.1    14.3    19.8   0.014   0.026 -99.000 -99.000 -99.000    24.9    22.9 -9999.0 -9999.0 -9999.0
53138 20170602  2.423 -114.21   39.01    24.5     9.8    17.2    17.6     0.0    28.54 C    44.5     8.9    24.0    56.0    20.3    34.6   0.014   0.026 -99.000 -99.000 -99.000    25.7    23.6 -9999.0 -9999.0 -9999.0
53138 20170603  2.423 -114.21   39.01    28.7    12.7    20.7    21.4     0.0    28.48 C    50.6    10.7    27.0    40.6    10.4    21.8   0.014   0.026 -99.000 -99.000 -99.000    26.6    24.3 -9999.0 -9999.0 -9999.0
53138 20170604  2.423 -114.21   39.01    29.0    15.4    22.2    23.3     0.0    31.85 C    50.7    12.5    28.0    25.9    10.2    15.5   0.014   0.026 -99.000 -99.000 -99.000    27.7    25.2 -9999.0 -9999.0 -9999.0
53138 20170605  2.423 -114.21   39.01    26.6    12.4    19.5    19.8     0.0    23.48 C    49.1    10.3    25.7    38.3    14.7    25.5   0.013   0.026 -99.000 -99.000 -99.000    26.8    24.9 -9999.0 -9999.0 -9999.0
53138 20170606  2.423 -114.21   39.01    28.6    14.4    21.5    21.8     0.0    26.42 C    52.0    11.9    27.7    36.5     9.9    20.7   0.014   0.027 -99.000 -99.000 -99.000    27.8    25.4 -9999.0 -9999.0 -9999.0
53138 20170607  2.423 -114.21   39.01    29.3    14.6    22.0    23.2     0.0    31.07 C    50.5    12.6    28.1    26.8     5.9    13.0   0.013   0.026 -99.000 -99.000 -99.000    28.3    26.0 -9999.0 -9999.0 -9999.0
53138 20170608  2.423 -114.21   39.01    27.2    14.3    20.7    21.2     0.0    23.37 C    43.2    11.8    22.8    22.7     5.1    12.7   0.011   0.025 -99.000 -99.000 -99.000    24.7    23.9 -9999.0 -9999.0 -9999.0
53138 20170609  2.423 -114.21   39.01    25.7    10.5    18.1    20.1     0.0    30.00 C    47.6     8.7    25.4    50.3    11.5    19.2   0.011   0.025 -99.000 -99.000 -99.000    26.3    24.5 -9999.0 -9999.0 -9999.0
53138 20170610  2.423 -114.21   39.01    25.9     7.9    16.9    17.7     0.0    30.56 C    49.2     8.0    25.1    62.4    13.7    33.6   0.011   0.025 -99.000 -99.000 -99.000    26.8    24.9 -9999.0 -9999.0 -9999.0
53138 20170611  2.423 -114.21   39.01    24.0     7.5    15.7    17.1     0.0    30.28 C    46.6     7.9    24.5    52.6    10.2    24.4   0.010   0.024 -99.000 -99.000 -99.000    26.3    24.7 -9999.0 -9999.0 -9999.0
53138 20170612  2.423 -114.21   39.01    13.7     1.6     7.7     9.3     1.2    24.87 C    34.8     3.1    16.5    79.5    21.1    34.1   0.009   0.024 -99.000 -99.000 -99.000    21.0    21.7 -9999.0 -9999.0 -9999.0
53138 20170613  2.423 -114.21   39.01    22.0     5.8    13.9    14.0     0.0    30.01 C    45.0     7.1    22.5    55.8    19.3    34.6   0.012   0.024 -99.000 -99.000 -99.000    24.5    22.9 -9999.0 -9999.0 -9999.0
53138 20170614  2.423 -114.21   39.01    24.3     8.3    16.3    16.8     0.0    30.55 C    47.3     7.1    24.3    52.8    16.3    31.0   0.012   0.024 -99.000 -99.000 -99.000    26.0    24.1 -9999.0 -9999.0 -9999.0
53138 20170615  2.423 -114.21   39.01    29.1    11.6    20.4    20.9     0.0    29.12 C    52.4    10.1    26.6    32.3     7.0    17.6   0.012   0.025 -99.000 -99.000 -99.000    27.2    25.1 -9999.0 -9999.0 -9999.0
53138 20170616  2.423 -114.21   39.01    31.2    14.1    22.6    23.1     0.0    29.99 C    52.3    12.0    29.5    31.8    11.5    20.0   0.012   0.025 -99.000 -99.000 -99.000    29.2    26.5 -9999.0 -9999.0 -9999.0
53138 20170617  2.423 -114.21   39.01    27.2    15.2    21.2    21.2     0.0    28.65 C    49.8    14.8    28.7    52.1    25.2    36.1   0.012   0.023 -99.000 -99.000 -99.000    29.7    27.5 -9999.0 -9999.0 -9999.0
53138 20170618  2.423 -114.21   39.01    27.5    12.6    20.0    20.3     0.0    30.28 C    50.2    12.1    28.0    58.7    21.4    36.5   0.012   0.025 -99.000 -99.000 -99.000    29.4    27.2 -9999.0 -9999.0 -9999.0
53138 20170619  2.423 -114.21   39.01    31.9    16.1    24.0    23.9     0.3    28.26 C    53.0    14.2    30.4    56.5    15.2    30.1   0.012   0.025 -99.000 -99.000 -99.000    30.4    27.9 -9999.0 -9999.0 -9999.0
53138 20170620  2.423 -114.21   39.01    34.7    19.2    27.0    26.7     0.0    25.57 C    55.9    16.7    31.1    37.1     7.2    21.0   0.013   0.025 -99.000 -99.000 -99.000    30.6    28.3 -9999.0 -9999.0 -9999.0
53138 20170621  2.423 -114.21   39.01    34.8    19.1    26.9    26.8     0.0    28.46 C    53.9    16.3    31.2    31.2     3.7    15.5   0.012   0.025 -99.000 -99.000 -99.000    31.2    28.7 -9999.0 -9999.0 -9999.0
53138 20170622  2.423 -114.21   39.01    29.0    14.7    21.8    21.7     0.0    29.78 C    51.4    13.7    28.9    44.2    13.8    24.2   0.012   0.025 -99.000 -99.000 -99.000    30.7    28.7 -9999.0 -9999.0 -9999.0
53138 20170623  2.423 -114.21   39.01    28.3    13.7    21.0    20.6     0.0    31.19 C    51.7    11.2    27.9    25.9     9.7    16.1   0.011   0.024 -99.000 -99.000 -99.000    30.1    28.2 -9999.0 -9999.0 -9999.0
53138 20170624  2.423 -114.21   39.01    29.6    14.7    22.2    21.7     0.0    31.26 C    52.5    12.5    28.6    22.2     8.4    15.3   0.010   0.023 -99.000 -99.000 -99.000    30.3    28.4 -9999.0 -9999.0 -9999.0
53138 20170625  2.423 -114.21   39.01    31.7    16.5    24.1    23.8     0.0    29.17 C    52.0    13.8    29.7    22.7     9.1    14.9   0.011   0.023 -99.000 -99.000 -99.000    30.8    28.6 -9999.0 -9999.0 -9999.0
53138 20170626  2.423 -114.21   39.01    33.4    18.0    25.7    26.1     0.0    28.75 C    54.2    15.7    31.1    23.1     5.4    11.8   0.011   0.024 -99.000 -99.000 -99.000    31.4    29.2 -9999.0 -9999.0 -9999.0
53138 20170627  2.423 -114.21   39.01    31.2    14.7    22.9    24.3     0.0    33.18 C    54.2    13.9    30.6    28.5     2.8    13.3   0.011   0.024 -99.000 -99.000 -99.000    31.9    29.6 -9999.0 -9999.0 -9999.0
53138 20170628  2.423 -114.21   39.01    29.8    14.7    22.2    22.9     0.0    30.81 C    52.8    13.3    29.3    19.8     4.3    11.6   0.010   0.024 -99.000 -99.000 -99.000    30.7    29.0 -9999.0 -9999.0 -9999.0
53138 20170629  2.423 -114.21   39.01    29.3    15.2    22.2    21.4     0.0    29.79 C    51.3    13.0    28.4    32.4     7.6    18.4   0.010   0.024 -99.000 -99.000 -99.000    30.5    28.8 -9999.0 -9999.0 -9999.0
53138 20170630  2.423 -114.21   39.01    27.2    11.9    19.6    19.9     0.0    30.59 C    50.6    10.5    27.5    31.0    11.2    19.0   0.009   0.023 -99.000 -99.000 -99.000    30.0    28.5 -9999.0 -9999.0 -9999.0
53138 20170701  2.423 -114.21   39.01    32.3    14.4    23.4    23.6     0.0    28.27 C    52.8    12.5    29.7    24.1     5.1    13.4   0.010   0.023 -99.000 -99.000 -99.000    30.6    28.7 -9999.0 -9999.0 -9999.0
53138 20170702  2.423 -114.21   39.01    31.7    16.1    23.9    25.6     0.0    30.33 C    54.5    15.0    31.2    22.7     6.1    12.3   0.010   0.022 -99.000 -99.000 -99.000    31.8    29.7 -9999.0 -9999.0 -9999.0
53138 20170703  2.423 -114.21   39.01    31.8    16.2    24.0    25.8     0.0    24.73 C    55.4    14.5    30.5    24.2     8.2    13.0   0.010   0.023 -99.000 -99.000 -99.000    31.3    29.5 -9999.0 -9999.0 -9999.0
53138 20170704  2.423 -114.21   39.01    34.0    16.9    25.4    26.5     0.0    26.48 C    55.4    14.2    30.8    18.8     6.4     9.9   0.010   0.023 -99.000 -99.000 -99.000    31.6    29.7 -9999.0 -9999.0 -9999.0
53138 20170705  2.423 -114.21   39.01    33.8    19.6    26.7    27.4     0.0    30.64 C    56.5    16.7    32.7    16.1     3.5     8.1   0.010   0.023 -99.000 -99.000 -99.000    32.8    30.4 -9999.0 -9999.0 -9999.0
53138 20170706  2.423 -114.21   39.01    33.1    19.3    26.2    27.3     0.0    23.41 C    54.6    16.6    32.1    19.9     8.7    13.1   0.009   0.022 -99.000 -99.000 -99.000    32.3    30.3 -9999.0 -9999.0 -9999.0
53138 20170707  2.423 -114.21   39.01    32.4    20.7    26.5    26.7     0.0    18.55 C    51.4    17.7    29.9    23.5    10.6    17.2   0.009   0.022 -99.000 -99.000 -99.000    30.8    29.5 -9999.0 -9999.0 -9999.0
53138 20170708  2.423 -114.21   39.01    32.0    20.6    26.3    26.4     0.0    17.35 C    54.6    17.4    29.7    25.4    11.2    18.6   0.009   0.018 -99.000 -99.000 -99.000    30.2    29.4 -9999.0 -9999.0 -9999.0
53138 20170709  2.423 -114.21   39.01    31.7    17.1    24.4    22.3     5.3    12.09 C    51.2    16.7    23.6    73.1    15.0    39.3   0.027   0.015 -99.000 -99.000 -99.000    24.9    26.1 -9999.0 -9999.0 -9999.0
53138 20170710  2.423 -114.21   39.01    29.9    17.5    23.7    23.5     0.0    19.70 C    44.7    15.5    26.3    52.3    20.0    35.1   0.048   0.016 -99.000 -99.000 -99.000    26.6    26.4 -9999.0 -9999.0 -9999.0
53138 20170711  2.423 -114.21   39.01    28.6    16.4    22.5    22.5     0.0    13.91 C    43.5    15.8    24.4    53.2    20.0    34.1   0.045   0.018 -99.000 -99.000 -99.000    25.5    25.8 -9999.0 -9999.0 -9999.0
53138 20170712  2.423 -114.21   39.01    30.5    18.2    24.3    23.8     0.0    20.28 C    50.3    16.3    27.7    36.2    15.7    26.9   0.042   0.021 -99.000 -99.000 -99.000    27.9    27.3 -9999.0 -9999.0 -9999.0
53138 20170713  2.423 -114.21   39.01    31.5    17.0    24.3    23.3     1.6    20.99 C    52.4    15.1    27.2    72.9    13.3    29.8   0.038   0.020 -99.000 -99.000 -99.000    27.4    27.1 -9999.0 -9999.0 -9999.0
53138 20170714  2.423 -114.21   39.01    31.2    18.5    24.8    24.7     0.0    23.30 C    53.6    15.0    28.7    36.7    13.7    25.7   0.036   0.021 -99.000 -99.000 -99.000    28.7    27.8 -9999.0 -9999.0 -9999.0
53138 20170715  2.423 -114.21   39.01    33.2    19.0    26.1    26.5     0.0    25.80 C    57.0    16.2    30.8    34.0    11.5    21.5   0.033   0.021 -99.000 -99.000 -99.000    30.6    29.2 -9999.0 -9999.0 -9999.0
53138 20170716  2.423 -114.21   39.01    32.4    20.1    26.3    25.6     0.0    18.93 C    51.2    17.1    28.7    37.0    11.4    22.7   0.027   0.023 -99.000 -99.000 -99.000    29.2    28.3 -9999.0 -9999.0 -9999.0
53138 20170717  2.423 -114.21   39.01    32.1    17.2    24.6    24.7     0.0    23.35 C    58.4    15.5    29.0    51.3    16.2    28.9   0.024   0.023 -99.000 -99.000 -99.000    29.7    28.4 -9999.0 -9999.0 -9999.0
53138 20170718  2.423 -114.21   39.01    33.4    17.5    25.5    27.0     0.0    29.10 C    55.0    15.8    32.6    50.5    11.0    26.3   0.022   0.025 -99.000 -99.000 -99.000    32.1    29.9 -9999.0 -9999.0 -9999.0
53138 20170719  2.423 -114.21   39.01    29.4    19.7    24.6    25.2     0.0    14.61 C    46.4    18.2    28.3    48.1    18.1    31.1   0.018   0.026 -99.000 -99.000 -99.000    29.5    28.7 -9999.0 -9999.0 -9999.0
53138 20170720  2.423 -114.21   39.01    30.9    16.7    23.8    23.1     8.0    21.57 C    52.5    16.7    27.2    83.4    25.5    46.7   0.035   0.026 -99.000 -99.000 -99.000    28.0    27.5 -9999.0 -9999.0 -9999.0
53138 20170721  2.423 -114.21   39.01    31.3    16.8    24.0    24.5     0.0    27.11 C    47.1    14.4    27.8    57.9    16.7    30.2   0.061   0.028 -99.000 -99.000 -99.000    28.5    27.7 -9999.0 -9999.0 -9999.0
53138 20170722  2.423 -114.21   39.01    29.9    17.4    23.6    24.3     0.0    19.03 C    48.5    16.1    27.5    43.1    16.2    28.3   0.055   0.030 -99.000 -99.000 -99.000    28.4    27.9 -9999.0 -9999.0 -9999.0
53138 20170723  2.423 -114.21   39.01    30.6    15.9    23.2    22.4     2.8    16.04 C    50.6    17.1    24.8    83.3    17.1    38.4   0.049   0.028 -99.000 -99.000 -99.000    25.8    26.2 -9999.0 -9999.0 -9999.0
53138 20170724  2.423 -114.21   39.01    30.4    14.0    22.2    20.3    10.0    16.82 C    52.4    14.0    23.6    93.6    21.5    55.7   0.059   0.024 -99.000 -99.000 -99.000    24.3    24.9 -9999.0 -9999.0 -9999.0
53138 20170725  2.423 -114.21   39.01    22.5    13.3    17.9    16.9    11.7    13.50 C    36.3    14.5    19.7    95.3    55.8    79.3   0.097   0.057 -99.000 -99.000 -99.000    21.7    22.3 -9999.0 -9999.0 -9999.0
53138 20170726  2.423 -114.21   39.01    26.9    11.9    19.4    18.3     0.8    24.39 C    40.9    12.0    22.4    89.9    34.3    63.3   0.109   0.102 -99.000 -99.000 -99.000    23.5    23.5 -9999.0 -9999.0 -9999.0
53138 20170727  2.423 -114.21   39.01    27.8    13.5    20.7    21.0     0.0    23.13 C    44.8    13.1    24.6    76.0    31.2    48.9   0.095   0.086 -99.000 -99.000 -99.000    25.0    24.8 -9999.0 -9999.0 -9999.0
53138 20170728  2.423 -114.21   39.01    27.0    16.0    21.5    21.2     2.5    19.72 C    36.6    15.6    23.3    87.0    32.8    49.7   0.089   0.079 -99.000 -99.000 -99.000    24.6    24.6 -9999.0 -9999.0 -9999.0
53138 20170729  2.423 -114.21   39.01    28.3    14.9    21.6    20.4     7.9    17.84 C    48.1    15.0    22.9    82.7    21.7    47.0   0.099   0.083 -99.000 -99.000 -99.000    23.5    23.5 -9999.0 -9999.0 -9999.0
53138 20170730  2.423 -114.21   39.01    28.3    16.8    22.6    22.8     0.0    26.86 C    45.0    13.7    25.1    45.1    16.9    29.3   0.103   0.093 -99.000 -99.000 -99.000    25.2    24.5 -9999.0 -9999.0 -9999.0
53138 20170731  2.423 -114.21   39.01    30.6    18.0    24.3    24.2     0.0    28.18 C    46.2    15.3    27.2    35.5    12.1    22.1   0.090   0.083 -99.000 -99.000 -99.000    27.3    26.4 -9999.0 -9999.0 -9999.0
53138 20170801  2.423 -114.21   39.01    31.9    18.3    25.1    25.2     0.0    28.42 C    49.6    15.5    28.8    27.7     9.2    18.9   0.080   0.075 -99.000 -99.000 -99.000    28.7    27.7 -9999.0 -9999.0 -9999.0
53138 20170802  2.423 -114.21   39.01    32.1    20.5    26.3    25.8     0.0    20.98 C    51.1    17.6    28.8    28.6    11.2    21.0   0.069   0.067 -99.000 -99.000 -99.000    28.6    27.8 -9999.0 -9999.0 -9999.0
53138 20170803  2.423 -114.21   39.01    31.2    18.0    24.6    23.9     0.0    16.27 C    47.3    16.3    26.0    42.6    16.5    28.5   0.060   0.060 -99.000 -99.000 -99.000    27.1    26.6 -9999.0 -9999.0 -9999.0
53138 20170804  2.423 -114.21   39.01    28.4    15.0    21.7    20.8    10.9    11.39 C    45.4    14.3    22.0    79.0    24.0    42.7   0.072   0.062 -99.000 -99.000 -99.000    23.6    24.2 -9999.0 -9999.0 -9999.0
53138 20170805  2.423 -114.21   39.01    29.2    14.2    21.7    21.5     0.2    20.98 C    43.0    12.8    23.4    65.7    19.9    38.6   0.089   0.068 -99.000 -99.000 -99.000    23.8    23.6 -9999.0 -9999.0 -9999.0
53138 20170806  2.423 -114.21   39.01    25.5    16.1    20.8    19.6     3.1    10.87 C    39.4    16.2    20.6    87.5    28.9    50.8   0.084   0.064 -99.000 -99.000 -99.000    22.0    22.4 -9999.0 -9999.0 -9999.0
53138 20170807  2.423 -114.21   39.01    25.4    14.2    19.8    19.1     0.2    20.68 C    42.1    13.2    22.5    74.5    26.7    48.1   0.085   0.062 -99.000 -99.000 -99.000    23.5    23.3 -9999.0 -9999.0 -9999.0
53138 20170808  2.423 -114.21   39.01    26.3    14.3    20.3    19.9     0.3    23.68 C    44.4    12.8    23.2    59.7    24.4    44.4   0.077   0.058 -99.000 -99.000 -99.000    24.3    24.0 -9999.0 -9999.0 -9999.0
53138 20170809  2.423 -114.21   39.01    28.9    14.2    21.6    20.7     0.0    23.11 C    43.8    13.4    24.9    68.0    15.1    41.3   0.070   0.057 -99.000 -99.000 -99.000    25.6    24.9 -9999.0 -9999.0 -9999.0
53138 20170810  2.423 -114.21   39.01    28.8    13.3    21.0    20.9     0.0    25.31 C    48.3    12.9    26.1    59.1    15.4    37.6   0.062   0.053 -99.000 -99.000 -99.000    27.0    26.2 -9999.0 -9999.0 -9999.0
53138 20170811  2.423 -114.21   39.01    30.1    14.5    22.3    21.2     3.1    26.02 C    49.7    13.6    26.4    76.6    13.8    39.1   0.053   0.049 -99.000 -99.000 -99.000    26.7    26.1 -9999.0 -9999.0 -9999.0
53138 20170812  2.423 -114.21   39.01    28.7    15.7    22.2    23.3     0.0    18.68 C    41.8    13.2    23.8    59.0    16.9    31.5   0.051   0.045 -99.000 -99.000 -99.000    24.8    24.6 -9999.0 -9999.0 -9999.0
53138 20170813  2.423 -114.21   39.01    28.8    16.2    22.5    24.4     0.0    27.14 C    45.9    12.5    26.9    38.7     9.3    16.9   0.050   0.044 -99.000 -99.000 -99.000    27.2    26.1 -9999.0 -9999.0 -9999.0
53138 20170814  2.423 -114.21   39.01    27.3    13.1    20.2    20.7     0.0    18.63 C    46.5    13.1    24.2    56.8    10.7    25.3   0.043   0.041 -99.000 -99.000 -99.000    25.8    25.4 -9999.0 -9999.0 -9999.0
53138 20170815  2.423 -114.21   39.01    23.4    12.3    17.8    16.9     0.9    21.09 C    44.9    12.2    22.5    74.7    31.2    47.0   0.038   0.039 -99.000 -99.000 -99.000    24.9    24.6 -9999.0 -9999.0 -9999.0
53138 20170816  2.423 -114.21   39.01    24.9    13.7    19.3    18.2     2.0    13.98 C    46.2    11.5    19.7    75.2    22.7    37.4   0.035   0.037 -99.000 -99.000 -99.000    21.9    22.5 -9999.0 -9999.0 -9999.0
53138 20170817  2.423 -114.21   39.01    27.8    13.2    20.5    21.3     0.0    18.13 C    44.2    10.1    22.6    48.7    17.3    28.2   0.037   0.035 -99.000 -99.000 -99.000    23.6    23.0 -9999.0 -9999.0 -9999.0
53138 20170818  2.423 -114.21   39.01    29.8    16.8    23.3    22.5     0.0    16.94 C    46.5    13.4    24.7    34.7    14.1    25.2   0.037   0.034 -99.000 -99.000 -99.000    24.9    24.1 -9999.0 -9999.0 -9999.0
53138 20170819  2.423 -114.21   39.01    29.3    18.2    23.7    23.2     0.0    17.47 C    45.6    15.0    25.6    34.8    13.6    22.7   0.034   0.033 -99.000 -99.000 -99.000    26.0    24.9 -9999.0 -9999.0 -9999.0
53138 20170820  2.423 -114.21   39.01    29.9    16.9    23.4    23.4     0.0    26.24 C    50.1    13.4    27.7    29.2     8.4    18.9   0.030   0.028 -99.000 -99.000 -99.000    27.9    26.5 -9999.0 -9999.0 -9999.0
53138 20170821  2.423 -114.21   39.01    28.4    14.8    21.6    22.3     0.0    19.64 C    49.6    13.0    26.1    35.3    15.2    24.6   0.025   0.026 -99.000 -99.000 -99.000    27.0    26.2 -9999.0 -9999.0 -9999.0
53138 20170822  2.423 -114.21   39.01    23.7    15.4    19.5    19.0     0.4    12.12 C    44.2    14.1    21.3    79.3    31.4    44.8   0.022   0.024 -99.000 -99.000 -99.000    23.9    24.3 -9999.0 -9999.0 -9999.0
53138 20170823  2.423 -114.21   39.01    28.2    14.1    21.1    20.6     0.0    19.83 C    47.2    11.5    24.3    57.3    16.1    33.1   0.023   0.025 -99.000 -99.000 -99.000    25.2    24.6 -9999.0 -9999.0 -9999.0
53138 20170824  2.423 -114.21   39.01    27.8    14.0    20.9    21.0     0.0    18.66 C    46.8    11.6    24.1    45.8    16.8    30.3   0.022   0.024 -99.000 -99.000 -99.000    25.3    24.7 -9999.0 -9999.0 -9999.0
53138 20170825  2.423 -114.21   39.01    30.3    16.1    23.2    23.0     0.0    16.76 C    45.4    13.2    24.9    38.6    15.1    26.3   0.020   0.024 -99.000 -99.000 -99.000    25.7    25.0 -9999.0 -9999.0 -9999.0
53138 20170826  2.423 -114.21   39.01    30.8    17.9    24.4    24.1     0.0    16.60 C    47.3    14.3    25.9    34.4    12.1    22.9   0.020   0.023 -99.000 -99.000 -99.000    26.4    25.5 -9999.0 -9999.0 -9999.0
53138 20170827  2.423 -114.21   39.01    31.1    18.8    24.9    24.7     0.0    22.93 C    51.2    15.5    28.6    33.0    12.0    21.1   0.019   0.023 -99.000 -99.000 -99.000    28.6    27.1 -9999.0 -9999.0 -9999.0
53138 20170828  2.423 -114.21   39.01    31.4    18.7    25.1    25.1     0.0    17.34 C    48.8    15.1    27.3    26.9     9.9    18.9   0.017   0.022 -99.000 -99.000 -99.000    27.6    26.7 -9999.0 -9999.0 -9999.0
53138 20170829  2.423 -114.21   39.01    31.7    19.0    25.4    24.6     0.7    18.70 C    49.5    16.4    26.6    54.7    12.2    22.4   0.017   0.022 -99.000 -99.000 -99.000    27.2    26.5 -9999.0 -9999.0 -9999.0
53138 20170830  2.423 -114.21   39.01    26.6    16.2    21.4    20.7     1.2    10.64 C    41.0    13.5    21.0    73.1    21.4    38.0   0.015   0.021 -99.000 -99.000 -99.000    23.1    23.9 -9999.0 -9999.0 -9999.0
53138 20170831  2.423 -114.21   39.01    27.0    12.3    19.6    19.3     2.4    17.76 C    45.7    12.2    21.3    84.1    21.7    39.3   0.018   0.021 -99.000 -99.000 -99.000    22.7    23.0 -9999.0 -9999.0 -9999.0
53138 20170901  2.423 -114.21   39.01    27.8    15.6    21.7    21.3     0.0    25.51 C    44.8    10.9    24.3    41.0    14.7    27.6   0.025   0.021 -99.000 -99.000 -99.000    25.1    24.2 -9999.0 -9999.0 -9999.0
53138 20170902  2.423 -114.21   39.01    29.6    16.6    23.1    22.8     0.0    23.87 C    47.4    12.7    26.2    32.0    10.9    21.5   0.026   0.022 -99.000 -99.000 -99.000    26.7    25.5 -9999.0 -9999.0 -9999.0
53138 20170903  2.423 -114.21   39.01    31.7    18.6    25.1    25.0     0.0    20.25 C    49.6    14.9    27.9    28.8     9.0    18.8   0.023   0.022 -99.000 -99.000 -99.000    27.7    26.4 -9999.0 -9999.0 -9999.0
53138 20170904  2.423 -114.21   39.01    32.1    19.7    25.9    24.9     0.0    19.97 C    49.6    15.9    27.4    26.1     9.2    17.3   0.020   0.022 -99.000 -99.000 -99.000    27.9    26.8 -9999.0 -9999.0 -9999.0
53138 20170905  2.423 -114.21   39.01    31.3    19.9    25.6    25.1     0.0    23.32 C    49.5    15.4    28.0    20.8     6.5    14.1   0.018   0.022 -99.000 -99.000 -99.000    28.3    27.0 -9999.0 -9999.0 -9999.0
53138 20170906  2.423 -114.21   39.01    29.8    17.0    23.4    23.0     0.0    14.09 C    47.9    14.5    24.8    37.0    13.9    21.2   0.015   0.021 -99.000 -99.000 -99.000    26.1    25.9 -9999.0 -9999.0 -9999.0
53138 20170907  2.423 -114.21   39.01    28.3    14.3    21.3    19.7     6.0    16.03 C    46.9    12.5    22.9    83.1    15.8    40.0   0.029   0.020 -99.000 -99.000 -99.000    24.0    24.3 -9999.0 -9999.0 -9999.0
53138 20170908  2.423 -114.21   39.01    23.4    13.1    18.2    17.8     0.0    16.58 C    33.8    11.5    19.0    62.6    32.5    47.5   0.050   0.019 -99.000 -99.000 -99.000    20.9    21.8 -9999.0 -9999.0 -9999.0
53138 20170909  2.423 -114.21   39.01    20.1    12.0    16.1    15.5     1.5    10.65 C    27.7    11.5    16.9    92.9    47.3    64.1   0.048   0.020 -99.000 -99.000 -99.000    19.4    20.3 -9999.0 -9999.0 -9999.0
53138 20170910  2.423 -114.21   39.01    24.9    11.7    18.3    18.6     0.0    19.73 C    41.7     9.4    21.8    67.6    26.6    44.6   0.050   0.022 -99.000 -99.000 -99.000    22.8    22.3 -9999.0 -9999.0 -9999.0
53138 20170911  2.423 -114.21   39.01    27.1    14.9    21.0    20.2     0.3    20.82 C    43.7    12.1    23.6    81.7    24.6    41.2   0.048   0.023 -99.000 -99.000 -99.000    24.1    23.5 -9999.0 -9999.0 -9999.0
53138 20170912  2.423 -114.21   39.01    25.6    14.5    20.1    19.7     4.9    14.30 C    44.1    13.5    21.1    84.3    26.5    46.0   0.052   0.023 -99.000 -99.000 -99.000    22.0    22.3 -9999.0 -9999.0 -9999.0
53138 20170913  2.423 -114.21   39.01    25.7    12.6    19.2    19.2     0.3    25.90 C    36.2    11.4    20.0    73.2    20.1    40.6   0.061   0.023 -99.000 -99.000 -99.000    21.2    21.3 -9999.0 -9999.0 -9999.0
53138 20170914  2.423 -114.21   39.01    20.4     9.9    15.1    15.4     2.1    12.25 C    29.4     9.9    16.5    84.1    30.3    50.9   0.055   0.023 -99.000 -99.000 -99.000    18.5    19.2 -9999.0 -9999.0 -9999.0
53138 20170915  2.423 -114.21   39.01    17.5     6.8    12.1    12.6     1.0    20.36 C    32.8     6.0    16.3    87.2    24.0    44.9   0.054   0.023 -99.000 -99.000 -99.000    18.7    19.3 -9999.0 -9999.0 -9999.0
53138 20170916  2.423 -114.21   39.01    17.0     4.5    10.7    10.6     0.0    21.17 C    33.5     3.0    15.0    49.3    22.9    34.9   0.051   0.023 -99.000 -99.000 -99.000    17.7    18.2 -9999.0 -9999.0 -9999.0
53138 20170917  2.423 -114.21   39.01    21.6     7.9    14.7    14.6     0.0    17.60 C    38.4     7.4    17.2    47.7    18.9    31.1   0.048   0.022 -99.000 -99.000 -99.000    18.6    18.8 -9999.0 -9999.0 -9999.0
53138 20170918  2.423 -114.21   39.01    23.1    11.1    17.1    18.2     0.0    21.88 C    39.9     7.9    20.7    39.9    20.3    28.1   0.046   0.024 -99.000 -99.000 -99.000    21.0    20.4 -9999.0 -9999.0 -9999.0
53138 20170919  2.423 -114.21   39.01    21.4     6.1    13.8    14.9     0.0    21.76 C    41.2     6.1    19.2    45.6    15.6    30.8   0.041   0.024 -99.000 -99.000 -99.000    21.2    21.0 -9999.0 -9999.0 -9999.0
53138 20170920  2.423 -114.21   39.01    22.5     4.2    13.4    14.4     0.0    20.47 C    39.6     3.9    18.3    51.8    17.7    32.6   0.037   0.022 -99.000 -99.000 -99.000    19.9    19.7 -9999.0 -9999.0 -9999.0
53138 20170921  2.423 -114.21   39.01    15.8     0.9     8.4     6.5     7.1     6.72 C    24.8     4.5    10.1    97.0    31.0    71.7   0.043   0.020 -99.000 -99.000 -99.000    14.4    16.2 -9999.0 -9999.0 -9999.0
53138 20170922  2.423 -114.21   39.01     7.5    -0.5     3.5     2.6     0.0     9.26 C    17.5     0.8     6.2    97.0    56.1    82.6   0.059   0.019 -99.000 -99.000 -99.000    10.7    12.0 -9999.0 -9999.0 -9999.0
53138 20170923  2.423 -114.21   39.01     4.4    -0.2     2.1     2.3     1.0     4.54 C    14.2     0.4     4.5    91.1    54.4    75.2   0.054   0.018 -99.000 -99.000 -99.000     8.3     9.8 -9999.0 -9999.0 -9999.0
53138 20170924  2.423 -114.21   39.01    11.1     1.7     6.4     5.4     0.0    19.47 C    27.5    -0.5     9.0    67.1    29.2    50.0   0.055   0.020 -99.000 -99.000 -99.000    11.3    11.8 -9999.0 -9999.0 -9999.0
53138 20170925  2.423 -114.21   39.01    11.4     1.3     6.3     6.0     0.0    20.35 C    28.1    -0.2    10.2    65.4    30.0    47.6   0.053   0.022 -99.000 -99.000 -99.000    12.5    12.9 -9999.0 -9999.0 -9999.0
53138 20170926  2.423 -114.21   39.01    12.3     1.6     7.0     6.6     0.0    20.78 C    30.1     0.9    11.5    60.3    30.6    47.4   0.052   0.022 -99.000 -99.000 -99.000    13.5    13.7 -9999.0 -9999.0 -9999.0
53138 20170927  2.423 -114.21   39.01    15.3     3.8     9.6     9.1     0.0    19.90 C    31.7     1.9    12.9    54.4    27.4    41.3   0.049   0.023 -99.000 -99.000 -99.000    14.3    14.4 -9999.0 -9999.0 -9999.0
53138 20170928  2.423 -114.21   39.01    17.2     5.2    11.2    10.8     0.0    18.88 C    34.1     3.1    14.3    50.3    27.9    40.0   0.047   0.023 -99.000 -99.000 -99.000    15.2    15.1 -9999.0 -9999.0 -9999.0
53138 20170929  2.423 -114.21   39.01    21.0     6.2    13.6    13.9     0.0    19.08 C    35.6     3.8    16.7    53.4    12.0    31.7   0.045   0.025 -99.000 -99.000 -99.000    16.4    16.1 -9999.0 -9999.0 -9999.0
53138 20170930  2.423 -114.21   39.01    18.8     4.4    11.6    13.6     0.0    10.86 C    32.2     3.7    15.3    74.5    20.2    35.1   0.042   0.024 -99.000 -99.000 -99.000    16.5    16.5 -9999.0 -9999.0 -9999.0
53138 20171001  2.423 -114.21   39.01    15.4     3.2     9.3     7.6     0.0    15.52 C    32.5     3.1    12.6    79.2    18.1    53.9   0.039   0.023 -99.000 -99.000 -99.000    14.7    15.1 -9999.0 -9999.0 -9999.0
53138 20171002  2.423 -114.21   39.01     7.8    -1.7     3.0     3.0     0.0    13.12 C    27.1    -1.3     7.9    68.3    33.1    50.6   0.035   0.022 -99.000 -99.000 -99.000    12.3    13.4 -9999.0 -9999.0 -9999.0
53138 20171003  2.423 -114.21   39.01     9.7    -1.3     4.2     4.8     0.0    15.65 C    27.1    -1.9     9.2    62.2    33.4    45.6   0.034   0.021 -99.000 -99.000 -99.000    11.8    12.4 -9999.0 -9999.0 -9999.0
53138 20171004  2.423 -114.21   39.01    15.6     2.8     9.2     9.0     0.0    18.74 C    30.7     0.6    12.2    67.0    17.8    35.8   0.033   0.021 -99.000 -99.000 -99.000    13.6    13.7 -9999.0 -9999.0 -9999.0
53138 20171005  2.423 -114.21   39.01    14.3     1.1     7.7     7.2     0.0    18.36 C    30.8    -0.6    11.1    59.0    25.0    42.4   0.031   0.020 -99.000 -99.000 -99.000    12.9    13.2 -9999.0 -9999.0 -9999.0
53138 20171006  2.423 -114.21   39.01    16.0     2.3     9.2     8.9     0.0    18.30 C    31.9     0.0    11.9    53.3    20.4    33.0   0.029   0.019 -99.000 -99.000 -99.000    13.2    13.3 -9999.0 -9999.0 -9999.0
53138 20171007  2.423 -114.21   39.01    23.5     4.1    13.8    14.1     0.0    18.37 C    36.9     1.3    15.2    37.7     8.6    20.0   0.028   0.019 -99.000 -99.000 -99.000    14.8    14.3 -9999.0 -9999.0 -9999.0
53138 20171008  2.423 -114.21   39.01    16.1    -1.5     7.3     6.9     0.0    16.13 C    28.7    -1.5    10.7    52.7    17.2    36.6   0.025   0.018 -99.000 -99.000 -99.000    13.1    13.7 -9999.0 -9999.0 -9999.0
53138 20171009  2.423 -114.21   39.01     8.8    -2.8     3.0     2.6     0.0    17.85 C    26.4    -3.7     7.1    62.5    15.4    34.5   0.022   0.018 -99.000 -99.000 -99.000    10.4    11.4 -9999.0 -9999.0 -9999.0
53138 20171010  2.423 -114.21   39.01    15.6    -2.7     6.4     6.6     0.0    17.72 C    30.3    -4.5     9.6    32.0    10.8    19.6   0.022   0.019 -99.000 -99.000 -99.000    10.8    11.2 -9999.0 -9999.0 -9999.0
53138 20171011  2.423 -114.21   39.01    19.4     4.3    11.9    12.7     0.0    16.34 C    34.6     1.0    13.8    21.5     9.0    14.2   0.022   0.018 -99.000 -99.000 -99.000    13.2    12.9 -9999.0 -9999.0 -9999.0
53138 20171012  2.423 -114.21   39.01    12.9     0.8     6.9     5.7     0.0    16.29 C    27.1    -1.2     9.0    50.2    18.0    34.7   0.020   0.018 -99.000 -99.000 -99.000    11.7    12.3 -9999.0 -9999.0 -9999.0
53138 20171013  2.423 -114.21   39.01    17.4    -0.3     8.5     9.7     0.0    17.00 C    30.2    -3.0    10.8    33.7     5.3    15.4   0.019   0.017 -99.000 -99.000 -99.000    11.3    11.5 -9999.0 -9999.0 -9999.0
53138 20171014  2.423 -114.21   39.01     9.3    -3.8     2.8     1.5     0.0    16.76 C    24.4    -4.8     5.8    69.1    11.8    37.0   0.017   0.018 -99.000 -99.000 -99.000     9.5    10.6 -9999.0 -9999.0 -9999.0
53138 20171015  2.423 -114.21   39.01    12.8    -5.2     3.8     3.6     0.0    16.92 C    27.2    -6.6     6.7    36.1     8.9    19.9   0.015   0.017 -99.000 -99.000 -99.000     8.7     9.5 -9999.0 -9999.0 -9999.0
53138 20171016  2.423 -114.21   39.01    18.6     1.6    10.1    11.0     0.0    16.63 C    32.2    -2.3    11.2    15.0     6.4     9.8   0.016   0.017 -99.000 -99.000 -99.000    10.9    10.8 -9999.0 -9999.0 -9999.0
53138 20171017  2.423 -114.21   39.01    22.3     4.9    13.6    13.8     0.0    16.25 C    34.2     0.6    13.7    13.9     4.0     8.7   0.016   0.018 -99.000 -99.000 -99.000    12.7    12.3 -9999.0 -9999.0 -9999.0
53138 20171018  2.423 -114.21   39.01    18.3     6.7    12.5    12.7     0.0    12.32 C    30.3     1.7    12.5    19.1     8.6    13.1   0.015   0.017 -99.000 -99.000 -99.000    12.5    12.5 -9999.0 -9999.0 -9999.0
53138 20171019  2.423 -114.21   39.01    21.3     8.7    15.0    14.7     0.0    15.13 C    34.1     4.8    15.2    31.5     9.0    18.3   0.015   0.018 -99.000 -99.000 -99.000    14.2    13.6 -9999.0 -9999.0 -9999.0
53138 20171020  2.423 -114.21   39.01    15.7    -0.6     7.6     9.2     0.0    15.38 C    27.2    -1.4    10.5    37.8    12.6    24.9   0.013   0.018 -99.000 -99.000 -99.000    12.3    12.9 -9999.0 -9999.0 -9999.0
53138 20171021  2.423 -114.21   39.01    10.1    -1.1     4.5     4.1     0.0    15.07 C    24.5    -3.1     7.0    52.1    17.6    32.5   0.011   0.017 -99.000 -99.000 -99.000     9.5    10.3 -9999.0 -9999.0 -9999.0
53138 20171022  2.423 -114.21   39.01    20.2     3.9    12.0    12.2     0.0    15.28 C    31.8     0.8    12.8    59.6    14.2    33.7   0.013   0.017 -99.000 -99.000 -99.000    12.4    12.0 -9999.0 -9999.0 -9999.0
53138 20171023  2.423 -114.21   39.01    15.2     4.7     9.9     9.3     0.0    14.60 C    29.2     2.1    11.4    69.4    31.0    51.0   0.013   0.017 -99.000 -99.000 -99.000    12.4    12.5 -9999.0 -9999.0 -9999.0
53138 20171024  2.423 -114.21   39.01    15.6     1.4     8.5     8.3     0.0    14.97 C    29.7    -0.6     9.9    66.9    15.0    36.0   0.012   0.017 -99.000 -99.000 -99.000    11.3    11.7 -9999.0 -9999.0 -9999.0
53138 20171025  2.423 -114.21   39.01    19.2     2.8    11.0    10.6     0.0    15.06 C    31.0    -0.8    11.0    25.2    11.8    18.3   0.011   0.017 -99.000 -99.000 -99.000    11.5    11.6 -9999.0 -9999.0 -9999.0
53138 20171026  2.423 -114.21   39.01    16.1     4.0    10.1     9.8     0.0    14.51 C    29.4     0.8    10.7    63.8    17.6    34.5   0.012   0.016 -99.000 -99.000 -99.000    11.6    11.8 -9999.0 -9999.0 -9999.0
53138 20171027  2.423 -114.21   39.01    15.5     2.7     9.1     8.2     0.0    13.90 C    28.0     0.2     9.7    65.5    24.8    45.2   0.011   0.016 -99.000 -99.000 -99.000    11.0    11.3 -9999.0 -9999.0 -9999.0
53138 20171028  2.423 -114.21   39.01    15.7     2.5     9.1     9.1     0.0    14.00 C    28.6     0.5    10.5    58.9    28.5    42.8   0.011   0.016 -99.000 -99.000 -99.000    11.4    11.5 -9999.0 -9999.0 -9999.0
53138 20171029  2.423 -114.21   39.01    19.1     4.3    11.7    11.2     0.0    14.02 C    30.4     1.0    11.8    54.5    22.9    36.3   0.011   0.016 -99.000 -99.000 -99.000    11.9    11.8 -9999.0 -9999.0 -9999.0
53138 20171030  2.423 -114.21   39.01    14.3     4.2     9.2     9.1     0.0    11.09 C    27.3     1.9    10.6    55.7    32.4    42.0   0.011   0.017 -99.000 -99.000 -99.000    11.6    11.8 -9999.0 -9999.0 -9999.0
53138 20171031  2.423 -114.21   39.01    11.6    -0.8     5.4     5.3     0.0    13.38 C    24.3    -1.9     7.5    72.8    32.1    48.8   0.010   0.016 -99.000 -99.000 -99.000     9.9    10.7 -9999.0 -9999.0 -9999.0
53138 20171101  2.423 -114.21   39.01    19.8     3.6    11.7    12.1     0.0    13.86 C    30.4    -0.2    11.3    44.7    13.7    28.1   0.011   0.017 -99.000 -99.000 -99.000    11.3    11.2 -9999.0 -9999.0 -9999.0
53138 20171102  2.423 -114.21   39.01    17.2     3.6    10.4    10.2     0.0    13.22 C    28.3     0.9    10.4    63.9    21.1    43.2   0.010   0.017 -99.000 -99.000 -99.000    11.3    11.5 -9999.0 -9999.0 -9999.0
53138 20171103  2.423 -114.21   39.01    12.6     3.4     8.0     7.7     0.0    11.58 C    26.3     1.6     9.3    65.7    30.8    48.9   0.010   0.017 -99.000 -99.000 -99.000    10.7    11.1 -9999.0 -9999.0 -9999.0
53138 20171104  2.423 -114.21   39.01    12.4     3.8     8.1     9.0     0.0    12.13 C    23.3     2.9     9.0    55.1    29.8    40.6   0.010   0.016 -99.000 -99.000 -99.000    10.3    10.7 -9999.0 -9999.0 -9999.0
53138 20171105  2.423 -114.21   39.01    12.6     1.7     7.2     7.3     0.0    13.57 C    27.9    -0.3     9.0    66.5    23.9    43.2   0.010   0.016 -99.000 -99.000 -99.000    10.4    10.9 -9999.0 -9999.0 -9999.0
53138 20171106  2.423 -114.21   39.01     9.1    -2.7     3.2     2.7     0.0    12.34 C    22.6    -3.9     4.7    84.6    42.0    61.5   0.008   0.015 -99.000 -99.000 -99.000     8.0     9.2 -9999.0 -9999.0 -9999.0
53138 20171107  2.423 -114.21   39.01     2.6    -6.7    -2.0    -2.6     0.0    12.77 C    17.2    -7.5     0.2    77.7    43.1    58.6   0.007   0.015 -99.000 -99.000 -99.000     4.8     6.8 -9999.0 -9999.0 -9999.0
53138 20171108  2.423 -114.21   39.01     4.7    -8.4    -1.9    -0.8     0.0     9.76 C    18.2    -9.8     0.7    62.6    31.9    43.9 -99.000   0.014 -99.000 -99.000 -99.000     4.1     5.5 -9999.0 -9999.0 -9999.0
53138 20171109  2.423 -114.21   39.01 -9999.0 -9999.0 -9999.0 -9999.0 -9999.0 -9999.00 U -9999.0 -9999.0 -9999.0 -9999.0 -9999.0 -9999.0 -99.000 -99.000 -99.000 -99.000 -99.000 -9999.0 -9999.0 -9999.0 -9999.0 -9999.0
53138 20171110  2.423 -114.21   39.01    12.3    -0.1     6.1     6.3     0.0     7.88 C    20.8    -2.4     5.0    55.4    27.3    38.9   0.008   0.015 -99.000 -99.000 -99.000     7.3     8.0 -9999.0 -9999.0 -9999.0
53138 20171111  2.423 -114.21   39.01     9.6    -1.3     4.2     3.8     0.0    12.88 C    21.6    -5.1     4.1    60.1    31.8    45.0   0.007   0.015 -99.000 -99.000 -99.000     6.3     7.3 -9999.0 -9999.0 -9999.0
53138 20171112  2.423 -114.21   39.01    10.5    -2.1     4.2     4.4     0.0     6.51 C    16.0    -5.2     2.9    49.0    25.4    35.1   0.007   0.014 -99.000 -99.000 -99.000     5.7     6.7 -9999.0 -9999.0 -9999.0
53138 20171113  2.423 -114.21   39.01    17.4     1.8     9.6     8.9     0.0    12.44 C    25.7    -3.4     7.2    33.6    11.9    22.1   0.008   0.015 -99.000 -99.000 -99.000     7.6     7.8 -9999.0 -9999.0 -9999.0
53138 20171114  2.423 -114.21   39.01    13.9    -0.1     6.9     7.6     0.0    11.77 C    24.5    -2.7     6.3    50.6    18.2    30.7   0.008   0.015 -99.000 -99.000 -99.000     7.8     8.3 -9999.0 -9999.0 -9999.0
53138 20171115  2.423 -114.21   39.01    16.1    -0.4     7.8     8.4     0.0    11.34 C    25.2    -3.4     7.0    48.1    16.8    30.5   0.008   0.015 -99.000 -99.000 -99.000     7.5     7.9 -9999.0 -9999.0 -9999.0
53138 20171116  2.423 -114.21   39.01    12.8     8.8    10.8    11.3     0.0     7.20 C    17.8     2.8     9.2    50.1    26.9    40.9   0.009   0.015 -99.000 -99.000 -99.000     9.3     9.3 -9999.0 -9999.0 -9999.0
53138 20171117  2.423 -114.21   39.01    10.6    -6.9     1.9     4.0     5.4     4.76 C    13.3    -7.2     3.0    88.0    33.7    52.3   0.029   0.015 -99.000 -99.000 -99.000     6.1     7.6 -9999.0 -9999.0 -9999.0
53138 20171118  2.423 -114.21   39.01     2.5    -8.3    -2.9    -3.8     0.0    12.41 C    10.4    -8.8    -2.8    66.3    34.7    53.6 -99.000   0.018 -99.000 -99.000 -99.000     1.0     2.9 -9999.0 -9999.0 -9999.0
53138 20171119  2.423 -114.21   39.01    11.3    -6.5     2.4     2.7     0.0    11.34 C    16.4    -8.6     0.7    61.1    10.3    30.8 -99.000   0.019 -99.000 -99.000 -99.000     1.8     2.9 -9999.0 -9999.0 -9999.0
53138 20171120  2.423 -114.21   39.01    15.5     3.5     9.5     9.1     0.0     7.81 C    21.2    -0.2     6.1    54.3     7.6    26.5   0.042   0.015 -99.000 -99.000 -99.000     6.0     6.1 -9999.0 -9999.0 -9999.0
53138 20171121  2.423 -114.21   39.01    14.5     5.2     9.9    10.1     0.0    10.10 C    21.2     1.6     8.3    74.2    43.5    57.4   0.042   0.016 -99.000 -99.000 -99.000     8.1     8.0 -9999.0 -9999.0 -9999.0
53138 20171122  2.423 -114.21   39.01    17.0     5.7    11.3    10.9     0.0    11.53 C    24.1     0.0     8.5    68.2    33.8    46.9   0.041   0.016 -99.000 -99.000 -99.000     8.2     8.3 -9999.0 -9999.0 -9999.0
53138 20171123  2.423 -114.21   39.01    18.9     7.8    13.3    12.0     0.0     6.97 C    21.6     2.6     8.5    50.0    21.5    34.1   0.039   0.016 -99.000 -99.000 -99.000     8.4     8.5 -9999.0 -9999.0 -9999.0
53138 20171124  2.423 -114.21   39.01    17.9     2.4    10.1    12.4     0.0    11.55 C    24.7    -0.6     9.2    53.4     8.1    26.1   0.038   0.017 -99.000 -99.000 -99.000     9.3     9.4 -9999.0 -9999.0 -9999.0
53138 20171125  2.423 -114.21   39.01    14.4     1.4     7.9     7.6     0.0     6.92 C    21.8    -2.2     5.3    55.3    22.5    38.0   0.035   0.016 -99.000 -99.000 -99.000     6.9     7.5 -9999.0 -9999.0 -9999.0
53138 20171126  2.423 -114.21   39.01    19.8     6.3    13.1    13.3     0.0     6.78 C    21.6     1.3     8.8    40.1    11.1    24.1   0.035   0.016 -99.000 -99.000 -99.000     8.6     8.4 -9999.0 -9999.0 -9999.0
53138 20171127  2.423 -114.21   39.01    14.2    -3.5     5.3     6.5     1.2     4.57 C    17.0    -5.1     5.1    95.3    19.3    52.1   0.034   0.016 -99.000 -99.000 -99.000     7.4     8.3 -9999.0 -9999.0 -9999.0
53138 20171128  2.423 -114.21   39.01     3.8    -5.4    -0.8    -0.9     0.0    11.12 C    12.7    -6.3    -0.2    88.3    38.1    62.5   0.034   0.015 -99.000 -99.000 -99.000     3.0     4.7 -9999.0 -9999.0 -9999.0
53138 20171129  2.423 -114.21   39.01     5.7    -4.4     0.7     0.5     0.0    10.70 C    14.7    -6.1     0.2    79.0    33.9    55.1   0.033   0.015 -99.000 -99.000 -99.000     2.8     4.2 -9999.0 -9999.0 -9999.0
53138 20171130  2.423 -114.21   39.01     8.3    -5.7     1.3     0.9     0.0     8.13 C    13.9    -8.2    -0.9    79.3    34.7    54.9 -99.000   0.017 -99.000 -99.000 -99.000     2.0     3.3 -9999.0 -9999.0 -9999.0
53138 20171201  2.423 -114.21   39.01     6.6    -3.6     1.5     1.7     0.0    10.68 C    15.9    -5.8     1.5    73.1    35.6    53.0   0.030   0.015 -99.000 -99.000 -99.000     3.3     4.2 -9999.0 -9999.0 -9999.0
53138 20171202  2.423 -114.21   39.01    12.7    -1.1     5.8     5.9     0.0    10.01 C    19.3    -5.6     3.3    55.0    19.7    35.8 -99.000   0.015 -99.000 -99.000 -99.000     3.8     4.4 -9999.0 -9999.0 -9999.0
53138 20171203  2.423 -114.21   39.01    10.7    -4.6     3.1     3.7     0.0     7.63 C    17.6    -7.4     2.4    53.6    16.0    33.1   0.031   0.015 -99.000 -99.000 -99.000     4.5     5.3 -9999.0 -9999.0 -9999.0
53138 20171204  2.423 -114.21   39.01    -1.8    -8.7    -5.2    -5.0     0.0    10.89 C     9.7   -11.3    -3.7    62.7    24.0    46.1 -99.000   0.019 -99.000 -99.000 -99.000     0.1     1.9 -9999.0 -9999.0 -9999.0
53138 20171205  2.423 -114.21   39.01     0.1   -12.4    -6.2    -6.7     0.0    10.79 C    10.2   -13.4    -5.6    79.1    25.1    53.3 -99.000 -99.000 -99.000 -99.000 -99.000    -1.2     0.7 -9999.0 -9999.0 -9999.0
53138 20171206  2.423 -114.21   39.01     2.1    -9.9    -3.9    -5.2     0.0    10.82 C    11.1   -11.9    -5.3    72.0    27.4    49.9 -99.000 -99.000 -99.000 -99.000 -99.000    -1.6     0.1 -9999.0 -9999.0 -9999.0
53138 20171207  2.423 -114.21   39.01     3.8    -8.0    -2.1    -3.0     0.0    10.54 C    12.4   -11.6    -4.0    44.3    14.6    29.7 -99.000 -99.000 -99.000 -99.000 -99.000    -1.3     0.1 -9999.0 -9999.0 -9999.0
53138 20171208  2.423 -114.21   39.01     5.2    -6.6    -0.7    -1.5     0.0    10.69 C    14.2   -10.4    -2.7    50.9    25.5    37.3 -99.000 -99.000 -99.000 -99.000 -99.000    -0.6     0.6 -9999.0 -9999.0 -9999.0
53138 20171209  2.423 -114.21   39.01     6.9    -6.4     0.2    -0.4     0.0    10.83 C    15.2   -11.0    -2.8    48.2    14.0    29.0 -99.000 -99.000 -99.000 -99.000 -99.000    -0.6     0.6 -9999.0 -9999.0 -9999.0
53138 20171210  2.423 -114.21   39.01     7.4    -4.6     1.4     1.0     0.0    10.85 C    15.4   -11.0    -2.8    31.3     8.8    15.8 -99.000 -99.000 -99.000 -99.000 -99.000    -0.8     0.4 -9999.0 -9999.0 -9999.0
53138 20171211  2.423 -114.21   39.01    10.8    -5.1     2.9     1.8     0.0    10.80 C    16.1   -11.8    -2.0    18.1     5.3    13.0 -99.000 -99.000 -99.000 -99.000 -99.000    -0.7     0.4 -9999.0 -9999.0 -9999.0
53138 20171212  2.423 -114.21   39.01    10.6    -1.3     4.6     4.9     0.0    10.47 C    18.0    -8.4     0.9    36.2    10.9    19.2 -99.000 -99.000 -99.000 -99.000 -99.000     1.2     1.7 -9999.0 -9999.0 -9999.0
53138 20171213  2.423 -114.21   39.01     9.7    -3.7     3.0     3.9     0.0     9.84 C    17.5    -7.4     1.1    37.3    11.2    19.5 -99.000   0.014 -99.000 -99.000 -99.000     2.1     2.6 -9999.0 -9999.0 -9999.0
53138 20171214  2.423 -114.21   39.01     3.1    -5.9    -1.4    -2.2     0.0    10.26 C    12.7    -9.8    -2.8    76.0    27.6    51.7 -99.000 -99.000 -99.000 -99.000 -99.000    -0.1     1.3 -9999.0 -9999.0 -9999.0
53138 20171215  2.423 -114.21   39.01    11.0    -5.3     2.8     2.8     0.0     9.78 C    17.1   -10.3     0.5    31.6     7.9    17.2 -99.000 -99.000 -99.000 -99.000 -99.000     0.9     1.4 -9999.0 -9999.0 -9999.0
53138 20171216  2.423 -114.21   39.01     9.6    -6.5     1.5    -2.6     6.6     2.26 C     3.5    -6.4    -2.7    95.4     9.5    68.6   0.020   0.014 -99.000 -99.000 -99.000     1.2     2.0 -9999.0 -9999.0 -9999.0
53138 20171217  2.423 -114.21   39.01    -2.7    -9.4    -6.1    -6.4     0.0     8.40 C    -3.2   -14.7    -8.5    87.1    60.1    76.9   0.018   0.015 -99.000 -99.000 -99.000     0.8     1.7 -9999.0 -9999.0 -9999.0
53138 20171218  2.423 -114.21   39.01     6.2    -9.0    -1.4    -2.2     0.0     9.62 C     0.9   -11.9    -5.8    86.6    45.4    64.3 -99.000   0.017 -99.000 -99.000 -99.000     0.1     1.1 -9999.0 -9999.0 -9999.0
53138 20171219  2.423 -114.21   39.01    12.2    -2.7     4.8     4.9     0.0    10.10 C     9.2    -7.4    -0.2    56.4    16.5    36.7 -99.000   0.018 -99.000 -99.000 -99.000     0.5     1.1 -9999.0 -9999.0 -9999.0
53138 20171220  2.423 -114.21   39.01    10.5    -7.2     1.6     2.1     1.5     7.47 C    12.6    -8.6     0.0    89.8    15.6    40.7   0.045   0.013 -99.000 -99.000 -99.000     1.7     2.2 -9999.0 -9999.0 -9999.0
53138 20171221  2.423 -114.21   39.01    -2.0   -12.0    -7.0    -6.9     0.0     8.53 C     0.5   -12.0    -7.4    64.9    37.0    50.8 -99.000   0.023 -99.000 -99.000 -99.000    -0.9     0.4 -9999.0 -9999.0 -9999.0
53138 20171222  2.423 -114.21   39.01     8.3   -11.0    -1.3    -0.7     0.0     8.89 C     8.4   -12.0    -3.3    63.2    14.9    42.6 -99.000 -99.000 -99.000 -99.000 -99.000    -1.9    -1.1 -9999.0 -9999.0 -9999.0
53138 20171223  2.423 -114.21   39.01    10.7    -5.6     2.5     4.1     0.0     8.64 C    13.4    -6.5     0.9    70.9    23.8    43.5 -99.000   0.020 -99.000 -99.000 -99.000     1.3     1.5 -9999.0 -9999.0 -9999.0
53138 20171224  2.423 -114.21   39.01     2.5    -6.7    -2.1    -1.9     0.0     5.61 C     8.9    -6.9    -1.5    78.3    47.8    64.4 -99.000   0.020 -99.000 -99.000 -99.000    -0.2     0.6 -9999.0 -9999.0 -9999.0
53138 20171225  2.423 -114.21   39.01     9.8    -0.5     4.6     5.4     0.0    10.12 C    15.1    -4.3     2.3    60.8    17.8    40.3 -99.000   0.019 -99.000 -99.000 -99.000     1.9     2.2 -9999.0 -9999.0 -9999.0
53138 20171226  2.423 -114.21   39.01     7.7    -2.0     2.9     2.2     0.0     9.84 C    13.9    -5.8    -0.1    60.7    19.6    43.6 -99.000   0.018 -99.000 -99.000 -99.000     1.2     1.9 -9999.0 -9999.0 -9999.0
53138 20171227  2.423 -114.21   39.01    14.0    -0.7     6.7     5.8     0.0    10.04 C    17.7    -6.5     1.1    32.0     6.9    18.2 -99.000 -99.000 -99.000 -99.000 -99.000     1.1     1.6 -9999.0 -9999.0 -9999.0
53138 20171228  2.423 -114.21   39.01    12.3    -2.5     4.9     5.7     0.0    10.35 C    17.2    -6.5     1.3    31.2    10.3    17.7 -99.000   0.019 -99.000 -99.000 -99.000     1.3     1.9 -9999.0 -9999.0 -9999.0
53138 20171229  2.423 -114.21   39.01    17.6     3.3    10.5     9.4     0.0     8.96 C    18.9    -4.4     2.7    20.2     3.1    10.5 -99.000   0.016 -99.000 -99.000 -99.000     2.2     2.6 -9999.0 -9999.0 -9999.0
53138 20171230  2.423 -114.21   39.01    17.3     0.5     8.9    11.1     0.0     6.85 C    19.4    -3.4     5.0    52.2     6.8    12.5   0.039   0.015 -99.000 -99.000 -99.000     4.5     4.2 -9999.0 -9999.0 -9999.0
53138 20171231  2.423 -114.21   39.01     2.3    -3.5    -0.6    -0.9     0.0     5.44 C    10.4    -6.0    -1.4    67.4    40.9    55.5 -99.000   0.015 -99.000 -99.000 -99.000     1.4     2.3 -9999.0 -9999.0 -9999.0
