54811 20170101  2.422  -88.85   41.84     2.8    -9.9    -3.6    -3.5     0.0     8.07 C     8.0   -12.9    -4.6    90.4    51.5    77.2   0.342   0.440   0.372   0.388 -99.000     0.4     0.8     1.4     5.3     8.4
54811 20170102  2.422  -88.85   41.84     3.0    -5.5    -1.2     0.4     0.0     1.20 C     4.3    -8.2    -0.1    96.7    78.9    90.2   0.324   0.438   0.371   0.385 -99.000     0.4     0.7     1.3     5.2     8.2
54811 20170103  2.422  -88.85   41.84     2.4   -10.2    -3.9    -0.4     0.2     0.93 C     2.3   -10.9    -0.6    97.6    73.8    91.5   0.376   0.438   0.371   0.384 -99.000     0.5     0.8     1.4     5.2     8.2
54811 20170104  2.422  -88.85   41.84    -8.7   -14.6   -11.7   -11.9     0.0     8.51 C    -6.4   -14.2   -11.7    78.2    49.8    67.5 -99.000   0.439   0.370   0.384 -99.000     0.2     0.6     1.3     5.1     8.1
54811 20170105  2.422  -88.85   41.84   -10.6   -17.4   -14.0   -13.9     0.0     4.66 C    -6.3   -18.3   -13.7    75.2    52.4    65.0 -99.000 -99.000   0.368   0.383 -99.000    -0.5     0.2     0.9     5.0     8.0
54811 20170106  2.422  -88.85   41.84   -13.6   -19.4   -16.5   -17.4     0.0     7.78 C    -7.0   -21.5   -17.3    79.4    47.5    68.4 -99.000 -99.000   0.369   0.384 -99.000    -1.6    -0.3     0.6     4.8     7.9
54811 20170107  2.422  -88.85   41.84    -8.1   -19.0   -13.6   -13.5     0.0     8.67 C    -4.9   -20.6   -14.0    77.7    43.2    64.1 -99.000 -99.000 -99.000   0.382 -99.000    -2.2    -1.1     0.2     4.6     7.8
54811 20170108  2.422  -88.85   41.84    -8.1   -19.2   -13.6   -12.7     0.0     8.40 C    -0.8   -21.4   -12.0    76.8    41.2    62.2 -99.000 -99.000 -99.000   0.380 -99.000    -2.4    -1.7    -0.1     4.4     7.7
54811 20170109  2.422  -88.85   41.84     0.1    -9.5    -4.7    -4.7     0.5     2.64 C     1.5   -13.7    -4.8    90.8    60.0    75.6 -99.000 -99.000 -99.000   0.379 -99.000    -1.7    -1.5    -0.3     4.2     7.6
54811 20170110  2.422  -88.85   41.84     9.4    -4.4     2.5     1.5     5.9     0.19 C     8.4    -5.7     0.7    94.9    75.0    85.0 -99.000 -99.000 -99.000   0.378 -99.000    -0.8    -0.9    -0.3     4.1     7.5
54811 20170111  2.422  -88.85   41.84     4.1    -4.9    -0.4    -0.8     2.4     1.40 C     4.3    -7.7    -1.1    96.8    79.0    89.3 -99.000 -99.000 -99.000   0.377 -99.000    -0.5    -0.6    -0.1     4.0     7.3
54811 20170112  2.422  -88.85   41.84    -3.0    -8.3    -5.7    -6.1     0.0     2.89 C    -2.5    -9.1    -5.9    94.0    60.6    81.1 -99.000 -99.000 -99.000   0.376 -99.000    -0.6    -0.6    -0.1     4.0     7.2
54811 20170113  2.422  -88.85   41.84    -5.1   -10.4    -7.8    -7.7     0.0     4.02 C    -3.3   -10.7    -7.1    84.4    58.0    70.0 -99.000 -99.000 -99.000   0.377 -99.000    -1.4    -1.1    -0.1     3.9     7.1
54811 20170114  2.422  -88.85   41.84    -0.8    -7.8    -4.3    -3.8     0.0     3.58 C     2.9   -11.2    -4.3    86.8    65.6    79.0 -99.000 -99.000 -99.000   0.377 -99.000    -1.2    -1.1    -0.2     3.9     7.0
54811 20170115  2.422  -88.85   41.84    -0.1    -9.3    -4.7    -3.9     0.0     4.02 C     5.0   -11.5    -3.9    88.4    43.6    75.1 -99.000 -99.000 -99.000   0.376 -99.000    -1.2    -1.1    -0.3     3.8     7.0
54811 20170116  2.422  -88.85   41.84     2.3    -1.6     0.4     0.4    25.1     0.55 C     2.0    -2.1     0.4    96.9    83.9    93.3 -99.000 -99.000 -99.000   0.380 -99.000    -0.6    -0.7    -0.2     3.8     6.7
54811 20170117  2.422  -88.85   41.84     2.6     0.7     1.6     1.4    11.0     1.68 C     3.4     0.4     1.4    97.2    94.0    96.0 -99.000 -99.000 -99.000   0.399 -99.000    -0.3    -0.5    -0.1     3.8     6.6
54811 20170118  2.422  -88.85   41.84     2.2    -0.9     0.6     0.5     1.0     2.91 C     4.7    -4.8     0.3    96.9    85.7    93.2 -99.000 -99.000 -99.000   0.392 -99.000    -0.2    -0.4    -0.1     3.8     6.4
54811 20170119  2.422  -88.85   41.84     3.2    -0.7     1.2     1.3     3.3     2.97 C     4.3    -3.6     1.2    98.1    93.1    96.0 -99.000 -99.000 -99.000   0.387 -99.000    -0.2    -0.3     0.0     3.7     6.3
54811 20170120  2.422  -88.85   41.84     5.7     2.1     3.9     3.5     0.9     1.97 C     6.6     1.7     3.4    98.0    95.2    96.5 -99.000 -99.000 -99.000   0.387 -99.000    -0.1    -0.3     0.0     3.7     6.2
54811 20170121  2.422  -88.85   41.84    12.9     3.0     8.0     7.5     0.2     8.61 C    15.9    -0.1     6.9    97.3    66.7    90.4 -99.000 -99.000 -99.000   0.387 -99.000     0.0    -0.3     0.1     3.6     6.2
54811 20170122  2.422  -88.85   41.84     3.8    -1.2     1.3     1.6     0.2     1.84 C     4.2    -3.4     1.2   100.0    90.2    96.0 -99.000 -99.000 -99.000   0.387 -99.000     0.1    -0.3     0.1     3.6     6.2
54811 20170123  2.422  -88.85   41.84     4.7     1.4     3.1     2.9     0.0     2.33 C     6.0     0.3     2.7    94.6    81.3    89.4   0.368 -99.000 -99.000   0.386 -99.000     0.3    -0.3     0.2     3.6     6.1
54811 20170124  2.422  -88.85   41.84     2.3     0.9     1.6     1.5     0.0     2.02 C     5.2     0.1     1.5    92.2    78.8    86.8   0.358 -99.000 -99.000   0.386 -99.000     0.3    -0.2     0.2     3.7     6.2
54811 20170125  2.422  -88.85   41.84     3.2     0.2     1.7     1.6     3.5     0.65 C     4.3     0.0     1.4    95.6    91.1    93.5   0.358 -99.000 -99.000   0.390 -99.000     0.4    -0.2     0.2     3.7     6.1
54811 20170126  2.422  -88.85   41.84     0.4    -3.2    -1.4    -1.0     1.1     3.11 C     0.0    -4.0    -1.3    94.1    77.0    84.8   0.349 -99.000 -99.000   0.396 -99.000     0.3    -0.1     0.3     3.8     6.1
54811 20170127  2.422  -88.85   41.84    -2.1    -5.2    -3.7    -3.9     0.0     2.32 C    -1.4    -6.6    -4.2    85.0    69.7    80.1   0.332 -99.000   0.376   0.394 -99.000     0.2    -0.1     0.4     3.8     6.1
54811 20170128  2.422  -88.85   41.84    -2.8    -4.7    -3.7    -3.6     0.0     1.23 C    -2.1    -5.3    -3.7    86.3    74.2    82.4   0.317 -99.000   0.363   0.391 -99.000     0.2     0.0     0.5     3.8     6.1
54811 20170129  2.422  -88.85   41.84    -3.6    -8.2    -5.9    -4.5     0.2     1.29 C    -2.7   -11.2    -5.0    76.4    63.6    70.8   0.310 -99.000   0.354   0.387 -99.000     0.1     0.0     0.5     3.9     6.1
54811 20170130  2.422  -88.85   41.84     3.0   -11.7    -4.3    -4.5     0.0     5.69 C     2.8   -15.2    -4.8    85.9    52.9    72.3 -99.000 -99.000   0.352   0.388 -99.000     0.0     0.0     0.6     3.9     6.1
54811 20170131  2.422  -88.85   41.84     4.8     0.4     2.6     2.1     0.0     3.44 C     8.0    -0.9     1.6    89.2    62.1    79.7 -99.000 -99.000   0.349   0.384 -99.000     0.0     0.0     0.6     3.9     6.1
54811 20170201  2.422  -88.85   41.84     3.1    -8.4    -2.6    -1.1     0.0     6.40 C     8.0   -10.1    -1.6    89.3    44.2    70.2   0.310 -99.000   0.347   0.381 -99.000     0.1     0.1     0.6     3.9     6.1
54811 20170202  2.422  -88.85   41.84    -5.2   -11.2    -8.2    -8.6     0.0    10.26 C    -0.8   -13.1    -8.8    76.2    44.8    61.6 -99.000 -99.000   0.347   0.381 -99.000    -0.1     0.0     0.6     3.9     6.0
54811 20170203  2.422  -88.85   41.84    -2.4   -10.9    -6.7    -7.7     0.0    12.10 C     1.8   -15.8    -8.2    78.5    32.2    57.0 -99.000 -99.000 -99.000   0.381 -99.000    -0.6    -0.2     0.5     3.9     6.0
54811 20170204  2.422  -88.85   41.84    -0.1   -13.2    -6.7    -4.9     0.0     3.93 C     2.8   -16.9    -6.5    73.7    36.9    54.9 -99.000 -99.000 -99.000   0.381 -99.000    -0.8    -0.5     0.3     3.8     6.0
54811 20170205  2.422  -88.85   41.84     2.8    -6.7    -1.9    -1.8     0.0     8.70 C     7.7   -10.5    -3.8    92.3    56.8    71.2 -99.000 -99.000 -99.000   0.379 -99.000    -0.6    -0.5     0.2     3.7     6.0
54811 20170206  2.422  -88.85   41.84    11.5    -6.7     2.4     2.4     0.0     9.54 C    17.0   -10.6     2.2    97.1    62.2    84.4 -99.000 -99.000 -99.000   0.378 -99.000    -0.5    -0.5     0.2     3.7     6.0
54811 20170207  2.422  -88.85   41.84     8.2    -1.1     3.5     3.7    20.0     1.99 C     9.0    -1.6     3.6    97.2    80.2    94.5 -99.000 -99.000 -99.000   0.390 -99.000    -0.1    -0.3     0.2     3.4     5.8
54811 20170208  2.422  -88.85   41.84    -1.1    -9.4    -5.3    -4.0     0.0     2.79 C    -1.0   -10.1    -4.2    84.9    62.4    73.8 -99.000 -99.000 -99.000   0.394 -99.000    -0.1    -0.3     0.2     3.4     5.7
54811 20170209  2.422  -88.85   41.84    -5.0   -11.4    -8.2    -8.4     0.0    13.34 C     0.6   -12.6    -7.9    68.7    45.4    59.4 -99.000 -99.000 -99.000   0.395 -99.000    -0.3    -0.3     0.2     3.5     5.7
54811 20170210  2.422  -88.85   41.84     6.1    -8.4    -1.1    -1.1     0.0     9.34 C    12.3    -7.9    -0.8    87.1    63.1    71.8 -99.000 -99.000 -99.000   0.392 -99.000    -0.5    -0.5     0.2     3.5     5.7
54811 20170211  2.422  -88.85   41.84     9.9     0.3     5.1     4.4     0.0     6.17 C    14.4    -3.7     3.9    90.4    60.1    79.7 -99.000 -99.000 -99.000   0.387 -99.000    -0.2    -0.3     0.2     3.5     5.7
54811 20170212  2.422  -88.85   41.84     7.2    -2.2     2.5     2.3     0.0    13.28 C     8.8    -5.4     1.3    92.7    38.2    70.7 -99.000 -99.000 -99.000   0.386 -99.000     0.0    -0.3     0.2     3.5     5.7
54811 20170213  2.422  -88.85   41.84     6.5    -5.2     0.7     0.9     0.0    13.73 C    14.3    -8.2     0.4    89.1    46.6    69.3   0.342 -99.000 -99.000   0.384 -99.000     0.1    -0.2     0.2     3.5     5.7
54811 20170214  2.422  -88.85   41.84     8.8    -1.4     3.7     2.8     0.0    12.91 C    11.0    -3.2     1.9    85.8    52.9    70.5   0.343 -99.000 -99.000   0.383 -99.000     0.2    -0.2     0.3     3.6     5.7
54811 20170215  2.422  -88.85   41.84     2.7    -4.6    -0.9    -0.8     0.0    13.74 C     6.9    -7.2    -1.1    79.6    39.3    56.6   0.339 -99.000 -99.000   0.382 -99.000     0.2    -0.2     0.3     3.6     5.7
54811 20170216  2.422  -88.85   41.84     5.1    -2.2     1.5     1.2     0.0     7.72 C     7.5    -5.6     0.7    80.2    46.3    63.7   0.335 -99.000 -99.000   0.381 -99.000     0.3    -0.1     0.3     3.6     5.7
54811 20170217  2.422  -88.85   41.84    18.3    -3.6     7.3     6.9     0.0    14.15 C    24.9    -6.7     5.2    89.4    38.4    65.1   0.334 -99.000 -99.000   0.381 -99.000     0.6    -0.1     0.4     3.6     5.7
54811 20170218  2.422  -88.85   41.84    18.9    -0.6     9.1     9.2     0.0    14.69 C    24.9    -4.9     6.8    88.3    28.5    61.3   0.338 -99.000 -99.000   0.381 -99.000     1.1    -0.1     0.4     3.7     5.7
54811 20170219  2.422  -88.85   41.84    18.6    -2.0     8.3     8.4     0.0    13.77 C    25.3    -5.4     6.7    91.0    36.6    68.2   0.337 -99.000   0.358   0.382 -99.000     1.2     0.0     0.7     3.9     5.7
54811 20170220  2.422  -88.85   41.84    20.1     3.4    11.8    12.0     0.0     9.23 C    21.8    -0.4    10.8    97.5    55.0    77.8   0.361 -99.000   0.359   0.389 -99.000     2.5     0.3     1.3     4.1     5.7
54811 20170221  2.422  -88.85   41.84    18.2     6.2    12.2    12.6     1.7    10.61 C    23.6     1.6    11.3    96.8    56.1    83.8   0.386   0.423   0.373   0.394 -99.000     5.0     2.9     3.1     4.5     5.6
54811 20170222  2.422  -88.85   41.84    20.1     5.0    12.6    13.1     0.0    11.23 C    26.4     1.1    12.7    97.7    54.4    85.7   0.379   0.416   0.371   0.397 -99.000     6.2     4.4     4.4     5.3     5.7
54811 20170223  2.422  -88.85   41.84    10.7     2.3     6.5     6.0     3.0     4.62 C    11.4     0.8     5.4    93.7    71.6    85.5   0.378   0.415   0.371   0.395 -99.000     6.2     5.1     5.2     6.0     5.9
54811 20170224  2.422  -88.85   41.84     4.3    -1.9     1.2     2.5     3.6     1.56 C     5.6    -1.8     2.8    95.9    88.2    93.7   0.394   0.428   0.379   0.397 -99.000     4.8     4.2     4.7     6.3     6.1
54811 20170225  2.422  -88.85   41.84    -1.8    -7.1    -4.5    -4.7     0.3    10.41 C     0.2    -8.9    -4.9    88.9    59.8    75.7   0.379   0.415   0.373   0.399 -99.000     2.6     2.7     3.7     6.3     6.3
54811 20170226  2.422  -88.85   41.84     8.0    -5.3     1.3     1.3     0.0    13.08 C    12.8    -7.8     0.7    84.4    38.8    65.7   0.374   0.408   0.366   0.396 -99.000     1.9     1.7     2.6     5.9     6.5
54811 20170227  2.422  -88.85   41.84    12.6    -3.6     4.5     4.3     0.0    14.45 C    19.6    -7.8     3.8    92.2    42.1    74.2   0.376   0.412   0.366   0.393 -99.000     2.7     2.0     2.6     5.6     6.5
54811 20170228  2.422  -88.85   41.84    15.2     6.7    10.9    10.9    23.5     2.92 C    18.1     5.9    10.6    94.9    82.1    89.2   0.402   0.432   0.387   0.402 -99.000     5.3     4.0     3.9     5.7     6.5
54811 20170301  2.422  -88.85   41.84    10.4    -1.6     4.4     3.3     1.8     2.36 C     9.8    -3.5     2.8    97.3    74.4    88.8   0.411   0.444   0.394   0.414 -99.000     5.7     5.2     5.2     6.3     6.5
54811 20170302  2.422  -88.85   41.84     0.4    -4.9    -2.2    -1.6     0.3     8.65 C     5.1    -7.0    -1.8    86.7    53.2    71.1   0.393   0.429   0.380   0.404 -99.000     3.1     3.1     4.0     6.4     6.6
54811 20170303  2.422  -88.85   41.84    -0.1    -9.3    -4.7    -3.5     0.4    16.79 C    10.2   -12.8    -2.0    86.4    40.8    58.4   0.382   0.419   0.372   0.400 -99.000     1.9     1.9     2.9     6.1     6.7
54811 20170304  2.422  -88.85   41.84     6.1    -3.7     1.2     0.4     1.4    16.71 C     9.5    -5.7     0.1    92.8    62.9    80.3   0.388   0.421   0.370   0.395 -99.000     2.0     1.7     2.5     5.8     6.8
54811 20170305  2.422  -88.85   41.84    14.3    -1.0     6.7     6.4     0.0     6.77 C    17.3    -2.5     6.1    86.0    51.5    74.7   0.387   0.422   0.371   0.394 -99.000     2.8     2.2     2.7     5.6     6.7
54811 20170306  2.422  -88.85   41.84    17.2     9.2    13.2    12.7     0.0     1.84 C    16.1     8.2    12.1    91.0    76.6    82.8   0.386   0.423   0.371   0.392 -99.000     5.8     4.5     4.2     5.8     6.7
54811 20170307  2.422  -88.85   41.84    17.2     2.3     9.8     7.3     7.8    17.96 C    16.1    -2.2     6.4    92.3    36.3    63.1   0.416   0.447   0.392   0.399 -99.000     6.9     6.1     5.7     6.5     6.7
54811 20170308  2.422  -88.85   41.84    10.1    -1.0     4.5     5.0     0.0    18.44 C    12.1    -6.8     3.6    66.9    23.3    43.8   0.394   0.431   0.380   0.402 -99.000     5.0     4.7     5.1     6.9     6.8
54811 20170309  2.422  -88.85   41.84     6.1    -5.0     0.6     1.2     0.0    10.92 C    15.2    -8.8     1.3    84.7    38.1    59.2   0.386   0.423   0.373   0.399 -99.000     3.9     3.7     4.3     6.8     7.0
54811 20170310  2.422  -88.85   41.84     0.7    -6.0    -2.6    -3.3     0.0    18.10 C     7.0    -7.0    -2.5    57.6    21.6    36.7   0.379   0.417   0.368   0.396 -99.000     2.8     2.8     3.7     6.6     7.1
54811 20170311  2.422  -88.85   41.84    -1.6    -8.7    -5.1    -5.3     0.0    16.96 C    10.4   -10.1    -2.8    42.7    20.2    30.3   0.373   0.413   0.365   0.394 -99.000     1.7     1.7     2.8     6.3     7.1
54811 20170312  2.422  -88.85   41.84     0.8   -10.1    -4.7    -3.5     0.3    15.58 C    14.3   -14.1    -1.9    84.4    21.8    42.5   0.357   0.411   0.362   0.392 -99.000     1.3     1.2     2.2     5.9     7.1
54811 20170313  2.422  -88.85   41.84    -0.9    -6.3    -3.6    -3.0     4.7    10.21 C     0.9    -6.5    -3.0    92.4    68.4    83.4   0.366   0.409   0.360   0.391 -99.000     1.3     1.1     2.0     5.6     7.0
54811 20170314  2.422  -88.85   41.84    -4.0   -10.4    -7.2    -7.3     0.5    20.00 C    -0.4   -13.5    -7.4    84.5    46.0    66.9   0.358   0.408   0.359   0.389 -99.000     1.0     1.0     1.8     5.3     6.9
54811 20170315  2.422  -88.85   41.84    -0.6   -11.4    -6.0    -5.8     0.0    20.26 C     4.5   -13.3    -5.7    75.7    37.0    58.8   0.343   0.415   0.357   0.388 -99.000     0.7     0.8     1.6     5.1     6.8
54811 20170316  2.422  -88.85   41.84     5.8   -10.9    -2.5    -1.3     0.3    20.01 C    17.2   -14.7     0.3    77.4    35.6    59.0   0.332   0.420   0.356   0.386 -99.000     0.7     0.6     1.4     4.9     6.7
54811 20170317  2.422  -88.85   41.84    13.7     0.8     7.2     4.9     0.4     6.94 C    14.1     0.0     4.5    95.2    46.5    78.0   0.349   0.415   0.356   0.385 -99.000     1.3     0.6     1.4     4.8     6.6
54811 20170318  2.422  -88.85   41.84     6.9    -2.9     2.0     3.1     0.0     6.26 C    10.6    -7.0     2.5    89.4    55.3    69.0   0.376   0.412   0.357   0.383 -99.000     2.1     1.3     2.0     4.9     6.5
54811 20170319  2.422  -88.85   41.84    11.7    -5.3     3.2     4.7     0.0    19.68 C    18.7    -8.9     4.9    94.5    47.0    68.4   0.382   0.409   0.359   0.383 -99.000     2.7     1.9     2.3     5.0     6.5
54811 20170320  2.422  -88.85   41.84    15.4     2.8     9.1     8.4     1.9    12.43 C    20.2    -1.4     8.6    88.3    52.0    74.3   0.386   0.416   0.361   0.383 -99.000     4.9     3.7     3.5     5.3     6.4
54811 20170321  2.422  -88.85   41.84    11.2    -1.8     4.7     4.7     0.0    11.43 C    16.0    -4.1     3.7    90.8    22.9    58.4   0.382   0.416   0.361   0.386 -99.000     4.6     4.0     4.2     5.9     6.5
54811 20170322  2.422  -88.85   41.84     4.5    -6.0    -0.8    -0.8     0.0    21.17 C    16.7    -8.4     0.9    75.7    38.5    57.1   0.374   0.412   0.360   0.385 -99.000     3.5     3.1     3.8     6.1     6.6
54811 20170323  2.422  -88.85   41.84     8.3    -1.8     3.2     3.9     0.0     9.04 C    13.1    -2.0     4.3    69.6    38.4    55.4   0.369   0.410   0.359   0.383 -99.000     3.2     2.8     3.5     6.1     6.7
54811 20170324  2.422  -88.85   41.84    26.6     4.4    15.5    13.6     0.9    15.34 C    32.3     2.4    13.5    90.0    25.6    60.5   0.364   0.409   0.359   0.385 -99.000     5.7     4.4     4.2     6.1     6.7
54811 20170325  2.422  -88.85   41.84     8.7     4.2     6.5     5.9    13.4     2.13 C     9.3     3.9     5.9    95.7    89.5    93.4   0.415   0.444   0.386   0.394 -99.000     5.9     5.3     5.3     6.6     6.8
54811 20170326  2.422  -88.85   41.84    14.4     8.5    11.5    11.0     0.0     5.05 C    18.8     8.3    11.6    96.9    82.7    92.1   0.422   0.448   0.389   0.405 -99.000     7.1     6.0     5.7     6.9     6.9
54811 20170327  2.422  -88.85   41.84    10.5     6.0     8.2     8.6     0.0     2.97 C    13.3     5.7     9.1    96.9    85.0    91.5   0.415   0.441   0.384   0.403 -99.000     7.7     6.8     6.5     7.4     7.1
54811 20170328  2.422  -88.85   41.84    10.6     1.3     6.0     6.1     0.0     6.06 C    13.2    -2.1     6.4    90.9    66.6    82.4   0.408   0.436   0.380   0.402 -99.000     7.1     6.5     6.6     7.8     7.3
54811 20170329  2.422  -88.85   41.84     8.9     2.1     5.5     5.4     3.9     4.90 C    10.8     0.5     5.1    97.1    59.4    82.0   0.408   0.433   0.377   0.401 -99.000     6.3     5.9     6.2     7.9     7.5
54811 20170330  2.422  -88.85   41.84     7.2     3.1     5.2     5.1    43.0     1.94 C     7.7     3.0     5.1    95.1    84.5    92.9   0.474   0.483   0.422   0.426 -99.000     5.9     5.6     5.9     7.8     7.5
54811 20170331  2.422  -88.85   41.84     4.9     0.3     2.6     3.0     1.2     4.16 C     6.8    -2.7     2.8    93.0    81.7    88.9   0.441   0.462   0.400   0.420 -99.000     5.4     5.2     5.6     7.8     7.6
54811 20170401  2.422  -88.85   41.84    13.5    -0.2     6.6     6.8     0.0    19.65 C    25.6    -2.9     7.6    93.0    31.5    66.9   0.423   0.446   0.388   0.412 -99.000     5.9     5.1     5.4     7.6     7.6
54811 20170402  2.422  -88.85   41.84    12.8     4.9     8.8     8.9     1.6     7.25 C    18.4     0.7     8.6    88.2    59.1    72.6   0.414   0.440   0.383   0.406 -99.000     6.8     6.0     6.1     7.8     7.7
54811 20170403  2.422  -88.85   41.84    12.6     6.3     9.5     9.0     9.0     3.65 C    13.3     4.3     8.6    93.4    71.9    85.2   0.437   0.454   0.393   0.405 -99.000     7.5     6.7     6.6     8.0     7.7
54811 20170404  2.422  -88.85   41.84    11.7     5.0     8.4     8.4     0.0     6.80 C    19.6     2.2     8.3    93.7    65.2    84.1   0.437   0.459   0.398   0.413 -99.000     7.8     7.1     7.0     8.3     7.8
54811 20170405  2.422  -88.85   41.84     7.0     3.4     5.2     4.9    22.1     1.50 C     6.2     3.3     4.7    91.9    83.5    89.3   0.472   0.478   0.417   0.422 -99.000     6.8     6.5     6.9     8.5     7.9
54811 20170406  2.422  -88.85   41.84    11.0    -0.5     5.3     5.8     0.3    17.42 C    17.0    -4.3     5.7    90.6    46.8    66.8   0.442   0.462   0.400   0.423 -99.000     6.5     6.0     6.3     8.4     8.0
54811 20170407  2.422  -88.85   41.84    12.8    -0.5     6.1     5.9     0.0    24.17 C    23.3    -4.4     6.3    88.3    23.4    51.9   0.423   0.447   0.388   0.415 -99.000     6.6     5.9     6.2     8.3     8.1
54811 20170408  2.422  -88.85   41.84    19.9     0.6    10.2    11.3     0.0    22.17 C    24.1    -3.0    11.0    82.8    37.9    57.9   0.410   0.439   0.382   0.406 -99.000     7.3     6.4     6.5     8.4     8.2
54811 20170409  2.422  -88.85   41.84    23.7    10.6    17.2    17.1     0.0    15.41 C    29.1     9.2    16.6    74.3    52.2    64.0   0.397   0.434   0.379   0.404 -99.000     9.8     8.3     7.8     8.6     8.2
54811 20170410  2.422  -88.85   41.84    21.7     7.4    14.6    16.6     1.4     9.16 C    25.2     7.4    15.7    96.4    55.2    75.8   0.387   0.429   0.378   0.403 -99.000    11.5    10.0     9.3     9.3     8.3
54811 20170411  2.422  -88.85   41.84    10.8     0.3     5.6     7.0     0.0    11.58 C    15.4    -2.5     6.7    98.2    61.3    77.2   0.377   0.424   0.376   0.402 -99.000    10.2     9.6     9.5     9.9     8.5
54811 20170412  2.422  -88.85   41.84    17.5    -1.1     8.2     8.9     0.0    21.56 C    25.1    -3.8    10.0    93.7    34.5    61.2   0.360   0.414   0.370   0.400 -99.000     8.9     8.2     8.5    10.0     8.8
54811 20170413  2.422  -88.85   41.84    16.9     6.2    11.5    10.4     7.1    16.02 C    24.6     5.7    11.2    89.5    37.2    73.7   0.388   0.415   0.369   0.400 -99.000     9.6     8.6     8.7    10.0     9.0
54811 20170414  2.422  -88.85   41.84    21.6     6.1    13.9    14.0     6.5    13.82 C    24.6     4.9    13.9    92.9    57.9    76.3   0.399   0.423   0.371   0.398 -99.000    10.6     9.4     9.2    10.1     9.1
54811 20170415  2.422  -88.85   41.84    26.1    14.2    20.2    20.0     9.7    21.10 C    31.0    11.3    19.8    90.2    43.6    66.7   0.417   0.439   0.375   0.397 -99.000    13.1    11.3    10.5    10.6     9.2
54811 20170416  2.422  -88.85   41.84    20.4     8.2    14.3    15.7    12.5    18.72 C    22.6     4.8    15.0    94.1    30.9    67.6   0.457   0.473   0.414   0.427 -99.000    13.8    12.5    11.9    11.4     9.4
54811 20170417  2.422  -88.85   41.84    21.3     3.6    12.4    13.2     0.0    24.89 C    27.7     0.9    13.0    87.3    27.4    54.6   0.423   0.447   0.392   0.415 -99.000    12.7    11.7    11.6    11.9     9.6
54811 20170418  2.422  -88.85   41.84    23.4     3.7    13.6    15.1     0.0    20.94 C    26.8     1.2    14.3    90.6    28.8    62.1   0.396   0.433   0.384   0.411 -99.000    12.2    11.3    11.3    12.0     9.9
54811 20170419  2.422  -88.85   41.84    18.9     8.1    13.5    14.4     1.7     5.68 C    24.2     7.8    14.0    89.9    68.3    81.2   0.383   0.425   0.380   0.409 -99.000    12.9    11.8    11.7    12.1    10.1
54811 20170420  2.422  -88.85   41.84    19.4     8.9    14.1    12.7     0.0    12.46 C    20.5     8.1    12.6    93.1    56.2    74.2   0.373   0.418   0.377   0.407 -99.000    12.2    11.4    11.5    12.3    10.3
54811 20170421  2.422  -88.85   41.84    11.8     3.8     7.8     8.0     0.0    19.32 C    20.3     2.9     8.7    78.9    49.3    63.0   0.350   0.407   0.372   0.403 -99.000    11.4    10.8    11.1    12.2    10.5
54811 20170422  2.422  -88.85   41.84    16.5     0.4     8.5     8.9     0.0    22.79 C    23.4    -2.0     8.2    85.5    24.1    50.7   0.319   0.392   0.367   0.403 -99.000    10.6    10.1    10.4    12.1    10.6
54811 20170423  2.422  -88.85   41.84    21.3    -1.4    10.0    12.3     0.0    26.73 C    28.2    -3.7    11.2    84.2    19.5    44.9   0.285   0.374   0.360   0.399 -99.000    10.3     9.5     9.9    11.9    10.7
54811 20170424  2.422  -88.85   41.84    23.8     1.4    12.6    14.2     0.0    25.74 C    27.7    -1.7    12.2    84.9    14.9    43.4   0.259   0.354   0.354   0.396 -99.000    10.7     9.7    10.1    11.8    10.7
54811 20170425  2.422  -88.85   41.84    26.2     8.2    17.2    18.3     0.0    17.93 C    26.8     5.9    16.7    75.3    29.8    50.7   0.237   0.330   0.346   0.392 -99.000    11.7    10.5    10.5    11.8    10.7
54811 20170426  2.422  -88.85   41.84    20.9    10.5    15.7    15.7     8.8     9.89 C    25.3    10.6    15.7    93.8    62.2    80.4   0.244   0.314   0.341   0.391 -99.000    13.3    11.9    11.5    12.1    10.8
54811 20170427  2.422  -88.85   41.84    10.6     2.2     6.4     5.9    13.4     6.64 C    10.6    -0.4     5.8    95.0    75.1    86.4   0.349   0.319   0.340   0.390 -99.000    11.5    11.2    11.4    12.4    10.8
54811 20170428  2.422  -88.85   41.84    13.7     2.1     7.9     8.5     0.0     8.38 C    14.6    -0.3     8.8    92.3    66.1    81.3   0.364   0.329   0.340   0.387 -99.000    10.0     9.7    10.2    12.2    10.9
54811 20170429  2.422  -88.85   41.84     9.0     3.2     6.1     5.8    45.2     3.19 C     8.9     3.2     5.7    93.8    61.2    82.8   0.414   0.395   0.377   0.405 -99.000     9.1     9.1     9.7    11.9    11.0
54811 20170430  2.422  -88.85   41.84     9.5     4.8     7.1     6.8    15.8     4.53 C    10.9     4.8     7.0    95.2    89.4    92.8   0.451   0.470   0.415   0.433 -99.000     8.1     7.9     8.6    11.4    10.9
54811 20170501  2.422  -88.85   41.84    13.0     5.1     9.0     8.9     4.6    12.50 C    19.3     4.6     9.4    96.8    67.6    83.0   0.447   0.468   0.409   0.444 -99.000     9.3     8.7     8.8    11.1    10.8
54811 20170502  2.422  -88.85   41.84     9.9     3.3     6.6     6.2     1.5    10.18 C    13.4     0.5     5.6    88.6    61.8    78.2   0.439   0.458   0.402   0.433 -99.000     8.8     8.6     9.0    11.1    10.8
54811 20170503  2.422  -88.85   41.84    13.6     0.6     7.1     7.8     0.0    17.77 C    17.7    -2.4     7.6    94.4    43.6    70.3   0.424   0.444   0.391   0.421 -99.000     8.7     8.2     8.6    10.9    10.7
54811 20170504  2.422  -88.85   41.84    14.8     4.6     9.7     8.9     0.0    19.66 C    18.9     0.4     8.5    81.0    47.2    66.5   0.409   0.434   0.384   0.413 -99.000     9.2     8.6     8.8    10.9    10.7
54811 20170505  2.422  -88.85   41.84    16.9     4.1    10.5    10.7     1.4    27.87 C    22.6     2.9    11.0    88.4    37.4    64.1   0.388   0.422   0.380   0.410 -99.000     9.9     9.0     9.1    11.0    10.7
54811 20170506  2.422  -88.85   41.84    16.0     3.7     9.8    10.2     3.4    27.23 C    20.9    -0.4    10.5    94.5    42.9    67.8   0.392   0.411   0.375   0.406 -99.000    10.6     9.6     9.6    11.1    10.7
54811 20170507  2.422  -88.85   41.84    16.2     1.0     8.6     8.9     0.0    28.74 C    22.3    -2.5     8.8    74.9    26.1    49.8   0.370   0.398   0.369   0.403 -99.000    10.0     9.3     9.5    11.3    10.8
54811 20170508  2.422  -88.85   41.84    17.2     0.7     9.0     9.2     0.0    21.04 C    21.7    -1.3     9.4    84.7    34.0    54.0   0.340   0.382   0.365   0.400 -99.000     9.7     9.0     9.4    11.3    10.8
54811 20170509  2.422  -88.85   41.84    14.8     3.8     9.3     9.9    12.8    12.10 C    19.1     3.8    10.4    91.0    45.7    81.0   0.426   0.438   0.379   0.400 -99.000     9.6     9.0     9.4    11.3    10.8
54811 20170510  2.422  -88.85   41.84    18.0     7.2    12.6    12.8    25.0     9.31 C    21.7     4.1    12.5    94.7    70.8    86.0   0.445   0.454   0.394   0.411 -99.000    10.9    10.0     9.9    11.4    10.8
54811 20170511  2.422  -88.85   41.84    19.1     9.7    14.4    13.6     0.0    18.26 C    24.8     4.8    13.6    94.8    56.4    80.5   0.443   0.459   0.405   0.427 -99.000    12.1    11.0    10.8    11.7    10.8
54811 20170512  2.422  -88.85   41.84    21.3     6.4    13.8    14.3     0.0    23.81 C    27.0     3.4    14.2    88.0    40.7    66.6   0.429   0.451   0.401   0.417 -99.000    12.7    11.4    11.2    12.1    10.9
54811 20170513  2.422  -88.85   41.84    27.1     7.5    17.3    18.4     0.0    22.83 C    29.1     4.3    16.8    88.0    29.9    56.7   0.417   0.446   0.402   0.417 -99.000    13.6    12.3    11.9    12.5    11.1
54811 20170514  2.422  -88.85   41.84    26.8    10.0    18.4    18.4     0.0    26.94 C    30.2     8.1    18.1    79.2    32.4    54.0   0.391   0.437   0.398   0.414 -99.000    15.0    13.4    12.8    13.0    11.2
54811 20170515  2.422  -88.85   41.84    29.6     8.5    19.0    20.0     0.0    23.91 C    30.7     5.9    18.8    84.5    36.8    53.8   0.356   0.421   0.393   0.412 -99.000    15.2    13.7    13.2    13.5    11.4
54811 20170516  2.422  -88.85   41.84    30.2    17.1    23.6    23.7     0.0    26.36 C    33.4    14.2    22.6    84.5    33.9    58.3   0.326   0.404   0.388   0.411 -99.000    17.3    15.4    14.3    14.0    11.6
54811 20170517  2.422  -88.85   41.84    28.3    16.6    22.4    23.2     3.4    16.61 C    29.1    15.5    21.9    86.1    42.8    62.5   0.300   0.381   0.384   0.408 -99.000    17.8    16.2    15.3    14.7    11.9
54811 20170518  2.422  -88.85   41.84    23.4     9.6    16.5    19.3     0.0    25.93 C    26.0     9.3    19.0    86.4    52.8    68.0   0.287   0.365   0.377   0.406 -99.000    17.9    16.4    15.7    15.2    12.1
54811 20170519  2.422  -88.85   41.84     9.6     5.3     7.4     7.1     3.6     4.34 C     9.4     5.4     7.3    91.6    72.8    83.6   0.297   0.349   0.372   0.404 -99.000    13.9    13.9    14.6    15.5    12.5
54811 20170520  2.422  -88.85   41.84    18.1     7.4    12.8    12.2     8.4     4.80 C    19.7     6.5    12.0    96.2    75.9    88.8   0.354   0.357   0.369   0.403 -99.000    12.6    12.2    12.9    14.9    12.7
54811 20170521  2.422  -88.85   41.84    17.2     9.4    13.3    12.1     8.4    11.21 C    18.2     8.8    12.1    96.8    62.3    76.4   0.424   0.433   0.377   0.404 -99.000    13.7    13.0    13.1    14.5    12.8
54811 20170522  2.422  -88.85   41.84    22.3     7.4    14.9    14.5     0.0    21.18 C    27.0     5.7    14.8    88.4    41.1    70.3   0.401   0.428   0.379   0.402 -99.000    14.1    13.1    13.0    14.4    12.8
54811 20170523  2.422  -88.85   41.84    16.3    10.9    13.6    13.4     7.9     6.66 C    20.4    10.0    13.5    95.3    77.7    88.1   0.413   0.433   0.380   0.402 -99.000    14.5    13.7    13.5    14.5    12.9
54811 20170524  2.422  -88.85   41.84    15.6    11.1    13.4    13.2     0.2     6.28 C    16.3    10.6    13.2    94.9    75.0    87.4   0.440   0.454   0.384   0.404 -99.000    14.1    13.5    13.4    14.6    12.9
54811 20170525  2.422  -88.85   41.84    19.3    11.0    15.2    14.5     0.0    13.15 C    22.1     9.3    14.1    90.6    60.2    80.9   0.424   0.446   0.383   0.402 -99.000    14.3    13.5    13.4    14.6    13.0
54811 20170526  2.422  -88.85   41.84    21.4     9.9    15.6    15.2    18.9    10.46 C    22.5     8.2    14.6    96.0    57.7    84.8   0.436   0.457   0.398   0.408 -99.000    14.5    13.8    13.6    14.7    13.0
54811 20170527  2.422  -88.85   41.84    24.5     9.8    17.2    17.9     0.0    26.48 C    28.6     8.3    18.9    96.2    55.1    79.6   0.444   0.467   0.412   0.422 -99.000    16.1    14.7    14.1    14.8    13.1
54811 20170528  2.422  -88.85   41.84    23.8    13.4    18.6    18.2     0.0    22.72 C    25.0    10.3    17.4    91.7    39.4    70.6   0.421   0.453   0.404   0.420 -99.000    17.1    15.7    15.1    15.3    13.2
54811 20170529  2.422  -88.85   41.84    23.2    12.9    18.0    18.4     0.0    27.51 C    24.4    10.2    17.4    78.6    32.9    53.0   0.387   0.437   0.397   0.419 -99.000    17.0    15.7    15.4    15.8    13.3
54811 20170530  2.422  -88.85   41.84    22.2    11.0    16.6    16.6     0.2    21.96 C    24.4     8.8    15.5    80.3    31.8    53.8   0.344   0.419   0.392   0.414 -99.000    16.4    15.4    15.3    16.0    13.5
54811 20170531  2.422  -88.85   41.84    22.1     8.8    15.5    16.3     0.0    30.20 C    23.2     7.2    15.5    81.5    30.8    51.1   0.310   0.395   0.386   0.410 -99.000    16.3    15.1    15.0    16.0    13.7
54811 20170601  2.422  -88.85   41.84 -9999.0 -9999.0 -9999.0 -9999.0     0.0 -9999.00 U -9999.0 -9999.0 -9999.0 -9999.0 -9999.0 -9999.0 -99.000 -99.000 -99.000 -99.000 -99.000 -9999.0 -9999.0 -9999.0 -9999.0 -9999.0
54811 20170602  2.422  -88.85   41.84    28.9    11.0    19.9    21.7     0.0    29.11 C    36.9     5.9    20.7    71.9    20.4    39.5   0.258   0.340   0.371   0.400 -99.000    17.3    16.0    15.6    15.2    12.9
54811 20170603  2.422  -88.85   41.84    30.2    13.1    21.6    23.3     0.0    19.00 C    39.3     8.3    22.2    76.0    35.3    53.3   0.241   0.323   0.363   0.395 -99.000    17.9    16.5    16.1    15.5    13.0
54811 20170604  2.422  -88.85   41.84    31.8    15.5    23.7    24.9     0.0    23.57 C    36.2    10.5    23.4    80.4    20.9    49.1   0.228   0.307   0.355   0.392 -99.000    19.0    17.6    16.9    15.8    13.1
54811 20170605  2.422  -88.85   41.84    26.6    11.4    19.0    20.2     0.0    29.29 C    32.0     7.9    20.2    77.9    36.0    50.0   0.213   0.292   0.345   0.385 -99.000    18.5    17.4    17.1    16.2    13.3
54811 20170606  2.422  -88.85   41.84    24.6    10.7    17.7    18.2     0.0    30.18 C    32.7     7.4    18.8    66.0    29.2    45.1   0.204   0.280   0.336   0.378 -99.000    18.1    17.1    17.0    16.3    13.5
54811 20170607  2.422  -88.85   41.84    24.8     9.8    17.3    18.4     0.0    30.33 C    32.3     5.6    18.2    78.8    25.8    45.3   0.195   0.271   0.327   0.370 -99.000    17.8    16.7    16.8    16.4    13.6
54811 20170608  2.422  -88.85   41.84    27.4     8.8    18.1    20.3     0.9    25.62 C    38.2     4.4    20.8    79.9    24.7    44.1   0.189   0.261   0.319   0.362 -99.000    17.8    16.5    16.7    16.4    13.7
54811 20170609  2.422  -88.85   41.84    31.6    16.5    24.1    24.0     0.0    25.26 C    39.3    13.3    24.2    79.6    28.8    50.1   0.185   0.256   0.312   0.357 -99.000    19.0    17.5    17.2    16.5    13.8
54811 20170610  2.422  -88.85   41.84    31.3    18.1    24.7    25.3     0.0    28.49 C    39.0    14.9    26.0    64.9    25.0    43.9   0.181   0.252   0.309   0.355 -99.000    20.1    18.4    17.9    16.8    13.9
54811 20170611  2.422  -88.85   41.84    33.5    20.2    26.8    26.9     0.0    27.42 C    41.1    17.3    27.9    68.9    33.1    50.8   0.179   0.252   0.305   0.355 -99.000    21.3    19.4    18.8    17.3    14.0
54811 20170612  2.422  -88.85   41.84    33.3    21.3    27.3    27.4     0.0    26.93 C    42.0    18.6    28.7    69.7    39.1    54.3   0.176   0.251   0.303   0.352 -99.000    22.4    20.4    19.7    17.9    14.2
54811 20170613  2.422  -88.85   41.84    35.0    20.1    27.5    26.3     0.0    20.62 C    42.9    17.5    27.3    80.1    34.1    64.2   0.174   0.249   0.300   0.350 -99.000    22.9    21.0    20.4    18.4    14.4
54811 20170614  2.422  -88.85   41.84    33.6    19.4    26.5    24.6     2.8    18.89 C    40.5    18.6    25.4    91.1    43.2    69.8   0.171   0.248   0.298   0.350 -99.000    22.9    21.2    20.7    18.9    14.7
54811 20170615  2.422  -88.85   41.84    32.3    17.7    25.0    25.0    11.1    27.76 C    39.8    16.5    26.1    93.1    25.2    61.5   0.174   0.249   0.295   0.349 -99.000    22.8    21.2    20.8    19.2    15.0
54811 20170616  2.422  -88.85   41.84    28.9    17.4    23.1    22.8     8.7    21.52 C    36.3    16.5    23.9    92.7    53.4    73.9   0.283   0.294   0.293   0.348 -99.000    22.5    21.0    20.7    19.4    15.2
54811 20170617  2.422  -88.85   41.84    28.8    19.5    24.2    23.3     9.3    15.74 C    37.7    19.4    24.3    94.4    61.1    83.2   0.316   0.304   0.294   0.347 -99.000    23.2    21.7    21.2    19.6    15.4
54811 20170618  2.422  -88.85   41.84    24.2    16.3    20.3    20.9     0.0    25.37 C    31.8    15.0    22.3    94.3    52.6    72.8   0.357   0.335   0.295   0.348 -99.000    22.5    21.4    21.2    19.8    15.6
54811 20170619  2.422  -88.85   41.84    25.7    14.2    20.0    19.0     5.3    26.78 C    33.5    12.6    20.5    87.2    37.1    69.4   0.343   0.326   0.294   0.347 -99.000    21.2    20.3    20.5    19.8    15.8
54811 20170620  2.422  -88.85   41.84    28.7    12.3    20.5    19.0     4.2    23.82 C    36.3     9.6    19.4    94.3    33.7    69.4   0.367   0.328   0.294   0.348 -99.000    20.5    19.7    19.9    19.6    16.0
54811 20170621  2.422  -88.85   41.84    25.5    10.6    18.1    19.9     0.0    23.69 C    33.6     8.2    20.6    95.0    44.8    69.7   0.367   0.327   0.293   0.350 -99.000    20.5    19.5    19.6    19.4    16.1
54811 20170622  2.422  -88.85   41.84    30.8    21.3    26.1    25.7     0.0    22.22 C    37.9    20.0    26.8    89.1    56.3    71.1   0.348   0.324   0.295   0.349 -99.000    22.6    20.9    20.4    19.4    16.1
54811 20170623  2.422  -88.85   41.84    26.4    15.9    21.2    21.5    10.8    23.27 C    33.3    14.9    22.6    93.6    37.3    69.0   0.398   0.354   0.303   0.349 -99.000    22.7    21.5    21.2    19.8    16.2
54811 20170624  2.422  -88.85   41.84    22.4    11.2    16.8    17.4     0.0    28.61 C    28.5     9.0    18.6    89.8    32.9    64.4   0.369   0.341   0.305   0.349 -99.000    20.8    20.2    20.5    19.9    16.3
54811 20170625  2.422  -88.85   41.84    21.2    10.6    15.9    15.6     0.0    24.90 C    29.5     9.7    16.7    88.9    41.6    66.3   0.338   0.329   0.304   0.348 -99.000    19.3    18.7    19.4    19.7    16.5
54811 20170626  2.422  -88.85   41.84    22.2    10.2    16.2    15.9     0.0    26.51 C    29.8     7.6    16.8    88.0    32.7    59.4   0.310   0.319   0.303   0.346 -99.000    18.7    18.0    18.6    19.3    16.5
54811 20170627  2.422  -88.85   41.84    24.1     8.4    16.2    16.9     0.0    29.36 C    34.1     6.3    18.5    86.0    33.4    56.7   0.285   0.308   0.301   0.346 -99.000    18.8    17.8    18.3    18.9    16.5
54811 20170628  2.422  -88.85   41.84    24.4    13.2    18.8    19.1     8.3     7.35 C    24.9    11.1    18.2    92.3    58.6    73.2   0.322   0.301   0.301   0.344 -99.000    18.5    17.8    18.3    18.8    16.5
54811 20170629  2.422  -88.85   41.84    26.4    16.1    21.3    21.6     3.3    17.99 C    31.9    14.9    21.8    95.6    63.4    77.4   0.341   0.299   0.301   0.344 -99.000    20.1    18.9    18.7    18.6    16.5
54811 20170630  2.422  -88.85   41.84    26.0    15.8    20.9    21.3     0.0    17.86 C    30.6    15.1    22.2    96.2    66.1    83.2   0.341   0.296   0.301   0.343 -99.000    20.7    19.6    19.4    18.9    16.4
54811 20170701  2.422  -88.85   41.84    26.4    14.7    20.5    20.9     0.0    29.25 C    32.3    11.9    21.8    93.8    39.3    67.9   0.317   0.293   0.301   0.343 -99.000    21.1    20.0    19.8    19.1    16.5
54811 20170702  2.422  -88.85   41.84    29.9    12.7    21.3    22.2     0.0    27.60 C    36.4    11.3    23.1    89.1    36.2    65.3   0.283   0.285   0.299   0.342 -99.000    21.1    19.9    19.9    19.4    16.5
54811 20170703  2.422  -88.85   41.84    28.2    16.2    22.2    21.7     0.6    19.03 C    35.4    15.2    22.4    93.6    63.2    75.5   0.256   0.279   0.299   0.342 -99.000    21.7    20.6    20.3    19.6    16.5
54811 20170704  2.422  -88.85   41.84    28.2    15.1    21.6    22.2     0.0    20.24 C    34.0    14.4    23.9    89.7    61.8    75.0   0.239   0.274   0.297   0.342 -99.000    21.7    20.7    20.4    19.8    16.6
54811 20170705  2.422  -88.85   41.84    29.2    17.0    23.1    22.3     0.0    20.55 C    37.0    15.2    24.0    93.8    60.1    79.3   0.223   0.269   0.296   0.341 -99.000    22.3    21.1    20.8    19.9    16.8
54811 20170706  2.422  -88.85   41.84    31.4    16.1    23.7    24.9     0.0    28.03 C    39.4    15.5    27.4    95.0    48.5    72.1   0.207   0.264   0.295   0.340 -99.000    23.0    21.6    21.2    20.1    16.9
54811 20170707  2.422  -88.85   41.84    29.2    15.3    22.3    24.9     0.0    24.44 C    34.3    13.8    26.0    87.7    37.8    65.6   0.192   0.258   0.294   0.337 -99.000    23.5    22.2    21.8    20.5    17.0
54811 20170708  2.422  -88.85   41.84    25.5    12.5    19.0    19.1     0.0    29.47 C    33.2    10.7    22.0    94.3    38.3    69.3   0.180   0.251   0.291   0.337 -99.000    22.3    21.4    21.4    20.7    17.2
54811 20170709  2.422  -88.85   41.84    29.3    11.7    20.5    22.3     0.0    24.71 C    35.8    10.2    24.2    89.4    43.6    67.4   0.172   0.243   0.287   0.333 -99.000    21.8    20.8    21.0    20.6    17.3
54811 20170710  2.422  -88.85   41.84    28.5    18.5    23.5    23.3    22.4    12.35 C    32.8    18.5    24.1    95.4    71.5    84.6   0.314   0.300   0.318   0.330 -99.000    22.4    21.4    21.3    20.7    17.4
54811 20170711  2.422  -88.85   41.84    27.4    18.4    22.9    23.5     0.0    13.97 C    35.6    17.8    25.1    96.2    69.9    86.8   0.318   0.307   0.328   0.330 -99.000    22.9    21.8    21.5    20.8    17.5
54811 20170712  2.422  -88.85   41.84    27.9    20.5    24.2    24.1    11.7     6.24 C    31.9    20.3    24.4    94.8    73.8    87.3   0.360   0.320   0.333   0.330 -99.000    23.0    22.1    21.8    21.0    17.6
54811 20170713  2.422  -88.85   41.84    27.0    18.4    22.7    22.7     0.0    19.16 C    31.5    17.9    23.8    91.5    60.7    81.0   0.393   0.344   0.342   0.332 -99.000    23.1    22.1    21.8    21.0    17.7
54811 20170714  2.422  -88.85   41.84    20.8    13.6    17.2    17.7     0.0    14.67 C    26.0    13.1    19.1    94.4    66.2    81.1   0.366   0.334   0.340   0.332 -99.000    21.8    21.3    21.5    21.2    17.8
54811 20170715  2.422  -88.85   41.84    26.0    10.9    18.4    19.4     0.0    27.65 C    33.9    10.3    23.1    96.8    56.3    79.3   0.344   0.326   0.337   0.332 -99.000    21.4    20.6    20.8    20.9    17.9
54811 20170716  2.422  -88.85   41.84    24.7    13.5    19.1    20.4     3.4    18.26 C    29.7    12.6    21.9    94.3    62.3    80.2   0.358   0.323   0.334   0.330 -99.000    22.0    21.1    21.1    20.8    18.0
54811 20170717  2.422  -88.85   41.84    25.7    10.6    18.2    18.3     0.0    29.43 C    35.3     9.8    22.1    95.3    42.0    74.1   0.352   0.320   0.333   0.330 -99.000    21.5    20.6    20.8    20.8    18.0
54811 20170718  2.422  -88.85   41.84    29.9    10.0    19.9    21.4     0.0    27.70 C    38.3     9.4    24.7    95.6    53.8    76.7   0.330   0.313   0.331   0.330 -99.000    22.1    20.8    20.9    20.7    18.0
54811 20170719  2.422  -88.85   41.84    30.9    17.9    24.4    24.4    31.6    24.66 C    39.7    17.9    27.2    94.5    61.3    80.4   0.348   0.337   0.351   0.329 -99.000    23.9    22.4    22.0    21.0    18.0
54811 20170720  2.422  -88.85   41.84    29.3    19.9    24.6    24.3    23.2    17.25 C    35.0    19.7    25.6    95.8    71.5    86.3   0.445   0.436   0.416   0.378 -99.000    24.1    23.0    22.6    21.5    18.0
54811 20170721  2.422  -88.85   41.84    29.9    20.4    25.1    23.8    28.3    17.12 C    36.4    20.2    25.4    95.5    71.5    86.0   0.438   0.433   0.406   0.406 -99.000    24.7    23.5    23.1    21.9    18.2
54811 20170722  2.422  -88.85   41.84    28.6    20.0    24.3    23.8    20.1    22.91 C    34.1    19.7    25.5    95.5    63.6    83.0   0.464   0.461   0.427   0.449 -99.000    24.6    23.5    23.3    22.5    18.4
54811 20170723  2.422  -88.85   41.84    29.9    19.5    24.7    24.2     0.0    24.75 C    35.0    18.9    26.0    95.7    56.4    81.6   0.427   0.438   0.405   0.433 -99.000    25.5    24.3    23.8    22.6    18.7
54811 20170724  2.422  -88.85   41.84    23.7    12.7    18.2    19.5     0.0    23.03 C    29.3    11.6    21.1    94.8    56.2    77.5   0.407   0.428   0.399   0.424 -99.000    24.2    23.5    23.6    22.8    18.9
54811 20170725  2.422  -88.85   41.84    25.6    11.1    18.4    19.7     0.0    27.64 C    32.6    10.4    21.5    96.5    52.7    75.3   0.382   0.421   0.394   0.420 -99.000    23.2    22.4    22.7    22.6    19.1
54811 20170726  2.422  -88.85   41.84    27.3    17.0    22.1    22.5    30.3    15.97 C    34.9    16.8    24.1    95.5    73.5    84.0   0.384   0.425   0.396   0.421 -99.000    23.5    22.7    22.6    22.4    19.2
54811 20170727  2.422  -88.85   41.84    27.4    14.9    21.2    22.3     0.0    20.08 C    34.0    14.2    23.7    96.2    51.1    78.8   0.444   0.451   0.414   0.440 -99.000    23.9    23.1    22.9    22.4    19.2
54811 20170728  2.422  -88.85   41.84    25.7    14.6    20.2    19.9     0.0    26.80 C    31.4    14.1    22.2    91.0    50.7    74.2   0.418   0.435   0.403   0.429 -99.000    23.1    22.5    22.6    22.4    19.3
54811 20170729  2.422  -88.85   41.84    24.3    12.5    18.4    18.3     0.0    27.78 C    30.8    11.8    20.5    95.0    42.9    71.4   0.390   0.422   0.395   0.423 -99.000    22.4    21.8    22.2    22.3    19.4
54811 20170730  2.422  -88.85   41.84    26.2    10.9    18.5    19.4     0.0    26.85 C    38.0    10.7    23.6    92.6    41.8    71.8   0.361   0.413   0.390   0.417 -99.000    22.1    21.4    21.7    22.1    19.4
54811 20170731  2.422  -88.85   41.84    27.2    12.7    19.9    20.5     0.0    24.26 C    36.7    12.5    23.9    94.4    42.5    74.4   0.332   0.402   0.386   0.414 -99.000    22.6    21.7    21.8    21.9    19.3
54811 20170801  2.422  -88.85   41.84    27.7    15.5    21.6    21.8     0.0    24.60 C    36.8    15.3    25.5    94.1    48.7    76.5   0.310   0.394   0.382   0.411 -99.000    23.1    22.1    22.1    21.9    19.4
54811 20170802  2.422  -88.85   41.84    28.2    15.3    21.7    22.1     0.0    24.85 C    37.9    14.5    25.0    95.6    52.4    78.2   0.292   0.383   0.378   0.408 -99.000    23.5    22.4    22.3    22.0    19.3
54811 20170803  2.422  -88.85   41.84    27.7    14.5    21.1    21.7     0.0    21.63 C    35.5    14.4    23.7    96.3    58.3    80.2   0.278   0.370   0.373   0.405 -99.000    23.6    22.7    22.6    22.1    19.3
54811 20170804  2.422  -88.85   41.84    20.2    11.7    16.0    14.7     0.0    12.76 C    24.1    11.6    15.2    89.7    54.2    76.9   0.261   0.364   0.368   0.402 -99.000    20.9    21.1    21.7    22.1    19.4
54811 20170805  2.422  -88.85   41.84    25.1    12.6    18.9    18.6     0.0    23.19 C    32.4    12.0    20.4    94.7    43.6    74.0   0.251   0.353   0.363   0.400 -99.000    20.8    20.3    20.8    21.6    19.4
54811 20170806  2.422  -88.85   41.84    22.9    11.5    17.2    18.2     0.0    18.07 C    28.4    10.5    19.6    94.6    57.3    79.2   0.242   0.345   0.360   0.397 -99.000    21.1    20.6    20.8    21.3    19.3
54811 20170807  2.422  -88.85   41.84    24.6    10.0    17.3    17.4     0.0    24.39 C    32.8     8.7    19.3    95.6    54.8    78.9   0.232   0.336   0.354   0.393 -99.000    20.7    20.2    20.6    21.2    19.2
54811 20170808  2.422  -88.85   41.84    26.1     8.6    17.3    17.7     0.0    23.55 C    34.9     7.6    19.6    93.4    45.6    73.2   0.222   0.325   0.348   0.390 -99.000    20.3    19.8    20.3    21.0    19.1
54811 20170809  2.422  -88.85   41.84    26.0     9.6    17.8    18.4     0.0    23.91 C    34.1     8.4    20.7    94.1    47.6    73.5   0.214   0.320   0.343   0.389 -99.000    20.5    19.8    20.2    20.9    19.1
54811 20170810  2.422  -88.85   41.84    28.3    13.7    21.0    20.7     0.8    19.82 C    36.3    12.1    22.6    90.7    51.7    74.4   0.206   0.312   0.339   0.385 -99.000    21.1    20.2    20.4    20.8    19.0
54811 20170811  2.422  -88.85   41.84    22.7    13.2    17.9    18.4     0.0    18.27 C    27.3    12.2    19.6    95.1    60.3    81.7   0.200   0.306   0.335   0.383 -99.000    21.0    20.5    20.7    20.9    18.9
54811 20170812  2.422  -88.85   41.84    23.4     9.8    16.6    16.7     0.0    24.15 C    31.6     8.5    18.8    95.4    51.6    77.9   0.195   0.299   0.331   0.382 -99.000    20.1    19.7    20.2    20.8    18.9
54811 20170813  2.422  -88.85   41.84    23.3     7.5    15.4    16.6     0.0    19.17 C    31.6     6.2    19.0    94.3    48.6    76.8   0.190   0.292   0.325   0.378 -99.000    19.5    19.1    19.7    20.6    18.9
54811 20170814  2.422  -88.85   41.84    26.6    10.6    18.6    19.6     0.0    18.34 C    33.7     9.9    21.4    95.2    57.8    80.2   0.186   0.288   0.321   0.375 -99.000    20.1    19.4    19.7    20.4    18.8
54811 20170815  2.422  -88.85   41.84    27.7    14.8    21.2    21.2     0.0    22.74 C    38.2    14.3    24.0    96.4    57.1    80.4   0.183   0.286   0.318   0.374 -99.000    21.2    20.2    20.2    20.5    18.7
54811 20170816  2.422  -88.85   41.84    29.6    13.3    21.5    22.0    39.4    18.74 C    34.7    12.6    23.1    95.4    59.0    85.7   0.247   0.324   0.333   0.372 -99.000    21.6    20.6    20.6    20.6    18.7
54811 20170817  2.422  -88.85   41.84    26.3    18.9    22.6    22.8     0.0    18.13 C    31.3    18.8    23.8    93.2    60.1    79.4   0.379   0.427   0.400   0.369 -99.000    22.5    21.6    21.4    20.9    18.7
54811 20170818  2.422  -88.85   41.84    25.6    16.6    21.1    20.7     0.0    24.27 C    30.8    15.3    22.4    93.9    53.3    77.6   0.351   0.410   0.389   0.371 -99.000    22.0    21.3    21.4    21.2    18.7
54811 20170819  2.422  -88.85   41.84    26.1    12.3    19.2    19.2     0.0    24.82 C    36.9    12.2    22.9    96.0    45.3    78.8   0.327   0.400   0.382   0.370 -99.000    21.6    21.0    21.2    21.3    18.9
54811 20170820  2.422  -88.85   41.84    27.6    12.5    20.1    20.9     0.0    13.76 C    36.3    12.0    22.1    95.5    62.9    84.5   0.304   0.387   0.377   0.369 -99.000    21.3    20.6    20.9    21.2    18.9
54811 20170821  2.422  -88.85   41.84    26.8    19.1    22.9    22.5     0.3    10.47 C    32.1    19.3    23.4    96.2    65.3    87.0   0.298   0.386   0.375   0.370 -99.000    22.0    21.2    21.2    21.2    18.9
54811 20170822  2.422  -88.85   41.84    24.8    12.1    18.5    20.0     0.8    20.48 C    29.2    11.5    21.1    92.3    45.5    75.1   0.290   0.385   0.373   0.370 -99.000    21.8    21.3    21.3    21.3    19.0
54811 20170823  2.422  -88.85   41.84    23.7    10.4    17.0    16.7     0.0    24.22 C    28.9     9.8    18.6    93.4    43.7    72.2   0.271   0.378   0.367   0.371 -99.000    20.1    20.0    20.5    21.2    19.1
54811 20170824  2.422  -88.85   41.84    22.8     8.6    15.7    15.5     0.0    23.36 C    30.5     7.6    17.5    95.3    48.1    76.9   0.256   0.367   0.362   0.369 -99.000    19.4    19.2    19.7    20.8    19.0
54811 20170825  2.422  -88.85   41.84    22.3     5.6    14.0    14.5     0.0    22.10 C    29.8     4.5    16.4    94.1    50.4    76.4   0.246   0.355   0.358   0.368 -99.000    18.6    18.4    19.1    20.5    19.0
54811 20170826  2.422  -88.85   41.84    23.1     9.8    16.4    16.9     0.0    15.42 C    29.9     9.1    18.1    92.9    51.9    75.3   0.234   0.347   0.353   0.367 -99.000    18.7    18.4    18.8    20.1    18.8
54811 20170827  2.422  -88.85   41.84    22.7    14.6    18.7    17.8     3.3     8.48 C    26.3    14.1    18.3    93.5    69.6    82.6   0.235   0.341   0.351   0.367 -99.000    18.9    18.5    18.8    19.9    18.8
54811 20170828  2.422  -88.85   41.84    24.3    12.4    18.4    17.9     2.0    16.73 C    32.5    11.9    19.7    97.3    58.4    85.4   0.236   0.338   0.349   0.366 -99.000    19.3    18.8    19.0    19.8    18.6
54811 20170829  2.422  -88.85   41.84    24.6    11.3    17.9    17.4     0.0    17.94 C    33.5    11.1    19.6    97.2    57.0    85.6   0.235   0.334   0.347   0.366 -99.000    19.3    18.9    19.0    19.8    18.6
54811 20170830  2.422  -88.85   41.84    25.4    10.7    18.0    18.1     0.0    21.26 C    34.4    10.0    20.6    97.0    53.0    80.2   0.230   0.329   0.343   0.364 -99.000    19.3    18.8    19.0    19.8    18.4
54811 20170831  2.422  -88.85   41.84    21.7    11.5    16.6    16.9     0.0    21.50 C    26.1    11.0    18.2    93.0    48.6    75.1   0.223   0.328   0.339   0.362 -99.000    19.3    18.9    19.1    19.8    18.4
54811 20170901  2.422  -88.85   41.84    20.8     6.3    13.5    13.5     0.0    23.55 C    25.6     5.6    14.5    96.8    38.0    73.5   0.213   0.318   0.334   0.360 -99.000    17.8    17.8    18.4    19.7    18.4
54811 20170902  2.422  -88.85   41.84    22.3     2.9    12.6    13.9     0.0    21.04 C    28.9     1.9    16.1    97.3    40.1    73.7   0.202   0.310   0.328   0.358 -99.000    16.9    16.8    17.5    19.3    18.4
54811 20170903  2.422  -88.85   41.84    27.0     9.9    18.4    18.9     0.0    22.06 C    33.0     9.3    20.7    95.6    35.6    72.3   0.196   0.306   0.325   0.357 -99.000    18.0    17.5    17.7    19.0    18.2
54811 20170904  2.422  -88.85   41.84    26.6    12.5    19.6    19.5     0.0    10.73 C    29.4    12.4    19.8    86.5    60.1    71.1   0.190   0.302   0.323   0.356 -99.000    18.5    17.9    18.2    19.0    18.1
54811 20170905  2.422  -88.85   41.84    19.6     7.7    13.7    13.1     0.0    18.58 C    23.4     7.1    13.9    90.3    42.7    72.6   0.184   0.295   0.319   0.355 -99.000    17.2    17.2    17.8    19.0    18.1
54811 20170906  2.422  -88.85   41.84    18.4     6.5    12.4    11.3     0.0    20.09 C    23.9     6.1    12.8    93.9    47.1    76.1   0.177   0.291   0.315   0.353 -99.000    16.0    16.2    16.9    18.8    18.0
54811 20170907  2.422  -88.85   41.84    20.8     7.4    14.1    13.4     0.0    19.71 C    26.0     6.8    14.6    92.1    38.7    70.8   0.173   0.285   0.310   0.350 -99.000    15.9    15.8    16.5    18.4    17.9
54811 20170908  2.422  -88.85   41.84    23.0     8.2    15.6    14.6     0.0    20.53 C    31.5     8.1    16.9    89.5    46.6    70.7   0.168   0.282   0.307   0.348 -99.000    16.4    16.1    16.5    18.1    17.8
54811 20170909  2.422  -88.85   41.84    22.4     7.9    15.1    14.5     0.0    21.04 C    27.2     6.6    15.5    93.1    44.4    72.3   0.165   0.276   0.303   0.347 -99.000    16.4    16.0    16.5    18.1    17.7
54811 20170910  2.422  -88.85   41.84    21.3     5.3    13.3    13.0     0.0    21.85 C    26.8     4.5    14.7    92.5    38.9    70.6   0.160   0.273   0.299   0.348 -99.000    15.8    15.5    16.2    18.0    17.5
54811 20170911  2.422  -88.85   41.84    22.9     3.1    13.0    13.3     0.0    20.80 C    31.4     2.1    15.7    95.4    39.2    74.0   0.156   0.269   0.295   0.346 -99.000    15.5    15.2    15.9    17.8    17.4
54811 20170912  2.422  -88.85   41.84    25.3     6.0    15.6    14.7     0.0    19.56 C    30.6     5.3    15.6    94.9    34.4    70.2   0.153   0.267   0.293   0.345 -99.000    15.7    15.3    15.9    17.6    17.3
54811 20170913  2.422  -88.85   41.84    25.1     6.1    15.6    16.1     0.0    19.47 C    32.7     5.8    17.7    96.9    46.3    79.1   0.151   0.263   0.290   0.342 -99.000    16.0    15.4    15.9    17.5    17.2
54811 20170914  2.422  -88.85   41.84    26.4     9.1    17.8    17.6     0.0    19.38 C    33.0     8.5    19.3    98.0    46.8    80.4   0.150   0.262   0.288   0.342 -99.000    17.2    16.3    16.5    17.6    17.1
54811 20170915  2.422  -88.85   41.84    29.5    12.5    21.0    21.1     0.0    19.34 C    34.7    11.9    22.3    95.0    43.2    72.7   0.149   0.258   0.286   0.342 -99.000    18.2    17.2    17.2    17.8    17.0
54811 20170916  2.422  -88.85   41.84    29.7    14.3    22.0    21.8     0.0    19.57 C    36.6    13.9    23.3    93.4    44.4    72.0   0.148   0.258   0.285   0.341 -99.000    19.1    18.1    17.9    18.1    17.0
54811 20170917  2.422  -88.85   41.84    26.7     9.0    17.8    19.5     0.0    13.65 C    32.7     8.1    20.3    93.4    53.7    77.9   0.146   0.256   0.283   0.342 -99.000    19.1    18.4    18.3    18.5    17.1
54811 20170918  2.422  -88.85   41.84    26.5     7.6    17.1    17.3     0.5    18.71 C    32.1     6.5    18.5    94.6    27.7    67.9   0.144   0.252   0.280   0.340 -99.000    17.9    17.4    17.8    18.6    17.1
54811 20170919  2.422  -88.85   41.84    26.6    15.9    21.3    19.8     1.3    17.33 C    35.0    15.7    21.8    95.1    55.3    81.7   0.144   0.251   0.277   0.338 -99.000    19.1    18.1    18.1    18.6    17.2
54811 20170920  2.422  -88.85   41.84    32.5    16.6    24.5    24.1     0.0    18.61 C    36.3    16.3    25.1    95.2    44.7    72.4   0.145   0.250   0.276   0.339 -99.000    20.0    18.9    18.7    18.8    17.2
54811 20170921  2.422  -88.85   41.84    32.1    18.9    25.5    24.7     0.0    13.40 C    37.6    18.7    25.4    91.3    34.4    71.8   0.145   0.251   0.276   0.339 -99.000    20.9    19.8    19.4    19.2    17.3
54811 20170922  2.422  -88.85   41.84    33.7    18.5    26.1    25.2     0.0    18.33 C    39.7    17.8    26.9    91.8    37.5    69.8   0.144   0.248   0.274   0.341 -99.000    21.3    20.2    19.8    19.5    17.4
54811 20170923  2.422  -88.85   41.84    33.5    16.9    25.2    24.6     0.0    17.98 C    41.1    16.6    26.4    91.8    33.7    66.7   0.142   0.247   0.273   0.339 -99.000    21.3    20.3    20.1    19.8    17.6
54811 20170924  2.422  -88.85   41.84    31.7    15.2    23.5    22.9     0.0    18.30 C    37.5    14.5    24.3    94.4    33.5    68.3   0.140   0.245   0.270   0.337 -99.000    21.1    20.2    20.1    20.0    17.7
54811 20170925  2.422  -88.85   41.84    32.6    14.6    23.6    23.3     0.0    17.56 C    38.9    13.8    24.7    89.7    29.1    62.6   0.139   0.242   0.268   0.337 -99.000    20.8    19.9    19.9    20.1    17.8
54811 20170926  2.422  -88.85   41.84    32.3    15.7    24.0    22.8     0.0    13.38 C    38.0    15.4    23.9    90.3    35.8    68.0   0.138   0.241   0.266   0.336 -99.000    20.8    20.0    19.9    20.2    17.9
54811 20170927  2.422  -88.85   41.84    21.1     8.0    14.6    15.6     0.0    13.12 C    27.1     6.8    16.4    86.0    40.1    66.9   0.135   0.236   0.263   0.335 -99.000    19.4    19.2    19.6    20.1    18.0
54811 20170928  2.422  -88.85   41.84    22.2     5.0    13.6    13.5     0.0    18.66 C    28.3     3.6    15.0    92.3    35.6    66.1   0.132   0.231   0.259   0.333 -99.000    17.3    17.3    18.2    19.7    18.0
54811 20170929  2.422  -88.85   41.84    20.5     5.9    13.2    14.3     0.0    18.60 C    25.8     4.6    15.1    85.5    33.9    59.7   0.131   0.229   0.257   0.332 -99.000    16.9    16.8    17.5    19.2    18.0
54811 20170930  2.422  -88.85   41.84    20.6     4.5    12.6    11.9     0.0    18.48 C    25.5     3.2    12.7    90.9    31.5    64.6   0.128   0.224   0.254   0.330 -99.000    15.6    15.6    16.7    18.8    17.9
54811 20171001  2.422  -88.85   41.84    21.8     6.6    14.2    13.9     0.0    14.38 C    26.4     5.5    14.3    79.4    26.2    52.6   0.127   0.222   0.252   0.328 -99.000    15.2    15.0    16.0    18.3    17.8
54811 20171002  2.422  -88.85   41.84    27.2    13.9    20.5    20.9     0.0    12.62 C    30.5    13.4    21.3    69.3    38.6    51.4   0.128   0.225   0.251   0.327 -99.000    16.6    15.8    16.2    18.0    17.6
54811 20171003  2.422  -88.85   41.84    27.1    17.7    22.4    21.5     0.0     7.51 C    33.0    17.2    22.0    88.6    57.7    72.6   0.130   0.223   0.251   0.323 -99.000    17.9    17.1    17.1    18.0    17.4
54811 20171004  2.422  -88.85   41.84    24.5     9.6    17.0    18.4     4.0    12.16 C    30.0     8.9    19.0    94.4    19.1    70.1   0.130   0.232   0.252   0.323 -99.000    18.2    17.7    17.7    18.3    17.3
54811 20171005  2.422  -88.85   41.84    24.9     9.4    17.2    17.3     0.2    14.70 C    32.1     8.8    18.8    89.8    27.4    61.8   0.129   0.231   0.251   0.324 -99.000    17.2    16.8    17.2    18.4    17.3
54811 20171006  2.422  -88.85   41.84    20.3    15.3    17.8    17.5     7.3     2.47 C    21.2    15.4    17.6    95.9    88.3    93.6   0.142   0.233   0.252   0.326 -99.000    17.8    17.2    17.4    18.3    17.3
54811 20171007  2.422  -88.85   41.84    23.1    13.3    18.2    18.0     5.3     3.46 C    23.4    12.5    17.3    90.0    64.4    81.1   0.189   0.249   0.252   0.325 -99.000    17.8    17.5    17.6    18.4    17.3
54811 20171008  2.422  -88.85   41.84    25.5     8.2    16.9    16.1     0.0    16.77 C    28.6     6.8    16.0    95.4    31.8    70.3   0.188   0.248   0.251   0.323 -99.000    16.7    16.7    17.1    18.3    17.3
54811 20171009  2.422  -88.85   41.84    26.8     7.3    17.1    16.8     0.0    12.90 C    32.0     6.1    16.7    94.2    35.9    71.5   0.175   0.241   0.250   0.323 -99.000    16.2    16.1    16.5    18.1    17.3
54811 20171010  2.422  -88.85   41.84    16.8    12.1    14.5    13.7    32.8     3.33 C    18.5    11.5    13.6    93.8    68.5    81.9   0.227   0.281   0.267   0.323 -99.000    15.7    15.8    16.4    17.9    17.2
54811 20171011  2.422  -88.85   41.84    14.7    12.6    13.7    13.4    24.0     1.79 C    14.4    12.5    13.4    94.3    86.8    92.4   0.380   0.421   0.404   0.320 -99.000    14.9    15.0    15.6    17.6    17.2
54811 20171012  2.422  -88.85   41.84    14.1    12.3    13.2    13.2     0.5     2.21 C    14.8    12.3    13.4    95.4    87.4    92.7   0.355   0.405   0.386   0.324 -99.000    15.1    15.0    15.4    17.3    17.1
54811 20171013  2.422  -88.85   41.84    22.1     9.9    16.0    15.7     0.0     8.79 C    26.1     8.5    16.2    94.8    59.4    82.0   0.343   0.401   0.380   0.334 -99.000    15.5    15.3    15.5    17.1    17.0
54811 20171014  2.422  -88.85   41.84    18.9    15.4    17.2    16.7   113.8     1.25 C    18.7    15.5    16.7    95.3    85.1    93.7   0.442   0.473   0.435   0.442 -99.000    16.2    15.9    16.0    17.0    16.8
54811 20171015  2.422  -88.85   41.84    18.9     4.5    11.7    11.4     1.4     6.28 C    18.7     2.3    11.1    94.3    59.7    77.3   0.390   0.444   0.406   0.432 -99.000    15.3    15.8    16.1    17.1    16.8
54811 20171016  2.422  -88.85   41.84    16.7     4.1    10.4     9.1     0.0    15.33 C    20.3     2.1     8.7    90.9    33.4    68.5   0.365   0.425   0.391   0.419 -99.000    13.2    13.9    14.7    16.8    16.8
54811 20171017  2.422  -88.85   41.84    21.1     5.5    13.3    12.6     0.0    14.98 C    24.2     3.2    11.2    83.7    31.6    59.5   0.352   0.418   0.384   0.414 -99.000    12.9    13.2    14.0    16.3    16.7
54811 20171018  2.422  -88.85   41.84    21.7     6.1    13.9    13.4     0.0    14.66 C    24.5     5.0    12.4    84.8    34.3    61.0   0.339   0.411   0.381   0.410 -99.000    13.2    13.3    13.9    15.9    16.6
54811 20171019  2.422  -88.85   41.84    21.7     7.3    14.5    13.8     0.0    14.03 C    25.6     5.2    12.6    85.7    18.3    51.2   0.325   0.405   0.377   0.406 -99.000    13.3    13.4    13.9    15.8    16.4
54811 20171020  2.422  -88.85   41.84    25.4     8.8    17.1    17.0     0.0    13.02 C    29.0     5.6    16.5    87.2    34.8    59.3   0.311   0.399   0.374   0.404 -99.000    13.8    13.6    13.9    15.7    16.3
54811 20171021  2.422  -88.85   41.84    25.2    14.0    19.6    19.1     0.0    12.09 C    26.7    12.8    18.7    70.8    43.7    62.0   0.297   0.395   0.373   0.403 -99.000    14.9    14.5    14.5    15.7    16.1
54811 20171022  2.422  -88.85   41.84    19.4     9.5    14.4    13.9     7.7     1.11 C    18.8     9.4    13.7    93.9    64.8    85.6   0.295   0.391   0.371   0.401 -99.000    15.1    15.0    15.1    15.9    16.0
54811 20171023  2.422  -88.85   41.84    11.8     8.1    10.0    10.0     2.8     3.22 C    12.9     7.6     9.9    93.0    64.9    84.8   0.345   0.389   0.370   0.400 -99.000    13.6    14.0    14.5    16.0    16.0
54811 20171024  2.422  -88.85   41.84     8.1     2.2     5.1     6.1    19.4     1.99 C     7.8     0.9     5.7    89.9    74.6    84.5   0.412   0.451   0.407   0.415 -99.000    11.5    12.4    13.3    15.7    16.0
54811 20171025  2.422  -88.85   41.84    12.0     0.6     6.3     4.9     0.0     9.86 C    16.3    -0.4     4.7    88.3    35.0    72.9   0.379   0.442   0.394   0.421 -99.000    10.1    10.9    12.0    15.0    15.9
54811 20171026  2.422  -88.85   41.84    16.2     1.6     8.9     8.8     0.0    10.67 C    16.9     0.5     8.3    91.9    45.9    70.8   0.365   0.432   0.386   0.414 -99.000    10.1    10.5    11.4    14.3    15.7
54811 20171027  2.422  -88.85   41.84     6.9     1.3     4.1     3.0     0.0     3.69 C     6.6     0.2     3.2    83.2    57.9    68.7   0.352   0.426   0.382   0.407 -99.000     9.2    10.1    11.2    14.0    15.5
54811 20171028  2.422  -88.85   41.84     3.6     0.9     2.3     2.1     0.2     2.39 C     4.9     0.7     2.2    91.3    60.8    75.8   0.342   0.419   0.378   0.405 -99.000     8.0     9.0    10.1    13.4    15.3
54811 20171029  2.422  -88.85   41.84     8.2    -2.4     2.9     3.6     0.0    12.20 C    12.7    -3.5     4.2    86.3    39.0    61.7   0.335   0.413   0.375   0.403 -99.000     8.0     8.6     9.6    12.9    15.0
54811 20171030  2.422  -88.85   41.84     8.9     0.8     4.9     4.9     0.0     6.24 C    11.8     0.6     4.8    87.0    42.6    65.3   0.325   0.413   0.373   0.401 -99.000     8.1     8.7     9.6    12.6    14.8
54811 20171031  2.422  -88.85   41.84     3.6    -1.3     1.1     0.9     0.0     6.54 C     8.3    -2.4     1.2    84.4    51.4    62.4   0.314   0.407   0.370   0.401 -99.000     6.8     7.7     8.9    12.2    14.5
54811 20171101  2.422  -88.85   41.84     6.1     0.0     3.1     3.2     3.6     2.65 C     6.6    -0.4     3.1    95.5    70.2    80.7   0.309   0.403   0.369   0.396 -99.000     6.9     7.4     8.5    11.8    14.3
54811 20171102  2.422  -88.85   41.84     8.9     4.9     6.9     7.3     0.0     1.18 C    10.3     3.7     7.3    96.9    89.7    93.6   0.317   0.400   0.368   0.395 -99.000     8.0     8.2     8.7    11.5    14.0
54811 20171103  2.422  -88.85   41.84     7.6     0.8     4.2     4.1     0.0     9.92 C    10.4    -0.3     3.9    91.8    62.1    78.5   0.315   0.397   0.368   0.394 -99.000     7.9     8.3     9.0    11.5    13.8
54811 20171104  2.422  -88.85   41.84     8.4     0.5     4.4     6.3     8.4     0.88 C     8.3    -0.3     6.2    96.8    81.8    93.1   0.383   0.414   0.383   0.393 -99.000     7.7     8.1     8.8    11.4    13.6
54811 20171105  2.422  -88.85   41.84    10.1     2.5     6.3     7.6     0.0     1.62 C    10.8     1.5     7.7    99.5    82.8    92.4   0.389   0.419   0.389   0.395 -99.000     8.7     8.7     9.1    11.3    13.5
54811 20171106  2.422  -88.85   41.84     5.2    -2.2     1.5     1.6     0.0     7.68 C     8.9    -3.0     1.7    85.0    53.3    72.2   0.376   0.426   0.384   0.398 -99.000     7.5     8.2     9.0    11.4    13.3
54811 20171107  2.422  -88.85   41.84     6.3    -3.4     1.4     1.2     0.0     6.23 C    10.2    -5.7     0.6    81.3    51.0    70.1   0.364   0.424   0.379   0.394 -99.000     6.6     7.4     8.3    11.1    13.2
54811 20171108  2.422  -88.85   41.84     7.0    -5.1     0.9    -0.2     0.0    11.37 C    10.9    -7.1    -0.9    87.5    47.5    73.8   0.355   0.419   0.377   0.395 -99.000     5.4     6.2     7.4    10.7    13.1
54811 20171109  2.422  -88.85   41.84     6.7    -7.8    -0.5     0.7     0.0     9.06 C     9.8    -8.4     0.2    81.3    42.4    60.0   0.347   0.418   0.373   0.395 -99.000     5.0     5.8     6.8    10.3    12.9
54811 20171110  2.422  -88.85   41.84    -0.4   -11.1    -5.8    -5.9     0.0     8.43 C     3.6   -12.0    -5.5    81.8    53.6    65.2   0.339   0.422   0.370   0.392 -99.000     3.2     4.4     5.9     9.8    12.7
54811 20171111  2.422  -88.85   41.84     1.6    -4.6    -1.5    -1.0     0.0     3.02 C     3.1    -5.2    -0.7    71.1    55.6    63.5   0.336   0.422   0.367   0.391 -99.000     3.0     3.7     5.1     9.2    12.4
54811 20171112  2.422  -88.85   41.84     2.2     0.2     1.2     1.0     4.8     1.60 C     3.0    -0.5     1.1    95.6    69.6    90.4   0.350   0.420   0.367   0.389 -99.000     4.0     4.4     5.3     8.8    12.2
54811 20171113  2.422  -88.85   41.84     3.4    -5.2    -0.9     0.4     0.0     2.67 C     4.7    -6.4     0.1    96.8    82.6    91.0   0.370   0.429   0.368   0.389 -99.000     4.1     4.6     5.4     8.7    11.9
54811 20171114  2.422  -88.85   41.84     7.8    -2.5     2.6     3.9     0.0     3.00 C     7.5    -4.4     3.4    94.5    69.3    81.9   0.370   0.430   0.368   0.388 -99.000     4.4     4.7     5.4     8.5    11.7
54811 20171115  2.422  -88.85   41.84    10.9    -0.3     5.3     5.8     6.9     3.07 C    10.9    -0.3     5.4    95.8    62.4    82.6   0.402   0.448   0.387   0.387 -99.000     5.8     5.9     6.1     8.6    11.5
54811 20171116  2.422  -88.85   41.84     1.7    -1.8     0.0     0.3     0.0     3.62 C     4.3    -2.7     0.5    82.1    70.4    76.1   0.388   0.449   0.386   0.392 -99.000     4.6     5.3     6.0     8.7    11.4
54811 20171117  2.422  -88.85   41.84     8.1    -0.7     3.7     2.6     2.2     2.24 C     7.8    -1.3     2.5    94.9    75.8    86.7   0.380   0.447   0.380   0.393 -99.000     4.4     4.8     5.6     8.5    11.3
54811 20171118  2.422  -88.85   41.84     7.5     0.3     3.9     3.2    11.0     0.41 C     7.3    -0.7     3.0    96.1    78.8    90.1   0.421   0.472   0.401   0.403 -99.000     5.0     5.3     5.8     8.4    11.1
54811 20171119  2.422  -88.85   41.84     1.3    -4.1    -1.4    -1.7     0.0     9.57 C     3.3    -6.4    -2.0    80.4    50.2    69.3   0.398   0.460   0.389   0.409 -99.000     3.6     4.4     5.4     8.3    11.0
54811 20171120  2.422  -88.85   41.84    12.2    -2.8     4.7     4.0     0.0     9.74 C    15.1    -4.9     3.4    83.0    45.6    67.0   0.389   0.449   0.382   0.402 -99.000     3.7     4.0     4.8     8.0    10.9
54811 20171121  2.422  -88.85   41.84     5.5    -6.4    -0.5     0.9     0.6     3.08 C     4.9    -7.9    -0.1    81.1    53.7    68.2   0.384   0.451   0.379   0.398 -99.000     4.1     4.6     5.2     7.9    10.7
54811 20171122  2.422  -88.85   41.84     0.1    -9.2    -4.6    -3.8     0.0     9.59 C     4.6   -10.3    -3.2    83.6    49.1    69.9   0.378   0.447   0.375   0.396 -99.000     2.4     3.4     4.4     7.8    10.6
54811 20171123  2.422  -88.85   41.84     7.2    -2.4     2.4     1.1     0.0     9.13 C    11.2    -4.8     0.8    81.4    44.2    65.0   0.377   0.447   0.372   0.393 -99.000     3.1     3.5     4.2     7.4    10.4
54811 20171124  2.422  -88.85   41.84    17.0    -1.3     7.8     7.7     0.0     8.91 C    18.9    -3.7     6.6    82.0    39.5    65.3   0.375   0.441   0.372   0.391 -99.000     3.9     4.0     4.5     7.3    10.3
54811 20171125  2.422  -88.85   41.84    10.1    -3.0     3.5     4.4     0.0     9.31 C    11.3    -5.0     3.4    86.5    39.4    69.1   0.373   0.443   0.372   0.391 -99.000     5.1     5.1     5.4     7.5    10.1
54811 20171126  2.422  -88.85   41.84    10.8    -5.7     2.6     2.5     0.0     8.94 C    13.0    -7.4     1.2    86.5    47.5    71.4   0.368   0.441   0.370   0.391 -99.000     3.9     4.4     5.1     7.6    10.1
54811 20171127  2.422  -88.85   41.84    13.0    -2.6     5.2     6.3     0.0     6.73 C    14.3    -4.4     5.4    92.0    49.5    69.9   0.365   0.440   0.369   0.389 -99.000     4.5     4.6     5.1     7.5    10.0
54811 20171128  2.422  -88.85   41.84    14.3     0.0     7.2     8.6     0.0     2.11 C    14.2    -2.2     7.0    68.4    45.5    57.9   0.360   0.436   0.369   0.388 -99.000     5.7     5.6     5.8     7.6     9.9
54811 20171129  2.422  -88.85   41.84     8.6    -3.5     2.5     3.1     0.0     9.07 C    10.4    -6.8     2.2    71.1    43.2    59.2   0.351   0.434   0.367   0.387 -99.000     4.7     5.1     5.7     7.8     9.9
54811 20171130  2.422  -88.85   41.84    11.3    -2.5     4.4     4.9     0.0     8.87 C    12.3    -4.5     3.9    78.1    36.1    57.4   0.345   0.431   0.367   0.386 -99.000     5.0     5.2     5.7     7.8     9.9
54811 20171201  2.422  -88.85   41.84    11.4    -6.1     2.7     2.3     0.0     8.94 C    16.2    -8.0     0.6    86.7    35.3    65.1   0.339   0.431   0.365   0.386 -99.000     4.1     4.6     5.3     7.8     9.8
54811 20171202  2.422  -88.85   41.84    12.9    -3.1     4.9     3.9     0.0     8.27 C    16.1    -5.6     2.4    81.9    39.0    65.0   0.332   0.429   0.364   0.385 -99.000     4.1     4.4     5.0     7.6     9.8
54811 20171203  2.422  -88.85   41.84    13.2    -5.8     3.7     5.1     0.0     8.21 C    14.6    -7.0     4.1    88.5    41.4    66.2   0.325   0.424   0.362   0.386 -99.000     4.0     4.2     4.9     7.4     9.8
54811 20171204  2.422  -88.85   41.84    16.8     4.7    10.8    12.6     7.0     2.45 C    17.8     3.6    12.1    90.8    59.1    68.8   0.330   0.422   0.364   0.385 -99.000     6.5     6.0     5.8     7.4     9.6
54811 20171205  2.422  -88.85   41.84     4.7    -4.3     0.2    -1.3     0.0     7.31 C     4.1    -5.8    -1.9    76.9    44.1    59.8   0.366   0.428   0.367   0.385 -99.000     4.5     5.4     6.2     7.9     9.6
54811 20171206  2.422  -88.85   41.84     0.9    -5.6    -2.4    -2.5     0.2     8.49 C     2.1    -6.6    -2.8    74.8    42.0    57.4   0.361   0.431   0.363   0.384 -99.000     2.3     3.2     4.4     7.6     9.6
54811 20171207  2.422  -88.85   41.84    -2.6    -9.4    -6.0    -6.6     0.2     6.81 C    -0.1   -10.4    -6.7    84.2    48.0    66.0   0.357   0.426   0.361   0.382 -99.000     1.3     2.2     3.5     7.0     9.6
54811 20171208  2.422  -88.85   41.84     2.2    -8.9    -3.3    -3.2     0.0     8.29 C     4.0   -10.3    -3.4    64.5    39.5    53.7   0.351   0.427   0.360   0.381 -99.000     0.8     1.6     2.8     6.5     9.4
54811 20171209  2.422  -88.85   41.84    -0.6    -9.3    -4.9    -3.8     0.6     4.54 C    -0.1   -10.5    -4.1    88.0    51.0    70.4   0.347   0.426   0.360   0.379 -99.000     0.8     1.4     2.5     6.1     9.2
54811 20171210  2.422  -88.85   41.84     1.3    -8.9    -3.8    -3.8     0.0     6.36 C     3.5   -10.5    -4.0    84.2    56.1    69.9   0.351   0.424   0.359   0.380 -99.000     0.6     1.3     2.3     5.8     9.0
54811 20171211  2.422  -88.85   41.84     3.4    -9.6    -3.1    -1.7     1.4     3.81 C     5.9   -10.8    -1.8    92.2    60.5    79.6   0.347   0.423   0.357   0.378 -99.000     0.5     1.2     2.1     5.5     8.8
54811 20171212  2.422  -88.85   41.84    -1.7   -11.3    -6.5    -7.7     0.0     7.55 C    -2.7   -12.5    -8.1    75.4    62.0    69.4 -99.000   0.421   0.356   0.378 -99.000     0.4     1.1     2.0     5.3     8.6
54811 20171213  2.422  -88.85   41.84     3.3    -6.2    -1.5    -2.5     0.2     1.91 C     3.2    -6.4    -2.7    86.1    64.3    70.7 -99.000   0.416   0.355   0.377 -99.000     0.2     0.9     1.8     5.1     8.5
54811 20171214  2.422  -88.85   41.84    -3.4   -11.7    -7.6    -7.6     0.0     7.30 C     1.6   -12.6    -7.8    81.4    49.3    70.4 -99.000   0.421   0.355   0.376 -99.000     0.1     0.8     1.7     5.0     8.3
54811 20171215  2.422  -88.85   41.84     1.6    -5.5    -1.9    -1.7     0.0     3.88 C     2.9    -5.7    -1.7    76.6    55.5    66.0 -99.000   0.400   0.355   0.375 -99.000     0.0     0.6     1.5     4.8     8.2
54811 20171216  2.422  -88.85   41.84     8.6    -4.5     2.0     1.4     0.0     7.66 C    11.8    -7.6    -0.1    85.7    41.7    62.3 -99.000   0.414   0.356   0.375 -99.000     0.1     0.7     1.5     4.6     8.0
54811 20171217  2.422  -88.85   41.84     4.6    -4.4     0.1     1.3     0.0     1.89 C     6.3    -7.1     0.8    94.6    68.4    83.5 -99.000   0.413   0.356   0.375 -99.000     0.2     0.7     1.5     4.6     7.9
54811 20171218  2.422  -88.85   41.84     6.3     0.7     3.5     4.0     0.9     5.20 C     7.2    -2.1     2.9    95.1    67.5    86.0   0.309   0.415   0.356   0.375 -99.000     0.5     0.9     1.6     4.6     7.7
54811 20171219  2.422  -88.85   41.84     9.6    -1.4     4.1     3.7     0.0     5.89 C    11.6    -3.7     2.4    85.4    32.7    65.4   0.331   0.413   0.357   0.376 -99.000     1.5     1.5     2.0     4.6     7.6
54811 20171220  2.422  -88.85   41.84     2.0    -6.4    -2.2    -2.1     0.0     5.88 C     4.8    -8.1    -2.2    87.2    38.3    62.3   0.334   0.423   0.356   0.375 -99.000     1.3     1.6     2.2     4.7     7.6
54811 20171221  2.422  -88.85   41.84     2.7    -4.0    -0.7     0.5     0.0     1.56 C     3.2    -4.3     0.4    87.2    56.8    71.6   0.332   0.420   0.359   0.375 -99.000     1.2     1.4     2.1     4.7     7.5
54811 20171222  2.422  -88.85   41.84     2.1    -0.6     0.7     0.8     0.2     1.38 C     3.3    -0.9     0.9    91.7    73.7    84.7   0.331   0.414   0.361   0.375 -99.000     1.9     2.0     2.4     4.7     7.5
54811 20171223  2.422  -88.85   41.84    -0.6    -9.8    -5.2    -4.9     0.0     6.25 C     0.7   -11.4    -5.0    86.3    62.5    75.8   0.329   0.425   0.360   0.375 -99.000     1.4     1.8     2.4     4.8     7.4
54811 20171224  2.422  -88.85   41.84    -7.0   -10.7    -8.9    -8.0     4.2     3.48 C    -5.2   -13.0    -7.8    86.5    70.5    81.4   0.329   0.419   0.360   0.374 -99.000     0.6     1.2     2.0     4.8     7.4
54811 20171225  2.422  -88.85   41.84   -10.1   -18.8   -14.5   -13.2     0.0     8.42 C    -8.3   -20.6   -14.1    82.4    59.1    71.6 -99.000   0.416   0.360   0.374 -99.000     0.2     0.8     1.6     4.6     7.3
54811 20171226  2.422  -88.85   41.84   -16.2   -21.2   -18.7   -19.0     0.0     5.44 C   -14.5   -23.1   -19.8    73.3    59.2    66.3 -99.000 -99.000   0.359   0.375 -99.000    -0.4     0.4     1.3     4.4     7.3
54811 20171227  2.422  -88.85   41.84   -15.7   -24.9   -20.3   -20.6     0.0     8.53 C   -12.9   -26.8   -21.5    77.5    63.1    72.9 -99.000 -99.000   0.356   0.373 -99.000    -1.2     0.0     0.9     4.2     7.2
54811 20171228  2.422  -88.85   41.84   -12.2   -20.7   -16.5   -14.7     1.0     3.83 C   -10.1   -21.5   -14.2    83.5    63.6    75.8 -99.000 -99.000   0.360   0.372 -99.000    -1.4    -0.4     0.6     3.9     7.1
54811 20171229  2.422  -88.85   41.84   -10.4   -15.3   -12.9   -11.6     3.2     3.81 C    -7.6   -17.4   -11.0    86.5    77.9    83.5 -99.000 -99.000   0.374   0.371 -99.000    -1.1    -0.4     0.4     3.7     7.0
54811 20171230  2.422  -88.85   41.84   -11.4   -22.1   -16.8   -17.1     0.0     8.40 C   -11.2   -23.6   -16.8    83.7    63.5    70.4 -99.000 -99.000   0.375   0.370 -99.000    -1.4    -0.5     0.4     3.6     6.8
54811 20171231  2.422  -88.85   41.84   -13.7   -22.1   -17.9   -18.2     0.0     8.52 C   -12.1   -23.7   -18.2    75.9    63.4    68.8 -99.000 -99.000   0.374   0.371 -99.000    -2.2    -0.9     0.3     3.4     6.7
