92827 20170101  2.422  -81.37   27.15    28.9    11.1    20.0    20.1 -9999.0    13.32 C    41.5     8.6    20.6 -9999.0 -9999.0 -9999.0 -99.000 -99.000 -99.000 -99.000 -99.000 -9999.0 -9999.0 -9999.0 -9999.0 -9999.0
92827 20170102  2.422  -81.37   27.15    29.9    17.2    23.6    22.5     0.0    11.05 C    40.4    13.8    22.8 -9999.0 -9999.0 -9999.0 -99.000 -99.000 -99.000 -99.000 -99.000 -9999.0 -9999.0 -9999.0 -9999.0 -9999.0
92827 20170103  2.422  -81.37   27.15    30.1    18.6    24.4    23.2     0.0    11.71 C    40.4    16.3    24.2 -9999.0 -9999.0 -9999.0 -99.000 -99.000 -99.000 -99.000 -99.000 -9999.0 -9999.0 -9999.0 -9999.0 -9999.0
92827 20170104  2.422  -81.37   27.15    27.5    11.5    19.5    21.2 -9999.0     9.91 C    34.4     8.3    21.2 -9999.0 -9999.0 -9999.0 -99.000 -99.000 -99.000 -99.000 -99.000 -9999.0 -9999.0 -9999.0 -9999.0 -9999.0
92827 20170105  2.422  -81.37   27.15    25.4     9.7    17.5    17.2 -9999.0    14.43 C    36.8     7.7    18.0 -9999.0 -9999.0 -9999.0 -99.000 -99.000 -99.000 -99.000 -99.000 -9999.0 -9999.0 -9999.0 -9999.0 -9999.0
92827 20170106  2.422  -81.37   27.15    28.0    10.2    19.1    19.3 -9999.0    14.39 C    37.9     7.5    20.5 -9999.0 -9999.0 -9999.0 -99.000 -99.000 -99.000 -99.000 -99.000 -9999.0 -9999.0 -9999.0 -9999.0 -9999.0
92827 20170107  2.422  -81.37   27.15    25.8     6.7    16.2    17.3 -9999.0     3.61 C    29.4     6.1    17.1 -9999.0 -9999.0 -9999.0 -99.000 -99.000 -99.000 -99.000 -99.000 -9999.0 -9999.0 -9999.0 -9999.0 -9999.0
92827 20170108  2.422  -81.37   27.15    14.6     3.0     8.8     8.3 -9999.0    16.39 C    23.4     2.3     9.5 -9999.0 -9999.0 -9999.0 -99.000 -99.000 -99.000 -99.000 -99.000 -9999.0 -9999.0 -9999.0 -9999.0 -9999.0
92827 20170109  2.422  -81.37   27.15    21.3     6.7    14.0    12.6 -9999.0    14.99 C    31.8     5.2    13.3 -9999.0 -9999.0 -9999.0 -99.000 -99.000 -99.000 -99.000 -99.000 -9999.0 -9999.0 -9999.0 -9999.0 -9999.0
92827 20170110  2.422  -81.37   27.15    21.5     9.4    15.5    14.9     0.0     9.72 C    32.5     6.8    15.5 -9999.0 -9999.0 -9999.0 -99.000 -99.000 -99.000 -99.000 -99.000 -9999.0 -9999.0 -9999.0 -9999.0 -9999.0
92827 20170111  2.422  -81.37   27.15    26.0     9.4    17.7    17.0 -9999.0    12.87 C    36.6     6.0    17.0 -9999.0 -9999.0 -9999.0 -99.000 -99.000 -99.000 -99.000 -99.000 -9999.0 -9999.0 -9999.0 -9999.0 -9999.0
92827 20170112  2.422  -81.37   27.15    27.6    12.6    20.1    18.9 -9999.0    15.06 C    39.6     8.5    19.4 -9999.0 -9999.0 -9999.0 -99.000 -99.000 -99.000 -99.000 -99.000 -9999.0 -9999.0 -9999.0 -9999.0 -9999.0
92827 20170113  2.422  -81.37   27.15    26.9    14.9    20.9    19.7     0.0    10.76 C    36.0    11.2    19.9 -9999.0 -9999.0 -9999.0 -99.000 -99.000 -99.000 -99.000 -99.000 -9999.0 -9999.0 -9999.0 -9999.0 -9999.0
92827 20170114  2.422  -81.37   27.15    26.5    12.9    19.7    19.1     0.0     8.93 C    38.6     8.6    19.1 -9999.0 -9999.0 -9999.0 -99.000 -99.000 -99.000 -99.000 -99.000 -9999.0 -9999.0 -9999.0 -9999.0 -9999.0
92827 20170115  2.422  -81.37   27.15    27.5    12.2    19.9    19.7     0.0    13.62 C    40.9     8.6    20.6 -9999.0 -9999.0 -9999.0 -99.000 -99.000 -99.000 -99.000 -99.000 -9999.0 -9999.0 -9999.0 -9999.0 -9999.0
92827 20170116  2.422  -81.37   27.15    26.3    14.3    20.3    19.4 -9999.0     8.51 C    35.9    11.2    19.3 -9999.0 -9999.0 -9999.0 -99.000 -99.000 -99.000 -99.000 -99.000 -9999.0 -9999.0 -9999.0 -9999.0 -9999.0
92827 20170117  2.422  -81.37   27.15    27.8    13.8    20.8    20.5     0.0    13.94 C    39.6    11.0    20.9 -9999.0 -9999.0 -9999.0 -99.000 -99.000 -99.000 -99.000 -99.000 -9999.0 -9999.0 -9999.0 -9999.0 -9999.0
92827 20170118  2.422  -81.37   27.15    27.4    11.2    19.3    18.8 -9999.0    14.00 C    41.3     8.8    19.0 -9999.0 -9999.0 -9999.0 -99.000 -99.000 -99.000 -99.000 -99.000 -9999.0 -9999.0 -9999.0 -9999.0 -9999.0
92827 20170119  2.422  -81.37   27.15    28.0    10.5    19.2    19.1 -9999.0    15.40 C    40.7     8.3    19.9 -9999.0 -9999.0 -9999.0 -99.000 -99.000 -99.000 -99.000 -99.000 -9999.0 -9999.0 -9999.0 -9999.0 -9999.0
92827 20170120  2.422  -81.37   27.15    28.5    10.4    19.4    19.6 -9999.0    15.51 C    39.9     8.0    20.4 -9999.0 -9999.0 -9999.0 -99.000 -99.000 -99.000 -99.000 -99.000 -9999.0 -9999.0 -9999.0 -9999.0 -9999.0
92827 20170121  2.422  -81.37   27.15    29.3    15.3    22.3    21.1     0.0    15.78 C    39.4    11.9    21.9 -9999.0 -9999.0 -9999.0 -99.000 -99.000 -99.000 -99.000 -99.000 -9999.0 -9999.0 -9999.0 -9999.0 -9999.0
92827 20170122  2.422  -81.37   27.15    29.6    18.1    23.9    23.6     0.0    11.09 C    35.8    16.7    24.1 -9999.0 -9999.0 -9999.0 -99.000 -99.000 -99.000 -99.000 -99.000 -9999.0 -9999.0 -9999.0 -9999.0 -9999.0
92827 20170123  2.422  -81.37   27.15    23.4    14.2    18.8    19.0     0.9    12.25 C    29.1    12.3    18.8 -9999.0 -9999.0 -9999.0 -99.000 -99.000 -99.000 -99.000 -99.000 -9999.0 -9999.0 -9999.0 -9999.0 -9999.0
92827 20170124  2.422  -81.37   27.15    24.9    10.2    17.6    16.5 -9999.0    17.03 C    32.7     5.1    16.4 -9999.0 -9999.0 -9999.0 -99.000 -99.000 -99.000 -99.000 -99.000 -9999.0 -9999.0 -9999.0 -9999.0 -9999.0
92827 20170125  2.422  -81.37   27.15    26.8     5.6    16.2    16.2 -9999.0    17.27 C    38.0     4.1    17.7 -9999.0 -9999.0 -9999.0 -99.000 -99.000 -99.000 -99.000 -99.000 -9999.0 -9999.0 -9999.0 -9999.0 -9999.0
92827 20170126  2.422  -81.37   27.15    28.0    14.6    21.3    21.0     0.0    13.04 C    36.5    10.5    21.4 -9999.0 -9999.0 -9999.0 -99.000 -99.000 -99.000 -99.000 -99.000 -9999.0 -9999.0 -9999.0 -9999.0 -9999.0
92827 20170127  2.422  -81.37   27.15    23.4     8.5    15.9    17.9 -9999.0    10.51 C    37.4     4.9    19.6 -9999.0 -9999.0 -9999.0 -99.000 -99.000 -99.000 -99.000 -99.000 -9999.0 -9999.0 -9999.0 -9999.0 -9999.0
92827 20170128  2.422  -81.37   27.15    17.4     3.9    10.7    11.4 -9999.0    10.61 C    30.9     1.4    12.7 -9999.0 -9999.0 -9999.0 -99.000 -99.000 -99.000 -99.000 -99.000 -9999.0 -9999.0 -9999.0 -9999.0 -9999.0
92827 20170129  2.422  -81.37   27.15    14.9     7.8    11.3    10.9     3.7     5.00 C    19.5     5.7    11.6 -9999.0 -9999.0 -9999.0 -99.000 -99.000 -99.000 -99.000 -99.000 -9999.0 -9999.0 -9999.0 -9999.0 -9999.0
92827 20170130  2.422  -81.37   27.15    18.7     3.1    10.9    11.5 -9999.0    18.16 C    31.1    -0.4    12.1 -9999.0 -9999.0 -9999.0 -99.000 -99.000 -99.000 -99.000 -99.000 -9999.0 -9999.0 -9999.0 -9999.0 -9999.0
92827 20170131  2.422  -81.37   27.15    21.5     0.6    11.0    11.1 -9999.0    18.25 C    35.0    -1.5    11.8 -9999.0 -9999.0 -9999.0 -99.000 -99.000 -99.000 -99.000 -99.000 -9999.0 -9999.0 -9999.0 -9999.0 -9999.0
92827 20170201  2.422  -81.37   27.15    25.8     4.4    15.1    15.1 -9999.0    17.99 C    38.1     1.3    16.0 -9999.0 -9999.0 -9999.0 -99.000 -99.000 -99.000 -99.000 -99.000 -9999.0 -9999.0 -9999.0 -9999.0 -9999.0
92827 20170202  2.422  -81.37   27.15    27.4     8.6    18.0    17.1 -9999.0    15.40 C    42.1     5.9    17.8 -9999.0 -9999.0 -9999.0 -99.000 -99.000 -99.000 -99.000 -99.000 -9999.0 -9999.0 -9999.0 -9999.0 -9999.0
92827 20170203  2.422  -81.37   27.15    28.0    10.2    19.1    18.0 -9999.0    15.12 C    43.0     8.1    19.4 -9999.0 -9999.0 -9999.0 -99.000 -99.000 -99.000 -99.000 -99.000 -9999.0 -9999.0 -9999.0 -9999.0 -9999.0
92827 20170204  2.422  -81.37   27.15    27.1    11.1    19.1    18.1 -9999.0    17.35 C    40.0     7.4    19.3 -9999.0 -9999.0 -9999.0 -99.000 -99.000 -99.000 -99.000 -99.000 -9999.0 -9999.0 -9999.0 -9999.0 -9999.0
92827 20170205  2.422  -81.37   27.15    27.1    13.1    20.1    18.6     0.2    15.90 C    42.5     9.8    21.1 -9999.0 -9999.0 -9999.0 -99.000 -99.000 -99.000 -99.000 -99.000 -9999.0 -9999.0 -9999.0 -9999.0 -9999.0
92827 20170206  2.422  -81.37   27.15    28.7    14.3    21.5    20.4     0.0    15.90 C    43.7    12.3    22.1 -9999.0 -9999.0 -9999.0 -99.000 -99.000 -99.000 -99.000 -99.000 -9999.0 -9999.0 -9999.0 -9999.0 -9999.0
92827 20170207  2.422  -81.37   27.15 -9999.0 -9999.0 -9999.0 -9999.0     0.0 -9999.00 U -9999.0 -9999.0 -9999.0 -9999.0 -9999.0 -9999.0 -99.000 -99.000 -99.000 -99.000 -99.000 -9999.0 -9999.0 -9999.0 -9999.0 -9999.0
92827 20170208  2.422  -81.37   27.15    29.9    14.5    22.2    21.8     0.8    16.17 C    41.0    12.6    23.2    98.9    45.7    81.2   0.038 -99.000 -99.000   0.040 -99.000    22.2    22.2    21.7    20.7    21.9
92827 20170209  2.422  -81.37   27.15    29.7    11.0    20.4    21.6     0.0    14.56 C    40.8     6.2    22.3    98.4    39.7    75.2   0.031 -99.000 -99.000   0.041 -99.000    22.6    22.6    22.1    21.0    21.9
92827 20170210  2.422  -81.37   27.15    25.3    11.4    18.4    17.0     0.0    18.78 C    39.2     5.9    18.4    85.1    27.1    52.3   0.029 -99.000 -99.000   0.052 -99.000    21.0    21.4    21.2    20.9    22.1
92827 20170211  2.422  -81.37   27.15    27.6     7.6    17.6    17.4     0.0    18.48 C    43.5     4.4    18.9    97.4    34.7    67.2   0.028 -99.000 -99.000   0.065 -99.000    20.9    21.1    20.9    20.6    22.1
92827 20170212  2.422  -81.37   27.15    28.3     8.9    18.6    18.3     0.0    18.70 C    44.6     6.1    20.3    99.4    32.6    70.7   0.028 -99.000 -99.000   0.039 -99.000    21.2    21.4    21.0    20.6    22.1
92827 20170213  2.422  -81.37   27.15    28.9    10.2    19.5    19.1     0.0    13.05 C    45.1     7.2    20.5    99.3    42.0    79.5   0.028 -99.000 -99.000   0.039 -99.000    21.4    21.5    21.1    20.7    22.1
92827 20170214  2.422  -81.37   27.15    28.7    11.7    20.2    20.3     0.0    15.24 C    46.8     9.9    23.0    99.1    44.6    78.2   0.028 -99.000 -99.000   0.037 -99.000    22.2    22.2    21.6    20.8    22.1
92827 20170215  2.422  -81.37   27.15    29.0    16.5    22.8    21.6     0.2    15.90 C    38.0    16.2    23.2    98.6    41.9    80.4   0.027 -99.000 -99.000   0.035 -99.000    22.8    22.7    22.1    21.1    22.2
92827 20170216  2.422  -81.37   27.15    24.0     6.7    15.3    17.4     0.0    17.53 C    37.7     1.3    19.4    93.9    37.6    67.3   0.026 -99.000 -99.000   0.035 -99.000    22.4    22.5    22.2 -9999.0    22.4
92827 20170217  2.422  -81.37   27.15    26.6     3.1    14.8    14.9     0.0    19.78 C    43.2    -1.3    16.7    99.8    18.6    60.7   0.024 -99.000 -99.000   0.035 -99.000    20.5    20.9    21.0 -9999.0    22.4
92827 20170218  2.422  -81.37   27.15    28.1     9.9    19.0    19.8     0.0    13.17 C    44.7     7.6    21.4    91.0    46.2    73.3   0.024 -99.000 -99.000   0.034 -99.000    21.4    21.5    21.1 -9999.0    22.4
92827 20170219  2.422  -81.37   27.15    29.9    12.5    21.2    21.6     0.0    12.97 C    45.1     9.4    22.8    99.2    41.0    79.5   0.025 -99.000 -99.000   0.033 -99.000    22.9    22.8    22.1 -9999.0    22.4
92827 20170220  2.422  -81.37   27.15    29.6     9.6    19.6    20.0     0.0    19.48 C    46.3     7.3    23.0    99.5    33.5    72.2   0.022 -99.000 -99.000   0.032 -99.000    22.3    22.4    21.9    21.1 -9999.0
92827 20170221  2.422  -81.37   27.15    26.6    14.4    20.5    20.2     0.0    12.35 C    41.9    10.5    21.4    98.2    43.8    73.7   0.013 -99.000 -99.000   0.031 -99.000    22.6    22.7    22.2    21.3    22.5
92827 20170222  2.422  -81.37   27.15    22.2    12.6    17.4    17.8    21.7     5.85 C    27.9    11.1    17.6    99.0    65.7    90.5   0.037 -99.000 -99.000   0.056 -99.000    21.5    21.8    21.7    21.2    22.6
92827 20170223  2.422  -81.37   27.15    24.5    11.6    18.0    17.5     0.0    17.19 C    43.2    11.1    21.1    99.2    56.7    85.1   0.046 -99.000 -99.000   0.064 -99.000    21.1    21.2    21.3    20.7    22.5
92827 20170224  2.422  -81.37   27.15    29.7    15.3    22.5    21.5     0.0    15.02 C    46.8    13.0    24.0    98.9    45.3    78.8   0.045 -99.000 -99.000   0.057 -99.000    22.3    22.3    21.9    20.9 -9999.0
92827 20170225  2.422  -81.37   27.15    29.2    12.9    21.0    19.8     0.0    16.94 C    44.0    11.2    21.8    99.1    45.6    78.1   0.044 -99.000 -99.000   0.055 -99.000    22.3    22.4    22.1    21.1    22.5
92827 20170226  2.422  -81.37   27.15    28.4    13.2    20.8    19.7     0.0    20.87 C    43.9    10.5    22.3    99.4    29.9    66.8   0.043 -99.000 -99.000   0.052 -99.000    22.2    22.4    22.0    21.1    22.6
92827 20170227  2.422  -81.37   27.15    30.0    15.3    22.6    22.2     0.0    16.47 C    44.1    13.3    23.8    96.5    38.1    69.7   0.042 -99.000 -99.000   0.049 -99.000    22.7    22.7    22.2    21.2 -9999.0
92827 20170228  2.422  -81.37   27.15    29.6    17.3    23.5    22.8     0.0    15.76 C    43.5    14.1    24.2    99.0    44.5    79.5   0.041 -99.000 -99.000   0.050 -99.000    23.2    23.3    22.7    21.4 -9999.0
92827 20170301  2.422  -81.37   27.15    30.4    12.9    21.7    22.4     0.0    18.44 C    49.5    11.4    25.5    99.2    39.4    75.7   0.039 -99.000 -99.000   0.048 -99.000    23.7    23.6    22.9    21.7    22.8
92827 20170302  2.422  -81.37   27.15    31.0    16.3    23.6    23.6     0.0    15.94 C    47.7    14.7    26.3    99.0    41.7    73.1   0.038 -99.000 -99.000   0.047 -99.000    24.4    24.4    23.6    22.1    22.8
92827 20170303  2.422  -81.37   27.15    26.5    14.9    20.7    19.6     0.0    17.32 C    42.2    12.4    21.8    84.9    35.7    58.5   0.035 -99.000 -99.000   0.045 -99.000    23.7    23.9    23.4    22.3    23.0
92827 20170304  2.422  -81.37   27.15    25.9    12.2    19.1    18.4     0.0    20.04 C    41.8     8.5    20.4    75.6    30.1    50.0   0.032 -99.000 -99.000   0.045 -99.000    22.6    22.8    22.6    21.9    23.0
92827 20170305  2.422  -81.37   27.15    25.1    13.3    19.2    18.4     0.0    15.32 C    39.3     9.9    19.4    86.7    30.5    59.8   0.030 -99.000 -99.000   0.043 -99.000    22.3    22.5    22.3    21.7    23.0
92827 20170306  2.422  -81.37   27.15    26.0    12.9    19.5    18.4     0.0    17.80 C    40.9     9.5    19.8    80.9    32.8    60.0   0.028 -99.000 -99.000   0.042 -99.000    22.0    22.1    22.0    21.4    23.0
92827 20170307  2.422  -81.37   27.15    26.2    13.0    19.6    19.5     0.0    14.07 C    40.2    10.7    21.2    88.8    44.7    70.8   0.027 -99.000 -99.000   0.042 -99.000    22.1    22.3    22.0    21.2    22.8
92827 20170308  2.422  -81.37   27.15    28.1    13.2    20.6    20.7     0.0    13.20 C    48.3    10.0    22.9    98.9    39.7    73.1   0.026 -99.000 -99.000   0.043 -99.000    22.8    22.8    22.4    21.4    22.8
92827 20170309  2.422  -81.37   27.15    29.5    11.9    20.7    21.2     0.0    18.36 C    51.6     9.9    24.3    98.9    36.6    67.5   0.025 -99.000 -99.000   0.040 -99.000    23.2    23.2    22.7    21.5    22.8
92827 20170310  2.422  -81.37   27.15    30.0    14.2    22.1    21.2     0.0    19.33 C    48.5    13.0    24.0    98.8    31.8    66.6   0.024 -99.000 -99.000   0.040 -99.000    23.7    23.7    23.1    21.8    23.0
92827 20170311  2.422  -81.37   27.15    31.1    12.9    22.0    21.3     0.0    21.38 C    49.3     9.9    24.9    99.1    21.7    65.9   0.022 -99.000 -99.000   0.040 -99.000    23.8    23.8    23.2    21.9    23.0
92827 20170312  2.422  -81.37   27.15    28.4    14.4    21.4    19.9     0.0    12.67 C    49.0    11.2    21.7    98.5    42.5    78.3   0.020 -99.000 -99.000   0.038 -99.000    23.6    23.6    23.3    22.1    23.1
92827 20170313  2.422  -81.37   27.15    27.2    16.2    21.7    21.2    21.2    11.57 C    40.6    14.3    23.1    98.2    48.7    78.6   0.030 -99.000 -99.000   0.039 -99.000    23.3    23.4    23.1    22.0    23.3
92827 20170314  2.422  -81.37   27.15    23.3     9.6    16.4    18.0     0.0    20.60 C    36.8     5.8    20.0    95.7    38.9    71.4   0.061 -99.000 -99.000   0.074 -99.000    22.3    22.6    22.7    21.9    23.3
92827 20170315  2.422  -81.37   27.15    19.1     5.2    12.2    11.4     0.0    23.45 C    38.4     1.5    14.9    96.7    32.4    66.2   0.052 -99.000 -99.000   0.064 -99.000    20.5    21.0    21.5    21.2    23.2
92827 20170316  2.422  -81.37   27.15    20.1     3.4    11.7    11.3     0.0    24.53 C    39.2    -0.3    14.7    91.2    13.8    46.6   0.049 -99.000 -99.000   0.060 -99.000    19.8    20.1    20.5    20.5    22.9
92827 20170317  2.422  -81.37   27.15    24.0     5.4    14.7    15.0     0.0    22.74 C    43.6     1.3    18.1    85.4    25.3    53.8   0.047 -99.000 -99.000   0.057 -99.000    20.2    20.4    20.4    20.1    22.7
92827 20170318  2.422  -81.37   27.15    26.1     7.0    16.6    16.9     0.0    23.75 C    47.0     3.2    20.2    94.2    20.7    59.4   0.046 -99.000 -99.000   0.054 -99.000    21.1    21.2    20.9    20.2    22.5
92827 20170319  2.422  -81.37   27.15    28.1     7.7    17.9    17.6     0.0    22.41 C    42.7     4.9    19.9    99.6    16.6    66.7   0.044 -99.000 -99.000   0.052 -99.000    21.4    21.6    21.3    20.5    22.5
92827 20170320  2.422  -81.37   27.15    26.3     5.9    16.1    16.5     0.0    24.12 C    46.3     1.4    19.8    98.8    27.8    63.6   0.042 -99.000 -99.000   0.051 -99.000    21.7    21.8    21.4    20.6    22.5
92827 20170321  2.422  -81.37   27.15    28.4     8.0    18.2    18.1     0.0    23.92 C    48.4     5.1    22.3    96.8    22.8    64.5   0.040 -99.000 -99.000   0.049 -99.000    22.3    22.3    21.7    20.8    22.5
92827 20170322  2.422  -81.37   27.15    29.5    10.7    20.1    19.7     0.0    23.28 C    47.8     7.8    24.0    99.4    33.0    72.1   0.038 -99.000 -99.000   0.047 -99.000    23.0    23.0    22.4    21.1    22.6
92827 20170323  2.422  -81.37   27.15    30.1    15.5    22.8    21.4     0.7    20.69 C    47.2    13.7    24.3    97.6    39.4    76.7   0.036 -99.000 -99.000   0.047 -99.000    23.8    23.7    23.0    21.6    22.7
92827 20170324  2.422  -81.37   27.15    27.6    15.2    21.4    20.4     0.0    19.02 C    43.7    13.7    22.3    93.2    41.1    70.2   0.033 -99.000 -99.000   0.046 -99.000    23.2    23.3    23.0    21.8    22.8
92827 20170325  2.422  -81.37   27.15    28.5    14.3    21.4    20.8     0.0    20.18 C    49.5    12.1    23.5    94.1    36.3    67.9   0.031 -99.000 -99.000   0.045 -99.000    23.4    23.4    22.9    21.7    23.0
92827 20170326  2.422  -81.37   27.15    28.8    14.9    21.9    20.7     0.0    15.53 C    48.5    12.4    23.5    96.4    42.8    75.3   0.029 -99.000 -99.000   0.045 -99.000    23.7    23.7    23.2    21.9    23.0
92827 20170327  2.422  -81.37   27.15    29.5    11.1    20.3    20.3     0.0    20.35 C    51.2     8.7    23.5    99.1    32.0    69.0   0.028 -99.000 -99.000   0.045 -99.000    23.7    23.7    23.2    22.0    23.0
92827 20170328  2.422  -81.37   27.15    30.6    10.8    20.7    21.3     0.0    23.88 C    51.3     8.8    25.8    99.2    29.4    66.2   0.026 -99.000 -99.000   0.042 -99.000    24.2    24.1    23.4    22.0    23.3
92827 20170329  2.422  -81.37   27.15    32.2    16.1    24.1    23.5     0.0    23.46 C    52.5    12.5    27.2    98.7    26.8    63.9   0.023 -99.000 -99.000   0.040 -99.000    25.0    24.9    24.0    22.4    23.3
92827 20170330  2.422  -81.37   27.15    31.0    15.0    23.0    22.9     0.0    20.82 C    49.7    12.3    25.6    97.0    33.6    65.4   0.023 -99.000 -99.000   0.040 -99.000    25.2    25.2    24.4    22.7    23.4
92827 20170331  2.422  -81.37   27.15    28.3    17.3    22.8    22.1     0.0    10.50 C    39.2    14.1    22.5    98.4    48.8    78.7   0.020 -99.000 -99.000   0.040 -99.000    24.5    24.6    24.2    22.8    23.6
92827 20170401  2.422  -81.37   27.15    31.7    14.1    22.9    22.3     0.0    18.52 C    53.0    12.6    25.8    99.1    43.6    76.8   0.020 -99.000 -99.000   0.039 -99.000    24.6    24.6    24.1    22.6    23.7
92827 20170402  2.422  -81.37   27.15    33.4    16.2    24.8    23.7    14.4    17.33 C    52.1    14.8    27.3    98.9    35.8    79.7   0.037 -99.000 -99.000   0.036 -99.000    25.3    25.3    24.6    22.9    23.7
92827 20170403  2.422  -81.37   27.15    32.4    20.9    26.7    25.8     0.0    20.06 C    46.8    19.0    27.8    97.6    43.2    73.5   0.061 -99.000 -99.000   0.059 -99.000    25.6    25.6    25.0    23.2    23.7
92827 20170404  2.422  -81.37   27.15    34.0    19.4    26.7    25.4     0.0    21.43 C    50.7    17.3    28.3    95.6    35.6    73.4   0.055 -99.000 -99.000   0.063 -99.000    25.8    25.8    25.2    23.4    23.9
92827 20170405  2.422  -81.37   27.15    34.6    18.4    26.5    25.5     0.0    22.21 C    51.4    16.1    28.3    98.7    36.8    73.2   0.051 -99.000 -99.000   0.061 -99.000    26.3    26.3    25.6    23.6    24.0
92827 20170406  2.422  -81.37   27.15    30.9    10.7    20.8    22.8     0.0    16.42 C    46.6     7.3    24.6    97.7    25.2    71.0   0.047 -99.000 -99.000   0.059 -99.000    26.1    26.2    25.7    23.9    24.2
92827 20170407  2.422  -81.37   27.15    24.9     7.8    16.4    15.8     0.0    24.42 C    44.5     3.4    19.0    93.9    22.1    52.8   0.042 -99.000 -99.000   0.055 -99.000    24.0    24.3    24.4    23.4    24.3
92827 20170408  2.422  -81.37   27.15    24.9     4.6    14.7    15.9     0.0    27.01 C    47.5     0.5    19.8    89.1    16.2    46.5   0.038 -99.000 -99.000   0.055 -99.000    23.3    23.5    23.5    22.8    24.2
92827 20170409  2.422  -81.37   27.15    28.9     7.7    18.3    19.3     0.0    23.34 C    51.4     5.4    22.5    91.6    29.3    57.0   0.035 -99.000 -99.000   0.053 -99.000    23.8    23.9    23.5    22.6    24.0
92827 20170410  2.422  -81.37   27.15    29.4    11.0    20.2    20.4     0.0    19.76 C    49.2     8.0    22.4    93.5    37.0    65.9   0.033 -99.000 -99.000   0.051 -99.000    24.0    24.1    23.7    22.6    23.9
92827 20170411  2.422  -81.37   27.15    29.5    11.1    20.3    20.6     0.0    20.26 C    51.0     7.6    23.1    94.7    35.7    64.3   0.029 -99.000 -99.000   0.048 -99.000    24.2    24.3    23.9    22.6    23.9
92827 20170412  2.422  -81.37   27.15    27.7    12.7    20.2    20.1     0.2    14.92 C    43.8     8.9    22.0    95.6    47.7    77.8   0.027 -99.000 -99.000   0.046 -99.000    23.9    24.0    23.8    22.6    23.9
92827 20170413  2.422  -81.37   27.15    29.0    16.3    22.6    21.9     0.0    17.47 C    49.7    13.4    24.2    96.2    39.6    67.5   0.026 -99.000 -99.000   0.045 -99.000    24.4    24.4    24.0    22.6    23.9
92827 20170414  2.422  -81.37   27.15    30.4    12.8    21.6    21.9     0.0    20.23 C    47.2     9.8    24.6    96.3    28.7    65.7   0.025 -99.000 -99.000   0.044 -99.000    24.4    24.4    24.1    22.6    23.9
92827 20170415  2.422  -81.37   27.15    30.3    15.4    22.9    22.4     0.0    22.62 C    46.9    12.6    25.1    92.6    33.3    65.9   0.024 -99.000 -99.000   0.041 -99.000    24.9    24.9    24.3    22.7    23.9
92827 20170416  2.422  -81.37   27.15    30.7    14.9    22.8    22.0     0.0    22.99 C    51.6    12.9    25.5    91.5    31.4    64.3   0.022 -99.000 -99.000   0.040 -99.000    25.3    25.2    24.6    23.0    24.0
92827 20170417  2.422  -81.37   27.15    30.0    13.8    21.9    21.8     0.0    18.08 C    50.8    11.8    24.7    97.9    35.4    70.3   0.021 -99.000 -99.000   0.038 -99.000    25.2    25.2    24.8    23.2    24.2
92827 20170418  2.422  -81.37   27.15    29.7    17.9    23.8    23.3     0.0    15.57 C    46.3    15.6    25.9    93.2    43.2    67.5   0.019 -99.000 -99.000   0.038 -99.000    25.5    25.5    24.9    23.2    24.2
92827 20170419  2.422  -81.37   27.15    31.4    17.4    24.4    22.8     0.0    20.68 C    49.6    15.8    25.8    95.1    32.1    66.7   0.019 -99.000 -99.000   0.036 -99.000    25.7    25.6    25.1    23.4    24.2
92827 20170420  2.422  -81.37   27.15    30.7    16.1    23.4    22.7     0.0    21.47 C    51.2    13.4    25.6    93.6    32.7    63.5   0.019 -99.000 -99.000   0.035 -99.000    25.7    25.7    25.1    23.5    24.4
92827 20170421  2.422  -81.37   27.15    30.3    14.6    22.5    22.4     0.0    26.58 C    47.8    12.1    25.8    92.5    29.7    61.5   0.018 -99.000 -99.000   0.032 -99.000    25.9    25.9    25.1    23.5    24.4
92827 20170422  2.422  -81.37   27.15    29.6    14.0    21.8    22.8     0.0    12.84 C    44.1    12.0    24.1    96.6    41.1    68.8   0.017 -99.000 -99.000   0.030 -99.000    25.4    25.5    25.1    23.6    24.4
92827 20170423  2.422  -81.37   27.15    27.5    16.9    22.2    22.3     0.0    12.90 C    43.5    15.3    24.1    95.8    55.3    79.3   0.016 -99.000 -99.000   0.030 -99.000    25.5    25.5    25.1    23.5    24.5
92827 20170424  2.422  -81.37   27.15    30.9    16.2    23.6    22.1     0.0    21.97 C    47.2    13.9    24.9    98.7    41.0    71.5   0.016 -99.000 -99.000   0.028 -99.000    25.4    25.4    25.0    23.5    24.6
92827 20170425  2.422  -81.37   27.15    28.6    12.0    20.3    20.4     0.0    24.77 C    48.3     8.4    24.0    94.3    33.8    61.1   0.015 -99.000 -99.000   0.026 -99.000    25.4    25.3    25.0    23.5    24.7
92827 20170426  2.422  -81.37   27.15    32.7     9.4    21.0    22.3     0.0    24.22 C    51.8     7.5    26.2    98.0    27.6    63.7   0.015 -99.000 -99.000   0.024 -99.000    25.5    25.5    25.0    23.5    24.7
92827 20170427  2.422  -81.37   27.15    35.4    18.7    27.1    26.1     0.0    22.38 C    54.9    17.0    29.6    98.7    33.2    68.5   0.015 -99.000 -99.000   0.025 -99.000    27.1    26.8    25.8    23.7    24.7
92827 20170428  2.422  -81.37   27.15    34.7    18.0    26.4    26.2     0.0    24.47 C    51.5    16.5    30.0    98.5    30.6    70.5   0.015 -99.000 -99.000   0.024 -99.000    27.8    27.5    26.4    24.0    24.7
92827 20170429  2.422  -81.37   27.15    32.9    20.9    26.9    26.1     0.0    25.25 C    48.9    19.4    29.4    97.5    37.6    70.8   0.014 -99.000 -99.000   0.026 -99.000    28.3    28.1    26.9    24.4    24.8
92827 20170430  2.422  -81.37   27.15    32.8    20.8    26.8    25.8     0.0    20.69 C    49.2    19.7    28.4    95.4    42.1    73.1   0.013 -99.000 -99.000   0.024 -99.000    28.0    27.9    26.9    24.8    24.9
92827 20170501  2.422  -81.37   27.15    34.1    21.6    27.9    25.1    35.1    16.07 C    53.5    20.5    27.4    95.6    40.3    80.2   0.021 -99.000 -99.000   0.044 -99.000    27.2    27.2    26.8    25.7    25.1
92827 20170502  2.422  -81.37   27.15    33.3    19.2    26.2    24.1    14.1    18.98 C    51.7    18.3    26.7    97.8    43.0    84.1   0.040 -99.000 -99.000   0.069 -99.000    26.6    26.6    26.5    25.7    25.2
92827 20170503  2.422  -81.37   27.15    32.0    17.7    24.9    24.2     0.0    21.54 C    48.0    16.8    27.5    98.4    42.3    76.4   0.044 -99.000 -99.000   0.067 -99.000    26.6    26.6    26.3    25.7    25.4
92827 20170504  2.422  -81.37   27.15    34.1    18.9    26.5    25.3     1.9    21.95 C    49.7    17.5    27.9    98.3    33.5    73.1   0.041 -99.000 -99.000   0.058 -99.000    26.9    26.9    26.5    25.6    25.4
92827 20170505  2.422  -81.37   27.15    27.0    16.6    21.8    21.8     4.9    14.40 C    37.6    14.3    22.5    95.4    41.7    72.6   0.054 -99.000 -99.000   0.055 -99.000    25.5    25.7    26.1    25.7    25.4
92827 20170506  2.422  -81.37   27.15    27.1    11.5    19.3    19.3     0.0    28.53 C    42.8     8.1    22.4    85.5    30.3    54.4   0.049 -99.000 -99.000   0.055 -99.000    24.2    24.4    24.9    25.1    25.3
92827 20170507  2.422  -81.37   27.15    30.0     7.9    18.9    20.0     0.0    28.76 C    49.4     6.2    24.5    93.1    19.9    57.6   0.045 -99.000 -99.000   0.053 -99.000    24.6    24.7    24.5    24.6    25.1
92827 20170508  2.422  -81.37   27.15    32.2    12.5    22.3    22.7     0.0    28.18 C    51.3    10.1    27.4    99.1    20.8    61.4   0.042 -99.000 -99.000   0.051 -99.000    26.0    26.0    25.3    24.8    24.9
92827 20170509  2.422  -81.37   27.15    32.1    13.2    22.6    23.0     0.0    26.61 C    50.8    11.4    27.3    97.1    30.2    64.2   0.038 -99.000 -99.000   0.047 -99.000    26.7    26.7    25.9    25.2    25.0
92827 20170510  2.422  -81.37   27.15    34.4    13.9    24.1    24.4     0.0    27.17 C    52.8    12.6    28.9    99.3    25.7    65.1   0.035 -99.000 -99.000   0.046 -99.000    27.4    27.3    26.4    25.5    25.1
92827 20170511  2.422  -81.37   27.15    36.1    15.6    25.9    25.6     0.0    26.53 C    54.7    12.8    30.2    98.3    23.5    58.2   0.033 -99.000 -99.000   0.044 -99.000    27.9    27.8    26.9    25.9    25.3
92827 20170512  2.422  -81.37   27.15    34.1    15.5    24.8    25.3     0.0    26.13 C    53.0    13.0    29.3    98.3    25.9    63.2   0.029 -99.000 -99.000   0.042 -99.000    28.2    28.1    27.3    26.3    25.5
92827 20170513  2.422  -81.37   27.15    33.4    16.8    25.1    24.9     0.0    21.12 C    47.6    15.1    27.5    98.9    29.6    72.5   0.026 -99.000 -99.000   0.040 -99.000    27.9    27.9    27.3    26.4    25.6
92827 20170514  2.422  -81.37   27.15    32.7    19.0    25.8    25.5    11.9    23.92 C    53.1    18.0    29.3    98.7    32.1    67.5   0.031 -99.000 -99.000   0.040 -99.000    28.0    27.9    27.4    26.5    25.7
92827 20170515  2.422  -81.37   27.15    32.2    18.9    25.6    24.9     0.0    20.27 C    49.8    17.5    27.8    96.5    43.7    74.6   0.048 -99.000 -99.000   0.061 -99.000    27.4    27.4    27.2    26.4    25.9
92827 20170516  2.422  -81.37   27.15    33.6    20.1    26.8    26.2     0.0    23.97 C    50.1    19.0    29.2    96.3    39.4    72.4   0.045 -99.000 -99.000   0.060 -99.000    27.7    27.7    27.2    26.4    25.9
92827 20170517  2.422  -81.37   27.15    33.4    20.5    26.9    26.5     0.0    24.89 C    47.8    19.6    29.7    97.5    44.3    73.0   0.041 -99.000 -99.000   0.055 -99.000    28.3    28.3    27.5    26.6    25.9
92827 20170518  2.422  -81.37   27.15    34.1    20.8    27.4    26.5     0.0    22.00 C    48.5    20.0    29.1    93.6    45.0    73.2   0.037 -99.000 -99.000   0.053 -99.000    28.5    28.5    27.8    26.7    26.1
92827 20170519  2.422  -81.37   27.15    33.3    22.8    28.0    27.1     0.0    19.75 C    49.7    22.3    29.4    97.2    47.1    75.2   0.034 -99.000 -99.000   0.050 -99.000    28.8    28.7    27.9    26.9    26.2
92827 20170520  2.422  -81.37   27.15    33.9    21.5    27.7    27.3     0.0    25.24 C    50.1    20.7    30.9    97.6    38.0    70.6   0.030 -99.000 -99.000   0.049 -99.000    29.2    29.1    28.2    27.0    26.2
92827 20170521  2.422  -81.37   27.15    34.7    19.1    26.9    27.0     0.0    25.48 C    53.9    17.7    31.2    97.6    32.8    68.0   0.027 -99.000 -99.000   0.046 -99.000    29.6    29.5    28.5    27.2    26.4
92827 20170522  2.422  -81.37   27.15    34.3    18.9    26.6    25.2     0.9    20.37 C    54.7    17.7    29.2    98.6    38.4    77.1   0.026 -99.000 -99.000   0.044 -99.000    29.6    29.5    28.7    27.5    26.4
92827 20170523  2.422  -81.37   27.15    33.1    20.7    26.9    26.4     0.0    19.38 C    47.3    19.3    28.2    98.0    43.0    74.6   0.024 -99.000 -99.000   0.042 -99.000    28.7    28.7    28.4    27.6    26.7
92827 20170524  2.422  -81.37   27.15    33.4    20.6    27.0    25.5     8.3    17.06 C    43.2    20.4    27.1    96.1    47.1    80.1   0.029 -99.000 -99.000   0.040 -99.000    28.0    28.1    28.0    27.3    26.7
92827 20170525  2.422  -81.37   27.15    28.2    18.9    23.6    24.3    10.2    11.40 C    34.6    17.8    24.7    96.5    52.3    78.5 -99.000 -99.000 -99.000   0.055 -99.000    26.6    26.7    27.1    26.9    26.6
92827 20170526  2.422  -81.37   27.15    32.7    16.2    24.5    24.2     0.0    24.57 C    50.1    14.6    27.8    94.3    43.7    67.3 -99.000 -99.000 -99.000   0.070 -99.000    26.7    26.8    26.9    26.5    26.4
92827 20170527  2.422  -81.37   27.15    35.0    15.2    25.1    24.9     0.0    28.41 C    51.3    13.1    28.7    96.2    27.9    58.7 -99.000 -99.000 -99.000   0.067 -99.000    27.4    27.5    27.2    26.6    26.2
92827 20170528  2.422  -81.37   27.15    35.3    13.9    24.6    25.3     0.0    27.89 C    52.2    12.3    29.3    96.9    34.0    67.4 -99.000 -99.000 -99.000   0.062 -99.000    28.0    28.1    27.5    26.7    26.3
92827 20170529  2.422  -81.37   27.15    35.4    18.6    27.0    26.8     0.0    25.44 C    54.0    17.6    31.7    98.7    34.9    70.9 -99.000 -99.000 -99.000   0.058 -99.000    29.0    29.0    28.2    27.0    26.4
92827 20170530  2.422  -81.37   27.15    35.5    20.0    27.7    26.2     0.0    20.91 C    54.2    18.5    30.0    97.7    33.5    72.7 -99.000 -99.000 -99.000   0.054 -99.000    29.3    29.4    28.8    27.4    26.6
92827 20170531  2.422  -81.37   27.15    34.6    19.9    27.3    26.0     0.4    18.55 C    53.4    18.8    29.0    97.1    40.6    75.5 -99.000 -99.000 -99.000   0.050 -99.000    29.2    29.2    28.8    27.7    26.7
92827 20170601  2.422  -81.37   27.15    35.1    20.1    27.6    25.8     0.0    21.20 C    52.9    18.5    29.2    97.5    41.8    77.5 -99.000 -99.000 -99.000   0.047 -99.000    29.1    29.1    28.8    27.7    26.8
92827 20170602  2.422  -81.37   27.15    30.7    21.2    26.0    24.2    18.8     9.22 C    41.7    21.5    25.6    97.6    60.4    88.1 -99.000 -99.000 -99.000   0.050 -99.000    28.0    28.2    28.4    27.7    26.9
92827 20170603  2.422  -81.37   27.15    32.2    21.7    26.9    24.5    10.2    14.54 C    44.9    21.5    26.8    97.8    48.3    85.4 -99.000 -99.000 -99.000   0.071 -99.000    27.4    27.5    27.8    27.3    26.8
92827 20170604  2.422  -81.37   27.15    31.3    21.1    26.2    24.9     0.2    16.36 C    45.7    21.0    27.0    98.5    48.9    85.4 -99.000 -99.000 -99.000   0.076 -99.000    27.5    27.5    27.7    27.0    26.7
92827 20170605  2.422  -81.37   27.15    29.4    22.7    26.0    24.7     2.5     8.83 C    37.7    22.0    25.5    96.7    63.3    89.4 -99.000 -99.000 -99.000   0.070 -99.000    27.2    27.2    27.7    27.0    26.7
92827 20170606  2.422  -81.37   27.15    27.4    21.9    24.6    23.4    43.1     9.68 C    34.9    21.9    24.0    97.2    76.6    93.4 -99.000 -99.000 -99.000   0.082 -99.000    26.3    26.4    27.0    26.8    26.7
92827 20170607  2.422  -81.37   27.15    28.3    20.9    24.6    23.0    46.5     7.49 C    34.3    20.6    23.4    97.4    73.4    93.2 -99.000 -99.000 -99.000   0.091 -99.000    24.9    25.0    25.9    26.3    26.6
92827 20170608  2.422  -81.37   27.15    31.6    22.8    27.2    26.1     6.0    19.48 C    39.4    22.7    27.4    97.9    57.8    83.5 -99.000 -99.000 -99.000   0.074 -99.000    26.1    25.8    26.0    25.7    26.3
92827 20170609  2.422  -81.37   27.15    32.9    22.3    27.6    26.3     0.0    21.84 C    48.1    21.6    30.0    96.0    43.2    76.0 -99.000 -99.000 -99.000   0.066 -99.000    27.6    27.4    27.3    26.1    26.2
92827 20170610  2.422  -81.37   27.15    28.1    21.8    25.0    24.0     2.7     6.39 C    35.3    21.2    24.4    97.1    76.1    91.9 -99.000 -99.000 -99.000   0.061 -99.000    26.8    26.8    27.4    26.6    26.2
92827 20170611  2.422  -81.37   27.15    33.1    23.1    28.1    26.8     1.4    18.50 C    46.9    22.7    28.5    98.1    58.2    84.2 -99.000 -99.000 -99.000   0.058 -99.000    27.6    27.3    27.3    26.5    26.2
92827 20170612  2.422  -81.37   27.15    32.5    24.0    28.2    26.8     4.4    14.90 C    41.7    23.5    28.1    97.6    54.2    83.1 -99.000 -99.000 -99.000   0.056 -99.000    27.9    27.7    27.9    26.7    26.2
92827 20170613  2.422  -81.37   27.15    31.6    22.4    27.0    24.9     1.1    10.41 C    40.7    22.0    26.0    97.8    57.0    88.9 -99.000 -99.000 -99.000   0.054 -99.000    27.3    27.3    27.8    26.8    26.4
92827 20170614  2.422  -81.37   27.15    31.6    21.9    26.7    23.6    15.2     8.71 C    40.0    21.0    24.3    98.3    61.3    93.6 -99.000 -99.000 -99.000   0.056 -99.000    26.4    26.4    27.0    26.6    26.4
92827 20170615  2.422  -81.37   27.15    30.7    20.7    25.7    23.2    21.6    10.29 C    40.1    20.1    24.1    98.3    62.8    92.1 -99.000 -99.000 -99.000   0.079 -99.000    25.9    25.9    26.5    26.3    26.3
92827 20170616  2.422  -81.37   27.15    32.7    19.3    26.0    24.4     2.2    19.87 C    48.2    18.8    26.9    98.7    50.9    87.1 -99.000 -99.000 -99.000   0.077 -99.000    26.6    26.3 -9999.0    26.1 -9999.0
92827 20170617  2.422  -81.37   27.15 -9999.0 -9999.0 -9999.0 -9999.0     0.0    19.44 C    44.0    20.5    28.0    98.4    48.6    80.8 -99.000 -99.000 -99.000   0.068 -99.000    27.4    27.2 -9999.0    26.4    26.2
92827 20170618  2.422  -81.37   27.15 -9999.0 -9999.0 -9999.0 -9999.0    34.7    13.67 C    48.5    21.6    26.7    97.8    46.9    87.6 -99.000 -99.000 -99.000   0.075 -99.000    27.0    27.0    27.2    26.7    26.2
92827 20170619  2.422  -81.37   27.15 -9999.0 -9999.0 -9999.0 -9999.0    15.2    11.52 C    35.6    22.4    25.6    97.5    66.6    88.2 -99.000 -99.000 -99.000   0.085 -99.000    26.6    26.5    26.8    26.5    26.3
92827 20170620  2.422  -81.37   27.15    32.5    24.6    28.6    27.9     0.0    22.21 C    41.4    24.0    29.3    96.9    52.7    76.4 -99.000 -99.000 -99.000   0.078 -99.000    27.6    27.6    27.2    26.5 -9999.0
92827 20170621  2.422  -81.37   27.15    33.5    23.2    28.3    27.1    15.0    17.69 C    44.5    22.8    28.7    96.4    56.5    82.4 -99.000 -99.000 -99.000   0.072 -99.000    28.0    28.0    27.7    26.8 -9999.0
92827 20170622  2.422  -81.37   27.15    33.0    21.8    27.4    27.4     0.0    25.97 C    43.4    20.7    29.4    98.3    53.4    77.4 -99.000 -99.000 -99.000   0.077 -99.000    28.5    28.5    28.0    26.9 -9999.0
92827 20170623  2.422  -81.37   27.15    33.3    20.8    27.0    27.1     0.0    22.29 C    47.8    19.3    29.3    98.2    49.1    73.3 -99.000 -99.000 -99.000   0.072 -99.000    28.5    28.5    28.2    27.2 -9999.0
92827 20170624  2.422  -81.37   27.15    33.5    21.6    27.5    27.3     0.0    18.03 C    47.6    20.6    29.1    98.0    52.0    78.4 -99.000 -99.000 -99.000   0.069 -99.000    28.7    28.8    28.4    27.3 -9999.0
92827 20170625  2.422  -81.37   27.15    33.3    21.3    27.3    27.5     0.0    19.96 C    49.5    19.8    29.6    98.4    43.6    75.1 -99.000 -99.000 -99.000   0.066 -99.000    28.9    29.0    28.5    27.4 -9999.0
92827 20170626  2.422  -81.37   27.15    34.7    22.1    28.4    27.4    13.2    24.01 C    49.8    21.2    31.0    97.4    33.3    75.0 -99.000 -99.000 -99.000   0.063 -99.000    29.3    29.4    28.8    27.6 -9999.0
92827 20170627  2.422  -81.37   27.15    33.1    22.7    27.9    25.7     0.2    17.44 C    46.9    22.0    28.1    97.6    47.1    84.0 -99.000 -99.000 -99.000   0.063 -99.000    29.0    29.0    29.0    27.8 -9999.0
92827 20170628  2.422  -81.37   27.15    32.9    21.2    27.0    26.3     0.0    18.01 C    48.0    20.5    28.5    98.3    52.7    81.8 -99.000 -99.000 -99.000   0.063 -99.000    28.5    28.5    28.7    27.8 -9999.0
92827 20170629  2.422  -81.37   27.15    33.6    22.2    27.9    27.3     0.0    15.91 C    47.3    21.8    28.9    98.1    49.5    79.9 -99.000 -99.000 -99.000   0.062 -99.000    28.7    28.8    28.7    27.7 -9999.0
92827 20170630  2.422  -81.37   27.15    33.5    22.4    27.9    26.1     2.0    12.33 C    46.3    21.4    27.3    98.3    52.9    86.1 -99.000 -99.000 -99.000   0.060 -99.000    28.3    28.5    28.6    27.8 -9999.0
92827 20170701  2.422  -81.37   27.15    33.2    23.2    28.2    27.0     2.3    17.93 C    46.3    23.0    28.5    97.7    49.8    81.3 -99.000 -99.000 -99.000   0.060 -99.000    28.5    28.4    28.5    27.7 -9999.0
92827 20170702  2.422  -81.37   27.15    34.3    21.9    28.1    27.6     0.0    23.49 C    46.2    21.3    29.9    97.7    37.1    74.2 -99.000 -99.000 -99.000   0.058 -99.000    28.9    28.7    28.7    27.7 -9999.0
92827 20170703  2.422  -81.37   27.15    35.1    21.9    28.5    27.1     5.2    21.23 C    50.6    20.3    29.5    97.8    42.1    74.9 -99.000 -99.000 -99.000   0.053 -99.000    29.0    29.1    29.0    27.8 -9999.0
92827 20170704  2.422  -81.37   27.15    34.3    21.1    27.7    27.1     0.0    23.37 C    47.4    20.4    29.3    96.3    43.8    75.1 -99.000 -99.000 -99.000   0.053 -99.000    28.9    28.8    28.9    27.9 -9999.0
92827 20170705  2.422  -81.37   27.15    34.8    21.1    28.0    27.6     0.0    22.86 C    46.4    20.1    29.9    97.9    40.2    73.0 -99.000 -99.000 -99.000   0.052 -99.000    29.3    29.3    29.0    27.9 -9999.0
92827 20170706  2.422  -81.37   27.15    34.9    20.4    27.7    26.8     0.0    19.02 C    51.0    19.3    28.8    98.5    45.8    77.0 -99.000 -99.000 -99.000   0.052 -99.000    29.2    29.5    29.2    28.0 -9999.0
92827 20170707  2.422  -81.37   27.15    34.6    20.2    27.4    26.7    29.5    22.27 C    51.3    19.1    29.5    98.3    43.2    77.2 -99.000 -99.000 -99.000   0.064 -99.000    28.6    29.1    28.8    28.0 -9999.0
92827 20170708  2.422  -81.37   27.15    33.6    21.9    27.7    25.9     0.0    16.50 C    45.8    21.5    27.5    96.7    46.2    82.5 -99.000 -99.000 -99.000   0.074 -99.000    28.4    28.5    28.6    27.9 -9999.0
92827 20170709  2.422  -81.37   27.15    32.3    21.0    26.6    24.8    52.1    13.73 C    45.1    20.3    25.9    97.7    57.4    87.6 -99.000 -99.000 -99.000   0.091 -99.000    27.1    27.2    27.8    27.8 -9999.0
92827 20170710  2.422  -81.37   27.15    32.9    21.5    27.2    25.9     0.0    18.76 C    42.8    20.5    27.3    98.0    54.7    84.3 -99.000 -99.000 -99.000   0.102 -99.000    27.5    27.5    27.5    27.3 -9999.0
92827 20170711  2.422  -81.37   27.15    33.3    21.6    27.5    25.5     0.0    16.71 C    44.7    20.3    27.2    98.2    52.3    84.7 -99.000 -99.000 -99.000   0.098 -99.000    28.1    28.2 -9999.0    27.5 -9999.0
92827 20170712  2.422  -81.37   27.15    32.5    21.7    27.1    24.8     2.1    11.85 C    44.2    20.3    25.7    98.4    58.0    88.6 -99.000 -99.000 -99.000 -99.000 -99.000 -9999.0 -9999.0 -9999.0 -9999.0 -9999.0
92827 20170713  2.422  -81.37   27.15    31.1    22.1    26.6    26.4     4.0    15.04 C    34.6    21.4    27.0    98.0    63.8    85.4 -99.000 -99.000 -99.000 -99.000 -99.000 -9999.0 -9999.0 -9999.0 -9999.0 -9999.0
92827 20170714  2.422  -81.37   27.15    33.2    23.3    28.2    26.7     1.8    18.24 C    43.8    22.3    28.0    97.5    53.3    85.1 -99.000 -99.000 -99.000 -99.000 -99.000 -9999.0 -9999.0 -9999.0 -9999.0 -9999.0
92827 20170715  2.422  -81.37   27.15    34.6    22.7    28.7    27.3     2.7    23.77 C    47.7    21.5    29.4    98.1    43.1    79.6 -99.000 -99.000 -99.000 -99.000 -99.000    28.8 -9999.0 -9999.0 -9999.0 -9999.0
92827 20170716  2.422  -81.37   27.15    34.6    21.2    27.9    26.7     0.0    18.77 C    47.5    20.7    28.5    98.6    48.9    80.6 -99.000 -99.000 -99.000 -99.000 -99.000 -9999.0    28.8 -9999.0 -9999.0 -9999.0
92827 20170717  2.422  -81.37   27.15    32.7    22.3    27.5    26.1     1.5    13.28 C    45.8    21.4    27.2    98.4    58.1    86.1 -99.000 -99.000 -99.000 -99.000 -99.000    28.2    28.3    28.5 -9999.0 -9999.0
92827 20170718  2.422  -81.37   27.15    31.7     0.0    15.8     8.3 -9999.0    15.84 C    26.1     0.0     7.1 -9999.0 -9999.0 -9999.0 -99.000 -99.000 -99.000 -99.000 -99.000 -9999.0 -9999.0 -9999.0 -9999.0 -9999.0
92827 20170719  2.422  -81.37   27.15    32.0     0.0    16.0    15.8 -9999.0    21.87 C    42.0     0.0    16.6 -9999.0 -9999.0 -9999.0 -99.000 -99.000 -99.000 -99.000 -99.000 -9999.0 -9999.0 -9999.0 -9999.0 -9999.0
92827 20170720  2.422  -81.37   27.15    32.5    21.7    27.1    25.7     0.7    12.69 C    44.4    21.1    26.9    98.6    60.2    89.8 -99.000 -99.000 -99.000 -99.000 -99.000 -9999.0 -9999.0 -9999.0 -9999.0 -9999.0
92827 20170721  2.422  -81.37   27.15    30.2    22.3    26.2    25.1     0.0     8.97 C    37.3    21.6    25.8    98.6    67.1    88.5 -99.000 -99.000 -99.000 -99.000 -99.000 -9999.0 -9999.0 -9999.0 -9999.0 -9999.0
92827 20170722  2.422  -81.37   27.15    32.9    22.2    27.6    25.1     0.0    11.97 C    46.0    21.2    26.3    97.5    56.5    88.4 -99.000 -99.000 -99.000 -99.000 -99.000 -9999.0 -9999.0 -9999.0 -9999.0 -9999.0
92827 20170723  2.422  -81.37   27.15    31.2    22.0    26.6    26.3     0.0    15.23 C    37.1    20.9    27.5    98.0    56.5    81.2 -99.000 -99.000 -99.000 -99.000 -99.000 -9999.0 -9999.0 -9999.0 -9999.0 -9999.0
92827 20170724  2.422  -81.37   27.15    34.5    20.9    27.7    27.7     0.0    21.61 C    50.6    19.8    30.6    98.1    44.7    77.3 -99.000 -99.000 -99.000 -99.000 -99.000 -9999.0 -9999.0 -9999.0 -9999.0 -9999.0
92827 20170725  2.422  -81.37   27.15    34.5    22.9    28.7    28.6     0.0    17.47 C    50.9    21.6    30.8    98.2    53.9    77.7 -99.000 -99.000 -99.000 -99.000 -99.000 -9999.0 -9999.0 -9999.0 -9999.0 -9999.0
92827 20170726  2.422  -81.37   27.15    35.3    22.8    29.0    28.5     0.0    15.30 C    51.7    21.7    30.2    98.1    46.5    75.9 -99.000 -99.000 -99.000 -99.000 -99.000 -9999.0 -9999.0 -9999.0 -9999.0 -9999.0
92827 20170727  2.422  -81.37   27.15    35.6    21.4    28.5    28.1     0.0    23.96 C    53.2    20.6    31.9    96.9    37.8    72.6 -99.000 -99.000 -99.000 -99.000 -99.000 -9999.0 -9999.0 -9999.0 -9999.0 -9999.0
92827 20170728  2.422  -81.37   27.15    35.2    21.9    28.5    28.4     0.0    26.31 C    50.8    21.1    32.4    95.3    45.1    72.5 -99.000 -99.000 -99.000 -99.000 -99.000 -9999.0 -9999.0 -9999.0 -9999.0 -9999.0
92827 20170729  2.422  -81.37   27.15    34.3    22.1    28.2    27.6     2.2    22.39 C    44.6    20.7    29.4    97.9    48.6    78.8 -99.000 -99.000 -99.000 -99.000 -99.000 -9999.0 -9999.0 -9999.0 -9999.0 -9999.0
92827 20170730  2.422  -81.37   27.15    32.0    23.7    27.8    25.6     4.3    11.07 C    39.7    23.4    26.2    97.1    62.8    89.1 -99.000 -99.000 -99.000 -99.000 -99.000 -9999.0 -9999.0 -9999.0 -9999.0 -9999.0
92827 20170731  2.422  -81.37   27.15    26.4    22.0    24.2    24.3    37.8     5.40 C    28.1    22.0    24.5    97.7    83.0    93.8 -99.000 -99.000 -99.000 -99.000 -99.000 -9999.0 -9999.0 -9999.0 -9999.0 -9999.0
92827 20170801  2.422  -81.37   27.15    32.0    22.7    27.4    25.8    38.8    21.66 C    46.7    22.2    28.5    98.1    58.1    84.9 -99.000 -99.000 -99.000 -99.000 -99.000 -9999.0 -9999.0 -9999.0 -9999.0 -9999.0
92827 20170802  2.422  -81.37   27.15    32.4    21.6    27.0    25.5    14.7    15.74 C    41.6    21.3    27.1    97.7    60.5    86.1 -99.000 -99.000 -99.000 -99.000 -99.000 -9999.0 -9999.0 -9999.0 -9999.0 -9999.0
92827 20170803  2.422  -81.37   27.15    35.1    22.0    28.6    27.1     0.5    21.26 C    45.4    21.5    29.1    98.1    47.5    80.4 -99.000 -99.000 -99.000 -99.000 -99.000 -9999.0 -9999.0 -9999.0 -9999.0 -9999.0
92827 20170804  2.422  -81.37   27.15    34.1    22.8    28.5    28.3     0.0    21.63 C    46.8    22.4    30.2    96.5    50.9    74.8 -99.000 -99.000 -99.000 -99.000 -99.000 -9999.0 -9999.0 -9999.0 -9999.0 -9999.0
92827 20170805  2.422  -81.37   27.15    34.8    24.1    29.5    28.6     0.0    20.37 C    50.6    22.7    31.4    97.3    49.2    75.6 -99.000 -99.000 -99.000 -99.000 -99.000 -9999.0 -9999.0 -9999.0 -9999.0 -9999.0
92827 20170806  2.422  -81.37   27.15    34.6    22.6    28.6    27.4     0.0    18.62 C    49.9    20.5    29.8    98.2    47.8    78.7 -99.000 -99.000 -99.000 -99.000 -99.000 -9999.0 -9999.0 -9999.0 -9999.0 -9999.0
92827 20170807  2.422  -81.37   27.15    34.9    23.6    29.3    28.4     0.0    22.96 C    48.5    22.3    30.8    97.8    45.0    75.7 -99.000 -99.000 -99.000 -99.000 -99.000 -9999.0 -9999.0 -9999.0 -9999.0 -9999.0
92827 20170808  2.422  -81.37   27.15    35.5    23.7    29.6    29.1     0.0    22.58 C    51.5    22.3    32.3    97.7    42.2    72.6 -99.000 -99.000 -99.000 -99.000 -99.000 -9999.0 -9999.0 -9999.0 -9999.0 -9999.0
92827 20170809  2.422  -81.37   27.15    34.9    21.6    28.2    28.1     0.0    21.02 C    52.0    20.2    31.0    98.6    42.1    73.2 -99.000 -99.000 -99.000 -99.000 -99.000 -9999.0 -9999.0 -9999.0 -9999.0 -9999.0
92827 20170810  2.422  -81.37   27.15    34.5    21.4    27.9    26.3     1.4    16.62 C    49.6    19.8    28.7    98.6    48.4    82.7 -99.000 -99.000 -99.000 -99.000 -99.000 -9999.0 -9999.0 -9999.0 -9999.0 -9999.0
92827 20170811  2.422  -81.37   27.15    32.9    23.1    28.0    25.1    25.9    12.58 C    50.2    22.8    26.9    97.8    53.1    90.9 -99.000 -99.000 -99.000 -99.000 -99.000 -9999.0 -9999.0 -9999.0 -9999.0 -9999.0
92827 20170812  2.422  -81.37   27.15    34.1    21.8    27.9    26.6     1.8    23.65 C    47.4    21.4    30.1    98.1    48.6    82.2 -99.000 -99.000 -99.000 -99.000 -99.000 -9999.0 -9999.0 -9999.0 -9999.0 -9999.0
92827 20170813  2.422  -81.37   27.15    34.8    22.1    28.5    27.2     0.8    22.97 C    49.0    21.6    30.6    98.4    48.0    80.0 -99.000 -99.000 -99.000 -99.000 -99.000 -9999.0 -9999.0 -9999.0 -9999.0 -9999.0
92827 20170814  2.422  -81.37   27.15    33.8    21.9    27.9    26.9     0.5    21.96 C    51.3    21.2    29.9    98.1    55.5    84.0 -99.000 -99.000 -99.000 -99.000 -99.000 -9999.0 -9999.0 -9999.0 -9999.0 -9999.0
92827 20170815  2.422  -81.37   27.15    34.9    22.7    28.8    28.1     0.0    24.13 C    50.2    21.9    31.6    98.1    49.4    79.2 -99.000 -99.000 -99.000 -99.000 -99.000 -9999.0 -9999.0 -9999.0 -9999.0 -9999.0
92827 20170816  2.422  -81.37   27.15    31.3    23.0    27.1    26.4    31.7    12.57 C    41.6    22.3    27.5    97.5    60.5    84.9 -99.000 -99.000 -99.000 -99.000 -99.000 -9999.0 -9999.0 -9999.0 -9999.0 -9999.0
92827 20170817  2.422  -81.37   27.15    34.9    21.6    28.3    26.4    59.0    19.12 C    48.1    20.8    28.8    97.2    45.0    80.7 -99.000 -99.000 -99.000 -99.000 -99.000 -9999.0 -9999.0 -9999.0 -9999.0 -9999.0
92827 20170818  2.422  -81.37   27.15    33.5    21.1    27.3    25.7     0.3    16.86 C    45.7    21.0    27.7    98.1    53.6    82.3 -99.000 -99.000 -99.000 -99.000 -99.000 -9999.0 -9999.0 -9999.0 -9999.0 -9999.0
92827 20170819  2.422  -81.37   27.15    34.6    19.8    27.2    27.3     0.0    23.90 C    48.8    19.4    30.4    97.9    41.1    73.7 -99.000 -99.000 -99.000 -99.000 -99.000 -9999.0 -9999.0 -9999.0 -9999.0 -9999.0
92827 20170820  2.422  -81.37   27.15    31.2    23.0    27.1    26.1    17.2    11.42 C    39.5    21.9    27.1    98.0    66.7    87.7 -99.000 -99.000 -99.000 -99.000 -99.000 -9999.0 -9999.0 -9999.0 -9999.0 -9999.0
92827 20170821  2.422  -81.37   27.15    32.8    23.9    28.4    27.6     0.0    19.56 C    43.3    23.6    29.2    97.2    48.7    78.1 -99.000 -99.000 -99.000 -99.000 -99.000 -9999.0 -9999.0 -9999.0 -9999.0 -9999.0
92827 20170822  2.422  -81.37   27.15    34.8    23.5    29.2    28.3     0.0    20.85 C    48.6    22.8    30.5    96.1    49.2    76.7 -99.000 -99.000 -99.000 -99.000 -99.000 -9999.0 -9999.0 -9999.0 -9999.0 -9999.0
92827 20170823  2.422  -81.37   27.15    33.9    23.0    28.4    26.3     1.4    16.58 C    50.0    22.0    28.7    98.2    50.0    85.6 -99.000 -99.000 -99.000 -99.000 -99.000 -9999.0 -9999.0 -9999.0 -9999.0 -9999.0
92827 20170824  2.422  -81.37   27.15    31.4    23.3    27.3    25.4     6.5    13.78 C    43.1    22.7    27.0    98.1    61.4    89.1 -99.000 -99.000 -99.000 -99.000 -99.000 -9999.0 -9999.0 -9999.0 -9999.0 -9999.0
92827 20170825  2.422  -81.37   27.15    28.6    22.8    25.7    25.2     2.0    13.66 C    35.6    22.6    26.4    96.5    74.3    89.7 -99.000 -99.000 -99.000 -99.000 -99.000 -9999.0 -9999.0 -9999.0 -9999.0 -9999.0
92827 20170826  2.422  -81.37   27.15    28.8    23.2    26.0    25.2     1.2    11.37 C    38.2    23.1    26.1    96.7    76.0    91.0 -99.000 -99.000 -99.000 -99.000 -99.000 -9999.0 -9999.0 -9999.0 -9999.0 -9999.0
92827 20170827  2.422  -81.37   27.15    29.2    23.1    26.2    24.9     6.6    11.72 C    35.3    23.1    25.9    97.1    72.1    90.8 -99.000 -99.000 -99.000 -99.000 -99.000 -9999.0 -9999.0 -9999.0 -9999.0 -9999.0
92827 20170828  2.422  -81.37   27.15    29.5    23.0    26.2    24.7    23.0    11.54 C    36.1    22.9    25.5    97.6    76.9    92.6 -99.000 -99.000 -99.000 -99.000 -99.000 -9999.0 -9999.0 -9999.0 -9999.0 -9999.0
92827 20170829  2.422  -81.37   27.15    33.2    21.8    27.5    27.0     0.0    23.69 C    45.3    21.6    29.7    98.2    51.8    80.5 -99.000 -99.000 -99.000 -99.000 -99.000 -9999.0 -9999.0 -9999.0 -9999.0 -9999.0
92827 20170830  2.422  -81.37   27.15    33.8    22.4    28.1    27.6    17.5    17.26 C    47.0    20.9    29.6    98.1    50.0    79.1 -99.000 -99.000 -99.000 -99.000 -99.000 -9999.0 -9999.0 -9999.0 -9999.0 -9999.0
92827 20170831  2.422  -81.37   27.15    34.6    23.5    29.1    27.8     4.1    20.08 C    47.8    22.7    30.0    98.1    50.0    82.0 -99.000 -99.000 -99.000 -99.000 -99.000 -9999.0 -9999.0 -9999.0 -9999.0 -9999.0
92827 20170901  2.422  -81.37   27.15    34.3    22.8    28.5    26.5    14.2    18.63 C    45.6    23.2    29.0    97.2    52.6    84.4 -99.000 -99.000 -99.000 -99.000 -99.000 -9999.0 -9999.0 -9999.0 -9999.0 -9999.0
92827 20170902  2.422  -81.37   27.15    31.6    22.6    27.1    26.0     1.6    17.51 C    40.4    22.6    28.2    98.0    54.6    83.1 -99.000 -99.000 -99.000 -99.000 -99.000 -9999.0 -9999.0 -9999.0 -9999.0 -9999.0
92827 20170903  2.422  -81.37   27.15    31.7    22.5    27.1    24.9    37.4    11.06 C    43.9    21.9    26.4    98.0    58.1    90.6 -99.000 -99.000 -99.000 -99.000 -99.000 -9999.0 -9999.0 -9999.0 -9999.0 -9999.0
92827 20170904  2.422  -81.37   27.15    33.1    22.5    27.8    26.5     0.0    18.25 C    45.7    22.0    28.5    98.1    52.0    82.7 -99.000 -99.000 -99.000 -99.000 -99.000 -9999.0 -9999.0 -9999.0 -9999.0 -9999.0
92827 20170905  2.422  -81.37   27.15    32.3    22.8    27.6    26.3     0.7    15.64 C    44.1    22.1    27.8    97.7    55.3    84.9 -99.000 -99.000 -99.000 -99.000 -99.000 -9999.0 -9999.0 -9999.0 -9999.0 -9999.0
92827 20170906  2.422  -81.37   27.15    32.4    22.4    27.4    26.9     0.0    17.49 C    45.9    21.8    29.1    98.4    55.1    83.5 -99.000 -99.000 -99.000 -99.000 -99.000 -9999.0 -9999.0 -9999.0 -9999.0 -9999.0
92827 20170907  2.422  -81.37   27.15    33.7    22.2    27.9    27.2     0.0    19.34 C    48.5    21.9    30.0    98.4    53.6    81.2 -99.000 -99.000 -99.000 -99.000 -99.000 -9999.0 -9999.0 -9999.0 -9999.0 -9999.0
92827 20170908  2.422  -81.37   27.15    33.7    24.8    29.2    27.6     0.0    13.78 C    46.1    24.4    29.3    96.9    59.2    84.6 -99.000 -99.000 -99.000 -99.000 -99.000 -9999.0 -9999.0 -9999.0 -9999.0 -9999.0
92827 20170909  2.422  -81.37   27.15    29.2    22.4    25.8    26.1    20.8    11.34 C    34.7    22.3    26.7    95.4    74.2    88.3 -99.000 -99.000 -99.000 -99.000 -99.000 -9999.0 -9999.0 -9999.0 -9999.0 -9999.0
92827 20170910  2.422  -81.37   27.15    25.4    21.5    23.5    24.0   180.0     1.36 C    24.6    21.1    23.8    96.4    89.6    94.9 -99.000 -99.000 -99.000 -99.000 -99.000 -9999.0 -9999.0 -9999.0 -9999.0 -9999.0
92827 20170911  2.422  -81.37   27.15    28.9    23.3    26.1    25.9     1.9    17.14 C    34.8    22.7    26.5    95.5    67.5    82.2 -99.000 -99.000 -99.000 -99.000 -99.000 -9999.0 -9999.0 -9999.0 -9999.0 -9999.0
92827 20170912  2.422  -81.37   27.15    30.9    22.2    26.5    26.0     0.0    22.59 C    43.2    21.3    28.1    97.8    52.3    80.6 -99.000 -99.000 -99.000 -99.000 -99.000 -9999.0 -9999.0 -9999.0 -9999.0 -9999.0
92827 20170913  2.422  -81.37   27.15    32.2    21.6    26.9    26.7     0.0    19.93 C    45.7    20.3    28.7    98.3    51.7    78.1 -99.000 -99.000 -99.000 -99.000 -99.000 -9999.0 -9999.0 -9999.0 -9999.0 -9999.0
92827 20170914  2.422  -81.37   27.15    32.5    22.8    27.6    26.9    10.6    16.86 C    46.0    23.0    28.9    98.2    60.2    86.3 -99.000 -99.000 -99.000 -99.000 -99.000 -9999.0 -9999.0 -9999.0 -9999.0 -9999.0
92827 20170915  2.422  -81.37   27.15    32.9    22.1    27.5    26.8     0.0    19.90 C    44.5    22.4    29.0    97.0    56.4    79.7 -99.000 -99.000 -99.000 -99.000 -99.000 -9999.0 -9999.0 -9999.0 -9999.0 -9999.0
92827 20170916  2.422  -81.37   27.15    32.9    23.3    28.1    27.4     0.0    21.06 C    43.2    22.2    29.4    97.0    47.4    77.2 -99.000 -99.000 -99.000 -99.000 -99.000 -9999.0 -9999.0 -9999.0 -9999.0 -9999.0
92827 20170917  2.422  -81.37   27.15    31.9    22.7    27.3    26.6     0.0    21.72 C    43.3    20.5    29.0    97.6    45.6    74.7 -99.000 -99.000 -99.000 -99.000 -99.000 -9999.0 -9999.0 -9999.0 -9999.0 -9999.0
92827 20170918  2.422  -81.37   27.15    31.5    20.2    25.8    25.4     0.0    18.05 C    44.9    19.9    27.6    96.9    58.2    80.5 -99.000 -99.000 -99.000 -99.000 -99.000 -9999.0 -9999.0 -9999.0 -9999.0 -9999.0
92827 20170919  2.422  -81.37   27.15    31.7    22.4    27.0    26.2     0.0    12.78 C    44.7    21.9    27.7    95.7    58.3    79.6 -99.000 -99.000 -99.000 -99.000 -99.000 -9999.0 -9999.0 -9999.0 -9999.0 -9999.0
92827 20170920  2.422  -81.37   27.15    32.5    22.0    27.3    25.7    24.7    13.62 C    45.8    21.4    27.1    94.1    54.9    83.2 -99.000 -99.000 -99.000 -99.000 -99.000 -9999.0 -9999.0 -9999.0 -9999.0 -9999.0
92827 20170921  2.422  -81.37   27.15    31.9    22.4    27.2    26.3     0.0    19.60 C    42.9    21.9    28.0    94.3    43.6    75.3 -99.000 -99.000 -99.000 -99.000 -99.000 -9999.0 -9999.0 -9999.0 -9999.0 -9999.0
92827 20170922  2.422  -81.37   27.15    32.3    22.1    27.2    25.6    23.4    11.10 C    42.3    21.5    26.5    98.2    54.6    86.9 -99.000 -99.000 -99.000 -99.000 -99.000 -9999.0 -9999.0 -9999.0 -9999.0 -9999.0
92827 20170923  2.422  -81.37   27.15    31.8    22.6    27.2    25.4    18.4    16.74 C    42.2    22.2    26.8    97.5    57.1    86.2 -99.000 -99.000 -99.000 -99.000 -99.000 -9999.0 -9999.0 -9999.0 -9999.0 -9999.0
92827 20170924  2.422  -81.37   27.15    32.4    23.9    28.1    26.8     0.0    16.67 C    43.3    23.7    28.5    97.3    59.0    82.4 -99.000 -99.000 -99.000 -99.000 -99.000 -9999.0 -9999.0 -9999.0 -9999.0 -9999.0
92827 20170925  2.422  -81.37   27.15    32.9    23.8    28.4    27.5     0.0    20.78 C    43.2    22.9    30.2    96.8    50.7    78.4 -99.000 -99.000 -99.000 -99.000 -99.000 -9999.0 -9999.0 -9999.0 -9999.0 -9999.0
92827 20170926  2.422  -81.37   27.15    33.2    23.4    28.3    27.2     0.0    21.07 C    44.5    23.3    29.8    98.0    47.2    79.5 -99.000 -99.000 -99.000 -99.000 -99.000 -9999.0 -9999.0 -9999.0 -9999.0 -9999.0
92827 20170927  2.422  -81.37   27.15    33.4    22.3    27.9    25.9     1.0    18.51 C    45.1    22.2    28.4    97.9    47.8    83.1 -99.000 -99.000 -99.000 -99.000 -99.000 -9999.0 -9999.0 -9999.0 -9999.0 -9999.0
92827 20170928  2.422  -81.37   27.15    32.6    21.5    27.0    26.0     0.0    17.98 C    42.9    21.2    28.0    97.8    52.6    81.4 -99.000 -99.000 -99.000 -99.000 -99.000 -9999.0 -9999.0 -9999.0 -9999.0 -9999.0
92827 20170929  2.422  -81.37   27.15    28.0    22.7    25.4    24.3    51.9     7.03 C    32.2    22.2    25.1    98.6    79.8    94.4 -99.000 -99.000 -99.000 -99.000 -99.000 -9999.0 -9999.0 -9999.0 -9999.0 -9999.0
92827 20170930  2.422  -81.37   27.15    31.2    23.0    27.1    25.6     0.0    17.92 C    41.3    22.9    27.8    98.2    56.3    86.0 -99.000 -99.000 -99.000 -99.000 -99.000 -9999.0 -9999.0 -9999.0 -9999.0 -9999.0
92827 20171001  2.422  -81.37   27.15    32.0    22.4    27.2    25.7     0.0    17.28 C    40.6    22.0    27.5    97.9    55.2    85.6 -99.000 -99.000 -99.000 -99.000 -99.000 -9999.0 -9999.0 -9999.0 -9999.0 -9999.0
92827 20171002  2.422  -81.37   27.15    28.9    23.0    26.0    25.1     1.7    10.53 C    36.3    22.0    25.8    97.1    68.7    86.3 -99.000 -99.000 -99.000 -99.000 -99.000 -9999.0 -9999.0 -9999.0 -9999.0 -9999.0
92827 20171003  2.422  -81.37   27.15    27.8    22.9    25.4    24.2    17.4    10.63 C    33.9    22.3    24.7    95.6    79.3    90.5 -99.000 -99.000 -99.000 -99.000 -99.000 -9999.0 -9999.0 -9999.0 -9999.0 -9999.0
92827 20171004  2.422  -81.37   27.15    30.3    22.0    26.1    24.7     2.1    18.11 C    37.9    21.9    26.0    96.3    56.0    83.7 -99.000 -99.000 -99.000 -99.000 -99.000 -9999.0 -9999.0 -9999.0 -9999.0 -9999.0
92827 20171005  2.422  -81.37   27.15    25.6    22.3    24.0    23.7     3.1     6.61 C    27.9    22.2    24.1    97.6    85.8    93.8 -99.000 -99.000 -99.000 -99.000 -99.000 -9999.0 -9999.0 -9999.0 -9999.0 -9999.0
92827 20171006  2.422  -81.37   27.15    32.0    23.6    27.8    27.0     0.0    13.01 C    38.7    23.7    27.7    98.0    63.0    85.6 -99.000 -99.000 -99.000 -99.000 -99.000 -9999.0 -9999.0 -9999.0 -9999.0 -9999.0
92827 20171007  2.422  -81.37   27.15    32.6    25.2    28.9    27.5     1.9    12.19 C    38.6    25.1    28.2    96.9    63.6    86.2 -99.000 -99.000 -99.000 -99.000 -99.000 -9999.0 -9999.0 -9999.0 -9999.0 -9999.0
92827 20171008  2.422  -81.37   27.15    32.3    24.7    28.5    26.6     0.9    11.13 C    41.5    24.4    27.4    98.1    61.9    89.3 -99.000 -99.000 -99.000 -99.000 -99.000 -9999.0 -9999.0 -9999.0 -9999.0 -9999.0
92827 20171009  2.422  -81.37   27.15    32.4    23.6    28.0    27.2     0.0    16.88 C    40.4    23.0    28.4    98.2    52.2    82.3 -99.000 -99.000 -99.000 -99.000 -99.000 -9999.0 -9999.0 -9999.0 -9999.0 -9999.0
92827 20171010  2.422  -81.37   27.15    32.0    23.1    27.5    26.5     0.0    16.26 C    41.2    22.3    27.5    97.7    52.3    80.9 -99.000 -99.000 -99.000 -99.000 -99.000 -9999.0 -9999.0 -9999.0 -9999.0 -9999.0
92827 20171011  2.422  -81.37   27.15    32.0    21.2    26.6    25.8     0.0    17.86 C    41.1    20.0    27.0    96.4    45.5    77.5 -99.000 -99.000 -99.000 -99.000 -99.000 -9999.0 -9999.0 -9999.0 -9999.0 -9999.0
92827 20171012  2.422  -81.37   27.15    30.7    20.1    25.4    24.8     0.5    14.73 C    37.8    19.1    25.9    96.1    60.6    82.9 -99.000 -99.000 -99.000 -99.000 -99.000 -9999.0 -9999.0 -9999.0 -9999.0 -9999.0
92827 20171013  2.422  -81.37   27.15    30.7    23.4    27.1    25.7     4.6    13.05 C    39.0    23.1    26.4    97.7    66.1    88.6 -99.000 -99.000 -99.000 -99.000 -99.000 -9999.0 -9999.0 -9999.0 -9999.0 -9999.0
92827 20171014  2.422  -81.37   27.15    30.4    22.3    26.3    25.0     0.9     9.92 C    36.6    21.6    25.5    98.1    62.7    88.9 -99.000 -99.000 -99.000 -99.000 -99.000 -9999.0 -9999.0 -9999.0 -9999.0 -9999.0
92827 20171015  2.422  -81.37   27.15    32.2    22.0    27.1    25.5     3.0    13.72 C    42.5    21.1    26.7    98.3    55.3    86.2 -99.000 -99.000 -99.000 -99.000 -99.000 -9999.0 -9999.0 -9999.0 -9999.0 -9999.0
92827 20171016  2.422  -81.37   27.15    31.9    20.8    26.3    26.0     0.0    18.05 C    42.2    20.1    27.8    98.8    49.9    80.4 -99.000 -99.000 -99.000 -99.000 -99.000 -9999.0 -9999.0 -9999.0 -9999.0 -9999.0
92827 20171017  2.422  -81.37   27.15    29.3    21.5    25.4    24.3     0.0    10.34 C    36.0    20.6    25.4    98.5    63.1    86.6 -99.000 -99.000 -99.000 -99.000 -99.000 -9999.0 -9999.0 -9999.0 -9999.0 -9999.0
92827 20171018  2.422  -81.37   27.15    28.7    21.9    25.3    24.2     0.0    13.51 C    36.2    21.1    25.3    95.7    62.5    83.1 -99.000 -99.000 -99.000 -99.000 -99.000 -9999.0 -9999.0 -9999.0 -9999.0 -9999.0
92827 20171019  2.422  -81.37   27.15    31.3    20.7    26.0    25.0     0.0    14.60 C    39.0    20.1    26.1    97.2    52.7    81.0 -99.000 -99.000 -99.000 -99.000 -99.000 -9999.0 -9999.0 -9999.0 -9999.0 -9999.0
92827 20171020  2.422  -81.37   27.15    30.9    21.9    26.4    24.7     0.5    14.45 C    38.6    21.1    25.6    95.2    54.8    81.2 -99.000 -99.000 -99.000 -99.000 -99.000 -9999.0 -9999.0 -9999.0 -9999.0 -9999.0
92827 20171021  2.422  -81.37   27.15    29.8    21.2    25.5    24.7     0.0    13.83 C    37.5    20.4    25.2    92.4    57.5    77.4 -99.000 -99.000 -99.000 -99.000 -99.000 -9999.0 -9999.0 -9999.0 -9999.0 -9999.0
92827 20171022  2.422  -81.37   27.15    31.0    22.6    26.8    25.8     0.0    14.07 C    38.9    22.1    26.6    97.1    58.6    82.4 -99.000 -99.000 -99.000 -99.000 -99.000 -9999.0 -9999.0 -9999.0 -9999.0 -9999.0
92827 20171023  2.422  -81.37   27.15    31.3    21.4    26.4    25.3    17.0    12.18 C    38.5    20.5    26.3    98.2    54.8    83.9 -99.000 -99.000 -99.000 -99.000 -99.000 -9999.0 -9999.0 -9999.0 -9999.0 -9999.0
92827 20171024  2.422  -81.37   27.15    29.4    19.7    24.6    23.9     1.1     9.77 C    35.9    19.5    24.9    97.9    67.2    90.0 -99.000 -99.000 -99.000 -99.000 -99.000 -9999.0 -9999.0 -9999.0 -9999.0 -9999.0
92827 20171025  2.422  -81.37   27.15    22.4    10.9    16.7    17.4     0.0    16.30 C    32.2     8.9    18.5    94.6    33.9    68.5 -99.000 -99.000 -99.000 -99.000 -99.000 -9999.0 -9999.0 -9999.0 -9999.0 -9999.0
92827 20171026  2.422  -81.37   27.15    23.0     9.9    16.4    15.9     0.0    19.17 C    33.3     7.6    17.1    95.0    27.2    65.4 -99.000 -99.000 -99.000 -99.000 -99.000 -9999.0 -9999.0 -9999.0 -9999.0 -9999.0
92827 20171027  2.422  -81.37   27.15    27.2    13.4    20.3    19.5     0.0    15.25 C    36.2    11.2    20.3    91.7    42.8    70.4 -99.000 -99.000 -99.000 -99.000 -99.000 -9999.0 -9999.0 -9999.0 -9999.0 -9999.0
92827 20171028  2.422  -81.37   27.15    24.6    16.5    20.6    20.0    91.3     2.72 C    26.0    15.2    19.9    97.9    78.0    90.2 -99.000 -99.000 -99.000 -99.000 -99.000 -9999.0 -9999.0 -9999.0 -9999.0 -9999.0
92827 20171029  2.422  -81.37   27.15    20.6     9.7    15.1    17.1     0.8    16.50 C    27.1     9.1    18.2    98.1    48.8    79.4 -99.000 -99.000 -99.000 -99.000 -99.000 -9999.0 -9999.0 -9999.0 -9999.0 -9999.0
92827 20171030  2.422  -81.37   27.15    19.4     8.3    13.9    12.9     0.0    18.93 C    29.5     7.1    14.6    94.7    31.2    65.3 -99.000 -99.000 -99.000 -99.000 -99.000 -9999.0 -9999.0 -9999.0 -9999.0 -9999.0
92827 20171031  2.422  -81.37   27.15    24.6     8.3    16.4    16.3     0.0    17.60 C    33.7     6.8    17.4    95.7    41.3    71.5 -99.000 -99.000 -99.000 -99.000 -99.000 -9999.0 -9999.0 -9999.0 -9999.0 -9999.0
92827 20171101  2.422  -81.37   27.15    27.0    14.6    20.8    20.0     0.0    17.28 C    35.8    13.0    20.9    93.7    43.2    72.6 -99.000 -99.000 -99.000 -99.000 -99.000 -9999.0 -9999.0 -9999.0 -9999.0 -9999.0
92827 20171102  2.422  -81.37   27.15    28.0    14.3    21.1    20.4     0.0    13.44 C    36.8    12.3    20.9    97.8    52.7    81.9 -99.000 -99.000 -99.000 -99.000 -99.000 -9999.0 -9999.0 -9999.0 -9999.0 -9999.0
92827 20171103  2.422  -81.37   27.15    28.2    16.8    22.5    21.8     0.2    12.11 C    33.8    15.6    22.3    97.9    51.3    83.1 -99.000 -99.000 -99.000 -99.000 -99.000 -9999.0 -9999.0 -9999.0 -9999.0 -9999.0
92827 20171104  2.422  -81.37   27.15    28.7    17.8    23.2    22.3     0.0    15.73 C    36.8    16.6    23.0    97.6    47.6    78.3 -99.000 -99.000 -99.000 -99.000 -99.000 -9999.0 -9999.0 -9999.0 -9999.0 -9999.0
92827 20171105  2.422  -81.37   27.15    28.3    17.8    23.1    21.8     0.0    15.74 C    36.4    16.2    23.3    98.5    61.3    88.7 -99.000 -99.000 -99.000 -99.000 -99.000 -9999.0 -9999.0 -9999.0 -9999.0 -9999.0
92827 20171106  2.422  -81.37   27.15    28.5    19.7    24.1    22.9     0.0    13.72 C    38.9    18.2    24.2    99.0    53.9    86.0 -99.000 -99.000 -99.000 -99.000 -99.000 -9999.0 -9999.0 -9999.0 -9999.0 -9999.0
92827 20171107  2.422  -81.37   27.15    28.8    18.8    23.8    23.1     0.0    16.60 C    37.4    17.3    24.6    99.2    50.0    81.5 -99.000 -99.000 -99.000 -99.000 -99.000 -9999.0 -9999.0 -9999.0 -9999.0 -9999.0
92827 20171108  2.422  -81.37   27.15    29.2    17.9    23.6    22.9     0.0    12.45 C    38.7    16.7    24.1    99.1    52.9    84.7 -99.000 -99.000 -99.000 -99.000 -99.000 -9999.0 -9999.0 -9999.0 -9999.0 -9999.0
92827 20171109  2.422  -81.37   27.15    29.2    17.3    23.3    23.0     0.0    14.59 C    39.8    15.9    24.1    99.2    57.3    84.0 -99.000 -99.000 -99.000 -99.000 -99.000 -9999.0 -9999.0 -9999.0 -9999.0 -9999.0
92827 20171110  2.422  -81.37   27.15    27.2    18.2    22.7    21.7     0.0    11.30 C    35.7    17.3    22.8    98.9    65.3    86.5 -99.000 -99.000 -99.000 -99.000 -99.000 -9999.0 -9999.0 -9999.0 -9999.0 -9999.0
92827 20171111  2.422  -81.37   27.15    29.3    17.4    23.3    22.0     0.0    14.61 C    35.6    16.8    23.0    96.4    45.5    79.8 -99.000 -99.000 -99.000 -99.000 -99.000 -9999.0 -9999.0 -9999.0 -9999.0 -9999.0
92827 20171112  2.422  -81.37   27.15    25.2    20.1    22.7    21.9     2.5     7.57 C    29.2    19.5    22.3    97.2    78.7    93.0 -99.000 -99.000 -99.000 -99.000 -99.000 -9999.0 -9999.0 -9999.0 -9999.0 -9999.0
92827 20171113  2.422  -81.37   27.15    26.5    19.8    23.1    22.1    17.3     7.79 C    29.3    19.4    22.1    96.6    67.5    87.8 -99.000 -99.000 -99.000 -99.000 -99.000 -9999.0 -9999.0 -9999.0 -9999.0 -9999.0
92827 20171114  2.422  -81.37   27.15    28.0    18.4    23.2    21.9     0.0    13.92 C    34.3    17.5    22.9    95.7    58.2    81.9 -99.000 -99.000 -99.000 -99.000 -99.000 -9999.0 -9999.0 -9999.0 -9999.0 -9999.0
92827 20171115  2.422  -81.37   27.15    26.9    16.7    21.8    20.7     0.0    13.86 C    34.5    16.3    21.8    91.5    56.0    77.5 -99.000 -99.000 -99.000 -99.000 -99.000 -9999.0 -9999.0 -9999.0 -9999.0 -9999.0
92827 20171116  2.422  -81.37   27.15    25.7    16.0    20.8    19.7     0.0    14.64 C    34.5    14.9    21.7    94.4    48.2    80.2 -99.000 -99.000 -99.000 -99.000 -99.000 -9999.0 -9999.0 -9999.0 -9999.0 -9999.0
92827 20171117  2.422  -81.37   27.15    26.3    15.6    21.0    20.1     0.0    13.44 C    36.7    14.5    21.2    90.2    45.3    71.7 -99.000 -99.000 -99.000 -99.000 -99.000 -9999.0 -9999.0 -9999.0 -9999.0 -9999.0
92827 20171118  2.422  -81.37   27.15    26.5    12.9    19.7    19.3     0.0    15.38 C    36.5    10.7    19.9    95.3    42.3    73.4 -99.000 -99.000 -99.000 -99.000 -99.000 -9999.0 -9999.0 -9999.0 -9999.0 -9999.0
92827 20171119  2.422  -81.37   27.15    27.8    12.2    20.0    19.9     0.0    15.14 C    35.4    10.4    20.8    99.1    50.6    81.2 -99.000 -99.000 -99.000 -99.000 -99.000 -9999.0 -9999.0 -9999.0 -9999.0 -9999.0
92827 20171120  2.422  -81.37   27.15    26.2    12.0    19.1    19.1     0.0    13.51 C    34.8    10.6    19.8    90.0    50.1    68.8 -99.000 -99.000 -99.000 -99.000 -99.000 -9999.0 -9999.0 -9999.0 -9999.0 -9999.0
92827 20171121  2.422  -81.37   27.15    25.9    16.4    21.1    19.8    20.2     8.55 C    33.6    15.4    20.2    98.8    68.8    88.7 -99.000 -99.000 -99.000 -99.000 -99.000 -9999.0 -9999.0 -9999.0 -9999.0 -9999.0
92827 20171122  2.422  -81.37   27.15    26.7    15.1    20.9    20.5     0.0    14.10 C    34.9    14.2    22.1    99.4    57.6    87.2 -99.000 -99.000 -99.000 -99.000 -99.000 -9999.0 -9999.0 -9999.0 -9999.0 -9999.0
92827 20171123  2.422  -81.37   27.15    27.7    19.3    23.5    22.0     0.0     9.27 C    35.1    19.1    22.5    98.2    62.2    86.3 -99.000 -99.000 -99.000 -99.000 -99.000 -9999.0 -9999.0 -9999.0 -9999.0 -9999.0
92827 20171124  2.422  -81.37   27.15    21.6    14.2    17.9    19.1     0.0     7.15 C    28.0    13.2    20.1    98.7    76.1    91.0 -99.000 -99.000 -99.000 -99.000 -99.000 -9999.0 -9999.0 -9999.0 -9999.0 -9999.0
92827 20171125  2.422  -81.37   27.15    24.4    12.4    18.4    17.1     0.0    14.18 C    33.4    11.1    18.6    99.5    40.0    80.1 -99.000 -99.000 -99.000 -99.000 -99.000 -9999.0 -9999.0 -9999.0 -9999.0 -9999.0
92827 20171126  2.422  -81.37   27.15    24.1    13.3    18.7    17.6     0.0    11.00 C    33.2    11.6    18.3    96.0    52.5    77.4 -99.000 -99.000 -99.000 -99.000 -99.000 -9999.0 -9999.0 -9999.0 -9999.0 -9999.0
92827 20171127  2.422  -81.37   27.15    25.2    12.4    18.8    18.7     0.0    10.56 C    31.9    10.3    19.2    97.8    57.7    80.9 -99.000 -99.000 -99.000 -99.000 -99.000 -9999.0 -9999.0 -9999.0 -9999.0 -9999.0
92827 20171128  2.422  -81.37   27.15    28.2    16.5    22.4    21.6     0.0    13.96 C    35.3    15.8    22.2    96.7    47.2    78.5 -99.000 -99.000 -99.000 -99.000 -99.000 -9999.0 -9999.0 -9999.0 -9999.0 -9999.0
92827 20171129  2.422  -81.37   27.15    28.6    18.6    23.6    22.3     0.0    12.81 C    36.1    17.8    23.0    97.7    54.0    82.5 -99.000 -99.000 -99.000 -99.000 -99.000 -9999.0 -9999.0 -9999.0 -9999.0 -9999.0
92827 20171130  2.422  -81.37   27.15    27.9    17.1    22.5    21.3     0.0    11.84 C    36.8    14.1    22.0    98.6    51.8    81.5 -99.000 -99.000 -99.000 -99.000 -99.000 -9999.0 -9999.0 -9999.0 -9999.0 -9999.0
92827 20171201  2.422  -81.37   27.15    27.8    15.3    21.5    20.4     0.0    13.67 C    38.0    13.1    21.0    97.9    40.0    78.6 -99.000 -99.000 -99.000 -99.000 -99.000 -9999.0 -9999.0 -9999.0 -9999.0 -9999.0
92827 20171202  2.422  -81.37   27.15    27.6    14.4    21.0    20.3     0.0    13.45 C    37.0    12.2    20.9    99.0    47.2    79.8 -99.000 -99.000 -99.000 -99.000 -99.000 -9999.0 -9999.0 -9999.0 -9999.0 -9999.0
92827 20171203  2.422  -81.37   27.15    27.0    13.5    20.3    19.7     0.0    13.91 C    37.6    11.7    20.4    99.2    40.0    77.7 -99.000 -99.000 -99.000 -99.000 -99.000 -9999.0 -9999.0 -9999.0 -9999.0 -9999.0
92827 20171204  2.422  -81.37   27.15    27.3    16.5    21.9    20.8     0.0    11.85 C    36.9    14.7    21.8    98.8    54.3    83.1 -99.000 -99.000 -99.000 -99.000 -99.000 -9999.0 -9999.0 -9999.0 -9999.0 -9999.0
92827 20171205  2.422  -81.37   27.15    27.4    15.5    21.5    20.8     0.0    10.79 C    35.4    13.4    20.8    98.6    51.0    82.7 -99.000 -99.000 -99.000 -99.000 -99.000 -9999.0 -9999.0 -9999.0 -9999.0 -9999.0
92827 20171206  2.422  -81.37   27.15    28.5    14.8    21.7    21.1     0.0    12.21 C    38.4    13.2    21.5    99.2    49.2    83.5 -99.000 -99.000 -99.000 -99.000 -99.000 -9999.0 -9999.0 -9999.0 -9999.0 -9999.0
92827 20171207  2.422  -81.37   27.15    28.8    15.8    22.3    21.7     0.0    12.89 C    39.0    14.5    23.1    99.2    54.0    85.0 -99.000 -99.000 -99.000 -99.000 -99.000 -9999.0 -9999.0 -9999.0 -9999.0 -9999.0
92827 20171208  2.422  -81.37   27.15    29.5    19.2    24.4    23.9     0.0    11.62 C    37.2    17.5    24.8    98.7    52.9    82.3 -99.000 -99.000 -99.000 -99.000 -99.000 -9999.0 -9999.0 -9999.0 -9999.0 -9999.0
92827 20171209  2.422  -81.37   27.15    23.2     6.5    14.9    15.7    34.9     3.64 C    22.9     4.4    15.8    97.0    78.2    90.2 -99.000 -99.000 -99.000 -99.000 -99.000 -9999.0 -9999.0 -9999.0 -9999.0 -9999.0
92827 20171210  2.422  -81.37   27.15    14.2     3.6     8.9     7.8     0.0    15.41 C    23.1     0.7     8.8    94.2    36.5    70.5 -99.000 -99.000 -99.000 -99.000 -99.000 -9999.0 -9999.0 -9999.0 -9999.0 -9999.0
92827 20171211  2.422  -81.37   27.15    17.5     2.3     9.9     9.1     0.0    15.31 C    27.3    -0.2     9.4    95.7    35.3    68.6 -99.000 -99.000 -99.000 -99.000 -99.000 -9999.0 -9999.0 -9999.0 -9999.0 -9999.0
92827 20171212  2.422  -81.37   27.15    23.4     3.3    13.3    12.9     0.0    12.33 C    30.0     0.4    12.7    97.2    46.3    76.0 -99.000 -99.000 -99.000 -99.000 -99.000 -9999.0 -9999.0 -9999.0 -9999.0 -9999.0
92827 20171213  2.422  -81.37   27.15    18.3     3.9    11.1    10.2     0.0    15.10 C    28.0     0.4    10.5    92.0    26.8    66.0 -99.000 -99.000 -99.000 -99.000 -99.000 -9999.0 -9999.0 -9999.0 -9999.0 -9999.0
92827 20171214  2.422  -81.37   27.15    22.9     4.0    13.5    13.3     0.0    13.87 C    32.5     0.6    13.6    97.4    39.4    74.4 -99.000 -99.000 -99.000 -99.000 -99.000 -9999.0 -9999.0 -9999.0 -9999.0 -9999.0
92827 20171215  2.422  -81.37   27.15    24.8    10.7    17.8    17.1     0.0    13.43 C    33.1     8.1    17.3    99.4    41.5    74.6 -99.000 -99.000 -99.000 -99.000 -99.000 -9999.0 -9999.0 -9999.0 -9999.0 -9999.0
92827 20171216  2.422  -81.37   27.15    25.2     9.8    17.5    16.8     0.0    13.56 C    34.9     8.0    17.6    99.6    45.7    80.4 -99.000 -99.000 -99.000 -99.000 -99.000 -9999.0 -9999.0 -9999.0 -9999.0 -9999.0
92827 20171217  2.422  -81.37   27.15    26.2    13.6    19.9    19.3     0.0    10.91 C    34.4    12.1    19.9    97.6    61.9    84.1 -99.000 -99.000 -99.000 -99.000 -99.000 -9999.0 -9999.0 -9999.0 -9999.0 -9999.0
92827 20171218  2.422  -81.37   27.15    28.6    15.7    22.1    21.1     0.0    12.47 C    39.4    13.2    21.9    99.3    50.4    84.5 -99.000 -99.000 -99.000 -99.000 -99.000 -9999.0 -9999.0 -9999.0 -9999.0 -9999.0
92827 20171219  2.422  -81.37   27.15    28.5    15.8    22.2    20.7     0.0    12.22 C    39.2    13.8    21.4    99.1    52.0    85.2 -99.000 -99.000 -99.000 -99.000 -99.000 -9999.0 -9999.0 -9999.0 -9999.0 -9999.0
92827 20171220  2.422  -81.37   27.15    26.9    15.5    21.2    20.5     0.0    11.92 C    36.7    12.8    20.8    99.0    52.8    83.2 -99.000 -99.000 -99.000 -99.000 -99.000 -9999.0 -9999.0 -9999.0 -9999.0 -9999.0
92827 20171221  2.422  -81.37   27.15    27.8    16.4    22.1    21.4     0.3    10.89 C    37.7    14.3    22.4    98.8    55.0    86.4 -99.000 -99.000 -99.000 -99.000 -99.000 -9999.0 -9999.0 -9999.0 -9999.0 -9999.0
92827 20171222  2.422  -81.37   27.15    28.0    17.2    22.6    21.5     0.0    11.03 C    39.0    15.8    22.9    98.9    51.3    84.8 -99.000 -99.000 -99.000 -99.000 -99.000 -9999.0 -9999.0 -9999.0 -9999.0 -9999.0
92827 20171223  2.422  -81.37   27.15    27.5    15.2    21.3    20.8     0.0    12.62 C    39.5    13.4    21.8    99.2    51.8    82.7 -99.000 -99.000 -99.000 -99.000 -99.000 -9999.0 -9999.0 -9999.0 -9999.0 -9999.0
92827 20171224  2.422  -81.37   27.15    26.7    15.3    21.0    19.8     0.0     9.47 C    39.6    11.7    19.7    98.6    51.2    82.5 -99.000 -99.000 -99.000 -99.000 -99.000 -9999.0 -9999.0 -9999.0 -9999.0 -9999.0
92827 20171225  2.422  -81.37   27.15    25.3    13.3    19.3    18.6     0.0    12.53 C    35.9    10.7    19.8    99.4    48.6    79.4 -99.000 -99.000 -99.000 -99.000 -99.000 -9999.0 -9999.0 -9999.0 -9999.0 -9999.0
92827 20171226  2.422  -81.37   27.15    26.2    13.2    19.7    18.5     0.0     9.67 C    38.1    12.1    19.4    94.7    57.0    80.2 -99.000 -99.000 -99.000 -99.000 -99.000 -9999.0 -9999.0 -9999.0 -9999.0 -9999.0
92827 20171227  2.422  -81.37   27.15    27.4    14.4    20.9    19.8     0.0    13.29 C    37.6    12.1    20.8    98.3    43.5    79.4 -99.000 -99.000 -99.000 -99.000 -99.000 -9999.0 -9999.0 -9999.0 -9999.0 -9999.0
92827 20171228  2.422  -81.37   27.15    26.9    15.1    21.0    19.1     0.0    10.80 C    38.0    14.3    20.6    98.8    54.7    84.5 -99.000 -99.000 -99.000 -99.000 -99.000 -9999.0 -9999.0 -9999.0 -9999.0 -9999.0
92827 20171229  2.422  -81.37   27.15    20.6    12.7    16.6    15.9     0.0    10.96 C    31.5    11.1    18.3    99.1    67.5    88.3 -99.000 -99.000 -99.000 -99.000 -99.000 -9999.0 -9999.0 -9999.0 -9999.0 -9999.0
92827 20171230  2.422  -81.37   27.15    19.5     9.1    14.3    13.6     0.0    12.73 C    28.9     5.0    14.9    99.0    54.1    84.3 -99.000 -99.000 -99.000 -99.000 -99.000 -9999.0 -9999.0 -9999.0 -9999.0 -9999.0
92827 20171231  2.422  -81.37   27.15    22.2     5.0    13.6    13.2     0.0    14.30 C    32.9     2.8    14.4    99.9    43.9    77.9 -99.000 -99.000 -99.000 -99.000 -99.000 -9999.0 -9999.0 -9999.0 -9999.0 -9999.0
