26564 20170101  2.515 -155.75   68.49     1.3    -1.4     0.0    -0.2     0.0     0.00 C    -1.7    -6.2    -3.4    86.5    61.7    72.1 -99.000 -99.000 -99.000 -99.000 -99.000 -9999.0 -9999.0 -9999.0 -9999.0 -9999.0
26564 20170102  2.515 -155.75   68.49     0.7    -1.4    -0.4    -0.6     0.0     0.00 C    -1.7    -5.5    -3.2    87.2    59.6    77.6 -99.000 -99.000 -99.000 -99.000 -99.000 -9999.0 -9999.0 -9999.0 -9999.0 -9999.0
26564 20170103  2.515 -155.75   68.49    -0.8   -11.8    -6.3    -5.7     0.0     0.00 C    -2.2   -18.0    -9.4    91.2    59.8    78.2 -99.000 -99.000 -99.000 -99.000 -99.000 -9999.0 -9999.0 -9999.0 -9999.0 -9999.0
26564 20170104  2.515 -155.75   68.49    -4.9    -8.5    -6.7    -6.7     0.0     0.00 C    -5.8   -12.0    -9.8    90.1    59.1    73.8 -99.000 -99.000 -99.000 -99.000 -99.000 -9999.0 -9999.0 -9999.0 -9999.0 -9999.0
26564 20170105  2.515 -155.75   68.49 -9999.0 -9999.0 -9999.0 -9999.0     0.0 -9999.00 U -9999.0 -9999.0 -9999.0 -9999.0 -9999.0 -9999.0 -99.000 -99.000 -99.000 -99.000 -99.000 -9999.0 -9999.0 -9999.0 -9999.0 -9999.0
26564 20170106  2.515 -155.75   68.49    -6.4   -27.9   -17.2   -13.7     0.0     0.00 C   -10.5   -30.6   -17.1    68.7    34.2    55.2 -99.000 -99.000 -99.000 -99.000 -99.000 -9999.0 -9999.0 -9999.0 -9999.0 -9999.0
26564 20170107  2.515 -155.75   68.49    -4.6    -9.6    -7.1    -7.4     0.0     0.00 C    -8.5   -12.5   -10.1    79.7    47.4    65.7 -99.000 -99.000 -99.000 -99.000 -99.000 -9999.0 -9999.0 -9999.0 -9999.0 -9999.0
26564 20170108  2.515 -155.75   68.49    -4.5   -16.1   -10.3   -10.7     0.0     0.00 C   -10.4   -18.8   -15.6    80.8    47.1    68.9 -99.000 -99.000 -99.000 -99.000 -99.000 -9999.0 -9999.0 -9999.0 -9999.0 -9999.0
26564 20170109  2.515 -155.75   68.49    -4.7   -11.9    -8.3    -9.0     0.0     0.00 C    -9.9   -15.7   -13.6    67.6    49.9    61.0 -99.000 -99.000 -99.000 -99.000 -99.000 -9999.0 -9999.0 -9999.0 -9999.0 -9999.0
26564 20170110  2.515 -155.75   68.49    -3.3   -11.5    -7.4    -7.4     0.0     0.00 C    -8.3   -14.9   -12.4    74.8    43.9    57.0 -99.000 -99.000 -99.000 -99.000 -99.000 -9999.0 -9999.0 -9999.0 -9999.0 -9999.0
26564 20170111  2.515 -155.75   68.49    -7.6   -28.1   -17.8   -14.6     2.5     0.00 C    -8.5   -30.3   -14.7    89.8    61.7    81.8 -99.000 -99.000 -99.000 -99.000 -99.000 -9999.0 -9999.0 -9999.0 -9999.0 -9999.0
26564 20170112  2.515 -155.75   68.49   -26.8   -35.6   -31.2   -31.6     0.0     0.00 C   -27.8   -37.3   -34.4    80.0    68.1    73.1 -99.000 -99.000 -99.000 -99.000 -99.000 -9999.0 -9999.0 -9999.0 -9999.0 -9999.0
26564 20170113  2.515 -155.75   68.49   -30.7   -36.7   -33.7   -33.6     0.0     0.00 C   -31.6   -41.3   -37.7    78.9    69.6    73.7 -99.000 -99.000 -99.000 -99.000 -99.000 -9999.0 -9999.0 -9999.0 -9999.0 -9999.0
26564 20170114  2.515 -155.75   68.49   -30.7   -32.9   -31.8   -31.9     0.0     0.00 C   -29.7   -33.2   -31.1    73.3    70.9    71.9 -99.000 -99.000 -99.000 -99.000 -99.000 -9999.0 -9999.0 -9999.0 -9999.0 -9999.0
26564 20170115  2.515 -155.75   68.49   -32.8   -41.0   -36.9   -35.8     0.6     0.00 C   -31.6   -43.0   -37.2    72.1    65.9    69.6 -99.000 -99.000 -99.000 -99.000 -99.000 -9999.0 -9999.0 -9999.0 -9999.0 -9999.0
26564 20170116  2.515 -155.75   68.49   -31.4   -38.5   -34.9   -35.2     0.0     0.00 C   -35.4   -42.9   -39.4    74.5    66.8    70.7 -99.000 -99.000 -99.000 -99.000 -99.000 -9999.0 -9999.0 -9999.0 -9999.0 -9999.0
26564 20170117 -9.000 -155.75   68.49 -9999.0 -9999.0 -9999.0 -9999.0 -9999.0 -9999.00 U -9999.0 -9999.0 -9999.0 -9999.0 -9999.0 -9999.0 -99.000 -99.000 -99.000 -99.000 -99.000 -9999.0 -9999.0 -9999.0 -9999.0 -9999.0
26564 20170118 -9.000 -155.75   68.49 -9999.0 -9999.0 -9999.0 -9999.0 -9999.0 -9999.00 U -9999.0 -9999.0 -9999.0 -9999.0 -9999.0 -9999.0 -99.000 -99.000 -99.000 -99.000 -99.000 -9999.0 -9999.0 -9999.0 -9999.0 -9999.0
26564 20170119  2.515 -155.75   68.49 -9999.0 -9999.0 -9999.0 -9999.0 -9999.0 -9999.00 U -9999.0 -9999.0 -9999.0 -9999.0 -9999.0 -9999.0 -99.000 -99.000 -99.000 -99.000 -99.000 -9999.0 -9999.0 -9999.0 -9999.0 -9999.0
26564 20170120  2.515 -155.75   68.49 -9999.0 -9999.0 -9999.0 -9999.0 -9999.0 -9999.00 U -9999.0 -9999.0 -9999.0 -9999.0 -9999.0 -9999.0 -99.000 -99.000 -99.000 -99.000 -99.000 -9999.0 -9999.0 -9999.0 -9999.0 -9999.0
26564 20170121  2.515 -155.75   68.49 -9999.0 -9999.0 -9999.0 -9999.0 -9999.0 -9999.00 U -9999.0 -9999.0 -9999.0 -9999.0 -9999.0 -9999.0 -99.000 -99.000 -99.000 -99.000 -99.000 -9999.0 -9999.0 -9999.0 -9999.0 -9999.0
26564 20170122  2.515 -155.75   68.49 -9999.0 -9999.0 -9999.0 -9999.0 -9999.0 -9999.00 U -9999.0 -9999.0 -9999.0 -9999.0 -9999.0 -9999.0 -99.000 -99.000 -99.000 -99.000 -99.000 -9999.0 -9999.0 -9999.0 -9999.0 -9999.0
26564 20170123  2.515 -155.75   68.49 -9999.0 -9999.0 -9999.0 -9999.0 -9999.0 -9999.00 U -9999.0 -9999.0 -9999.0 -9999.0 -9999.0 -9999.0 -99.000 -99.000 -99.000 -99.000 -99.000 -9999.0 -9999.0 -9999.0 -9999.0 -9999.0
26564 20170124  2.515 -155.75   68.49 -9999.0 -9999.0 -9999.0 -9999.0 -9999.0 -9999.00 U -9999.0 -9999.0 -9999.0 -9999.0 -9999.0 -9999.0 -99.000 -99.000 -99.000 -99.000 -99.000 -9999.0 -9999.0 -9999.0 -9999.0 -9999.0
26564 20170125  2.515 -155.75   68.49 -9999.0 -9999.0 -9999.0 -9999.0 -9999.0 -9999.00 U -9999.0 -9999.0 -9999.0 -9999.0 -9999.0 -9999.0 -99.000 -99.000 -99.000 -99.000 -99.000 -9999.0 -9999.0 -9999.0 -9999.0 -9999.0
26564 20170126  2.515 -155.75   68.49 -9999.0 -9999.0 -9999.0 -9999.0 -9999.0 -9999.00 U -9999.0 -9999.0 -9999.0 -9999.0 -9999.0 -9999.0 -99.000 -99.000 -99.000 -99.000 -99.000 -9999.0 -9999.0 -9999.0 -9999.0 -9999.0
26564 20170127  2.515 -155.75   68.49 -9999.0 -9999.0 -9999.0 -9999.0 -9999.0 -9999.00 U -9999.0 -9999.0 -9999.0 -9999.0 -9999.0 -9999.0 -99.000 -99.000 -99.000 -99.000 -99.000 -9999.0 -9999.0 -9999.0 -9999.0 -9999.0
26564 20170128  2.515 -155.75   68.49    -6.9   -16.4   -11.7   -10.7     0.0     0.04 C    -9.0   -21.6   -14.9    83.5    62.3    74.7 -99.000 -99.000 -99.000 -99.000 -99.000 -9999.0 -9999.0 -9999.0 -9999.0 -9999.0
26564 20170129  2.515 -155.75   68.49 -9999.0 -9999.0 -9999.0 -9999.0 -9999.0 -9999.00 U -9999.0 -9999.0 -9999.0 -9999.0 -9999.0 -9999.0 -99.000 -99.000 -99.000 -99.000 -99.000 -9999.0 -9999.0 -9999.0 -9999.0 -9999.0
26564 20170130  2.515 -155.75   68.49    -2.7    -9.8    -6.3    -6.6     0.0     0.38 C    -6.4   -15.6   -10.6    70.9    52.2    62.2 -99.000 -99.000 -99.000 -99.000 -99.000 -9999.0 -9999.0 -9999.0 -9999.0 -9999.0
26564 20170131  2.515 -155.75   68.49    -2.7    -8.4    -5.5    -5.3     0.0     0.09 C    -6.1   -11.9    -8.7    89.9    53.7    74.5 -99.000 -99.000 -99.000 -99.000 -99.000 -9999.0 -9999.0 -9999.0 -9999.0 -9999.0
26564 20170201  2.515 -155.75   68.49 -9999.0 -9999.0 -9999.0 -9999.0 -9999.0 -9999.00 U -9999.0 -9999.0 -9999.0 -9999.0 -9999.0 -9999.0 -99.000 -99.000 -99.000 -99.000 -99.000 -9999.0 -9999.0 -9999.0 -9999.0 -9999.0
26564 20170202  2.515 -155.75   68.49    -3.3    -8.7    -6.0    -5.3     0.0     0.82 C    -6.2   -13.3    -9.9    61.2    41.9    51.1 -99.000 -99.000 -99.000 -99.000 -99.000 -9999.0 -9999.0 -9999.0 -9999.0 -9999.0
26564 20170203  2.515 -155.75   68.49    -4.0   -11.6    -7.8    -8.5     0.0     0.90 C   -12.1   -15.4   -13.8    76.3    47.5    66.5 -99.000 -99.000 -99.000 -99.000 -99.000 -9999.0 -9999.0 -9999.0 -9999.0 -9999.0
26564 20170204  2.515 -155.75   68.49    -2.4   -15.9    -9.1    -9.2     0.0     0.97 C   -11.3   -19.3   -14.2    76.8    57.3    69.2 -99.000 -99.000 -99.000 -99.000 -99.000 -9999.0 -9999.0 -9999.0 -9999.0 -9999.0
26564 20170205  2.515 -155.75   68.49   -11.5   -19.1   -15.3   -17.1     0.0     0.68 C   -17.2   -23.4   -19.9    91.8    50.4    72.5 -99.000 -99.000 -99.000 -99.000 -99.000 -9999.0 -9999.0 -9999.0 -9999.0 -9999.0
26564 20170206  2.515 -155.75   68.49   -16.0   -26.7   -21.3   -21.6     0.0     0.94 C   -17.8   -29.7   -24.4    86.5    69.6    79.8 -99.000 -99.000 -99.000 -99.000 -99.000 -9999.0 -9999.0 -9999.0 -9999.0 -9999.0
26564 20170207  2.515 -155.75   68.49    -8.4   -25.9   -17.1   -14.6     1.0     1.15 C   -12.7   -28.4   -17.7    89.5    58.1    76.3 -99.000 -99.000 -99.000 -99.000 -99.000 -9999.0 -9999.0 -9999.0 -9999.0 -9999.0
26564 20170208  2.515 -155.75   68.49   -16.4   -31.1   -23.7   -23.6     0.4     0.83 C   -16.3   -33.4   -24.1    86.6    67.9    77.0 -99.000 -99.000 -99.000 -99.000 -99.000 -9999.0 -9999.0 -9999.0 -9999.0 -9999.0
26564 20170209  2.515 -155.75   68.49   -24.2   -39.5   -31.8   -29.5     0.4     0.64 C   -23.8   -43.2   -30.2    78.5    71.7    74.4 -99.000 -99.000 -99.000 -99.000 -99.000 -9999.0 -9999.0 -9999.0 -9999.0 -9999.0
26564 20170210  2.515 -155.75   68.49 -9999.0 -9999.0 -9999.0 -9999.0 -9999.0 -9999.00 U -9999.0 -9999.0 -9999.0 -9999.0 -9999.0 -9999.0 -99.000 -99.000 -99.000 -99.000 -99.000 -9999.0 -9999.0 -9999.0 -9999.0 -9999.0
26564 20170211  2.515 -155.75   68.49 -9999.0 -9999.0 -9999.0 -9999.0 -9999.0 -9999.00 U -9999.0 -9999.0 -9999.0 -9999.0 -9999.0 -9999.0 -99.000 -99.000 -99.000 -99.000 -99.000 -9999.0 -9999.0 -9999.0 -9999.0 -9999.0
26564 20170212  2.515 -155.75   68.49 -9999.0 -9999.0 -9999.0 -9999.0 -9999.0 -9999.00 U -9999.0 -9999.0 -9999.0 -9999.0 -9999.0 -9999.0 -99.000 -99.000 -99.000 -99.000 -99.000 -9999.0 -9999.0 -9999.0 -9999.0 -9999.0
26564 20170213  2.515 -155.75   68.49 -9999.0 -9999.0 -9999.0 -9999.0 -9999.0 -9999.00 U -9999.0 -9999.0 -9999.0 -9999.0 -9999.0 -9999.0 -99.000 -99.000 -99.000 -99.000 -99.000 -9999.0 -9999.0 -9999.0 -9999.0 -9999.0
26564 20170214  2.515 -155.75   68.49 -9999.0 -9999.0 -9999.0 -9999.0 -9999.0 -9999.00 U -9999.0 -9999.0 -9999.0 -9999.0 -9999.0 -9999.0 -99.000 -99.000 -99.000 -99.000 -99.000 -9999.0 -9999.0 -9999.0 -9999.0 -9999.0
26564 20170215  2.515 -155.75   68.49 -9999.0 -9999.0 -9999.0 -9999.0 -9999.0 -9999.00 U -9999.0 -9999.0 -9999.0 -9999.0 -9999.0 -9999.0 -99.000 -99.000 -99.000 -99.000 -99.000 -9999.0 -9999.0 -9999.0 -9999.0 -9999.0
26564 20170216  2.515 -155.75   68.49 -9999.0 -9999.0 -9999.0 -9999.0 -9999.0 -9999.00 U -9999.0 -9999.0 -9999.0 -9999.0 -9999.0 -9999.0 -99.000 -99.000 -99.000 -99.000 -99.000 -9999.0 -9999.0 -9999.0 -9999.0 -9999.0
26564 20170217  2.515 -155.75   68.49 -9999.0 -9999.0 -9999.0 -9999.0 -9999.0 -9999.00 U -9999.0 -9999.0 -9999.0 -9999.0 -9999.0 -9999.0 -99.000 -99.000 -99.000 -99.000 -99.000 -9999.0 -9999.0 -9999.0 -9999.0 -9999.0
26564 20170218  2.515 -155.75   68.49 -9999.0 -9999.0 -9999.0 -9999.0 -9999.0 -9999.00 U -9999.0 -9999.0 -9999.0 -9999.0 -9999.0 -9999.0 -99.000 -99.000 -99.000 -99.000 -99.000 -9999.0 -9999.0 -9999.0 -9999.0 -9999.0
26564 20170219  2.515 -155.75   68.49 -9999.0 -9999.0 -9999.0 -9999.0 -9999.0 -9999.00 U -9999.0 -9999.0 -9999.0 -9999.0 -9999.0 -9999.0 -99.000 -99.000 -99.000 -99.000 -99.000 -9999.0 -9999.0 -9999.0 -9999.0 -9999.0
26564 20170220  2.515 -155.75   68.49   -23.7   -33.0   -28.4   -28.2 -9999.0     1.79 C     0.0   -35.6   -29.8    82.0    68.4    74.0 -99.000 -99.000 -99.000 -99.000 -99.000 -9999.0 -9999.0 -9999.0 -9999.0 -9999.0
26564 20170221  2.515 -155.75   68.49   -27.5   -35.8   -31.7   -31.0     0.0     2.34 C   -27.9   -39.1   -34.4    77.8    65.4    72.1 -99.000 -99.000 -99.000 -99.000 -99.000 -9999.0 -9999.0 -9999.0 -9999.0 -9999.0
26564 20170222  2.515 -155.75   68.49 -9999.0 -9999.0 -9999.0 -9999.0 -9999.0 -9999.00 U -9999.0 -9999.0 -9999.0 -9999.0 -9999.0 -9999.0 -99.000 -99.000 -99.000 -99.000 -99.000 -9999.0 -9999.0 -9999.0 -9999.0 -9999.0
26564 20170223  2.515 -155.75   68.49 -9999.0 -9999.0 -9999.0 -9999.0 -9999.0 -9999.00 U -9999.0 -9999.0 -9999.0 -9999.0 -9999.0 -9999.0 -99.000 -99.000 -99.000 -99.000 -99.000 -9999.0 -9999.0 -9999.0 -9999.0 -9999.0
26564 20170224  2.515 -155.75   68.49    -4.0   -14.3    -9.1    -6.6     3.7     1.98 C    -4.8   -13.9    -7.4    91.5    76.6    86.5 -99.000 -99.000 -99.000 -99.000 -99.000 -9999.0 -9999.0 -9999.0 -9999.0 -9999.0
26564 20170225  2.515 -155.75   68.49    -3.2   -16.4    -9.8    -8.5     0.2     1.72 C    -4.1   -15.6    -9.2    92.1    68.7    83.6 -99.000 -99.000 -99.000 -99.000 -99.000 -9999.0 -9999.0 -9999.0 -9999.0 -9999.0
26564 20170226  2.515 -155.75   68.49    -3.7   -15.6    -9.7    -6.4     0.3     1.57 C    -4.7   -15.9    -7.4    89.5    77.5    86.5 -99.000 -99.000 -99.000 -99.000 -99.000 -9999.0 -9999.0 -9999.0 -9999.0 -9999.0
26564 20170227  2.515 -155.75   68.49   -15.6   -34.1   -24.9   -24.6     0.5     2.85 C   -15.7   -40.6   -26.2    85.6    71.3    80.4 -99.000 -99.000 -99.000 -99.000 -99.000 -9999.0 -9999.0 -9999.0 -9999.0 -9999.0
26564 20170228  2.515 -155.75   68.49   -30.0   -35.8   -32.9   -33.2     0.0     5.32 C   -31.8   -39.9   -36.9    75.0    67.6    71.5 -99.000 -99.000 -99.000 -99.000 -99.000 -9999.0 -9999.0 -9999.0 -9999.0 -9999.0
26564 20170301  2.515 -155.75   68.49   -16.0   -34.5   -25.3   -23.4     0.0     4.35 C   -18.3   -38.3   -27.3    79.7    42.9    64.3 -99.000 -99.000 -99.000 -99.000 -99.000 -9999.0 -9999.0 -9999.0 -9999.0 -9999.0
26564 20170302  2.515 -155.75   68.49   -20.7   -28.2   -24.5   -24.7     0.0     3.75 C   -21.3   -31.5   -26.3    80.9    55.5    72.7 -99.000 -99.000 -99.000 -99.000 -99.000 -9999.0 -9999.0 -9999.0 -9999.0 -9999.0
26564 20170303  2.515 -155.75   68.49   -14.9   -27.0   -21.0   -19.3     0.0     3.91 C   -15.5   -31.4   -22.1    84.2    46.9    63.8 -99.000 -99.000 -99.000 -99.000 -99.000 -9999.0 -9999.0 -9999.0 -9999.0 -9999.0
26564 20170304  2.515 -155.75   68.49   -14.3   -26.1   -20.2   -20.8     0.0     3.58 C   -14.9   -27.8   -21.0    83.8    71.2    78.0 -99.000 -99.000 -99.000 -99.000 -99.000 -9999.0 -9999.0 -9999.0 -9999.0 -9999.0
26564 20170305  2.515 -155.75   68.49   -26.1   -36.8   -31.5   -32.3     0.0     6.07 C   -27.8   -40.7   -36.5    80.0    66.6    73.4 -99.000 -99.000 -99.000 -99.000 -99.000 -9999.0 -9999.0 -9999.0 -9999.0 -9999.0
26564 20170306  2.515 -155.75   68.49   -26.8   -37.5   -32.1   -31.3     0.0     5.73 C   -30.0   -40.7   -34.4    79.2    69.2    73.8 -99.000 -99.000 -99.000 -99.000 -99.000 -9999.0 -9999.0 -9999.0 -9999.0 -9999.0
26564 20170307  2.515 -155.75   68.49   -23.9   -33.0   -28.5   -28.4     0.0     6.22 C   -28.4   -36.7   -32.3    82.4    70.9    75.4 -99.000 -99.000 -99.000 -99.000 -99.000 -9999.0 -9999.0 -9999.0 -9999.0 -9999.0
26564 20170308  2.515 -155.75   68.49   -10.6   -27.4   -19.0   -18.0     0.0     6.22 C   -12.9   -30.9   -22.2    80.6    58.2    67.8 -99.000 -99.000 -99.000 -99.000 -99.000 -9999.0 -9999.0 -9999.0 -9999.0 -9999.0
26564 20170309  2.515 -155.75   68.49    -8.1   -11.2    -9.6    -8.9     0.0     2.74 C    -8.7   -14.3   -10.0    87.1    63.5    79.0 -99.000 -99.000 -99.000 -99.000 -99.000 -9999.0 -9999.0 -9999.0 -9999.0 -9999.0
26564 20170310  2.515 -155.75   68.49    -4.4    -8.9    -6.6    -7.1     0.0     6.47 C    -6.5   -12.8    -9.6    81.9    46.3    64.0 -99.000 -99.000 -99.000 -99.000 -99.000 -9999.0 -9999.0 -9999.0 -9999.0 -9999.0
26564 20170311  2.515 -155.75   68.49    -6.0   -16.3   -11.2    -9.3     0.0     5.71 C    -6.5   -19.9   -11.7    94.0    71.1    87.5 -99.000 -99.000 -99.000 -99.000 -99.000 -9999.0 -9999.0 -9999.0 -9999.0 -9999.0
26564 20170312  2.515 -155.75   68.49   -10.4   -24.8   -17.6   -15.5     0.5     4.22 C   -11.8   -31.1   -17.1    89.8    72.8    84.6 -99.000 -99.000 -99.000 -99.000 -99.000 -9999.0 -9999.0 -9999.0 -9999.0 -9999.0
26564 20170313  2.515 -155.75   68.49   -17.4   -32.6   -25.0   -24.1     0.7     2.90 C   -18.6   -37.0   -27.3    83.5    67.3    77.6 -99.000 -99.000 -99.000 -99.000 -99.000 -9999.0 -9999.0 -9999.0 -9999.0 -9999.0
26564 20170314  2.515 -155.75   68.49   -22.6   -32.7   -27.7   -28.0     0.0     2.96 C   -22.8   -35.9   -30.9    80.2    67.8    74.8 -99.000 -99.000 -99.000 -99.000 -99.000 -9999.0 -9999.0 -9999.0 -9999.0 -9999.0
26564 20170315  2.515 -155.75   68.49   -26.6   -32.7   -29.7   -29.3     0.0     2.97 C   -28.8   -36.7   -32.5    77.4    68.7    73.8 -99.000 -99.000 -99.000 -99.000 -99.000 -9999.0 -9999.0 -9999.0 -9999.0 -9999.0
26564 20170316  2.515 -155.75   68.49   -19.1   -33.0   -26.0   -26.2     0.0     3.98 C   -24.9   -36.3   -30.5    78.7    57.7    69.0 -99.000 -99.000 -99.000 -99.000 -99.000 -9999.0 -9999.0 -9999.0 -9999.0 -9999.0
26564 20170317  2.515 -155.75   68.49   -20.8   -30.2   -25.5   -25.3     0.0     9.34 C   -24.2   -34.1   -30.1    72.4    55.2    63.7 -99.000 -99.000 -99.000 -99.000 -99.000 -9999.0 -9999.0 -9999.0 -9999.0 -9999.0
26564 20170318  2.515 -155.75   68.49   -20.9   -31.6   -26.2   -27.1     0.0     9.66 C   -25.0   -35.1   -31.3    75.5    56.6    66.3 -99.000 -99.000 -99.000 -99.000 -99.000 -9999.0 -9999.0 -9999.0 -9999.0 -9999.0
26564 20170319  2.515 -155.75   68.49   -14.1   -30.9   -22.5   -21.6     0.0     9.42 C   -18.0   -34.2   -26.5    69.8    37.5    55.5 -99.000 -99.000 -99.000 -99.000 -99.000 -9999.0 -9999.0 -9999.0 -9999.0 -9999.0
26564 20170320  2.515 -155.75   68.49   -14.9   -26.0   -20.4   -20.5     0.0     9.28 C   -15.9   -29.1   -22.9    82.3    57.8    74.3 -99.000 -99.000 -99.000 -99.000 -99.000 -9999.0 -9999.0 -9999.0 -9999.0 -9999.0
26564 20170321  2.515 -155.75   68.49   -14.7   -23.9   -19.3   -18.7     0.2    10.38 C   -15.8   -27.4   -22.3    83.4    62.0    74.2 -99.000 -99.000 -99.000 -99.000 -99.000 -9999.0 -9999.0 -9999.0 -9999.0 -9999.0
26564 20170322  2.515 -155.75   68.49   -10.1   -22.9   -16.5   -15.4     0.0     7.65 C   -11.8   -27.3   -19.2    82.2    58.4    68.3 -99.000 -99.000 -99.000 -99.000 -99.000 -9999.0 -9999.0 -9999.0 -9999.0 -9999.0
26564 20170323  2.515 -155.75   68.49   -13.7   -24.8   -19.3   -18.0     0.0     9.36 C   -14.7   -28.3   -20.9    86.6    70.2    77.8 -99.000 -99.000 -99.000 -99.000 -99.000 -9999.0 -9999.0 -9999.0 -9999.0 -9999.0
26564 20170324  2.515 -155.75   68.49   -15.4   -26.5   -20.9   -20.8     0.0    11.44 C   -18.5   -29.7   -24.1    86.0    56.5    74.4 -99.000 -99.000 -99.000 -99.000 -99.000 -9999.0 -9999.0 -9999.0 -9999.0 -9999.0
26564 20170325  2.515 -155.75   68.49   -14.5   -25.8   -20.1   -20.2     0.0    11.77 C   -18.2   -30.4   -24.8    73.7    56.8    65.1 -99.000 -99.000 -99.000 -99.000 -99.000 -9999.0 -9999.0 -9999.0 -9999.0 -9999.0
26564 20170326  2.515 -155.75   68.49   -19.1   -28.2   -23.7   -23.8     0.0    11.99 C   -21.5   -33.4   -28.3    89.5    68.0    77.5 -99.000 -99.000 -99.000 -99.000 -99.000 -9999.0 -9999.0 -9999.0 -9999.0 -9999.0
26564 20170327  2.515 -155.75   68.49   -23.0   -31.6   -27.3   -26.1     0.0    11.14 C   -23.4   -36.3   -30.5    85.0    70.9    76.3 -99.000 -99.000 -99.000 -99.000 -99.000 -9999.0 -9999.0 -9999.0 -9999.0 -9999.0
26564 20170328  2.515 -155.75   68.49   -22.8   -32.2   -27.5   -26.5     0.0    10.32 C   -19.0   -36.3   -27.9    80.0    70.0    75.4 -99.000 -99.000 -99.000 -99.000 -99.000 -9999.0 -9999.0 -9999.0 -9999.0 -9999.0
26564 20170329  2.515 -155.75   68.49   -19.7   -28.9   -24.3   -22.9     0.3     9.63 C   -17.3   -31.5   -25.2    84.0    72.0    77.9 -99.000 -99.000 -99.000 -99.000 -99.000 -9999.0 -9999.0 -9999.0 -9999.0 -9999.0
26564 20170330  2.515 -155.75   68.49   -22.0   -29.3   -25.6   -24.6     0.0    12.09 C   -19.3   -32.8   -26.7    80.4    70.9    76.6 -99.000 -99.000 -99.000 -99.000 -99.000 -9999.0 -9999.0 -9999.0 -9999.0 -9999.0
26564 20170331  2.515 -155.75   68.49   -21.4   -29.8   -25.6   -25.1     0.0    13.57 C   -20.6   -32.8   -27.7    79.3    69.5    76.1 -99.000 -99.000 -99.000 -99.000 -99.000 -9999.0 -9999.0 -9999.0 -9999.0 -9999.0
26564 20170401  2.515 -155.75   68.49   -22.3   -30.2   -26.3   -26.1     0.0    13.91 C   -20.9   -34.2   -29.3    78.6    66.6    75.0 -99.000 -99.000 -99.000 -99.000 -99.000 -9999.0 -9999.0 -9999.0 -9999.0 -9999.0
26564 20170402  2.515 -155.75   68.49   -21.5   -30.4   -25.9   -25.7     0.0    14.04 C   -21.0   -34.8   -28.6    81.3    68.5    75.2 -99.000 -99.000 -99.000 -99.000 -99.000 -9999.0 -9999.0 -9999.0 -9999.0 -9999.0
26564 20170403  2.515 -155.75   68.49    -4.8   -24.4   -14.6   -10.9     0.0    10.84 C    -3.3   -29.4   -14.9    94.2    70.0    87.3 -99.000 -99.000 -99.000 -99.000 -99.000 -9999.0 -9999.0 -9999.0 -9999.0 -9999.0
26564 20170404  2.515 -155.75   68.49    -8.0   -19.1   -13.5   -13.6     0.0    11.59 C    -9.4   -22.0   -16.5    91.9    66.4    82.9 -99.000 -99.000 -99.000 -99.000 -99.000 -9999.0 -9999.0 -9999.0 -9999.0 -9999.0
26564 20170405  2.515 -155.75   68.49    -3.4   -18.1   -10.8   -10.1     0.0    13.98 C    -7.7   -21.6   -14.7    86.0    51.1    69.9 -99.000 -99.000 -99.000 -99.000 -99.000 -9999.0 -9999.0 -9999.0 -9999.0 -9999.0
26564 20170406  2.515 -155.75   68.49    -3.6   -18.4   -11.0   -11.7     0.0    15.76 C    -8.2   -23.4   -15.8    89.3    52.4    72.4 -99.000 -99.000 -99.000 -99.000 -99.000 -9999.0 -9999.0 -9999.0 -9999.0 -9999.0
26564 20170407  2.515 -155.75   68.49    -6.1   -22.1   -14.1   -12.9     0.0    16.15 C    -9.5   -25.8   -17.2    91.0    55.3    72.0 -99.000 -99.000 -99.000 -99.000 -99.000 -9999.0 -9999.0 -9999.0 -9999.0 -9999.0
26564 20170408  2.515 -155.75   68.49   -16.8   -24.5   -20.7   -20.4     0.0    10.96 C   -14.3   -30.3   -21.8    88.2    76.4    81.4 -99.000 -99.000 -99.000 -99.000 -99.000 -9999.0 -9999.0 -9999.0 -9999.0 -9999.0
26564 20170409  2.515 -155.75   68.49    -3.5   -27.4   -15.5   -14.4     0.0    14.60 C    -8.4   -30.3   -17.6    87.8    59.3    74.1 -99.000 -99.000 -99.000 -99.000 -99.000 -9999.0 -9999.0 -9999.0 -9999.0 -9999.0
26564 20170410  2.515 -155.75   68.49    -2.4   -11.3    -6.9    -6.3     0.0    14.97 C    -4.3   -17.9   -11.0    78.3    56.9    68.4 -99.000 -99.000 -99.000 -99.000 -99.000 -9999.0 -9999.0 -9999.0 -9999.0 -9999.0
26564 20170411  2.515 -155.75   68.49    -0.1   -11.6    -5.9    -6.1     0.2    16.40 C    -0.2   -16.2    -9.2    92.5    59.8    75.6 -99.000 -99.000 -99.000 -99.000 -99.000 -9999.0 -9999.0 -9999.0 -9999.0 -9999.0
26564 20170412  2.515 -155.75   68.49    -2.3   -14.4    -8.3    -7.7     0.0    17.07 C    -5.6   -17.5   -11.6    78.8    56.0    68.3 -99.000 -99.000 -99.000 -99.000 -99.000 -9999.0 -9999.0 -9999.0 -9999.0 -9999.0
26564 20170413  2.515 -155.75   68.49    -1.1   -14.8    -8.0    -7.9     0.0    17.95 C    -3.0   -17.8   -11.8    77.3    51.4    66.0 -99.000 -99.000 -99.000 -99.000 -99.000 -9999.0 -9999.0 -9999.0 -9999.0 -9999.0
26564 20170414  2.515 -155.75   68.49    -1.7   -16.6    -9.1    -8.4     0.0    17.60 C    -5.1   -21.2   -13.1    91.3    38.4    61.9 -99.000 -99.000 -99.000 -99.000 -99.000 -9999.0 -9999.0 -9999.0 -9999.0 -9999.0
26564 20170415  2.515 -155.75   68.49    -7.8   -18.3   -13.1   -12.7     0.0    18.46 C    -7.9   -24.3   -16.5    90.8    56.0    75.3 -99.000 -99.000 -99.000 -99.000 -99.000 -9999.0 -9999.0 -9999.0 -9999.0 -9999.0
26564 20170416  2.515 -155.75   68.49    -4.8   -18.2   -11.5   -10.7     0.0    19.04 C    -7.2   -23.8   -16.0    89.5    36.8    59.4 -99.000 -99.000 -99.000 -99.000 -99.000 -9999.0 -9999.0 -9999.0 -9999.0 -9999.0
26564 20170417  2.515 -155.75   68.49    -4.1   -17.7   -10.9   -10.5     0.0    19.33 C    -6.8   -22.3   -15.8    67.9    32.2    52.3 -99.000 -99.000 -99.000 -99.000 -99.000 -9999.0 -9999.0 -9999.0 -9999.0 -9999.0
26564 20170418  2.515 -155.75   68.49   -11.4   -19.8   -15.6   -15.0     0.0    19.39 C   -11.0   -23.5   -17.7    84.1    49.7    69.7 -99.000 -99.000 -99.000 -99.000 -99.000 -9999.0 -9999.0 -9999.0 -9999.0 -9999.0
26564 20170419  2.515 -155.75   68.49   -12.1   -22.4   -17.3   -16.5     0.0    19.52 C   -12.3   -26.8   -19.5    85.3    61.9    72.6 -99.000 -99.000 -99.000 -99.000 -99.000 -9999.0 -9999.0 -9999.0 -9999.0 -9999.0
26564 20170420  2.515 -155.75   68.49    -7.7   -21.6   -14.7   -14.2     0.0    20.23 C    -7.8   -27.3   -18.1    87.7    51.6    70.6 -99.000 -99.000 -99.000 -99.000 -99.000 -9999.0 -9999.0 -9999.0 -9999.0 -9999.0
26564 20170421  2.515 -155.75   68.49    -2.2   -19.5   -10.8   -10.0     0.0    20.79 C    -4.6   -24.0   -14.7    72.2    36.4    57.3 -99.000 -99.000 -99.000 -99.000 -99.000 -9999.0 -9999.0 -9999.0 -9999.0 -9999.0
26564 20170422  2.515 -155.75   68.49    -3.4   -16.6   -10.0    -9.9     0.0    21.08 C    -5.1   -22.9   -14.2    77.5    36.7    59.4 -99.000 -99.000 -99.000 -99.000 -99.000 -9999.0 -9999.0 -9999.0 -9999.0 -9999.0
26564 20170423  2.515 -155.75   68.49   -10.6   -19.3   -14.9   -14.2     0.0    21.34 C   -10.3   -24.9   -17.9    89.5    67.1    79.3 -99.000 -99.000 -99.000 -99.000 -99.000 -9999.0 -9999.0 -9999.0 -9999.0 -9999.0
26564 20170424  2.515 -155.75   68.49   -17.3   -23.9   -20.6   -20.0     0.0    20.55 C   -16.5   -25.7   -19.7    82.5    74.0    79.4 -99.000 -99.000 -99.000 -99.000 -99.000 -9999.0 -9999.0 -9999.0 -9999.0 -9999.0
26564 20170425  2.515 -155.75   68.49   -19.3   -24.3   -21.8   -21.4     0.0    14.54 C   -17.7   -25.7   -21.1    79.8    75.2    78.1 -99.000 -99.000 -99.000 -99.000 -99.000 -9999.0 -9999.0 -9999.0 -9999.0 -9999.0
26564 20170426  2.515 -155.75   68.49   -16.7   -25.2   -20.9   -21.2     0.0    21.79 C   -15.8   -29.4   -22.3    86.1    71.8    79.1 -99.000 -99.000 -99.000 -99.000 -99.000 -9999.0 -9999.0 -9999.0 -9999.0 -9999.0
26564 20170427  2.515 -155.75   68.49    -5.3   -25.9   -15.6   -17.0     0.0    22.11 C    -7.7   -30.1   -18.7    87.5    74.5    80.9 -99.000 -99.000 -99.000 -99.000 -99.000 -9999.0 -9999.0 -9999.0 -9999.0 -9999.0
26564 20170428  2.515 -155.75   68.49     2.2   -12.5    -5.2    -2.4     0.0    18.93 C    -0.1   -15.7    -4.7    83.6    60.4    73.2 -99.000 -99.000 -99.000 -99.000 -99.000 -9999.0 -9999.0 -9999.0 -9999.0 -9999.0
26564 20170429  2.515 -155.75   68.49     2.9    -4.0    -0.5    -0.6     0.0    18.05 C     0.1    -9.2    -2.5    95.0    57.2    78.1 -99.000 -99.000 -99.000 -99.000 -99.000 -9999.0 -9999.0 -9999.0 -9999.0 -9999.0
26564 20170430  2.515 -155.75   68.49    -2.8   -10.2    -6.5    -6.3     0.0    21.44 C    -2.2   -12.7    -6.7    96.0    83.2    90.3 -99.000 -99.000 -99.000 -99.000 -99.000 -9999.0 -9999.0 -9999.0 -9999.0 -9999.0
26564 20170501  2.515 -155.75   68.49    -1.4   -11.2    -6.3    -6.0     0.0    22.34 C    -1.5   -11.1    -6.1    92.3    79.0    86.0 -99.000 -99.000 -99.000 -99.000 -99.000 -9999.0 -9999.0 -9999.0 -9999.0 -9999.0
26564 20170502  2.515 -155.75   68.49     1.9    -8.0    -3.1    -2.2     0.0    23.30 C    -0.3   -10.7    -4.8    92.9    60.8    78.1 -99.000 -99.000 -99.000 -99.000 -99.000 -9999.0 -9999.0 -9999.0 -9999.0 -9999.0
26564 20170503  2.515 -155.75   68.49    -5.2   -11.4    -8.3    -8.8     0.0    22.57 C    -4.8   -13.3    -9.0    95.5    85.0    89.4 -99.000 -99.000 -99.000 -99.000 -99.000 -9999.0 -9999.0 -9999.0 -9999.0 -9999.0
26564 20170504  2.515 -155.75   68.49    -1.7   -15.0    -8.4    -7.6     0.0    24.11 C    -1.2   -17.4    -8.8    94.8    71.2    85.7 -99.000 -99.000 -99.000 -99.000 -99.000 -9999.0 -9999.0 -9999.0 -9999.0 -9999.0
26564 20170505  2.515 -155.75   68.49    -4.7   -11.8    -8.3    -7.3     1.4    20.35 C    -3.1   -15.6    -8.6    94.8    86.1    90.3 -99.000 -99.000 -99.000 -99.000 -99.000 -9999.0 -9999.0 -9999.0 -9999.0 -9999.0
26564 20170506  2.515 -155.75   68.49    -1.9    -7.6    -4.7    -3.9     0.0    18.92 C    -0.7   -10.3    -3.3    95.4    91.4    93.6 -99.000 -99.000 -99.000 -99.000 -99.000 -9999.0 -9999.0 -9999.0 -9999.0 -9999.0
26564 20170507  2.515 -155.75   68.49     3.3   -10.1    -3.4    -4.5     0.0    23.02 C     0.2   -13.8    -5.1    96.4    64.1    88.0 -99.000 -99.000 -99.000 -99.000 -99.000 -9999.0 -9999.0 -9999.0 -9999.0 -9999.0
26564 20170508  2.515 -155.75   68.49    -5.5    -8.3    -6.9    -7.1     0.0    15.45 C    -3.9    -7.5    -6.0    93.8    90.0    91.1 -99.000 -99.000 -99.000 -99.000 -99.000 -9999.0 -9999.0 -9999.0 -9999.0 -9999.0
26564 20170509  2.515 -155.75   68.49    -6.4    -8.7    -7.5    -7.6     1.3    17.64 C    -3.0    -8.6    -6.9    91.5    80.4    88.4 -99.000 -99.000 -99.000 -99.000 -99.000 -9999.0 -9999.0 -9999.0 -9999.0 -9999.0
26564 20170510  2.515 -155.75   68.49    -4.0    -8.8    -6.4    -6.1     0.0    17.47 C    -3.1    -8.8    -5.8    89.6    81.3    85.6 -99.000 -99.000 -99.000 -99.000 -99.000 -9999.0 -9999.0 -9999.0 -9999.0 -9999.0
26564 20170511  2.515 -155.75   68.49    -3.9   -11.1    -7.5    -6.6     0.0    23.05 C    -3.4   -12.5    -6.3    95.8    83.5    90.6 -99.000 -99.000 -99.000 -99.000 -99.000 -9999.0 -9999.0 -9999.0 -9999.0 -9999.0
26564 20170512  2.515 -155.75   68.49    -2.2   -13.1    -7.7    -7.4     0.0    25.81 C    -1.9   -15.3    -8.1    94.9    79.8    88.2 -99.000 -99.000 -99.000 -99.000 -99.000 -9999.0 -9999.0 -9999.0 -9999.0 -9999.0
26564 20170513  2.515 -155.75   68.49    -4.2   -11.8    -8.0    -7.3     0.0    25.19 C    -3.5   -14.1    -7.3    95.0    86.5    90.6 -99.000 -99.000 -99.000 -99.000 -99.000 -9999.0 -9999.0 -9999.0 -9999.0 -9999.0
26564 20170514  2.515 -155.75   68.49     6.2    -8.1    -0.9    -2.5     0.0    26.35 C    -0.3   -11.4    -4.3    92.6    55.1    81.0 -99.000 -99.000 -99.000 -99.000 -99.000 -9999.0 -9999.0 -9999.0 -9999.0 -9999.0
26564 20170515  2.515 -155.75   68.49     8.9    -4.1     2.4     3.0     0.0    23.66 C     0.4    -7.4    -2.1    83.2    43.7    67.5 -99.000 -99.000 -99.000 -99.000 -99.000 -9999.0 -9999.0 -9999.0 -9999.0 -9999.0
26564 20170516  2.515 -155.75   68.49     7.2    -4.1     1.5     2.5     0.0    23.38 C     0.2    -6.4    -2.0    87.2    41.3    66.5 -99.000 -99.000 -99.000 -99.000 -99.000 -9999.0 -9999.0 -9999.0 -9999.0 -9999.0
26564 20170517  2.515 -155.75   68.49    10.2     1.1     5.6     5.1     0.9    12.47 C     0.5    -1.2    -0.2    91.9    54.0    71.3 -99.000 -99.000 -99.000 -99.000 -99.000 -9999.0 -9999.0 -9999.0 -9999.0 -9999.0
26564 20170518  2.515 -155.75   68.49     4.2    -0.9     1.6     2.2     0.0    17.95 C     0.2    -2.7    -0.7    95.1    62.6    77.5 -99.000 -99.000 -99.000 -99.000 -99.000 -9999.0 -9999.0 -9999.0 -9999.0 -9999.0
26564 20170519  2.515 -155.75   68.49    -0.9    -3.7    -2.3    -2.4     1.1    11.75 C    -0.5    -2.8    -1.9    97.2    79.2    90.4 -99.000 -99.000 -99.000 -99.000 -99.000 -9999.0 -9999.0 -9999.0 -9999.0 -9999.0
26564 20170520  2.515 -155.75   68.49     1.4    -3.0    -0.8    -1.0     0.0    16.36 C    -0.1    -6.6    -1.9    95.8    54.5    80.9 -99.000 -99.000 -99.000 -99.000 -99.000 -9999.0 -9999.0 -9999.0 -9999.0 -9999.0
26564 20170521  2.515 -155.75   68.49     5.2    -5.9    -0.3     1.2     0.0    28.10 C    -0.2    -9.4    -3.1    83.2    43.8    63.6 -99.000 -99.000 -99.000 -99.000 -99.000 -9999.0 -9999.0 -9999.0 -9999.0 -9999.0
26564 20170522  2.515 -155.75   68.49     5.2    -4.8     0.2    -0.1     0.0    26.74 C    -0.1    -6.0    -1.8    97.3    60.3    82.0 -99.000 -99.000 -99.000 -99.000 -99.000 -9999.0 -9999.0 -9999.0 -9999.0 -9999.0
26564 20170523  2.515 -155.75   68.49     6.3    -4.0     1.1     0.4     1.2    16.95 C     0.0    -2.7    -0.9    97.5    62.4    86.3 -99.000 -99.000 -99.000 -99.000 -99.000 -9999.0 -9999.0 -9999.0 -9999.0 -9999.0
26564 20170524  2.515 -155.75   68.49     8.8    -1.8     3.5     4.7     0.0    17.19 C     0.4    -4.9    -1.1    84.7    38.2    61.9 -99.000 -99.000 -99.000 -99.000 -99.000 -9999.0 -9999.0 -9999.0 -9999.0 -9999.0
26564 20170525  2.515 -155.75   68.49     6.4     0.6     3.5     2.7     0.0    19.90 C     0.2    -1.9    -0.4    91.0    43.9    68.4 -99.000 -99.000 -99.000 -99.000 -99.000 -9999.0 -9999.0 -9999.0 -9999.0 -9999.0
26564 20170526  2.515 -155.75   68.49     5.6    -0.8     2.4     2.4     0.0    20.05 C     0.2    -3.6    -0.9    79.8    40.8    58.5 -99.000 -99.000 -99.000 -99.000 -99.000 -9999.0 -9999.0 -9999.0 -9999.0 -9999.0
26564 20170527  2.515 -155.75   68.49     8.4    -3.4     2.5     3.7     0.0    18.66 C     0.6    -5.5    -1.4    84.1    40.1    56.3 -99.000 -99.000 -99.000 -99.000 -99.000 -9999.0 -9999.0 -9999.0 -9999.0 -9999.0
26564 20170528  2.515 -155.75   68.49    10.7    -2.8     3.9     5.5     0.0    18.76 C     0.7    -4.2    -0.9    83.9    29.3    50.5 -99.000 -99.000 -99.000 -99.000 -99.000 -9999.0 -9999.0 -9999.0 -9999.0 -9999.0
26564 20170529  2.515 -155.75   68.49     9.3    -0.1     4.6     5.3     3.0    13.64 C     1.2    -0.8     0.3    97.7    50.1    73.6 -99.000 -99.000 -99.000 -99.000 -99.000 -9999.0 -9999.0 -9999.0 -9999.0 -9999.0
26564 20170530  2.515 -155.75   68.49     8.2    -1.2     3.5     1.8     5.3    12.14 C     3.3    -0.9     0.4    97.8    60.3    88.0 -99.000 -99.000 -99.000 -99.000 -99.000 -9999.0 -9999.0 -9999.0 -9999.0 -9999.0
26564 20170531  2.515 -155.75   68.49     9.2    -0.1     4.5     3.9     0.6    19.11 C     9.7    -1.1     3.0    98.2    50.5    82.2 -99.000 -99.000 -99.000 -99.000 -99.000 -9999.0 -9999.0 -9999.0 -9999.0 -9999.0
26564 20170601  2.515 -155.75   68.49    10.7    -1.5     4.6     5.3     0.0    28.41 C    13.1    -1.5     4.8    95.7    46.7    67.9 -99.000 -99.000 -99.000 -99.000 -99.000 -9999.0 -9999.0 -9999.0 -9999.0 -9999.0
26564 20170602  2.515 -155.75   68.49    12.5    -1.9     5.3     5.6     0.0    23.11 C    18.7    -1.4     6.6    93.3    49.8    72.7 -99.000 -99.000 -99.000 -99.000 -99.000 -9999.0 -9999.0 -9999.0 -9999.0 -9999.0
26564 20170603  2.515 -155.75   68.49    15.3    -0.6     7.3     7.0     0.0    26.46 C    19.3    -1.0     8.7    98.0    44.8    76.1 -99.000 -99.000 -99.000 -99.000 -99.000 -9999.0 -9999.0 -9999.0 -9999.0 -9999.0
26564 20170604  2.515 -155.75   68.49    13.5    -1.9     5.8     5.9     0.0    28.16 C    18.2    -1.1     8.0    97.9    47.4    74.2 -99.000 -99.000 -99.000 -99.000 -99.000 -9999.0 -9999.0 -9999.0 -9999.0 -9999.0
26564 20170605  2.515 -155.75   68.49     9.1    -2.4     3.4     3.2     0.0    27.71 C    14.8    -1.5     5.7    97.5    52.8    77.3 -99.000 -99.000 -99.000 -99.000 -99.000 -9999.0 -9999.0 -9999.0 -9999.0 -9999.0
26564 20170606  2.515 -155.75   68.49     7.7    -2.1     2.8     2.2     0.0    26.02 C    13.0    -1.4     4.6    97.0    58.5    79.9 -99.000 -99.000 -99.000 -99.000 -99.000 -9999.0 -9999.0 -9999.0 -9999.0 -9999.0
26564 20170607  2.515 -155.75   68.49    10.4    -1.6     4.4     3.7     0.0    27.84 C    15.6    -0.5     6.6    97.5    60.0    80.4 -99.000 -99.000 -99.000 -99.000 -99.000 -9999.0 -9999.0 -9999.0 -9999.0 -9999.0
26564 20170608  2.515 -155.75   68.49     8.2    -1.0     3.6     2.8     0.0    22.77 C    16.4    -1.1     5.9    97.6    66.0    84.9 -99.000 -99.000 -99.000 -99.000 -99.000 -9999.0 -9999.0 -9999.0 -9999.0 -9999.0
26564 20170609  2.515 -155.75   68.49     5.9    -1.2     2.3     1.4     2.0    11.71 C     9.6    -0.4     3.0    97.5    73.9    89.7 -99.000 -99.000 -99.000 -99.000 -99.000 -9999.0 -9999.0 -9999.0 -9999.0 -9999.0
26564 20170610  2.515 -155.75   68.49     4.3    -1.0     1.6     1.3     7.9     5.90 C     7.7    -0.2     2.5    97.8    92.1    96.1 -99.000 -99.000 -99.000 -99.000 -99.000 -9999.0 -9999.0 -9999.0 -9999.0 -9999.0
26564 20170611  2.515 -155.75   68.49    12.2     0.6     6.4     4.7     1.4    11.30 C    11.7     1.3     4.9    97.9    50.4    83.9 -99.000 -99.000 -99.000 -99.000 -99.000 -9999.0 -9999.0 -9999.0 -9999.0 -9999.0
26564 20170612  2.515 -155.75   68.49    10.8    -0.3     5.2     5.9     0.0    30.59 C    14.2    -0.9     6.7    89.7    48.6    65.2 -99.000 -99.000 -99.000 -99.000 -99.000 -9999.0 -9999.0 -9999.0 -9999.0 -9999.0
26564 20170613  2.515 -155.75   68.49    15.5    -2.8     6.3     7.0     0.0    29.70 C    21.8    -1.4    10.1    97.2    48.2    69.7 -99.000 -99.000 -99.000 -99.000 -99.000 -9999.0 -9999.0 -9999.0 -9999.0 -9999.0
26564 20170614  2.515 -155.75   68.49    17.3     4.4    10.9    12.7     0.0    27.48 C    23.4     2.6    12.6    82.5    29.6    50.5 -99.000 -99.000 -99.000 -99.000 -99.000 -9999.0 -9999.0 -9999.0 -9999.0 -9999.0
26564 20170615  2.515 -155.75   68.49    15.3     3.5     9.4    10.8     0.0    25.42 C    22.4     2.2    11.8    78.7    29.3    47.1 -99.000 -99.000 -99.000 -99.000 -99.000 -9999.0 -9999.0 -9999.0 -9999.0 -9999.0
26564 20170616  2.515 -155.75   68.49    10.8    -0.2     5.3     5.8     0.0    30.19 C    19.0    -1.4     8.5    92.8    45.0    68.9 -99.000 -99.000 -99.000 -99.000 -99.000 -9999.0 -9999.0 -9999.0 -9999.0 -9999.0
26564 20170617  2.515 -155.75   68.49    10.9    -0.2     5.4     5.0     1.0    13.29 C    16.7    -0.9     6.9    94.6    69.9    84.0 -99.000 -99.000 -99.000 -99.000 -99.000 -9999.0 -9999.0 -9999.0 -9999.0 -9999.0
26564 20170618  2.515 -155.75   68.49    13.4     2.6     8.0     8.7     3.9    23.37 C    21.0     0.8    10.5    94.8    43.7    72.6 -99.000 -99.000 -99.000 -99.000 -99.000 -9999.0 -9999.0 -9999.0 -9999.0 -9999.0
26564 20170619  2.515 -155.75   68.49    15.9     5.8    10.9    10.1    20.3    17.08 C    26.4     1.3    10.8    94.0    39.9    72.0 -99.000 -99.000 -99.000 -99.000 -99.000 -9999.0 -9999.0 -9999.0 -9999.0 -9999.0
26564 20170620  2.515 -155.75   68.49    15.3     3.2     9.2    10.3     0.0    25.79 C    18.0     2.3     9.4    92.5    38.7    68.2 -99.000 -99.000 -99.000 -99.000 -99.000 -9999.0 -9999.0 -9999.0 -9999.0 -9999.0
26564 20170621  2.515 -155.75   68.49    15.7     6.5    11.1    11.5     0.0    26.28 C    16.8     4.5    10.6    84.7    46.3    64.3 -99.000 -99.000 -99.000 -99.000 -99.000 -9999.0 -9999.0 -9999.0 -9999.0 -9999.0
26564 20170622  2.515 -155.75   68.49    16.5     7.9    12.2    12.4     0.0    26.82 C    19.9     5.7    11.5    78.2    41.0    55.7 -99.000 -99.000 -99.000 -99.000 -99.000 -9999.0 -9999.0 -9999.0 -9999.0 -9999.0
26564 20170623  2.515 -155.75   68.49    12.4     7.0     9.7     9.5     0.3    19.64 C    16.4     4.7     9.1    86.7    51.4    66.3 -99.000 -99.000 -99.000 -99.000 -99.000 -9999.0 -9999.0 -9999.0 -9999.0 -9999.0
26564 20170624  2.515 -155.75   68.49    13.4     6.1     9.8    10.1     0.0    29.66 C    17.1     3.8     9.6    71.7    49.0    58.8 -99.000 -99.000 -99.000 -99.000 -99.000 -9999.0 -9999.0 -9999.0 -9999.0 -9999.0
26564 20170625  2.515 -155.75   68.49    12.6     5.5     9.1     8.8     0.0    14.27 C    17.5     3.2     8.8    82.2    51.8    64.9 -99.000 -99.000 -99.000 -99.000 -99.000 -9999.0 -9999.0 -9999.0 -9999.0 -9999.0
26564 20170626  2.515 -155.75   68.49    19.9     2.9    11.4    13.4     0.0    25.12 C    29.0     1.0    14.6    95.9    35.2    58.1 -99.000 -99.000 -99.000 -99.000 -99.000 -9999.0 -9999.0 -9999.0 -9999.0 -9999.0
26564 20170627  2.515 -155.75   68.49    21.6     6.2    13.9    15.4     0.0    16.44 C    28.5     5.2    13.9    86.9    33.1    53.0 -99.000 -99.000 -99.000 -99.000 -99.000 -9999.0 -9999.0 -9999.0 -9999.0 -9999.0
26564 20170628  2.515 -155.75   68.49    21.4     8.2    14.8    14.4     0.6    19.88 C    26.1     6.5    13.7    85.5    34.3    62.5 -99.000 -99.000 -99.000 -99.000 -99.000 -9999.0 -9999.0 -9999.0 -9999.0 -9999.0
26564 20170629  2.515 -155.75   68.49    20.8     8.6    14.7    15.8     0.0    22.72 C    24.6     6.3    15.2    80.3    34.7    54.5 -99.000 -99.000 -99.000 -99.000 -99.000 -9999.0 -9999.0 -9999.0 -9999.0 -9999.0
26564 20170630  2.515 -155.75   68.49    19.7    11.5    15.6    14.6     8.2     7.62 C    25.0     9.6    13.7    93.9    49.7    75.0 -99.000 -99.000 -99.000 -99.000 -99.000 -9999.0 -9999.0 -9999.0 -9999.0 -9999.0
26564 20170701  2.515 -155.75   68.49    15.2     8.8    12.0    11.7     4.5     7.54 C    23.9     7.8    12.6    96.7    82.9    92.2 -99.000 -99.000 -99.000 -99.000 -99.000 -9999.0 -9999.0 -9999.0 -9999.0 -9999.0
26564 20170702  2.515 -155.75   68.49    13.2     8.1    10.6    10.5     4.7     9.95 C    18.4     8.2    12.0    97.2    75.6    88.9 -99.000 -99.000 -99.000 -99.000 -99.000 -9999.0 -9999.0 -9999.0 -9999.0 -9999.0
26564 20170703  2.515 -155.75   68.49    15.3     6.4    10.9    12.0     0.0    11.10 C    15.9     6.1    11.7    97.7    64.4    81.2 -99.000 -99.000 -99.000 -99.000 -99.000 -9999.0 -9999.0 -9999.0 -9999.0 -9999.0
26564 20170704  2.515 -155.75   68.49    18.4     4.4    11.4    13.1     0.0    16.85 C    22.7     4.8    12.6    94.5    43.8    68.3 -99.000 -99.000 -99.000 -99.000 -99.000 -9999.0 -9999.0 -9999.0 -9999.0 -9999.0
26564 20170705  2.515 -155.75   68.49    17.5     8.9    13.2    12.7     0.0    12.35 C    19.3     7.4    11.4    74.0    45.4    62.4 -99.000 -99.000 -99.000 -99.000 -99.000 -9999.0 -9999.0 -9999.0 -9999.0 -9999.0
26564 20170706  2.515 -155.75   68.49    18.0    11.4    14.7    15.3     0.0     7.19 C    16.1     8.6    11.8    66.1    46.2    54.7 -99.000 -99.000 -99.000 -99.000 -99.000 -9999.0 -9999.0 -9999.0 -9999.0 -9999.0
26564 20170707  2.515 -155.75   68.49    19.0     9.6    14.3    15.3     0.0    17.30 C    20.2     7.1    12.4    75.7    30.5    46.7 -99.000 -99.000 -99.000 -99.000 -99.000 -9999.0 -9999.0 -9999.0 -9999.0 -9999.0
26564 20170708  2.515 -155.75   68.49    21.8     8.0    14.9    16.7     0.0    28.57 C    26.7     6.1    16.3    83.5    32.1    51.9 -99.000 -99.000 -99.000 -99.000 -99.000 -9999.0 -9999.0 -9999.0 -9999.0 -9999.0
26564 20170709  2.515 -155.75   68.49    19.3     8.1    13.7    14.3     1.2    17.51 C    21.4     7.2    13.6    97.2    47.6    73.0 -99.000 -99.000 -99.000 -99.000 -99.000 -9999.0 -9999.0 -9999.0 -9999.0 -9999.0
26564 20170710  2.515 -155.75   68.49    11.5     7.0     9.2     8.9     1.5     5.66 C    13.6     7.4    10.4    97.2    89.1    96.1 -99.000 -99.000 -99.000 -99.000 -99.000 -9999.0 -9999.0 -9999.0 -9999.0 -9999.0
26564 20170711  2.515 -155.75   68.49    12.7     6.9     9.8     9.3     0.0     8.73 C    15.1     7.0    10.4    97.2    83.6    92.4 -99.000 -99.000 -99.000 -99.000 -99.000 -9999.0 -9999.0 -9999.0 -9999.0 -9999.0
26564 20170712  2.515 -155.75   68.49    15.9     7.4    11.6    12.4     1.1     8.96 C    21.1     6.5    13.2    97.2    75.7    90.5 -99.000 -99.000 -99.000 -99.000 -99.000 -9999.0 -9999.0 -9999.0 -9999.0 -9999.0
26564 20170713  2.515 -155.75   68.49    22.2     8.1    15.2    16.5     0.0    20.79 C    27.9     7.4    17.5    97.1    54.6    75.5 -99.000 -99.000 -99.000 -99.000 -99.000 -9999.0 -9999.0 -9999.0 -9999.0 -9999.0
26564 20170714  2.515 -155.75   68.49    25.1    10.7    17.9    19.6     0.0    24.52 C    29.8     9.7    18.5    91.4    37.1    59.5 -99.000 -99.000 -99.000 -99.000 -99.000 -9999.0 -9999.0 -9999.0 -9999.0 -9999.0
26564 20170715  2.515 -155.75   68.49    24.4     9.0    16.7    17.1     0.7    19.44 C    28.9     8.1    17.6    88.9    38.4    67.6 -99.000 -99.000 -99.000 -99.000 -99.000 -9999.0 -9999.0 -9999.0 -9999.0 -9999.0
26564 20170716  2.515 -155.75   68.49    16.2    12.4    14.3    14.4     0.8     7.78 C    23.6    11.7    14.7    94.8    70.3    84.3 -99.000 -99.000 -99.000 -99.000 -99.000 -9999.0 -9999.0 -9999.0 -9999.0 -9999.0
26564 20170717  2.515 -155.75   68.49    19.5     8.7    14.1    14.7     0.0    11.76 C    22.1     7.5    13.9    94.8    44.5    69.9 -99.000 -99.000 -99.000 -99.000 -99.000 -9999.0 -9999.0 -9999.0 -9999.0 -9999.0
26564 20170718  2.515 -155.75   68.49    20.0    10.3    15.2    15.5     0.0     9.01 C    24.3    10.0    15.4    95.2    48.6    74.0 -99.000 -99.000 -99.000 -99.000 -99.000 -9999.0 -9999.0 -9999.0 -9999.0 -9999.0
26564 20170719  2.515 -155.75   68.49    21.6    10.8    16.2    15.5    15.8    16.84 C    28.3    10.3    17.2    96.5    52.0    78.1 -99.000 -99.000 -99.000 -99.000 -99.000 -9999.0 -9999.0 -9999.0 -9999.0 -9999.0
26564 20170720  2.515 -155.75   68.49    12.0     4.4     8.2     7.3     1.8     6.63 C    12.3     6.3     9.4    96.8    78.4    92.2 -99.000 -99.000 -99.000 -99.000 -99.000 -9999.0 -9999.0 -9999.0 -9999.0 -9999.0
26564 20170721  2.515 -155.75   68.49    18.6     2.7    10.6     9.4     0.0    20.57 C    20.8     3.5    10.8    97.5    28.5    68.8 -99.000 -99.000 -99.000 -99.000 -99.000 -9999.0 -9999.0 -9999.0 -9999.0 -9999.0
26564 20170722  2.515 -155.75   68.49    14.7     6.2    10.5    10.5     6.3     2.85 C    11.2     7.3     9.6    97.0    66.3    85.5 -99.000 -99.000 -99.000 -99.000 -99.000 -9999.0 -9999.0 -9999.0 -9999.0 -9999.0
26564 20170723  2.515 -155.75   68.49    15.2    10.8    13.0    13.3     1.3     7.35 C    13.6     9.0    10.7    89.7    62.7    72.2 -99.000 -99.000 -99.000 -99.000 -99.000 -9999.0 -9999.0 -9999.0 -9999.0 -9999.0
26564 20170724  2.515 -155.75   68.49    13.1     7.9    10.5    10.7     2.7     7.80 C    15.5     8.1    10.1    96.6    73.3    83.5 -99.000 -99.000 -99.000 -99.000 -99.000 -9999.0 -9999.0 -9999.0 -9999.0 -9999.0
26564 20170725  2.515 -155.75   68.49    10.7     6.4     8.6     8.7     3.8     5.33 C    13.3     6.6     9.1    97.3    84.5    94.6 -99.000 -99.000 -99.000 -99.000 -99.000 -9999.0 -9999.0 -9999.0 -9999.0 -9999.0
26564 20170726  2.515 -155.75   68.49    13.3     4.9     9.1     8.4     0.7    10.15 C    12.6     4.6     8.4    97.5    67.1    88.5 -99.000 -99.000 -99.000 -99.000 -99.000 -9999.0 -9999.0 -9999.0 -9999.0 -9999.0
26564 20170727  2.515 -155.75   68.49    21.2     2.2    11.7    14.0     1.1    20.49 C    22.4     3.0    12.4    97.6    41.1    67.4 -99.000 -99.000 -99.000 -99.000 -99.000 -9999.0 -9999.0 -9999.0 -9999.0 -9999.0
26564 20170728  2.515 -155.75   68.49    20.9     8.1    14.5    15.9     0.0    11.48 C    20.5     6.8    12.6    83.2    42.2    57.2 -99.000 -99.000 -99.000 -99.000 -99.000 -9999.0 -9999.0 -9999.0 -9999.0 -9999.0
26564 20170729  2.515 -155.75   68.49    18.4     7.6    13.0    13.5     0.0    15.61 C    22.4     6.1    12.8    96.0    51.8    70.4 -99.000 -99.000 -99.000 -99.000 -99.000 -9999.0 -9999.0 -9999.0 -9999.0 -9999.0
26564 20170730  2.515 -155.75   68.49    17.4     7.9    12.6    12.3     2.9    19.85 C    21.6     8.4    13.7    96.8    62.7    81.4 -99.000 -99.000 -99.000 -99.000 -99.000 -9999.0 -9999.0 -9999.0 -9999.0 -9999.0
26564 20170731  2.515 -155.75   68.49    18.4     8.2    13.3    14.1     0.0    12.56 C    18.1     6.5    12.3    88.3    47.8    65.5 -99.000 -99.000 -99.000 -99.000 -99.000 -9999.0 -9999.0 -9999.0 -9999.0 -9999.0
26564 20170801  2.515 -155.75   68.49    15.0     9.7    12.3    11.8     3.5     7.88 C    14.6     7.9    10.7    95.2    59.5    74.3 -99.000 -99.000 -99.000 -99.000 -99.000 -9999.0 -9999.0 -9999.0 -9999.0 -9999.0
26564 20170802  2.515 -155.75   68.49    13.9     9.0    11.5    11.1     5.6     7.11 C    14.5     7.4    10.4    96.1    64.4    82.3 -99.000 -99.000 -99.000 -99.000 -99.000 -9999.0 -9999.0 -9999.0 -9999.0 -9999.0
26564 20170803  2.515 -155.75   68.49    12.0     6.3     9.2     9.9    11.1     5.71 C    11.5     4.6     9.2    96.4    75.0    89.5 -99.000 -99.000 -99.000 -99.000 -99.000 -9999.0 -9999.0 -9999.0 -9999.0 -9999.0
26564 20170804  2.515 -155.75   68.49    19.3     1.6    10.4    12.5     0.0    19.12 C    19.3     2.5    11.5    97.3    49.5    75.5 -99.000 -99.000 -99.000 -99.000 -99.000 -9999.0 -9999.0 -9999.0 -9999.0 -9999.0
26564 20170805  2.515 -155.75   68.49    15.7    10.7    13.2    13.6     0.2     6.18 C    15.2    10.6    12.5    96.7    71.4    84.6 -99.000 -99.000 -99.000 -99.000 -99.000 -9999.0 -9999.0 -9999.0 -9999.0 -9999.0
26564 20170806  2.515 -155.75   68.49    19.2     8.8    14.0    13.9     0.0    12.75 C    20.0     8.3    13.1    96.8    48.7    74.7 -99.000 -99.000 -99.000 -99.000 -99.000 -9999.0 -9999.0 -9999.0 -9999.0 -9999.0
26564 20170807  2.515 -155.75   68.49    19.5     9.8    14.6    14.8     0.0    12.96 C    21.0     7.8    13.3    95.1    50.4    69.9 -99.000 -99.000 -99.000 -99.000 -99.000 -9999.0 -9999.0 -9999.0 -9999.0 -9999.0
26564 20170808  2.515 -155.75   68.49    17.1     9.1    13.1    12.9     0.0     9.47 C    15.7     8.0    11.9    97.0    51.0    76.5 -99.000 -99.000 -99.000 -99.000 -99.000 -9999.0 -9999.0 -9999.0 -9999.0 -9999.0
26564 20170809  2.515 -155.75   68.49    15.8     6.5    11.1    11.5     2.6     7.97 C    17.2     7.3    11.2    97.0    64.4    82.4 -99.000 -99.000 -99.000 -99.000 -99.000 -9999.0 -9999.0 -9999.0 -9999.0 -9999.0
26564 20170810  2.515 -155.75   68.49    17.1     2.0     9.5    11.3     0.0    15.98 C    17.8     2.9    10.4    97.7    47.8    72.1 -99.000 -99.000 -99.000 -99.000 -99.000 -9999.0 -9999.0 -9999.0 -9999.0 -9999.0
26564 20170811  2.515 -155.75   68.49    13.2     4.4     8.8     9.5     6.6     4.70 C    11.8     5.3     9.0    97.0    61.2    81.6 -99.000 -99.000 -99.000 -99.000 -99.000 -9999.0 -9999.0 -9999.0 -9999.0 -9999.0
26564 20170812  2.515 -155.75   68.49     4.4     0.6     2.5     3.0     3.2     4.01 C     6.6     1.4     4.4    97.7    95.9    97.0 -99.000 -99.000 -99.000 -99.000 -99.000 -9999.0 -9999.0 -9999.0 -9999.0 -9999.0
26564 20170813  2.515 -155.75   68.49     2.0    -0.5     0.8     0.6     0.9     5.76 C     3.9     0.0     1.7    97.7    91.3    95.5 -99.000 -99.000 -99.000 -99.000 -99.000 -9999.0 -9999.0 -9999.0 -9999.0 -9999.0
26564 20170814  2.515 -155.75   68.49     3.3    -0.4     1.4     0.5     1.1     6.75 C     6.1    -0.1     1.6    97.6    85.7    94.7 -99.000 -99.000 -99.000 -99.000 -99.000 -9999.0 -9999.0 -9999.0 -9999.0 -9999.0
26564 20170815  2.515 -155.75   68.49     0.7    -1.1    -0.2    -0.5    18.7    10.44 C     0.9    -0.7     0.0    97.8    89.6    96.6 -99.000 -99.000 -99.000 -99.000 -99.000 -9999.0 -9999.0 -9999.0 -9999.0 -9999.0
26564 20170816  2.515 -155.75   68.49     6.3    -1.2     2.6     2.7     0.5    13.17 C     9.7    -2.1     2.2    97.2    75.8    87.7 -99.000 -99.000 -99.000 -99.000 -99.000 -9999.0 -9999.0 -9999.0 -9999.0 -9999.0
26564 20170817  2.515 -155.75   68.49     8.2     2.6     5.4     5.4     2.8     6.73 C    10.1     1.8     4.6    97.3    76.6    90.1 -99.000 -99.000 -99.000 -99.000 -99.000 -9999.0 -9999.0 -9999.0 -9999.0 -9999.0
26564 20170818  2.515 -155.75   68.49 -9999.0 -9999.0 -9999.0 -9999.0 -9999.0 -9999.00 U -9999.0 -9999.0 -9999.0 -9999.0 -9999.0 -9999.0 -99.000 -99.000 -99.000 -99.000 -99.000 -9999.0 -9999.0 -9999.0 -9999.0 -9999.0
26564 20170819  2.515 -155.75   68.49     6.0    -0.5     2.7     2.9     1.5     8.34 C    10.4     0.1     4.1    95.4    76.6    87.1 -99.000 -99.000 -99.000 -99.000 -99.000 -9999.0 -9999.0 -9999.0 -9999.0 -9999.0
26564 20170820  2.515 -155.75   68.49     9.0    -3.4     2.8     2.8     0.0    11.19 C    13.3    -1.4     4.3    97.9    65.3    86.7 -99.000 -99.000 -99.000 -99.000 -99.000 -9999.0 -9999.0 -9999.0 -9999.0 -9999.0
26564 20170821  2.515 -155.75   68.49    13.5    -2.2     5.6     5.9     0.0    14.01 C    16.4    -1.3     5.9    93.8    32.3    64.1 -99.000 -99.000 -99.000 -99.000 -99.000 -9999.0 -9999.0 -9999.0 -9999.0 -9999.0
26564 20170822  2.515 -155.75   68.49     9.3     3.8     6.6     6.4     3.3     5.17 C    11.1     3.3     6.5    92.5    60.3    79.8 -99.000 -99.000 -99.000 -99.000 -99.000 -9999.0 -9999.0 -9999.0 -9999.0 -9999.0
26564 20170823  2.515 -155.75   68.49     8.3     1.6     4.9     4.6     0.5     6.79 C    11.5     2.5     5.1    95.3    69.1    85.6 -99.000 -99.000 -99.000 -99.000 -99.000 -9999.0 -9999.0 -9999.0 -9999.0 -9999.0
26564 20170824  2.515 -155.75   68.49     3.2     0.0     1.6     1.8     4.2     6.41 C     6.7     1.0     3.3    97.8    89.2    95.9 -99.000 -99.000 -99.000 -99.000 -99.000 -9999.0 -9999.0 -9999.0 -9999.0 -9999.0
26564 20170825  2.515 -155.75   68.49     1.8    -0.6     0.6     0.3     2.0     5.36 C     3.5    -0.1     1.3    97.6    84.9    94.7 -99.000 -99.000 -99.000 -99.000 -99.000 -9999.0 -9999.0 -9999.0 -9999.0 -9999.0
26564 20170826  2.515 -155.75   68.49     2.9    -0.5     1.2     0.9     2.7     6.07 C     4.0    -0.2     1.5    97.6    89.5    95.0 -99.000 -99.000 -99.000 -99.000 -99.000 -9999.0 -9999.0 -9999.0 -9999.0 -9999.0
26564 20170827  2.515 -155.75   68.49     1.3    -1.1     0.1     0.1     1.9     4.38 C     3.3    -0.2     1.2    97.8    93.9    96.9 -99.000 -99.000 -99.000 -99.000 -99.000 -9999.0 -9999.0 -9999.0 -9999.0 -9999.0
26564 20170828  2.515 -155.75   68.49     0.3    -2.5    -1.1    -1.0     3.7     5.84 C     2.6    -1.4     0.1    97.3    88.9    95.1 -99.000 -99.000 -99.000 -99.000 -99.000 -9999.0 -9999.0 -9999.0 -9999.0 -9999.0
26564 20170829  2.515 -155.75   68.49    -0.1    -2.1    -1.1    -1.4     0.0     7.93 C     4.2    -1.1     0.4    97.5    80.2    92.2 -99.000 -99.000 -99.000 -99.000 -99.000 -9999.0 -9999.0 -9999.0 -9999.0 -9999.0
26564 20170830  2.515 -155.75   68.49    -0.1    -2.7    -1.4    -1.6     0.3     5.82 C    -0.2    -1.5    -0.8    95.2    84.0    91.8 -99.000 -99.000 -99.000 -99.000 -99.000 -9999.0 -9999.0 -9999.0 -9999.0 -9999.0
26564 20170831  2.515 -155.75   68.49     0.0    -2.7    -1.4    -1.4     0.8     7.53 C     0.0    -3.0    -1.1    94.9    84.9    90.9 -99.000 -99.000 -99.000 -99.000 -99.000 -9999.0 -9999.0 -9999.0 -9999.0 -9999.0
26564 20170901  2.515 -155.75   68.49     6.3    -2.8     1.7     0.6     0.7     7.81 C     5.9    -2.2     0.3    97.3    72.9    88.8 -99.000 -99.000 -99.000 -99.000 -99.000 -9999.0 -9999.0 -9999.0 -9999.0 -9999.0
26564 20170902  2.515 -155.75   68.49     7.7    -1.5     3.1     3.7     0.0     8.75 C     9.8    -1.1     2.8    94.3    64.1    82.9 -99.000 -99.000 -99.000 -99.000 -99.000 -9999.0 -9999.0 -9999.0 -9999.0 -9999.0
26564 20170903  2.515 -155.75   68.49     9.4    -2.8     3.3     3.4     0.0     8.67 C    11.0    -1.9     2.4    90.1    47.6    68.5 -99.000 -99.000 -99.000 -99.000 -99.000 -9999.0 -9999.0 -9999.0 -9999.0 -9999.0
26564 20170904  2.515 -155.75   68.49    11.5    -1.8     4.9     4.4     0.0    12.64 C    13.1    -1.3     3.9    90.8    46.2    70.3 -99.000 -99.000 -99.000 -99.000 -99.000 -9999.0 -9999.0 -9999.0 -9999.0 -9999.0
26564 20170905  2.515 -155.75   68.49    13.4    -1.5     5.9     6.2     0.0    12.54 C    15.2    -1.3     4.9    87.9    36.9    63.1 -99.000 -99.000 -99.000 -99.000 -99.000 -9999.0 -9999.0 -9999.0 -9999.0 -9999.0
26564 20170906  2.515 -155.75   68.49     4.5     0.0     2.2     1.4     8.0     1.23 C     2.4    -0.2     1.3    98.0    67.9    91.9 -99.000 -99.000 -99.000 -99.000 -99.000 -9999.0 -9999.0 -9999.0 -9999.0 -9999.0
26564 20170907  2.515 -155.75   68.49     3.7    -0.7     1.5     1.4     0.9     4.35 C     6.0    -0.1     2.5    98.2    88.8    95.3 -99.000 -99.000 -99.000 -99.000 -99.000 -9999.0 -9999.0 -9999.0 -9999.0 -9999.0
26564 20170908  2.515 -155.75   68.49     4.8    -0.1     2.3     2.3     0.0     4.17 C     6.4     0.0     3.1    98.0    92.5    96.5 -99.000 -99.000 -99.000 -99.000 -99.000 -9999.0 -9999.0 -9999.0 -9999.0 -9999.0
26564 20170909  2.515 -155.75   68.49    -0.1    -2.2    -1.1    -1.2     0.4     4.64 C     1.9    -0.7     0.2    97.6    92.2    94.8 -99.000 -99.000 -99.000 -99.000 -99.000 -9999.0 -9999.0 -9999.0 -9999.0 -9999.0
26564 20170910  2.515 -155.75   68.49     4.1    -2.4     0.8     0.2     2.9     4.29 C     4.6    -0.9     1.0    97.3    83.6    92.0 -99.000 -99.000 -99.000 -99.000 -99.000 -9999.0 -9999.0 -9999.0 -9999.0 -9999.0
26564 20170911  2.515 -155.75   68.49     5.2    -1.0     2.1     2.2     2.0     7.68 C     6.7    -0.5     2.1    93.7    58.9    80.2 -99.000 -99.000 -99.000 -99.000 -99.000 -9999.0 -9999.0 -9999.0 -9999.0 -9999.0
26564 20170912  2.515 -155.75   68.49    12.2    -1.1     5.5     7.6     0.0     9.39 C    11.6    -0.5     4.6    91.6    45.5    59.9 -99.000 -99.000 -99.000 -99.000 -99.000 -9999.0 -9999.0 -9999.0 -9999.0 -9999.0
26564 20170913  2.515 -155.75   68.49    12.3     4.6     8.4     8.8     0.5     7.25 C    11.4     2.2     5.8    87.0    52.4    66.9 -99.000 -99.000 -99.000 -99.000 -99.000 -9999.0 -9999.0 -9999.0 -9999.0 -9999.0
26564 20170914  2.515 -155.75   68.49     8.7     3.3     6.0     6.0     4.4     1.91 C     7.4     1.6     4.8    97.6    67.6    87.7 -99.000 -99.000 -99.000 -99.000 -99.000 -9999.0 -9999.0 -9999.0 -9999.0 -9999.0
26564 20170915  2.515 -155.75   68.49     9.2     1.7     5.4     5.3     0.7     4.86 C    11.4     1.2     4.7    97.7    75.3    87.7 -99.000 -99.000 -99.000 -99.000 -99.000 -9999.0 -9999.0 -9999.0 -9999.0 -9999.0
26564 20170916  2.515 -155.75   68.49    10.6     1.1     5.8     5.6     0.0     4.46 C     9.3     0.5     4.3    97.4    58.3    77.1 -99.000 -99.000 -99.000 -99.000 -99.000 -9999.0 -9999.0 -9999.0 -9999.0 -9999.0
26564 20170917  2.515 -155.75   68.49     3.2    -1.7     0.8     1.2     0.3     2.46 C     6.2    -0.8     2.5    97.8    91.5    96.2 -99.000 -99.000 -99.000 -99.000 -99.000 -9999.0 -9999.0 -9999.0 -9999.0 -9999.0
26564 20170918  2.515 -155.75   68.49     2.8    -0.2     1.3     1.3     5.0     1.45 C     4.8    -0.3     2.1    97.8    95.0    97.1 -99.000 -99.000 -99.000 -99.000 -99.000 -9999.0 -9999.0 -9999.0 -9999.0 -9999.0
26564 20170919  2.515 -155.75   68.49     0.0    -1.6    -0.8    -1.1     2.1     1.66 C     0.7    -1.1    -0.3    97.6    92.0    96.1 -99.000 -99.000 -99.000 -99.000 -99.000 -9999.0 -9999.0 -9999.0 -9999.0 -9999.0
26564 20170920  2.515 -155.75   68.49    -1.0    -3.3    -2.2    -1.9     0.4     2.01 C    -0.4    -2.8    -1.5    96.0    91.7    93.9 -99.000 -99.000 -99.000 -99.000 -99.000 -9999.0 -9999.0 -9999.0 -9999.0 -9999.0
26564 20170921  2.515 -155.75   68.49    -2.7    -5.7    -4.2    -3.7     0.3     2.05 C    -2.2    -6.0    -3.3    95.7    86.5    91.9 -99.000 -99.000 -99.000 -99.000 -99.000 -9999.0 -9999.0 -9999.0 -9999.0 -9999.0
26564 20170922  2.515 -155.75   68.49    -2.1    -4.0    -3.0    -3.0     0.0     3.43 C    -2.1    -4.6    -3.1    96.3    84.7    91.7 -99.000 -99.000 -99.000 -99.000 -99.000 -9999.0 -9999.0 -9999.0 -9999.0 -9999.0
26564 20170923  2.515 -155.75   68.49    -1.3    -5.6    -3.5    -2.5     0.0     5.32 C    -0.4    -9.1    -3.2    96.6    81.8    91.5 -99.000 -99.000 -99.000 -99.000 -99.000 -9999.0 -9999.0 -9999.0 -9999.0 -9999.0
26564 20170924  2.515 -155.75   68.49    -1.6    -6.9    -4.2    -3.7     0.0     5.26 C    -1.1    -9.3    -4.1    95.5    82.8    90.3 -99.000 -99.000 -99.000 -99.000 -99.000 -9999.0 -9999.0 -9999.0 -9999.0 -9999.0
26564 20170925  2.515 -155.75   68.49    -1.5    -6.1    -3.8    -2.9     1.5     3.24 C    -0.4    -8.9    -2.6    97.5    80.7    94.7 -99.000 -99.000 -99.000 -99.000 -99.000 -9999.0 -9999.0 -9999.0 -9999.0 -9999.0
26564 20170926  2.515 -155.75   68.49    -3.9   -10.5    -7.2    -7.2     0.0     8.72 C    -4.6   -13.2    -9.1    94.0    63.8    80.7 -99.000 -99.000 -99.000 -99.000 -99.000 -9999.0 -9999.0 -9999.0 -9999.0 -9999.0
26564 20170927  2.515 -155.75   68.49    -1.6   -10.1    -5.8    -6.6     0.0     7.42 C    -4.3   -12.5    -9.5    82.6    61.3    72.2 -99.000 -99.000 -99.000 -99.000 -99.000 -9999.0 -9999.0 -9999.0 -9999.0 -9999.0
26564 20170928  2.515 -155.75   68.49    -1.8    -9.5    -5.7    -4.7     0.6     3.47 C    -1.8   -11.4    -5.5    94.2    78.0    85.9 -99.000 -99.000 -99.000 -99.000 -99.000 -9999.0 -9999.0 -9999.0 -9999.0 -9999.0
26564 20170929  2.515 -155.75   68.49    -2.2    -7.2    -4.7    -4.5     0.5     3.26 C    -3.4    -8.1    -5.5    94.6    68.9    79.7 -99.000 -99.000 -99.000 -99.000 -99.000 -9999.0 -9999.0 -9999.0 -9999.0 -9999.0
26564 20170930  2.515 -155.75   68.49     3.1    -5.3    -1.1     0.1     0.9     2.77 C     0.0    -5.4    -1.4    94.2    78.2    85.4 -99.000 -99.000 -99.000 -99.000 -99.000 -9999.0 -9999.0 -9999.0 -9999.0 -9999.0
26564 20171001  2.515 -155.75   68.49     6.5    -1.1     2.7     3.1     0.0     4.67 C     1.2    -1.6     0.0    94.6    65.4    80.4 -99.000 -99.000 -99.000 -99.000 -99.000 -9999.0 -9999.0 -9999.0 -9999.0 -9999.0
26564 20171002  2.515 -155.75   68.49     6.7    -3.4     1.7    -0.1     0.0     3.99 C     2.1    -1.7    -0.5    97.8    64.4    91.2 -99.000 -99.000 -99.000 -99.000 -99.000 -9999.0 -9999.0 -9999.0 -9999.0 -9999.0
26564 20171003  2.515 -155.75   68.49     9.6    -0.4     4.6     4.5     0.0     2.60 C     3.1    -0.7     0.4    90.5    54.6    72.9 -99.000 -99.000 -99.000 -99.000 -99.000 -9999.0 -9999.0 -9999.0 -9999.0 -9999.0
26564 20171004  2.515 -155.75   68.49     6.8    -0.7     3.1     4.1     0.0     1.47 C     2.8    -1.0     0.6    92.8    64.6    79.7 -99.000 -99.000 -99.000 -99.000 -99.000 -9999.0 -9999.0 -9999.0 -9999.0 -9999.0
26564 20171005  2.515 -155.75   68.49     4.8    -0.1     2.3     2.1     1.8     3.34 C     3.4    -0.9     0.6    97.9    80.6    91.2 -99.000 -99.000 -99.000 -99.000 -99.000 -9999.0 -9999.0 -9999.0 -9999.0 -9999.0
26564 20171006  2.515 -155.75   68.49     0.1    -3.4    -1.7    -1.0     6.1     0.67 C    -0.1    -5.6    -1.1    97.8    83.7    95.4 -99.000 -99.000 -99.000 -99.000 -99.000 -9999.0 -9999.0 -9999.0 -9999.0 -9999.0
26564 20171007  2.515 -155.75   68.49    -3.3    -9.2    -6.2    -6.5     0.0     4.02 C    -3.9   -11.1    -6.8    94.9    83.8    90.8 -99.000 -99.000 -99.000 -99.000 -99.000 -9999.0 -9999.0 -9999.0 -9999.0 -9999.0
26564 20171008  2.515 -155.75   68.49    -8.5   -10.9    -9.7    -9.7     0.0     1.41 C    -7.3   -11.0    -9.0    90.9    88.1    88.9 -99.000 -99.000 -99.000 -99.000 -99.000 -9999.0 -9999.0 -9999.0 -9999.0 -9999.0
26564 20171009  2.515 -155.75   68.49     1.1   -15.3    -7.1    -7.8     0.0     1.54 C    -2.5   -16.1    -9.1    91.0    63.2    80.6 -99.000 -99.000 -99.000 -99.000 -99.000 -9999.0 -9999.0 -9999.0 -9999.0 -9999.0
26564 20171010  2.515 -155.75   68.49     1.1    -4.5    -1.7    -0.9     0.0     2.42 C    -1.0    -8.1    -3.0    88.5    65.0    80.7 -99.000 -99.000 -99.000 -99.000 -99.000 -9999.0 -9999.0 -9999.0 -9999.0 -9999.0
26564 20171011  2.515 -155.75   68.49    -0.1    -9.7    -4.9    -4.1     0.0     3.50 C    -1.1   -12.3    -6.2    96.7    78.5    88.9 -99.000 -99.000 -99.000 -99.000 -99.000 -9999.0 -9999.0 -9999.0 -9999.0 -9999.0
26564 20171012  2.515 -155.75   68.49     3.2   -11.6    -4.2    -2.5     0.3     1.76 C     0.0   -13.5    -4.9    95.4    59.2    73.7 -99.000 -99.000 -99.000 -99.000 -99.000 -9999.0 -9999.0 -9999.0 -9999.0 -9999.0
26564 20171013  2.515 -155.75   68.49     1.9    -6.3    -2.2    -1.1     0.0     3.81 C    -0.1    -8.7    -4.2    81.5    64.1    74.1 -99.000 -99.000 -99.000 -99.000 -99.000 -9999.0 -9999.0 -9999.0 -9999.0 -9999.0
26564 20171014  2.515 -155.75   68.49     0.2    -5.3    -2.6    -1.8     0.0     1.31 C    -0.9    -4.4    -2.2    97.4    77.2    89.8 -99.000 -99.000 -99.000 -99.000 -99.000 -9999.0 -9999.0 -9999.0 -9999.0 -9999.0
26564 20171015  2.515 -155.75   68.49    -5.3   -11.0    -8.1    -8.4     0.0     1.60 C    -4.4    -9.2    -6.8    94.2    88.0    90.5 -99.000 -99.000 -99.000 -99.000 -99.000 -9999.0 -9999.0 -9999.0 -9999.0 -9999.0
26564 20171016  2.515 -155.75   68.49    -7.4   -12.8   -10.1    -9.3     0.0     1.69 C    -5.8   -13.3    -8.1    90.9    85.7    89.1 -99.000 -99.000 -99.000 -99.000 -99.000 -9999.0 -9999.0 -9999.0 -9999.0 -9999.0
26564 20171017  2.515 -155.75   68.49    -6.9    -9.7    -8.3    -8.0     2.0     1.44 C    -6.8   -13.8    -7.9    90.6    84.9    88.4 -99.000 -99.000 -99.000 -99.000 -99.000 -9999.0 -9999.0 -9999.0 -9999.0 -9999.0
26564 20171018  2.515 -155.75   68.49    -6.9   -25.0   -15.9   -14.0     0.5     1.52 C    -6.9   -27.2   -15.5    91.3    77.0    85.6 -99.000 -99.000 -99.000 -99.000 -99.000 -9999.0 -9999.0 -9999.0 -9999.0 -9999.0
26564 20171019  2.515 -155.75   68.49   -11.0   -23.8   -17.4   -15.8     0.0     2.12 C   -13.0   -26.3   -19.0    79.5    63.3    71.6 -99.000 -99.000 -99.000 -99.000 -99.000 -9999.0 -9999.0 -9999.0 -9999.0 -9999.0
26564 20171020  2.515 -155.75   68.49   -16.2   -26.0   -21.1   -21.6     0.0     2.88 C   -19.2   -28.6   -24.9    89.8    74.3    80.8 -99.000 -99.000 -99.000 -99.000 -99.000 -9999.0 -9999.0 -9999.0 -9999.0 -9999.0
26564 20171021  2.515 -155.75   68.49   -19.4   -28.5   -24.0   -24.8     0.0     2.89 C   -23.5   -31.0   -27.5    86.8    72.1    77.1 -99.000 -99.000 -99.000 -99.000 -99.000 -9999.0 -9999.0 -9999.0 -9999.0 -9999.0
26564 20171022  2.515 -155.75   68.49   -15.8   -28.7   -22.2   -23.0     0.0     2.28 C   -15.0   -30.7   -24.7    86.1    65.5    74.9 -99.000 -99.000 -99.000 -99.000 -99.000 -9999.0 -9999.0 -9999.0 -9999.0 -9999.0
26564 20171023  2.515 -155.75   68.49   -11.2   -19.7   -15.4   -15.1     0.0     2.48 C   -12.6   -23.6   -18.6    80.5    62.8    71.5 -99.000 -99.000 -99.000 -99.000 -99.000 -9999.0 -9999.0 -9999.0 -9999.0 -9999.0
26564 20171024  2.515 -155.75   68.49    -9.4   -18.8   -14.1   -14.4     0.0     2.01 C   -12.0   -21.4   -17.8    77.7    58.5    70.6 -99.000 -99.000 -99.000 -99.000 -99.000 -9999.0 -9999.0 -9999.0 -9999.0 -9999.0
26564 20171025  2.515 -155.75   68.49   -13.4   -20.8   -17.1   -16.0     0.8     1.02 C   -11.9   -24.1   -16.8    86.3    63.1    75.2 -99.000 -99.000 -99.000 -99.000 -99.000 -9999.0 -9999.0 -9999.0 -9999.0 -9999.0
26564 20171026  2.515 -155.75   68.49   -12.2   -15.7   -14.0   -13.8     1.0     0.75 C    -9.9   -21.5   -13.1    89.5    83.5    86.1 -99.000 -99.000 -99.000 -99.000 -99.000 -9999.0 -9999.0 -9999.0 -9999.0 -9999.0
26564 20171027  2.515 -155.75   68.49    -2.7   -19.2   -10.9   -13.8     0.2     0.58 C    -4.2   -22.6   -15.9    95.6    76.5    85.8 -99.000 -99.000 -99.000 -99.000 -99.000 -9999.0 -9999.0 -9999.0 -9999.0 -9999.0
26564 20171028  2.515 -155.75   68.49     1.5    -7.9    -3.2    -2.5     0.0     0.87 C    -2.2   -16.9    -6.9    96.7    55.0    72.9 -99.000 -99.000 -99.000 -99.000 -99.000 -9999.0 -9999.0 -9999.0 -9999.0 -9999.0
26564 20171029  2.515 -155.75   68.49    -0.7    -5.9    -3.3    -3.7     0.9     0.69 C    -1.6   -11.3    -5.8    96.6    52.0    78.0 -99.000 -99.000 -99.000 -99.000 -99.000 -9999.0 -9999.0 -9999.0 -9999.0 -9999.0
26564 20171030  2.515 -155.75   68.49    -3.1   -15.5    -9.3    -8.7     0.0     0.68 C    -2.7   -19.0    -9.6    96.4    81.2    90.4 -99.000 -99.000 -99.000 -99.000 -99.000 -9999.0 -9999.0 -9999.0 -9999.0 -9999.0
26564 20171031  2.515 -155.75   68.49    -0.3   -11.1    -5.7    -4.7     0.0     1.26 C    -4.2   -14.0    -8.1    90.9    57.8    69.7 -99.000 -99.000 -99.000 -99.000 -99.000 -9999.0 -9999.0 -9999.0 -9999.0 -9999.0
26564 20171101  2.515 -155.75   68.49     6.7    -6.1     0.3    -0.5     0.0     1.06 C    -0.6   -11.0    -6.5    66.8    29.6    54.4 -99.000 -99.000 -99.000 -99.000 -99.000 -9999.0 -9999.0 -9999.0 -9999.0 -9999.0
26564 20171102  2.515 -155.75   68.49     2.3    -4.2    -0.9    -0.9     0.0     0.69 C    -0.9    -7.8    -3.3    90.0    52.3    75.1 -99.000 -99.000 -99.000 -99.000 -99.000 -9999.0 -9999.0 -9999.0 -9999.0 -9999.0
26564 20171103  2.515 -155.75   68.49    -1.7    -7.4    -4.5    -3.8     0.0     0.43 C    -3.1   -11.3    -5.9    84.5    73.7    80.2 -99.000 -99.000 -99.000 -99.000 -99.000 -9999.0 -9999.0 -9999.0 -9999.0 -9999.0
26564 20171104  2.515 -155.75   68.49    -1.7    -9.9    -5.8    -5.5     0.7     0.16 C    -4.5   -14.3    -8.3    94.1    50.4    73.6 -99.000 -99.000 -99.000 -99.000 -99.000 -9999.0 -9999.0 -9999.0 -9999.0 -9999.0
26564 20171105  2.515 -155.75   68.49    -4.2    -6.2    -5.2    -5.0     0.4     0.19 C    -4.4    -6.9    -5.5    94.6    81.3    89.2 -99.000 -99.000 -99.000 -99.000 -99.000 -9999.0 -9999.0 -9999.0 -9999.0 -9999.0
26564 20171106  2.515 -155.75   68.49     3.9   -13.4    -4.7    -3.4     0.0     0.39 C    -3.2   -16.2    -7.2    93.9    26.6    63.7 -99.000 -99.000 -99.000 -99.000 -99.000 -9999.0 -9999.0 -9999.0 -9999.0 -9999.0
26564 20171107  2.515 -155.75   68.49     4.4    -7.7    -1.6    -1.1     0.0     0.44 C    -2.5   -11.9    -5.7    70.9    30.5    52.4 -99.000 -99.000 -99.000 -99.000 -99.000 -9999.0 -9999.0 -9999.0 -9999.0 -9999.0
26564 20171108  2.515 -155.75   68.49    -2.4    -8.3    -5.4    -5.4     0.0     0.23 C    -5.8   -13.4    -9.0    89.5    43.0    69.3 -99.000 -99.000 -99.000 -99.000 -99.000 -9999.0 -9999.0 -9999.0 -9999.0 -9999.0
26564 20171109  2.515 -155.75   68.49    -3.1   -11.4    -7.2    -7.3     1.6     0.12 C    -5.5   -12.3    -8.8    92.8    53.3    79.0 -99.000 -99.000 -99.000 -99.000 -99.000 -9999.0 -9999.0 -9999.0 -9999.0 -9999.0
26564 20171110  2.515 -155.75   68.49    -8.8   -13.9   -11.4    -9.8     0.0     0.15 C    -9.4   -17.3   -11.4    86.6    69.5    77.4 -99.000 -99.000 -99.000 -99.000 -99.000 -9999.0 -9999.0 -9999.0 -9999.0 -9999.0
26564 20171111  2.515 -155.75   68.49    -1.8   -15.5    -8.6    -8.1     0.0     0.09 C    -4.3   -21.1   -10.3    84.7    64.2    74.7 -99.000 -99.000 -99.000 -99.000 -99.000 -9999.0 -9999.0 -9999.0 -9999.0 -9999.0
26564 20171112  2.515 -155.75   68.49    -2.5    -6.5    -4.5    -5.0     0.3     0.05 C    -4.6    -7.9    -5.7    91.8    72.9    86.6 -99.000 -99.000 -99.000 -99.000 -99.000 -9999.0 -9999.0 -9999.0 -9999.0 -9999.0
26564 20171113  2.515 -155.75   68.49    -5.1   -10.0    -7.6    -7.7     0.3     0.06 C    -5.4   -10.7    -8.2    93.4    83.6    90.2 -99.000 -99.000 -99.000 -99.000 -99.000 -9999.0 -9999.0 -9999.0 -9999.0 -9999.0
26564 20171114  2.515 -155.75   68.49    -5.5   -20.9   -13.2   -11.9     0.0     0.21 C    -6.8   -23.2   -14.3    93.8    60.5    79.2 -99.000 -99.000 -99.000 -99.000 -99.000 -9999.0 -9999.0 -9999.0 -9999.0 -9999.0
26564 20171115  2.515 -155.75   68.49    -3.9    -6.4    -5.1    -4.9     0.0     0.03 C    -4.9    -8.0    -5.9    85.0    71.0    79.1 -99.000 -99.000 -99.000 -99.000 -99.000 -9999.0 -9999.0 -9999.0 -9999.0 -9999.0
26564 20171116  2.515 -155.75   68.49    -5.2    -7.0    -6.1    -6.1     0.4     0.10 C    -5.6    -7.6    -6.7    92.5    78.4    85.8 -99.000 -99.000 -99.000 -99.000 -99.000 -9999.0 -9999.0 -9999.0 -9999.0 -9999.0
26564 20171117  2.515 -155.75   68.49    -6.9   -27.1   -17.0   -19.8     2.5     0.03 C    -7.2   -31.2   -22.9    90.1    71.8    81.6 -99.000 -99.000 -99.000 -99.000 -99.000 -9999.0 -9999.0 -9999.0 -9999.0 -9999.0
26564 20171118  2.515 -155.75   68.49   -15.7   -28.6   -22.2   -24.0     0.0     0.14 C   -22.1   -33.8   -27.7    84.5    56.6    77.2 -99.000 -99.000 -99.000 -99.000 -99.000 -9999.0 -9999.0 -9999.0 -9999.0 -9999.0
26564 20171119  2.515 -155.75   68.49   -15.0   -29.8   -22.4   -25.1     0.0     0.00 C   -20.3   -37.5   -28.4    85.3    48.5    72.9 -99.000 -99.000 -99.000 -99.000 -99.000 -9999.0 -9999.0 -9999.0 -9999.0 -9999.0
26564 20171120  2.515 -155.75   68.49    -9.0   -33.4   -21.2   -19.8     0.0     0.04 C   -15.5   -38.7   -24.9    83.8    32.3    58.0 -99.000 -99.000 -99.000 -99.000 -99.000 -9999.0 -9999.0 -9999.0 -9999.0 -9999.0
26564 20171121  2.515 -155.75   68.49    -5.5   -12.6    -9.1    -8.3     0.0     0.11 C    -8.2   -15.7   -10.9    79.6    34.6    61.9 -99.000 -99.000 -99.000 -99.000 -99.000 -9999.0 -9999.0 -9999.0 -9999.0 -9999.0
26564 20171122  2.515 -155.75   68.49    -8.6   -11.8   -10.2   -10.5     0.0     0.00 C    -9.8   -14.9   -12.1    79.1    70.4    73.5 -99.000 -99.000 -99.000 -99.000 -99.000 -9999.0 -9999.0 -9999.0 -9999.0 -9999.0
26564 20171123  2.515 -155.75   68.49    -9.7   -13.6   -11.6   -11.0     0.0     0.00 C   -10.0   -16.0   -12.2    88.3    69.2    78.0 -99.000 -99.000 -99.000 -99.000 -99.000 -9999.0 -9999.0 -9999.0 -9999.0 -9999.0
26564 20171124  2.515 -155.75   68.49    -9.2   -12.6   -10.9   -10.9     0.2     0.00 C    -9.7   -13.9   -11.3    91.6    64.9    85.7 -99.000 -99.000 -99.000 -99.000 -99.000 -9999.0 -9999.0 -9999.0 -9999.0 -9999.0
26564 20171125  2.515 -155.75   68.49   -11.9   -25.8   -18.9   -18.4     0.0     0.00 C   -13.7   -28.8   -22.9    82.5    51.6    69.3 -99.000 -99.000 -99.000 -99.000 -99.000 -9999.0 -9999.0 -9999.0 -9999.0 -9999.0
26564 20171126  2.515 -155.75   68.49   -15.1   -26.6   -20.9   -21.7     0.0     0.00 C   -22.7   -35.4   -29.4    84.4    50.6    63.6 -99.000 -99.000 -99.000 -99.000 -99.000 -9999.0 -9999.0 -9999.0 -9999.0 -9999.0
26564 20171127  2.515 -155.75   68.49   -24.7   -32.1   -28.4   -28.4     0.0     0.00 C   -30.6   -37.6   -33.6    88.3    70.0    76.7 -99.000 -99.000 -99.000 -99.000 -99.000 -9999.0 -9999.0 -9999.0 -9999.0 -9999.0
26564 20171128  2.515 -155.75   68.49   -15.9   -31.0   -23.5   -23.0     0.0     0.00 C   -22.0   -36.3   -28.5    87.8    58.6    75.1 -99.000 -99.000 -99.000 -99.000 -99.000 -9999.0 -9999.0 -9999.0 -9999.0 -9999.0
26564 20171129  2.515 -155.75   68.49   -20.5   -33.2   -26.9   -24.8     0.5     0.00 C   -20.5   -36.7   -25.5    82.8    72.7    78.4 -99.000 -99.000 -99.000 -99.000 -99.000 -9999.0 -9999.0 -9999.0 -9999.0 -9999.0
26564 20171130  2.515 -155.75   68.49    -9.8   -26.2   -18.0   -19.2     0.0     0.00 C   -10.5   -29.1   -20.7    88.8    74.1    81.2 -99.000 -99.000 -99.000 -99.000 -99.000 -9999.0 -9999.0 -9999.0 -9999.0 -9999.0
26564 20171201  2.515 -155.75   68.49    -9.2   -21.1   -15.2   -16.2     0.0     0.00 C   -10.2   -24.8   -19.8    89.0    67.7    81.9 -99.000 -99.000 -99.000 -99.000 -99.000 -9999.0 -9999.0 -9999.0 -9999.0 -9999.0
26564 20171202  2.515 -155.75   68.49    -5.0   -18.9   -11.9   -10.7     0.0     0.00 C    -7.2   -23.9   -13.4    93.1    44.2    72.3 -99.000 -99.000 -99.000 -99.000 -99.000 -9999.0 -9999.0 -9999.0 -9999.0 -9999.0
26564 20171203  2.515 -155.75   68.49    -7.2   -15.9   -11.5   -10.6     0.4     0.00 C    -8.7   -20.3   -13.7    92.0    76.4    86.3 -99.000 -99.000 -99.000 -99.000 -99.000 -9999.0 -9999.0 -9999.0 -9999.0 -9999.0
26564 20171204  2.515 -155.75   68.49   -14.7   -20.3   -17.5   -18.0     0.3     0.00 C   -14.4   -22.2   -18.1    85.0    80.1    82.3 -99.000 -99.000 -99.000 -99.000 -99.000 -9999.0 -9999.0 -9999.0 -9999.0 -9999.0
26564 20171205  2.515 -155.75   68.49    -5.2   -23.7   -14.5   -14.4     0.5     0.00 C   -13.3   -26.9   -18.4    89.1    54.0    75.6 -99.000 -99.000 -99.000 -99.000 -99.000 -9999.0 -9999.0 -9999.0 -9999.0 -9999.0
26564 20171206  2.515 -155.75   68.49    -6.4   -19.3   -12.8   -13.2     0.0     0.00 C    -8.6   -25.5   -17.1    81.9    57.6    71.0 -99.000 -99.000 -99.000 -99.000 -99.000 -9999.0 -9999.0 -9999.0 -9999.0 -9999.0
26564 20171207  2.515 -155.75   68.49    -6.5   -19.7   -13.1   -13.6     0.0     0.00 C    -8.8   -26.0   -19.2    89.2    60.9    74.5 -99.000 -99.000 -99.000 -99.000 -99.000 -9999.0 -9999.0 -9999.0 -9999.0 -9999.0
26564 20171208  2.515 -155.75   68.49   -16.3   -23.9   -20.1   -19.7     0.9     0.00 C   -16.5   -29.2   -21.1    87.2    79.4    82.5 -99.000 -99.000 -99.000 -99.000 -99.000 -9999.0 -9999.0 -9999.0 -9999.0 -9999.0
26564 20171209  2.515 -155.75   68.49   -19.0   -22.1   -20.6   -20.2     0.9     0.00 C   -18.2   -25.0   -20.2    84.2    79.4    81.3 -99.000 -99.000 -99.000 -99.000 -99.000 -9999.0 -9999.0 -9999.0 -9999.0 -9999.0
26564 20171210  2.515 -155.75   68.49   -19.1   -21.9   -20.5   -20.0     0.0     0.00 C   -18.7   -24.7   -20.2    80.9    77.8    80.0 -99.000 -99.000 -99.000 -99.000 -99.000 -9999.0 -9999.0 -9999.0 -9999.0 -9999.0
26564 20171211  2.515 -155.75   68.49   -17.4   -21.0   -19.2   -19.3     2.0     0.00 C   -17.2   -21.4   -19.3    82.0    78.9    80.4 -99.000 -99.000 -99.000 -99.000 -99.000 -9999.0 -9999.0 -9999.0 -9999.0 -9999.0
26564 20171212  2.515 -155.75   68.49    -1.5   -18.9   -10.2   -10.3     0.5     0.00 C    -5.2   -20.4   -12.5    92.8    69.3    81.6 -99.000 -99.000 -99.000 -99.000 -99.000 -9999.0 -9999.0 -9999.0 -9999.0 -9999.0
26564 20171213  2.515 -155.75   68.49    -4.2   -15.0    -9.6   -11.7     0.0     0.00 C    -6.4   -16.8   -12.8    92.0    72.7    85.8 -99.000 -99.000 -99.000 -99.000 -99.000 -9999.0 -9999.0 -9999.0 -9999.0 -9999.0
26564 20171214  2.515 -155.75   68.49   -11.4   -15.1   -13.2   -13.2     2.8     0.00 C   -11.2   -20.7   -13.4    87.6    83.8    85.9 -99.000 -99.000 -99.000 -99.000 -99.000 -9999.0 -9999.0 -9999.0 -9999.0 -9999.0
26564 20171215  2.515 -155.75   68.49   -12.5   -18.2   -15.4   -14.9     0.0     0.00 C   -11.9   -18.5   -15.0    86.2    81.9    84.6 -99.000 -99.000 -99.000 -99.000 -99.000 -9999.0 -9999.0 -9999.0 -9999.0 -9999.0
26564 20171216  2.515 -155.75   68.49   -18.0   -24.0   -21.0   -20.0     0.8     0.00 C   -17.8   -26.3   -20.1    82.2    77.1    80.6 -99.000 -99.000 -99.000 -99.000 -99.000 -9999.0 -9999.0 -9999.0 -9999.0 -9999.0
26564 20171217  2.515 -155.75   68.49   -22.0   -26.5   -24.2   -24.4     1.6     0.00 C   -20.7   -30.4   -24.5    79.6    75.5    77.4 -99.000 -99.000 -99.000 -99.000 -99.000 -9999.0 -9999.0 -9999.0 -9999.0 -9999.0
26564 20171218  2.515 -155.75   68.49    -4.5   -23.7   -14.1   -15.8     0.5     0.00 C    -7.3   -25.6   -17.7    87.3    63.0    81.4 -99.000 -99.000 -99.000 -99.000 -99.000 -9999.0 -9999.0 -9999.0 -9999.0 -9999.0
26564 20171219  2.515 -155.75   68.49    -1.9    -7.6    -4.8    -4.9     0.0     0.00 C    -6.3   -11.7    -8.7    82.1    50.8    67.2 -99.000 -99.000 -99.000 -99.000 -99.000 -9999.0 -9999.0 -9999.0 -9999.0 -9999.0
26564 20171220  2.515 -155.75   68.49    -2.5    -6.1    -4.3    -4.5     0.0     0.00 C    -4.5    -9.4    -7.1    87.3    66.7    75.4 -99.000 -99.000 -99.000 -99.000 -99.000 -9999.0 -9999.0 -9999.0 -9999.0 -9999.0
26564 20171221  2.515 -155.75   68.49    -0.2    -4.9    -2.6    -2.3     0.2     0.00 C    -3.5    -9.4    -5.5    90.3    34.1    67.5 -99.000 -99.000 -99.000 -99.000 -99.000 -9999.0 -9999.0 -9999.0 -9999.0 -9999.0
26564 20171222  2.515 -155.75   68.49     2.9    -4.4    -0.8    -1.5     0.0     0.00 C    -4.8    -9.5    -7.2    62.9    23.4    46.1 -99.000 -99.000 -99.000 -99.000 -99.000 -9999.0 -9999.0 -9999.0 -9999.0 -9999.0
26564 20171223  2.515 -155.75   68.49     4.2    -5.6    -0.7    -0.6     0.0     0.00 C    -5.6   -14.4    -9.3    56.5    19.3    37.9 -99.000 -99.000 -99.000 -99.000 -99.000 -9999.0 -9999.0 -9999.0 -9999.0 -9999.0
26564 20171224  2.515 -155.75   68.49     1.1   -13.0    -5.9    -7.5     0.0     0.00 C   -12.8   -17.6   -15.6    59.5    23.3    45.0 -99.000 -99.000 -99.000 -99.000 -99.000 -9999.0 -9999.0 -9999.0 -9999.0 -9999.0
26564 20171225  2.515 -155.75   68.49    -4.7   -13.5    -9.1    -9.4     0.0     0.00 C   -10.7   -17.6   -15.2    63.0    36.7    52.9 -99.000 -99.000 -99.000 -99.000 -99.000 -9999.0 -9999.0 -9999.0 -9999.0 -9999.0
26564 20171226  2.515 -155.75   68.49    -7.1   -19.9   -13.5   -13.2     0.0     0.00 C   -11.2   -23.3   -17.0    82.3    49.2    68.8 -99.000 -99.000 -99.000 -99.000 -99.000 -9999.0 -9999.0 -9999.0 -9999.0 -9999.0
26564 20171227  2.515 -155.75   68.49   -14.9   -20.6   -17.8   -16.9     1.0     0.00 C   -15.2   -24.2   -18.6    90.5    77.1    83.6 -99.000 -99.000 -99.000 -99.000 -99.000 -9999.0 -9999.0 -9999.0 -9999.0 -9999.0
26564 20171228  2.515 -155.75   68.49   -15.5   -26.7   -21.1   -19.9     2.1     0.00 C   -15.8   -29.6   -21.6    84.1    73.9    80.6 -99.000 -99.000 -99.000 -99.000 -99.000 -9999.0 -9999.0 -9999.0 -9999.0 -9999.0
26564 20171229  2.515 -155.75   68.49   -17.0   -25.1   -21.0   -19.2     0.4     0.00 C   -18.5   -27.5   -20.5    83.9    75.7    81.1 -99.000 -99.000 -99.000 -99.000 -99.000 -9999.0 -9999.0 -9999.0 -9999.0 -9999.0
26564 20171230  2.515 -155.75   68.49   -19.0   -28.0   -23.5   -22.5     0.8     0.00 C   -20.4   -31.7   -24.8    82.9    72.6    78.5 -99.000 -99.000 -99.000 -99.000 -99.000 -9999.0 -9999.0 -9999.0 -9999.0 -9999.0
26564 20171231  2.515 -155.75   68.49   -21.7   -24.2   -23.0   -23.0     0.0     0.00 C   -21.3   -24.7   -22.5    79.5    77.0    78.1 -99.000 -99.000 -99.000 -99.000 -99.000 -9999.0 -9999.0 -9999.0 -9999.0 -9999.0
