21515 20170101  2.424 -155.08   19.65    21.5    16.5    19.0    19.2    30.0     4.94 C    28.9    15.5    20.3    95.7    91.6    94.4 -99.000 -99.000 -99.000 -99.000 -99.000 -9999.0 -9999.0 -9999.0 -9999.0 -9999.0
21515 20170102  2.424 -155.08   19.65    21.4    18.0    19.7    19.3    17.0     6.65 C    29.2    18.7    21.3    96.0    79.0    91.8 -99.000 -99.000 -99.000 -99.000 -99.000 -9999.0 -9999.0 -9999.0 -9999.0 -9999.0
21515 20170103  2.424 -155.08   19.65    23.0    15.6    19.3    19.1     0.0    12.89 C    32.7    14.5    21.0    94.4    67.5    84.0 -99.000 -99.000 -99.000 -99.000 -99.000 -9999.0 -9999.0 -9999.0 -9999.0 -9999.0
21515 20170104  2.424 -155.08   19.65    23.1    14.1    18.6    18.2     0.0     9.88 C    33.6    12.2    19.1    94.7    66.9    84.9 -99.000 -99.000 -99.000 -99.000 -99.000 -9999.0 -9999.0 -9999.0 -9999.0 -9999.0
21515 20170105  2.424 -155.08   19.65    24.0    13.8    18.9    18.5     0.0    13.84 C    33.3    11.9    19.4    94.0    60.3    82.9 -99.000 -99.000 -99.000 -99.000 -99.000 -9999.0 -9999.0 -9999.0 -9999.0 -9999.0
21515 20170106  2.424 -155.08   19.65    22.6    14.3    18.5    18.2     0.0    11.03 C    34.3    12.7    19.3    94.2    71.7    84.6 -99.000 -99.000 -99.000 -99.000 -99.000 -9999.0 -9999.0 -9999.0 -9999.0 -9999.0
21515 20170107  2.424 -155.08   19.65    22.9    13.9    18.4    18.1     0.2     8.57 C    32.0    11.4    18.7    94.1    60.1    81.5 -99.000 -99.000 -99.000 -99.000 -99.000 -9999.0 -9999.0 -9999.0 -9999.0 -9999.0
21515 20170108  2.424 -155.08   19.65    22.5    15.7    19.1    18.3     0.8     9.95 C    34.6    13.5    20.2    95.2    62.5    84.5 -99.000 -99.000 -99.000 -99.000 -99.000 -9999.0 -9999.0 -9999.0 -9999.0 -9999.0
21515 20170109  2.424 -155.08   19.65    24.6    14.8    19.7    19.0     0.0    11.77 C    33.6    12.5    19.9    94.5    56.5    82.5 -99.000 -99.000 -99.000 -99.000 -99.000 -9999.0 -9999.0 -9999.0 -9999.0 -9999.0
21515 20170110  2.424 -155.08   19.65    24.8    14.6    19.7    19.7     0.0    12.69 C    36.6    12.3    21.0    94.5    56.9    82.2 -99.000 -99.000 -99.000 -99.000 -99.000 -9999.0 -9999.0 -9999.0 -9999.0 -9999.0
21515 20170111  2.424 -155.08   19.65    25.8    18.4    22.1    21.4     1.1    10.04 C    35.1    17.3    22.5    92.9    73.6    85.6 -99.000 -99.000 -99.000 -99.000 -99.000 -9999.0 -9999.0 -9999.0 -9999.0 -9999.0
21515 20170112  2.424 -155.08   19.65    25.9    17.6    21.7    21.5     0.0    16.93 C    36.0    15.4    23.2    95.5    66.7    84.9 -99.000 -99.000 -99.000 -99.000 -99.000 -9999.0 -9999.0 -9999.0 -9999.0 -9999.0
21515 20170113  2.424 -155.08   19.65    25.9    16.2    21.1    20.4     0.0    16.78 C    37.2    13.6    21.2    91.7    58.3    80.4 -99.000 -99.000 -99.000 -99.000 -99.000 -9999.0 -9999.0 -9999.0 -9999.0 -9999.0
21515 20170114  2.424 -155.08   19.65    24.5    18.6    21.5    20.7     5.1     9.51 C    34.6    17.3    21.9    95.1    71.2    88.9 -99.000 -99.000 -99.000 -99.000 -99.000 -9999.0 -9999.0 -9999.0 -9999.0 -9999.0
21515 20170115  2.424 -155.08   19.65    25.2    17.6    21.4    20.6     0.0    15.29 C    35.4    15.3    22.6    95.8    62.8    86.0 -99.000 -99.000 -99.000 -99.000 -99.000 -9999.0 -9999.0 -9999.0 -9999.0 -9999.0
21515 20170116  2.424 -155.08   19.65    25.4    15.6    20.5    19.9     0.0    17.62 C    36.0    13.7    21.6    96.0    55.5    82.0 -99.000 -99.000 -99.000 -99.000 -99.000 -9999.0 -9999.0 -9999.0 -9999.0 -9999.0
21515 20170117  2.424 -155.08   19.65    25.5    16.0    20.8    20.4     0.0    13.99 C    37.2    13.8    22.6    94.9    73.7    88.1 -99.000 -99.000 -99.000 -99.000 -99.000 -9999.0 -9999.0 -9999.0 -9999.0 -9999.0
21515 20170118  2.424 -155.08   19.65    25.7    14.8    20.3    19.7     0.0    17.35 C    36.9    12.6    20.6    95.9    55.5    81.0 -99.000 -99.000 -99.000 -99.000 -99.000 -9999.0 -9999.0 -9999.0 -9999.0 -9999.0
21515 20170119  2.424 -155.08   19.65    23.3    15.4    19.4    19.5     0.4    11.83 C    34.0    12.3    20.7    94.2    64.7    84.3 -99.000 -99.000 -99.000 -99.000 -99.000 -9999.0 -9999.0 -9999.0 -9999.0 -9999.0
21515 20170120  2.424 -155.08   19.65    24.4    17.1    20.7    20.3     0.4     8.79 C    33.6    14.8    22.0    93.7    60.0    80.9 -99.000 -99.000 -99.000 -99.000 -99.000 -9999.0 -9999.0 -9999.0 -9999.0 -9999.0
21515 20170121  2.424 -155.08   19.65    22.8    16.7    19.7    19.4    22.8     8.94 C    32.1    14.9    20.9    94.9    77.2    91.6 -99.000 -99.000 -99.000 -99.000 -99.000 -9999.0 -9999.0 -9999.0 -9999.0 -9999.0
21515 20170122  2.424 -155.08   19.65    19.8    17.5    18.6    18.5    30.1     4.65 C    24.4    18.1    20.0    95.8    84.5    92.4 -99.000 -99.000 -99.000 -99.000 -99.000 -9999.0 -9999.0 -9999.0 -9999.0 -9999.0
21515 20170123  2.424 -155.08   19.65    21.7    17.7    19.7    19.7    35.9     5.15 C    29.3    17.4    21.0    95.9    86.7    93.5 -99.000 -99.000 -99.000 -99.000 -99.000 -9999.0 -9999.0 -9999.0 -9999.0 -9999.0
21515 20170124  2.424 -155.08   19.65    21.5    18.4    20.0    19.6   181.3     3.81 C    25.7    18.6    20.5    96.0    92.7    95.1 -99.000 -99.000 -99.000 -99.000 -99.000 -9999.0 -9999.0 -9999.0 -9999.0 -9999.0
21515 20170125  2.424 -155.08   19.65    23.3    16.3    19.8    18.7    10.1    12.21 C    33.6    14.0    20.3    96.3    72.4    91.8 -99.000 -99.000 -99.000 -99.000 -99.000 -9999.0 -9999.0 -9999.0 -9999.0 -9999.0
21515 20170126  2.424 -155.08   19.65    24.2    15.0    19.6    19.5     0.9    18.06 C    35.1    13.4    21.7    95.5    56.1    82.9 -99.000 -99.000 -99.000 -99.000 -99.000 -9999.0 -9999.0 -9999.0 -9999.0 -9999.0
21515 20170127  2.424 -155.08   19.65    24.5    15.4    19.9    19.3     0.0    18.63 C    38.2    12.7    21.3    94.8    54.1    80.2 -99.000 -99.000 -99.000 -99.000 -99.000 -9999.0 -9999.0 -9999.0 -9999.0 -9999.0
21515 20170128  2.424 -155.08   19.65    25.0    14.8    19.9    19.5     6.5    12.71 C    37.7    12.0    21.1    95.3    56.6    81.7 -99.000 -99.000 -99.000 -99.000 -99.000 -9999.0 -9999.0 -9999.0 -9999.0 -9999.0
21515 20170129  2.424 -155.08   19.65    23.6    17.4    20.5    19.5     2.0    16.08 C    34.2    16.9    21.8    95.7    68.3    85.0 -99.000 -99.000 -99.000 -99.000 -99.000 -9999.0 -9999.0 -9999.0 -9999.0 -9999.0
21515 20170130  2.424 -155.08   19.65    22.6    16.1    19.3    18.7     0.0    17.11 C    34.7    14.1    20.8    79.1    53.5    68.2 -99.000 -99.000 -99.000 -99.000 -99.000 -9999.0 -9999.0 -9999.0 -9999.0 -9999.0
21515 20170131  2.424 -155.08   19.65    22.5    15.5    19.0    18.4     0.0    14.61 C    33.5    13.2    20.2    81.7    51.8    66.9 -99.000 -99.000 -99.000 -99.000 -99.000 -9999.0 -9999.0 -9999.0 -9999.0 -9999.0
21515 20170201  2.424 -155.08   19.65    22.6    15.8    19.2    18.5     0.0    11.15 C    34.0    14.4    20.3    88.0    51.6    69.9 -99.000 -99.000 -99.000 -99.000 -99.000 -9999.0 -9999.0 -9999.0 -9999.0 -9999.0
21515 20170202  2.424 -155.08   19.65    23.7    15.8    19.7    19.2     0.0    13.75 C    35.7    13.7    21.3    90.8    49.4    72.8 -99.000 -99.000 -99.000 -99.000 -99.000 -9999.0 -9999.0 -9999.0 -9999.0 -9999.0
21515 20170203  2.424 -155.08   19.65    24.5    15.0    19.7    19.2     0.0    15.49 C    36.4    12.6    20.5    93.5    50.7    77.3 -99.000 -99.000 -99.000 -99.000 -99.000 -9999.0 -9999.0 -9999.0 -9999.0 -9999.0
21515 20170204  2.424 -155.08   19.65    25.5    13.5    19.5    19.3     0.0    18.10 C    37.0    11.0    21.0    93.3    55.8    78.6 -99.000 -99.000 -99.000 -99.000 -99.000 -9999.0 -9999.0 -9999.0 -9999.0 -9999.0
21515 20170205  2.424 -155.08   19.65    26.5    14.4    20.4    19.9     0.0    19.04 C    38.6    11.9    21.7    93.4    55.0    78.1 -99.000 -99.000 -99.000 -99.000 -99.000 -9999.0 -9999.0 -9999.0 -9999.0 -9999.0
21515 20170206  2.424 -155.08   19.65    28.4    15.9    22.1    21.4     0.0    18.03 C    40.8    13.4    22.9    92.1    46.6    75.1 -99.000 -99.000 -99.000 -99.000 -99.000 -9999.0 -9999.0 -9999.0 -9999.0 -9999.0
21515 20170207  2.424 -155.08   19.65    25.5    18.3    21.9    21.6     0.3    10.27 C    40.4    16.3    23.4    95.1    68.9    85.0 -99.000 -99.000 -99.000 -99.000 -99.000 -9999.0 -9999.0 -9999.0 -9999.0 -9999.0
21515 20170208  2.424 -155.08   19.65    21.1    17.8    19.4    19.2     0.3     4.18 C    26.0    16.4    19.9    94.4    75.5    87.3 -99.000 -99.000 -99.000 -99.000 -99.000 -9999.0 -9999.0 -9999.0 -9999.0 -9999.0
21515 20170209  2.424 -155.08   19.65    20.2    16.4    18.3    18.0     2.3     4.73 C    27.3    16.8    19.8    96.0    83.5    92.6 -99.000 -99.000 -99.000 -99.000 -99.000 -9999.0 -9999.0 -9999.0 -9999.0 -9999.0
21515 20170210  2.424 -155.08   19.65    25.9    15.3    20.6    20.2     0.0    14.82 C    36.3    13.2    21.1    96.0    58.5    80.7 -99.000 -99.000 -99.000 -99.000 -99.000 -9999.0 -9999.0 -9999.0 -9999.0 -9999.0
21515 20170211  2.424 -155.08   19.65    25.2    17.2    21.2    20.9     0.0     8.21 C    31.5    15.9    21.4    90.3    55.9    78.1 -99.000 -99.000 -99.000 -99.000 -99.000 -9999.0 -9999.0 -9999.0 -9999.0 -9999.0
21515 20170212  2.424 -155.08   19.65    27.4    16.7    22.0    21.4     0.0    17.19 C    40.5    13.6    22.6    94.1    53.4    78.5 -99.000 -99.000 -99.000 -99.000 -99.000 -9999.0 -9999.0 -9999.0 -9999.0 -9999.0
21515 20170213  2.424 -155.08   19.65    26.7    14.8    20.8    20.3     0.0    19.85 C    41.1    12.0    22.6    93.4    52.8    78.9 -99.000 -99.000 -99.000 -99.000 -99.000 -9999.0 -9999.0 -9999.0 -9999.0 -9999.0
21515 20170214  2.424 -155.08   19.65    27.2    15.7    21.4    21.2     0.0    20.05 C    41.9    13.2    23.8    94.3    56.3    79.2 -99.000 -99.000 -99.000 -99.000 -99.000 -9999.0 -9999.0 -9999.0 -9999.0 -9999.0
21515 20170215  2.424 -155.08   19.65    27.1    15.0    21.1    20.9     0.0    17.63 C    43.1    12.4    23.0    94.4    60.5    80.0 -99.000 -99.000 -99.000 -99.000 -99.000 -9999.0 -9999.0 -9999.0 -9999.0 -9999.0
21515 20170216  2.424 -155.08   19.65    27.0    16.6    21.8    21.4     0.2    10.86 C    44.2    14.4    23.0    95.0    61.4    83.4 -99.000 -99.000 -99.000 -99.000 -99.000 -9999.0 -9999.0 -9999.0 -9999.0 -9999.0
21515 20170217  2.424 -155.08   19.65    26.4    18.8    22.6    21.7    10.8    13.47 C    36.2    16.8    24.0    96.0    69.9    88.2 -99.000 -99.000 -99.000 -99.000 -99.000 -9999.0 -9999.0 -9999.0 -9999.0 -9999.0
21515 20170218  2.424 -155.08   19.65    24.4    18.4    21.4    20.9     7.4     8.67 C    39.3    16.8    22.8    95.8    77.5    90.8 -99.000 -99.000 -99.000 -99.000 -99.000 -9999.0 -9999.0 -9999.0 -9999.0 -9999.0
21515 20170219  2.424 -155.08   19.65    21.5    17.2    19.3    19.0     9.0     4.96 C    25.5    15.8    20.0    95.6    88.7    93.4 -99.000 -99.000 -99.000 -99.000 -99.000 -9999.0 -9999.0 -9999.0 -9999.0 -9999.0
21515 20170220  2.424 -155.08   19.65    22.1    15.9    19.0    18.9     0.4    10.39 C    31.7    14.0    20.7    94.4    64.7    84.0 -99.000 -99.000 -99.000 -99.000 -99.000 -9999.0 -9999.0 -9999.0 -9999.0 -9999.0
21515 20170221  2.424 -155.08   19.65    22.8    15.8    19.3    18.7     0.3     8.82 C    32.0    13.9    20.1    93.2    63.0    82.8 -99.000 -99.000 -99.000 -99.000 -99.000 -9999.0 -9999.0 -9999.0 -9999.0 -9999.0
21515 20170222  2.424 -155.08   19.65    22.6    16.7    19.7    18.9     1.9     7.68 C    31.0    16.0    20.4    95.1    53.3    81.5 -99.000 -99.000 -99.000 -99.000 -99.000 -9999.0 -9999.0 -9999.0 -9999.0 -9999.0
21515 20170223  2.424 -155.08   19.65    23.6    16.3    20.0    18.5     1.3     8.93 C    34.4    15.9    20.4    92.6    65.5    86.4 -99.000 -99.000 -99.000 -99.000 -99.000 -9999.0 -9999.0 -9999.0 -9999.0 -9999.0
21515 20170224  2.424 -155.08   19.65    23.7    14.9    19.3    18.6     0.0    17.64 C    37.0    13.0    20.9    90.5    47.8    72.0 -99.000 -99.000 -99.000 -99.000 -99.000 -9999.0 -9999.0 -9999.0 -9999.0 -9999.0
21515 20170225  2.424 -155.08   19.65    23.0    13.6    18.3    18.0     0.0    11.84 C    33.5    12.7    19.7    90.9    53.1    77.2 -99.000 -99.000 -99.000 -99.000 -99.000 -9999.0 -9999.0 -9999.0 -9999.0 -9999.0
21515 20170226  2.424 -155.08   19.65    23.0    15.3    19.1    19.1     0.4     6.06 C    29.2    13.9    19.8    94.6    68.2    85.0 -99.000 -99.000 -99.000 -99.000 -99.000 -9999.0 -9999.0 -9999.0 -9999.0 -9999.0
21515 20170227  2.424 -155.08   19.65    22.1    17.5    19.8    19.0    34.5     5.40 C    30.7    18.2    20.7    95.9    79.5    93.8 -99.000 -99.000 -99.000 -99.000 -99.000 -9999.0 -9999.0 -9999.0 -9999.0 -9999.0
21515 20170228  2.424 -155.08   19.65    22.3    17.2    19.8    19.4     5.4     7.25 C    30.3    17.1    21.0    95.9    77.2    91.3 -99.000 -99.000 -99.000 -99.000 -99.000 -9999.0 -9999.0 -9999.0 -9999.0 -9999.0
21515 20170301  2.424 -155.08   19.65    23.5    17.8    20.6    20.9     0.6     3.65 C    24.3    17.8    19.9    93.8    52.9    76.6 -99.000 -99.000 -99.000 -99.000 -99.000 -9999.0 -9999.0 -9999.0 -9999.0 -9999.0
21515 20170302  2.424 -155.08   19.65    28.3    17.9    23.1    21.8     0.0    15.96 C    38.8    15.9    23.3    94.5    57.8    82.6 -99.000 -99.000 -99.000 -99.000 -99.000 -9999.0 -9999.0 -9999.0 -9999.0 -9999.0
21515 20170303  2.424 -155.08   19.65    27.9    16.8    22.4    21.9     0.0    18.41 C    39.7    14.7    23.6    94.0    57.4    79.1 -99.000 -99.000 -99.000 -99.000 -99.000 -9999.0 -9999.0 -9999.0 -9999.0 -9999.0
21515 20170304  2.424 -155.08   19.65    28.7    17.0    22.9    22.2     0.3    18.31 C    41.6    13.8    24.1    95.5    53.9    79.1 -99.000 -99.000 -99.000 -99.000 -99.000 -9999.0 -9999.0 -9999.0 -9999.0 -9999.0
21515 20170305  2.424 -155.08   19.65    26.7    17.3    22.0    22.0     0.0    18.27 C    40.6    15.7    24.9    96.0    64.3    83.7 -99.000 -99.000 -99.000 -99.000 -99.000 -9999.0 -9999.0 -9999.0 -9999.0 -9999.0
21515 20170306  2.424 -155.08   19.65    27.0    19.2    23.1    21.9     0.0    14.96 C    44.0    17.5    24.6    94.4    54.8    82.5 -99.000 -99.000 -99.000 -99.000 -99.000 -9999.0 -9999.0 -9999.0 -9999.0 -9999.0
21515 20170307  2.424 -155.08   19.65    26.7    16.8    21.7    21.4     0.0    15.94 C    40.5    14.7    23.2    95.2    59.1    82.4 -99.000 -99.000 -99.000 -99.000 -99.000 -9999.0 -9999.0 -9999.0 -9999.0 -9999.0
21515 20170308  2.424 -155.08   19.65    24.6    17.6    21.1    20.5     7.0     8.99 C    35.3    16.0    21.9    96.0    65.7    88.7 -99.000 -99.000 -99.000 -99.000 -99.000 -9999.0 -9999.0 -9999.0 -9999.0 -9999.0
21515 20170309  2.424 -155.08   19.65    24.9    17.4    21.1    20.0     7.3     8.31 C    34.0    16.8    21.4    95.9    73.4    90.0 -99.000 -99.000 -99.000 -99.000 -99.000 -9999.0 -9999.0 -9999.0 -9999.0 -9999.0
21515 20170310  2.424 -155.08   19.65    26.1    16.2    21.1    20.7     2.1    15.89 C    38.3    14.8    22.6    95.6    63.9    87.5 -99.000 -99.000 -99.000 -99.000 -99.000 -9999.0 -9999.0 -9999.0 -9999.0 -9999.0
21515 20170311  2.424 -155.08   19.65    28.0    16.3    22.1    21.4     0.0    13.63 C    38.3    14.7    22.6    94.8    60.9    85.2 -99.000 -99.000 -99.000 -99.000 -99.000 -9999.0 -9999.0 -9999.0 -9999.0 -9999.0
21515 20170312  2.424 -155.08   19.65    28.8    18.0    23.4    22.5     0.2    20.68 C    40.4    16.5    24.6    94.4    51.4    80.5 -99.000 -99.000 -99.000 -99.000 -99.000 -9999.0 -9999.0 -9999.0 -9999.0 -9999.0
21515 20170313  2.424 -155.08   19.65    26.9    16.3    21.6    21.3     0.0    23.11 C    42.3    14.7    24.5    94.7    56.6    80.5 -99.000 -99.000 -99.000 -99.000 -99.000 -9999.0 -9999.0 -9999.0 -9999.0 -9999.0
21515 20170314  2.424 -155.08   19.65    26.8    15.6    21.2    21.1     0.0    21.70 C    42.1    13.6    23.9    94.8    57.7    80.5 -99.000 -99.000 -99.000 -99.000 -99.000 -9999.0 -9999.0 -9999.0 -9999.0 -9999.0
21515 20170315  2.424 -155.08   19.65    26.8    17.0    21.9    21.2     0.0    22.93 C    42.5    14.0    24.7    94.9    60.6    80.3 -99.000 -99.000 -99.000 -99.000 -99.000 -9999.0 -9999.0 -9999.0 -9999.0 -9999.0
21515 20170316  2.424 -155.08   19.65    26.3    14.9    20.6    20.8     0.0    19.30 C    45.1    12.6    24.1    94.3    55.0    80.0 -99.000 -99.000 -99.000 -99.000 -99.000 -9999.0 -9999.0 -9999.0 -9999.0 -9999.0
21515 20170317  2.424 -155.08   19.65    26.7    18.7    22.7    22.0     2.9    20.72 C    44.7    17.2    26.6    95.5    51.7    79.5 -99.000 -99.000 -99.000 -99.000 -99.000 -9999.0 -9999.0 -9999.0 -9999.0 -9999.0
21515 20170318  2.424 -155.08   19.65    24.0    18.9    21.4    21.1     2.3    14.27 C    35.6    18.1    24.2    95.9    70.0    84.7 -99.000 -99.000 -99.000 -99.000 -99.000 -9999.0 -9999.0 -9999.0 -9999.0 -9999.0
21515 20170319  2.424 -155.08   19.65    25.7    16.5    21.1    20.7     0.0    23.34 C    42.5    14.2    24.1    91.4    56.2    76.0 -99.000 -99.000 -99.000 -99.000 -99.000 -9999.0 -9999.0 -9999.0 -9999.0 -9999.0
21515 20170320  2.424 -155.08   19.65    26.3    17.7    22.0    21.6     0.0    18.50 C    41.9    15.1    24.9    91.6    51.4    76.9 -99.000 -99.000 -99.000 -99.000 -99.000 -9999.0 -9999.0 -9999.0 -9999.0 -9999.0
21515 20170321  2.424 -155.08   19.65    26.3    16.9    21.6    21.3     0.2    18.95 C    47.0    14.3    24.7    92.9    57.9    78.1 -99.000 -99.000 -99.000 -99.000 -99.000 -9999.0 -9999.0 -9999.0 -9999.0 -9999.0
21515 20170322  2.424 -155.08   19.65    27.3    17.3    22.3    22.2     0.0    24.45 C    44.5    15.9    26.3    93.7    52.2    76.2 -99.000 -99.000 -99.000 -99.000 -99.000 -9999.0 -9999.0 -9999.0 -9999.0 -9999.0
21515 20170323  2.424 -155.08   19.65    26.5    18.8    22.6    22.0    15.4    13.61 C    39.7    16.6    24.6    95.7    70.5    86.2 -99.000 -99.000 -99.000 -99.000 -99.000 -9999.0 -9999.0 -9999.0 -9999.0 -9999.0
21515 20170324  2.424 -155.08   19.65    25.1    17.9    21.5    21.9    20.6    14.44 C    38.3    15.8    23.9    95.8    75.3    89.2 -99.000 -99.000 -99.000 -99.000 -99.000 -9999.0 -9999.0 -9999.0 -9999.0 -9999.0
21515 20170325  2.424 -155.08   19.65    26.8    16.3    21.6    21.0     0.0    22.80 C    41.8    14.0    24.3    95.5    52.5    80.4 -99.000 -99.000 -99.000 -99.000 -99.000 -9999.0 -9999.0 -9999.0 -9999.0 -9999.0
21515 20170326  2.424 -155.08   19.65    26.7    17.4    22.0    21.0     0.2    20.01 C    42.8    15.3    24.3    94.9    51.3    80.1 -99.000 -99.000 -99.000 -99.000 -99.000 -9999.0 -9999.0 -9999.0 -9999.0 -9999.0
21515 20170327  2.424 -155.08   19.65    26.0    16.6    21.3    20.9     2.1    18.03 C    40.3    13.9    23.2    93.6    61.7    81.3 -99.000 -99.000 -99.000 -99.000 -99.000 -9999.0 -9999.0 -9999.0 -9999.0 -9999.0
21515 20170328  2.424 -155.08   19.65    25.6    17.7    21.7    20.7     3.7    15.93 C    39.8    17.3    23.7    95.5    62.1    85.5 -99.000 -99.000 -99.000 -99.000 -99.000 -9999.0 -9999.0 -9999.0 -9999.0 -9999.0
21515 20170329  2.424 -155.08   19.65    26.3    17.8    22.1    21.2    11.3    18.49 C    38.9    17.1    24.7    95.2    56.3    85.4 -99.000 -99.000 -99.000 -99.000 -99.000 -9999.0 -9999.0 -9999.0 -9999.0 -9999.0
21515 20170330  2.424 -155.08   19.65    25.9    17.6    21.7    21.2     7.4    21.58 C    39.7    15.8    24.5    95.2    49.4    82.7 -99.000 -99.000 -99.000 -99.000 -99.000 -9999.0 -9999.0 -9999.0 -9999.0 -9999.0
21515 20170331  2.424 -155.08   19.65    26.1    17.2    21.6    21.1     9.5    16.19 C    40.6    15.5    23.6    95.5    58.8    82.8 -99.000 -99.000 -99.000 -99.000 -99.000 -9999.0 -9999.0 -9999.0 -9999.0 -9999.0
21515 20170401  2.424 -155.08   19.65    23.3    18.3    20.8    20.3    31.8    10.06 C    35.4    17.5    22.2    95.2    75.2    89.4 -99.000 -99.000 -99.000 -99.000 -99.000 -9999.0 -9999.0 -9999.0 -9999.0 -9999.0
21515 20170402  2.424 -155.08   19.65    26.8    17.3    22.0    21.0     7.5    19.84 C    40.5    16.3    24.7    95.4    53.5    84.5 -99.000 -99.000 -99.000 -99.000 -99.000 -9999.0 -9999.0 -9999.0 -9999.0 -9999.0
21515 20170403  2.424 -155.08   19.65    26.0    17.9    21.9    21.2     0.0    17.33 C    39.6    16.4    24.0    95.6    50.3    80.9 -99.000 -99.000 -99.000 -99.000 -99.000 -9999.0 -9999.0 -9999.0 -9999.0 -9999.0
21515 20170404  2.424 -155.08   19.65    26.1    17.5    21.8    21.5     3.0    23.38 C    40.6    16.5    25.6    95.0    58.2    80.0 -99.000 -99.000 -99.000 -99.000 -99.000 -9999.0 -9999.0 -9999.0 -9999.0 -9999.0
21515 20170405  2.424 -155.08   19.65    26.2    17.0    21.6    21.1     0.8    23.46 C    41.2    15.1    24.4    95.5    57.4    80.8 -99.000 -99.000 -99.000 -99.000 -99.000 -9999.0 -9999.0 -9999.0 -9999.0 -9999.0
21515 20170406  2.424 -155.08   19.65    26.5    16.0    21.3    20.8     0.0    18.04 C    43.5    14.3    23.6    93.4    50.4    77.7 -99.000 -99.000 -99.000 -99.000 -99.000 -9999.0 -9999.0 -9999.0 -9999.0 -9999.0
21515 20170407  2.424 -155.08   19.65    26.2    17.5    21.8    21.4     0.0    17.54 C    42.6    15.1    24.3    93.2    52.9    75.2 -99.000 -99.000 -99.000 -99.000 -99.000 -9999.0 -9999.0 -9999.0 -9999.0 -9999.0
21515 20170408  2.424 -155.08   19.65    26.4    18.1    22.3    21.7     0.0    16.62 C    41.1    15.6    24.1    92.4    56.2    76.7 -99.000 -99.000 -99.000 -99.000 -99.000 -9999.0 -9999.0 -9999.0 -9999.0 -9999.0
21515 20170409  2.424 -155.08   19.65    28.9    16.7    22.8    22.4     0.0    22.48 C    44.0    13.6    25.5    94.4    44.9    74.1 -99.000 -99.000 -99.000 -99.000 -99.000 -9999.0 -9999.0 -9999.0 -9999.0 -9999.0
21515 20170410  2.424 -155.08   19.65    26.3    17.3    21.8    21.5     0.0    14.30 C    39.9    14.3    23.3    92.0    62.4    79.4 -99.000 -99.000 -99.000 -99.000 -99.000 -9999.0 -9999.0 -9999.0 -9999.0 -9999.0
21515 20170411  2.424 -155.08   19.65    26.4    17.5    21.9    21.1     7.3    14.76 C    40.4    15.3    23.3    94.5    62.2    83.2 -99.000 -99.000 -99.000 -99.000 -99.000 -9999.0 -9999.0 -9999.0 -9999.0 -9999.0
21515 20170412  2.424 -155.08   19.65    23.6    18.0    20.8    20.2    15.3    11.90 C    35.8    17.1    23.0    95.4    78.5    91.8 -99.000 -99.000 -99.000 -99.000 -99.000 -9999.0 -9999.0 -9999.0 -9999.0 -9999.0
21515 20170413  2.424 -155.08   19.65    25.9    19.1    22.5    21.7     1.6    16.87 C    37.2    19.5    24.8    96.1    64.0    83.1 -99.000 -99.000 -99.000 -99.000 -99.000 -9999.0 -9999.0 -9999.0 -9999.0 -9999.0
21515 20170414  2.424 -155.08   19.65    26.2    17.4    21.8    21.4     0.0    15.45 C    41.8    15.9    23.9    94.7    61.5    80.9 -99.000 -99.000 -99.000 -99.000 -99.000 -9999.0 -9999.0 -9999.0 -9999.0 -9999.0
21515 20170415  2.424 -155.08   19.65    25.6    17.0    21.3    21.1     0.0    18.12 C    40.9    15.6    24.0    95.2    62.6    82.9 -99.000 -99.000 -99.000 -99.000 -99.000 -9999.0 -9999.0 -9999.0 -9999.0 -9999.0
21515 20170416  2.424 -155.08   19.65    26.7    16.8    21.8    21.6     0.0    25.86 C    43.2    15.3    26.2    93.3    51.1    76.8 -99.000 -99.000 -99.000 -99.000 -99.000 -9999.0 -9999.0 -9999.0 -9999.0 -9999.0
21515 20170417  2.424 -155.08   19.65    22.7    18.6    20.6    20.4    98.7     6.82 C    28.7    17.8    21.6    95.8    80.3    91.0 -99.000 -99.000 -99.000 -99.000 -99.000 -9999.0 -9999.0 -9999.0 -9999.0 -9999.0
21515 20170418  2.424 -155.08   19.65    21.6    19.5    20.5    20.2    58.0     9.05 C    29.6    19.0    22.1    95.3    89.2    93.7 -99.000 -99.000 -99.000 -99.000 -99.000 -9999.0 -9999.0 -9999.0 -9999.0 -9999.0
21515 20170419  2.424 -155.08   19.65 -9999.0 -9999.0 -9999.0 -9999.0     0.0 -9999.00 U -9999.0 -9999.0 -9999.0 -9999.0 -9999.0 -9999.0 -99.000 -99.000 -99.000 -99.000 -99.000 -9999.0 -9999.0 -9999.0 -9999.0 -9999.0
21515 20170420  2.424 -155.08   19.65    28.0    16.3    22.2    21.7     0.0     0.00 C    41.2    14.5    24.0    95.4    54.2    80.6 -99.000 -99.000 -99.000 -99.000 -99.000 -9999.0 -9999.0 -9999.0 -9999.0 -9999.0
21515 20170421  2.424 -155.08   19.65    26.9    15.6    21.3    21.3     0.0     0.00 C    42.2    13.8    24.2    95.4    58.8    80.1 -99.000 -99.000 -99.000 -99.000 -99.000 -9999.0 -9999.0 -9999.0 -9999.0 -9999.0
21515 20170422  2.424 -155.08   19.65    27.9    16.1    22.0    22.0     1.7     0.00 C    43.3    14.0    25.6    96.0    47.3    76.8 -99.000 -99.000 -99.000 -99.000 -99.000 -9999.0 -9999.0 -9999.0 -9999.0 -9999.0
21515 20170423  2.424 -155.08   19.65    27.3    17.6    22.5    22.0     0.0     0.00 C    41.8    16.5    24.8    96.2    50.5    80.2 -99.000 -99.000 -99.000 -99.000 -99.000 -9999.0 -9999.0 -9999.0 -9999.0 -9999.0
21515 20170424  2.424 -155.08   19.65    26.6    16.2    21.4    21.3     0.0     0.00 C    38.2    13.6    23.2    94.3    53.1    79.1 -99.000 -99.000 -99.000 -99.000 -99.000 -9999.0 -9999.0 -9999.0 -9999.0 -9999.0
21515 20170425  2.424 -155.08   19.65    28.0    15.5    21.8    21.5     0.0     0.00 C    44.8    13.7    24.4    94.1    46.7    75.7 -99.000 -99.000 -99.000 -99.000 -99.000 -9999.0 -9999.0 -9999.0 -9999.0 -9999.0
21515 20170426  2.424 -155.08   19.65    26.4    16.0    21.2    20.8     0.0     0.00 C    41.0    13.6    22.6    94.2    54.8    79.4 -99.000 -99.000 -99.000 -99.000 -99.000 -9999.0 -9999.0 -9999.0 -9999.0 -9999.0
21515 20170427  2.424 -155.08   19.65    27.9    16.3    22.1    21.5     0.0     0.00 C    44.5    13.6    24.3    94.1    51.7    77.2 -99.000 -99.000 -99.000 -99.000 -99.000 -9999.0 -9999.0 -9999.0 -9999.0 -9999.0
21515 20170428  2.424 -155.08   19.65    25.9    18.0    22.0    21.5     2.7     0.00 C    40.8    16.0    24.1    95.6    55.6    81.4 -99.000 -99.000 -99.000 -99.000 -99.000 -9999.0 -9999.0 -9999.0 -9999.0 -9999.0
21515 20170429  2.424 -155.08   19.65    29.4    15.8    22.6    22.0     0.0     0.00 C    44.4    14.1    23.4    91.2    46.7    72.1 -99.000 -99.000 -99.000 -99.000 -99.000 -9999.0 -9999.0 -9999.0 -9999.0 -9999.0
21515 20170430  2.424 -155.08   19.65    22.6    18.7    20.7    20.8    14.9     0.00 C    27.2    17.9    21.6    95.0    68.8    90.3 -99.000 -99.000 -99.000 -99.000 -99.000 -9999.0 -9999.0 -9999.0 -9999.0 -9999.0
21515 20170501  2.424 -155.08   19.65    28.7    19.4    24.0    23.2     6.8     0.00 C    39.5    19.6    25.5    95.5    64.8    84.2 -99.000 -99.000 -99.000 -99.000 -99.000 -9999.0 -9999.0 -9999.0 -9999.0 -9999.0
21515 20170502  2.424 -155.08   19.65    27.5    20.3    23.9    23.0     0.3     0.00 C    43.7    19.0    26.2    95.4    60.6    82.4 -99.000 -99.000 -99.000 -99.000 -99.000 -9999.0 -9999.0 -9999.0 -9999.0 -9999.0
21515 20170503  2.424 -155.08   19.65    26.6    19.1    22.9    22.7     0.0     0.00 C    43.7    17.1    26.1    94.1    62.3    79.3 -99.000 -99.000 -99.000 -99.000 -99.000 -9999.0 -9999.0 -9999.0 -9999.0 -9999.0
21515 20170504  2.424 -155.08   19.65    27.5    18.6    23.1    22.7     0.0     0.00 C    44.9    15.9    26.5    92.4    54.6    75.8 -99.000 -99.000 -99.000 -99.000 -99.000 -9999.0 -9999.0 -9999.0 -9999.0 -9999.0
21515 20170505  2.424 -155.08   19.65    26.5    17.9    22.2    21.9     0.5     0.00 C    43.5    15.8    25.1    92.5    56.4    78.9 -99.000 -99.000 -99.000 -99.000 -99.000 -9999.0 -9999.0 -9999.0 -9999.0 -9999.0
21515 20170506  2.424 -155.08   19.65    26.2    18.5    22.3    21.7     1.3     0.00 C    41.0    17.7    25.1    95.0    51.8    80.6 -99.000 -99.000 -99.000 -99.000 -99.000 -9999.0 -9999.0 -9999.0 -9999.0 -9999.0
21515 20170507  2.424 -155.08   19.65    26.0    17.7    21.8    21.2     3.5     0.00 C    38.1    16.2    24.4    96.0    60.4    86.3 -99.000 -99.000 -99.000 -99.000 -99.000 -9999.0 -9999.0 -9999.0 -9999.0 -9999.0
21515 20170508  2.424 -155.08   19.65    28.0    18.7    23.4    22.7     0.6     0.00 C    40.6    17.6    26.0    95.1    58.5    80.5 -99.000 -99.000 -99.000 -99.000 -99.000 -9999.0 -9999.0 -9999.0 -9999.0 -9999.0
21515 20170509  2.424 -155.08   19.65    28.0    18.7    23.4    22.8     0.0     0.00 C    42.8    16.6    26.6    92.1    54.3    76.8 -99.000 -99.000 -99.000 -99.000 -99.000 -9999.0 -9999.0 -9999.0 -9999.0 -9999.0
21515 20170510  2.424 -155.08   19.65    25.4    18.3    21.9    21.4     6.1     0.00 C    39.0    17.2    24.2    95.3    64.6    83.4 -99.000 -99.000 -99.000 -99.000 -99.000 -9999.0 -9999.0 -9999.0 -9999.0 -9999.0
21515 20170511  2.424 -155.08   19.65    26.5    18.3    22.4    21.5     2.3     0.00 C    39.8    17.7    25.0    94.5    57.4    82.2 -99.000 -99.000 -99.000 -99.000 -99.000 -9999.0 -9999.0 -9999.0 -9999.0 -9999.0
21515 20170512  2.424 -155.08   19.65    25.5    17.8    21.6    20.8     4.6     0.00 C    39.0    16.3    23.9    95.1    62.2    87.0 -99.000 -99.000 -99.000 -99.000 -99.000 -9999.0 -9999.0 -9999.0 -9999.0 -9999.0
21515 20170513  2.424 -155.08   19.65    26.7    16.1    21.4    21.3     8.4     0.00 C    39.7    15.2    24.9    96.1    55.4    80.9 -99.000 -99.000 -99.000 -99.000 -99.000 -9999.0 -9999.0 -9999.0 -9999.0 -9999.0
21515 20170514  2.424 -155.08   19.65    24.5    18.7    21.6    20.7    49.4     0.00 C    38.6    18.3    23.6    96.2    71.9    91.8 -99.000 -99.000 -99.000 -99.000 -99.000 -9999.0 -9999.0 -9999.0 -9999.0 -9999.0
21515 20170515  2.424 -155.08   19.65    23.7    18.7    21.2    20.2    91.6     0.00 C    34.3    19.0    22.0    96.9    82.8    93.8 -99.000 -99.000 -99.000 -99.000 -99.000 -9999.0 -9999.0 -9999.0 -9999.0 -9999.0
21515 20170516  2.424 -155.08   19.65    24.4    17.5    20.9    20.2    12.4     0.00 C    35.0    15.9    22.5    95.9    68.8    89.1 -99.000 -99.000 -99.000 -99.000 -99.000 -9999.0 -9999.0 -9999.0 -9999.0 -9999.0
21515 20170517  2.424 -155.08   19.65    23.8    17.5    20.6    20.2    17.2     0.00 C    33.2    16.3    22.3    96.3    73.7    89.9 -99.000 -99.000 -99.000 -99.000 -99.000 -9999.0 -9999.0 -9999.0 -9999.0 -9999.0
21515 20170518  2.424 -155.08   19.65    26.6    16.0    21.3    21.1     0.0     0.00 C    39.7    14.3    24.3    96.1    58.4    81.4 -99.000 -99.000 -99.000 -99.000 -99.000 -9999.0 -9999.0 -9999.0 -9999.0 -9999.0
21515 20170519  2.424 -155.08   19.65    26.5    16.6    21.5    21.3     0.0     0.00 C    42.7    14.6    24.4    92.9    57.4    78.1 -99.000 -99.000 -99.000 -99.000 -99.000 -9999.0 -9999.0 -9999.0 -9999.0 -9999.0
21515 20170520  2.424 -155.08   19.65    26.2    16.4    21.3    21.3     0.0     0.00 C    41.8    14.5    24.0    94.2    60.4    79.2 -99.000 -99.000 -99.000 -99.000 -99.000 -9999.0 -9999.0 -9999.0 -9999.0 -9999.0
21515 20170521  2.424 -155.08   19.65    26.2    16.8    21.5    21.2     0.0     0.00 C    43.4    15.2    23.8    93.9    61.3    79.7 -99.000 -99.000 -99.000 -99.000 -99.000 -9999.0 -9999.0 -9999.0 -9999.0 -9999.0
21515 20170522  2.424 -155.08   19.65    23.9    17.2    20.5    19.9    15.3     0.00 C    33.7    14.9    21.8    95.5    71.6    87.1 -99.000 -99.000 -99.000 -99.000 -99.000 -9999.0 -9999.0 -9999.0 -9999.0 -9999.0
21515 20170523  2.424 -155.08   19.65    26.9    16.3    21.6    21.1    10.3     0.00 C    42.5    15.8    24.9    96.2    54.9    83.1 -99.000 -99.000 -99.000 -99.000 -99.000 -9999.0 -9999.0 -9999.0 -9999.0 -9999.0
21515 20170524  2.424 -155.08   19.65    25.7    17.8    21.8    21.2     2.3     0.00 C    40.3    16.4    23.8    96.2    61.5    83.5 -99.000 -99.000 -99.000 -99.000 -99.000 -9999.0 -9999.0 -9999.0 -9999.0 -9999.0
21515 20170525  2.424 -155.08   19.65    26.6    17.6    22.1    21.5     1.0     0.00 C    42.0    16.9    25.7    93.8    59.4    79.6 -99.000 -99.000 -99.000 -99.000 -99.000 -9999.0 -9999.0 -9999.0 -9999.0 -9999.0
21515 20170526  2.424 -155.08   19.65    26.1    15.7    20.9    21.4     0.0     0.00 C    40.7    13.6    24.1    90.9    58.8    76.0 -99.000 -99.000 -99.000 -99.000 -99.000 -9999.0 -9999.0 -9999.0 -9999.0 -9999.0
21515 20170527  2.424 -155.08   19.65    27.2    16.6    21.9    22.2     0.2     0.00 C    43.1    14.5    26.2    93.3    48.2    75.7 -99.000 -99.000 -99.000 -99.000 -99.000 -9999.0 -9999.0 -9999.0 -9999.0 -9999.0
21515 20170528  2.424 -155.08   19.65    26.7    16.6    21.7    21.5    20.9     0.00 C    41.0    15.7    23.7    96.0    61.9    86.7 -99.000 -99.000 -99.000 -99.000 -99.000 -9999.0 -9999.0 -9999.0 -9999.0 -9999.0
21515 20170529  2.424 -155.08   19.65    26.5    18.4    22.4    22.6     0.0     0.00 C    40.6    16.9    24.9    95.4    64.7    82.1 -99.000 -99.000 -99.000 -99.000 -99.000 -9999.0 -9999.0 -9999.0 -9999.0 -9999.0
21515 20170530  2.424 -155.08   19.65    27.4    18.7    23.0    22.3     2.6     0.00 C    41.2    16.8    25.1    96.0    61.8    83.3 -99.000 -99.000 -99.000 -99.000 -99.000 -9999.0 -9999.0 -9999.0 -9999.0 -9999.0
21515 20170531  2.424 -155.08   19.65    25.6    18.4    22.0    21.6     1.6     0.00 C    36.6    17.2    24.1    96.2    69.1    86.9 -99.000 -99.000 -99.000 -99.000 -99.000 -9999.0 -9999.0 -9999.0 -9999.0 -9999.0
21515 20170601  2.424 -155.08   19.65    26.4    18.2    22.3    21.9     0.5     0.00 C    42.3    17.1    25.0    95.9    57.4    79.8 -99.000 -99.000 -99.000 -99.000 -99.000 -9999.0 -9999.0 -9999.0 -9999.0 -9999.0
21515 20170602  2.424 -155.08   19.65    26.6    17.5    22.1    21.3     0.0     0.00 C    42.6    15.7    24.5    93.5    62.3    82.0 -99.000 -99.000 -99.000 -99.000 -99.000 -9999.0 -9999.0 -9999.0 -9999.0 -9999.0
21515 20170603  2.424 -155.08   19.65    24.8    18.5    21.7    21.3     3.2     0.00 C    35.4    17.1    23.8    94.7    71.2    86.8 -99.000 -99.000 -99.000 -99.000 -99.000 -9999.0 -9999.0 -9999.0 -9999.0 -9999.0
21515 20170604  2.424 -155.08   19.65    26.3    19.8    23.0    22.4    14.1     0.00 C    40.2    19.6    26.2    95.9    72.5    88.9 -99.000 -99.000 -99.000 -99.000 -99.000 -9999.0 -9999.0 -9999.0 -9999.0 -9999.0
21515 20170605  2.424 -155.08   19.65    25.9    19.1    22.5    22.4     3.4    14.63 C    38.2    17.1    25.5    96.6    66.9    85.6 -99.000 -99.000 -99.000 -99.000 -99.000 -9999.0 -9999.0 -9999.0 -9999.0 -9999.0
21515 20170606  2.424 -155.08   19.65    26.4    19.3    22.9    22.1     4.2    16.31 C    39.6    18.4    25.4    95.9    62.6    86.6 -99.000 -99.000 -99.000 -99.000 -99.000 -9999.0 -9999.0 -9999.0 -9999.0 -9999.0
21515 20170607  2.424 -155.08   19.65    26.8    18.5    22.7    22.3     0.0    21.11 C    41.2    17.6    25.4    95.3    64.1    82.0 -99.000 -99.000 -99.000 -99.000 -99.000 -9999.0 -9999.0 -9999.0 -9999.0 -9999.0
21515 20170608  2.424 -155.08   19.65    26.6    17.3    22.0    22.0     0.5    21.56 C    40.6    15.9    25.1    94.9    62.2    80.7 -99.000 -99.000 -99.000 -99.000 -99.000 -9999.0 -9999.0 -9999.0 -9999.0 -9999.0
21515 20170609  2.424 -155.08   19.65    27.4    16.1    21.8    21.7     0.0    25.60 C    42.4    14.3    25.0    94.9    53.7    78.7 -99.000 -99.000 -99.000 -99.000 -99.000 -9999.0 -9999.0 -9999.0 -9999.0 -9999.0
21515 20170610  2.424 -155.08   19.65    28.1    16.7    22.4    22.4     4.7    22.32 C    45.2    15.4    26.4    96.1    60.9    81.7 -99.000 -99.000 -99.000 -99.000 -99.000 -9999.0 -9999.0 -9999.0 -9999.0 -9999.0
21515 20170611  2.424 -155.08   19.65    27.9    20.0    23.9    23.3     1.0    25.32 C    42.4    18.6    27.4    96.0    60.8    82.4 -99.000 -99.000 -99.000 -99.000 -99.000 -9999.0 -9999.0 -9999.0 -9999.0 -9999.0
21515 20170612  2.424 -155.08   19.65    27.0    19.0    23.0    22.4     8.4    17.13 C    39.6    18.1    25.3    94.9    65.0    84.8 -99.000 -99.000 -99.000 -99.000 -99.000 -9999.0 -9999.0 -9999.0 -9999.0 -9999.0
21515 20170613  2.424 -155.08   19.65    28.0    18.6    23.3    23.2     0.0    26.37 C    42.2    17.3    27.3    93.4    51.4    77.1 -99.000 -99.000 -99.000 -99.000 -99.000 -9999.0 -9999.0 -9999.0 -9999.0 -9999.0
21515 20170614  2.424 -155.08   19.65    27.7    18.2    23.0    22.7    17.8    23.87 C    43.7    17.1    26.7    95.6    64.4    83.1 -99.000 -99.000 -99.000 -99.000 -99.000 -9999.0 -9999.0 -9999.0 -9999.0 -9999.0
21515 20170615  2.424 -155.08   19.65    26.4    20.3    23.3    22.9    22.2    19.41 C    39.3    20.0    26.3    96.1    62.6    84.2 -99.000 -99.000 -99.000 -99.000 -99.000 -9999.0 -9999.0 -9999.0 -9999.0 -9999.0
21515 20170616  2.424 -155.08   19.65    27.4    18.8    23.1    22.7     0.0    19.35 C    43.2    17.4    25.9    94.1    61.7    79.1 -99.000 -99.000 -99.000 -99.000 -99.000 -9999.0 -9999.0 -9999.0 -9999.0 -9999.0
21515 20170617  2.424 -155.08   19.65    27.6    19.1    23.4    23.2     0.0    24.25 C    43.1    17.8    27.5    90.4    55.3    75.3 -99.000 -99.000 -99.000 -99.000 -99.000 -9999.0 -9999.0 -9999.0 -9999.0 -9999.0
21515 20170618  2.424 -155.08   19.65    25.9    19.7    22.8    22.3     1.4    13.51 C    35.3    18.7    25.1    95.1    61.7    82.6 -99.000 -99.000 -99.000 -99.000 -99.000 -9999.0 -9999.0 -9999.0 -9999.0 -9999.0
21515 20170619  2.424 -155.08   19.65    27.2    18.9    23.1    22.4     2.8    19.88 C    40.4    17.9    25.6    94.7    50.8    80.5 -99.000 -99.000 -99.000 -99.000 -99.000 -9999.0 -9999.0 -9999.0 -9999.0 -9999.0
21515 20170620  2.424 -155.08   19.65    27.2    19.0    23.1    22.7     1.5    22.24 C    42.9    17.6    26.2    95.8    60.5    81.3 -99.000 -99.000 -99.000 -99.000 -99.000 -9999.0 -9999.0 -9999.0 -9999.0 -9999.0
21515 20170621  2.424 -155.08   19.65    27.4    17.2    22.3    22.1     0.4    18.61 C    42.4    15.7    25.3    95.3    59.5    81.4 -99.000 -99.000 -99.000 -99.000 -99.000 -9999.0 -9999.0 -9999.0 -9999.0 -9999.0
21515 20170622  2.424 -155.08   19.65    27.2    18.3    22.7    22.3     1.2    18.70 C    42.3    15.9    25.5    91.4    58.1    80.0 -99.000 -99.000 -99.000 -99.000 -99.000 -9999.0 -9999.0 -9999.0 -9999.0 -9999.0
21515 20170623  2.424 -155.08   19.65    26.8    19.4    23.1    21.8     5.4    13.91 C    40.4    19.7    24.9    95.4    64.9    88.2 -99.000 -99.000 -99.000 -99.000 -99.000 -9999.0 -9999.0 -9999.0 -9999.0 -9999.0
21515 20170624  2.424 -155.08   19.65    27.8    18.8    23.3    22.8     0.0    20.58 C    43.9    17.3    26.3    94.9    50.0    79.4 -99.000 -99.000 -99.000 -99.000 -99.000 -9999.0 -9999.0 -9999.0 -9999.0 -9999.0
21515 20170625  2.424 -155.08   19.65    27.9    17.3    22.6    22.8     0.0    23.84 C    44.5    16.6    26.7    92.9    55.6    76.8 -99.000 -99.000 -99.000 -99.000 -99.000 -9999.0 -9999.0 -9999.0 -9999.0 -9999.0
21515 20170626  2.424 -155.08   19.65    28.1    19.5    23.8    23.6     0.0    19.53 C    47.8    18.1    27.1    93.9    53.7    75.8 -99.000 -99.000 -99.000 -99.000 -99.000 -9999.0 -9999.0 -9999.0 -9999.0 -9999.0
21515 20170627  2.424 -155.08   19.65    26.1    20.3    23.2    22.6     1.9    11.46 C    37.6    19.2    24.9    93.2    66.3    82.2 -99.000 -99.000 -99.000 -99.000 -99.000 -9999.0 -9999.0 -9999.0 -9999.0 -9999.0
21515 20170628  2.424 -155.08   19.65    27.0    19.2    23.1    22.9     0.0    18.89 C    40.4    18.2    25.6    93.1    58.1    76.4 -99.000 -99.000 -99.000 -99.000 -99.000 -9999.0 -9999.0 -9999.0 -9999.0 -9999.0
21515 20170629  2.424 -155.08   19.65    27.6    19.3    23.4    22.6     1.6    20.75 C    42.3    18.2    25.9    92.6    58.8    79.7 -99.000 -99.000 -99.000 -99.000 -99.000 -9999.0 -9999.0 -9999.0 -9999.0 -9999.0
21515 20170630  2.424 -155.08   19.65    26.0    19.6    22.8    22.0     6.6    14.54 C    38.0    19.5    24.4    95.5    62.5    84.8 -99.000 -99.000 -99.000 -99.000 -99.000 -9999.0 -9999.0 -9999.0 -9999.0 -9999.0
21515 20170701  2.424 -155.08   19.65    27.6    18.3    22.9    22.7     9.4    22.86 C    41.6    17.5    26.0    95.7    60.7    81.4 -99.000 -99.000 -99.000 -99.000 -99.000 -9999.0 -9999.0 -9999.0 -9999.0 -9999.0
21515 20170702  2.424 -155.08   19.65    28.1    18.1    23.1    23.3     2.7    23.31 C    44.7    16.2    26.5    92.0    58.6    76.9 -99.000 -99.000 -99.000 -99.000 -99.000 -9999.0 -9999.0 -9999.0 -9999.0 -9999.0
21515 20170703  2.424 -155.08   19.65    27.7    19.7    23.7    23.1     0.4    17.79 C    43.3    19.2    26.2    95.3    65.0    85.5 -99.000 -99.000 -99.000 -99.000 -99.000 -9999.0 -9999.0 -9999.0 -9999.0 -9999.0
21515 20170704  2.424 -155.08   19.65    28.4    19.6    24.0    23.4     0.0    15.39 C    43.8    18.9    25.6    94.7    58.4    78.7 -99.000 -99.000 -99.000 -99.000 -99.000 -9999.0 -9999.0 -9999.0 -9999.0 -9999.0
21515 20170705  2.424 -155.08   19.65    27.9    20.3    24.1    23.5     0.0    21.48 C    44.2    18.9    27.0    90.3    52.8    74.6 -99.000 -99.000 -99.000 -99.000 -99.000 -9999.0 -9999.0 -9999.0 -9999.0 -9999.0
21515 20170706  2.424 -155.08   19.65    27.5    19.7    23.6    22.9     4.2    22.50 C    42.3    18.2    26.5    95.4    56.4    79.5 -99.000 -99.000 -99.000 -99.000 -99.000 -9999.0 -9999.0 -9999.0 -9999.0 -9999.0
21515 20170707  2.424 -155.08   19.65    27.6    17.4    22.5    22.4     0.0    20.36 C    44.5    16.3    25.3    95.6    58.1    79.4 -99.000 -99.000 -99.000 -99.000 -99.000 -9999.0 -9999.0 -9999.0 -9999.0 -9999.0
21515 20170708  2.424 -155.08   19.65    27.9    17.2    22.6    22.3     0.0    15.34 C    44.6    14.9    24.3    92.4    56.3    78.6 -99.000 -99.000 -99.000 -99.000 -99.000 -9999.0 -9999.0 -9999.0 -9999.0 -9999.0
21515 20170709  2.424 -155.08   19.65    25.4    18.5    22.0    21.8     0.0     8.91 C    32.5    17.0    23.2    93.0    63.3    83.8 -99.000 -99.000 -99.000 -99.000 -99.000 -9999.0 -9999.0 -9999.0 -9999.0 -9999.0
21515 20170710  2.424 -155.08   19.65    27.9    18.7    23.3    23.2     0.3    17.58 C    44.1    17.3    26.3    93.8    62.3    79.5 -99.000 -99.000 -99.000 -99.000 -99.000 -9999.0 -9999.0 -9999.0 -9999.0 -9999.0
21515 20170711  2.424 -155.08   19.65    26.2    20.3    23.2    23.0    15.5    12.20 C    38.3    19.5    25.3    95.9    75.6    89.0 -99.000 -99.000 -99.000 -99.000 -99.000 -9999.0 -9999.0 -9999.0 -9999.0 -9999.0
21515 20170712  2.424 -155.08   19.65    27.9    20.0    24.0    23.6     9.2    17.31 C    40.8    19.3    26.5    96.0    66.5    85.8 -99.000 -99.000 -99.000 -99.000 -99.000 -9999.0 -9999.0 -9999.0 -9999.0 -9999.0
21515 20170713  2.424 -155.08   19.65    28.8    19.9    24.3    23.9     0.0    24.22 C    41.2    18.2    27.2    96.4    55.4    80.6 -99.000 -99.000 -99.000 -99.000 -99.000 -9999.0 -9999.0 -9999.0 -9999.0 -9999.0
21515 20170714  2.424 -155.08   19.65    26.5    19.6    23.0    22.7     2.7    15.22 C    40.6    18.7    25.3    94.1    67.0    83.8 -99.000 -99.000 -99.000 -99.000 -99.000 -9999.0 -9999.0 -9999.0 -9999.0 -9999.0
21515 20170715  2.424 -155.08   19.65    27.4    19.4    23.4    23.0    11.0    19.70 C    40.8    18.6    26.1    96.0    64.0    80.5 -99.000 -99.000 -99.000 -99.000 -99.000 -9999.0 -9999.0 -9999.0 -9999.0 -9999.0
21515 20170716  2.424 -155.08   19.65    26.2    18.6    22.4    21.7    14.7    15.70 C    38.1    17.6    24.3    96.5    72.1    88.9 -99.000 -99.000 -99.000 -99.000 -99.000 -9999.0 -9999.0 -9999.0 -9999.0 -9999.0
21515 20170717  2.424 -155.08   19.65    27.1    18.9    23.0    22.4     8.6    18.78 C    39.0    18.2    25.1    95.6    62.7    84.1 -99.000 -99.000 -99.000 -99.000 -99.000 -9999.0 -9999.0 -9999.0 -9999.0 -9999.0
21515 20170718  2.424 -155.08   19.65    26.7    19.1    22.9    22.0    15.0    16.00 C    38.0    19.3    24.9    95.0    62.7    86.1 -99.000 -99.000 -99.000 -99.000 -99.000 -9999.0 -9999.0 -9999.0 -9999.0 -9999.0
21515 20170719  2.424 -155.08   19.65    26.2    18.2    22.2    22.3     7.8    16.96 C    38.0    17.4    25.1    95.6    67.8    85.3 -99.000 -99.000 -99.000 -99.000 -99.000 -9999.0 -9999.0 -9999.0 -9999.0 -9999.0
21515 20170720  2.424 -155.08   19.65    27.0    19.7    23.4    22.5     4.2    18.75 C    39.9    19.3    25.7    95.6    62.9    84.4 -99.000 -99.000 -99.000 -99.000 -99.000 -9999.0 -9999.0 -9999.0 -9999.0 -9999.0
21515 20170721  2.424 -155.08   19.65    25.7    19.7    22.7    21.8    11.1     9.74 C    34.4    20.6    24.4    95.3    75.7    92.4 -99.000 -99.000 -99.000 -99.000 -99.000 -9999.0 -9999.0 -9999.0 -9999.0 -9999.0
21515 20170722  2.424 -155.08   19.65    26.8    20.3    23.5    23.2     5.5    14.74 C    37.0    20.0    25.7    95.4    70.3    87.0 -99.000 -99.000 -99.000 -99.000 -99.000 -9999.0 -9999.0 -9999.0 -9999.0 -9999.0
21515 20170723  2.424 -155.08   19.65    28.0    19.9    23.9    23.6     0.7    25.00 C    40.9    19.2    27.6    95.8    68.6    86.4 -99.000 -99.000 -99.000 -99.000 -99.000 -9999.0 -9999.0 -9999.0 -9999.0 -9999.0
21515 20170724  2.424 -155.08   19.65    28.1    21.2    24.7    24.3     5.1    22.28 C    40.6    20.7    27.5    94.9    64.9    82.9 -99.000 -99.000 -99.000 -99.000 -99.000 -9999.0 -9999.0 -9999.0 -9999.0 -9999.0
21515 20170725  2.424 -155.08   19.65    27.8    20.9    24.3    23.6     3.4    20.83 C    40.8    21.3    27.1    95.5    60.4    83.4 -99.000 -99.000 -99.000 -99.000 -99.000 -9999.0 -9999.0 -9999.0 -9999.0 -9999.0
21515 20170726  2.424 -155.08   19.65    27.3    20.7    24.0    23.5     1.4    18.46 C    39.9    21.6    26.7    94.7    64.9    81.7 -99.000 -99.000 -99.000 -99.000 -99.000 -9999.0 -9999.0 -9999.0 -9999.0 -9999.0
21515 20170727  2.424 -155.08   19.65    26.2    20.0    23.1    22.3     5.1    14.43 C    38.1    19.8    24.9    95.6    69.1    87.5 -99.000 -99.000 -99.000 -99.000 -99.000 -9999.0 -9999.0 -9999.0 -9999.0 -9999.0
21515 20170728  2.424 -155.08   19.65    24.3    18.7    21.5    21.6    39.6     6.24 C    31.5    18.1    23.2    95.4    88.8    92.6 -99.000 -99.000 -99.000 -99.000 -99.000 -9999.0 -9999.0 -9999.0 -9999.0 -9999.0
21515 20170729  2.424 -155.08   19.65    24.3    20.9    22.6    22.2    24.9     8.82 C    33.1    21.4    24.4    95.8    88.6    94.1 -99.000 -99.000 -99.000 -99.000 -99.000 -9999.0 -9999.0 -9999.0 -9999.0 -9999.0
21515 20170730  2.424 -155.08   19.65    27.2    19.2    23.2    23.2     0.4    23.38 C    40.4    18.3    26.6    95.2    62.7    81.0 -99.000 -99.000 -99.000 -99.000 -99.000 -9999.0 -9999.0 -9999.0 -9999.0 -9999.0
21515 20170731  2.424 -155.08   19.65    27.9    19.7    23.8    22.9     3.5    23.06 C    40.8    18.7    26.5    94.8    56.1    81.6 -99.000 -99.000 -99.000 -99.000 -99.000 -9999.0 -9999.0 -9999.0 -9999.0 -9999.0
21515 20170801  2.424 -155.08   19.65    28.2    17.6    22.9    22.6     8.8    18.53 C    43.5    17.2    25.8    95.5    64.4    85.6 -99.000 -99.000 -99.000 -99.000 -99.000 -9999.0 -9999.0 -9999.0 -9999.0 -9999.0
21515 20170802  2.424 -155.08   19.65    28.5    20.4    24.4    23.6     0.4    25.73 C    41.3    20.6    27.9    95.5    55.1    80.5 -99.000 -99.000 -99.000 -99.000 -99.000 -9999.0 -9999.0 -9999.0 -9999.0 -9999.0
21515 20170803  2.424 -155.08   19.65    28.2    19.8    24.0    23.6     7.2    23.07 C    42.7    19.7    27.4    95.2    58.6    81.0 -99.000 -99.000 -99.000 -99.000 -99.000 -9999.0 -9999.0 -9999.0 -9999.0 -9999.0
21515 20170804  2.424 -155.08   19.65    26.8    18.9    22.9    22.8     0.5    15.80 C    38.6    18.1    25.6    95.3    62.5    85.2 -99.000 -99.000 -99.000 -99.000 -99.000 -9999.0 -9999.0 -9999.0 -9999.0 -9999.0
21515 20170805  2.424 -155.08   19.65    27.1    20.6    23.9    23.3     0.0    16.15 C    38.5    20.7    26.2    95.3    56.2    80.6 -99.000 -99.000 -99.000 -99.000 -99.000 -9999.0 -9999.0 -9999.0 -9999.0 -9999.0
21515 20170806  2.424 -155.08   19.65    26.8    20.3    23.5    23.3     2.1    12.20 C    38.5    20.2    25.6    94.9    65.9    81.6 -99.000 -99.000 -99.000 -99.000 -99.000 -9999.0 -9999.0 -9999.0 -9999.0 -9999.0
21515 20170807  2.424 -155.08   19.65    24.8    19.7    22.2    22.3     7.6     8.89 C    35.7    19.3    24.5    96.0    77.2    90.7 -99.000 -99.000 -99.000 -99.000 -99.000 -9999.0 -9999.0 -9999.0 -9999.0 -9999.0
21515 20170808  2.424 -155.08   19.65    28.0    17.3    22.7    22.9     0.3    23.46 C    42.7    16.2    26.4    95.6    59.0    79.8 -99.000 -99.000 -99.000 -99.000 -99.000 -9999.0 -9999.0 -9999.0 -9999.0 -9999.0
21515 20170809  2.424 -155.08   19.65    27.4    19.0    23.2    22.7     0.6    17.58 C    41.1    18.0    25.6    95.3    61.6    83.6 -99.000 -99.000 -99.000 -99.000 -99.000 -9999.0 -9999.0 -9999.0 -9999.0 -9999.0
21515 20170810  2.424 -155.08   19.65    28.0    18.0    23.0    23.1     5.6    22.54 C    44.7    16.7    26.6    94.2    53.9    77.4 -99.000 -99.000 -99.000 -99.000 -99.000 -9999.0 -9999.0 -9999.0 -9999.0 -9999.0
21515 20170811  2.424 -155.08   19.65    25.2    20.2    22.7    22.0    30.1    13.00 C    34.8    20.2    24.7    96.0    83.2    93.0 -99.000 -99.000 -99.000 -99.000 -99.000 -9999.0 -9999.0 -9999.0 -9999.0 -9999.0
21515 20170812  2.424 -155.08   19.65    26.7    19.7    23.2    22.6     4.6    15.42 C    39.3    18.5    25.4    95.4    65.1    86.0 -99.000 -99.000 -99.000 -99.000 -99.000 -9999.0 -9999.0 -9999.0 -9999.0 -9999.0
21515 20170813  2.424 -155.08   19.65    27.4    19.3    23.4    22.7     3.6    17.72 C    41.4    18.6    25.8    95.2    61.4    82.6 -99.000 -99.000 -99.000 -99.000 -99.000 -9999.0 -9999.0 -9999.0 -9999.0 -9999.0
21515 20170814  2.424 -155.08   19.65    25.4    19.5    22.4    21.8     5.8    11.98 C    35.6    19.2    24.4    95.3    71.8    89.6 -99.000 -99.000 -99.000 -99.000 -99.000 -9999.0 -9999.0 -9999.0 -9999.0 -9999.0
21515 20170815  2.424 -155.08   19.65    28.1    19.2    23.6    22.7     2.0    21.79 C    41.6    18.9    26.3    95.3    52.3    80.9 -99.000 -99.000 -99.000 -99.000 -99.000 -9999.0 -9999.0 -9999.0 -9999.0 -9999.0
21515 20170816  2.424 -155.08   19.65    27.3    19.6    23.5    23.2     0.6    22.02 C    42.0    19.0    26.8    95.2    59.6    79.9 -99.000 -99.000 -99.000 -99.000 -99.000 -9999.0 -9999.0 -9999.0 -9999.0 -9999.0
21515 20170817  2.424 -155.08   19.65    27.9    18.6    23.3    22.9     1.3    21.45 C    42.7    16.9    26.2    94.9    56.1    79.3 -99.000 -99.000 -99.000 -99.000 -99.000 -9999.0 -9999.0 -9999.0 -9999.0 -9999.0
21515 20170818  2.424 -155.08   19.65    28.0    18.8    23.4    23.3     0.2    20.19 C    41.8    18.5    26.5    95.0    59.8    80.7 -99.000 -99.000 -99.000 -99.000 -99.000 -9999.0 -9999.0 -9999.0 -9999.0 -9999.0
21515 20170819  2.424 -155.08   19.65    25.9    20.4    23.1    22.6    17.9    13.97 C    39.1    19.5    25.2    96.0    76.9    89.6 -99.000 -99.000 -99.000 -99.000 -99.000 -9999.0 -9999.0 -9999.0 -9999.0 -9999.0
21515 20170820  2.424 -155.08   19.65    26.6    20.1    23.4    22.4    63.5    10.04 C    37.0    19.3    24.2    97.5    78.5    92.0 -99.000 -99.000 -99.000 -99.000 -99.000 -9999.0 -9999.0 -9999.0 -9999.0 -9999.0
21515 20170821  2.424 -155.08   19.65    27.9    20.3    24.1    23.2    55.2    16.71 C    42.0    19.6    26.0    97.7    71.1    89.3 -99.000 -99.000 -99.000 -99.000 -99.000 -9999.0 -9999.0 -9999.0 -9999.0 -9999.0
21515 20170822  2.424 -155.08   19.65    25.1    21.2    23.1    22.8    39.4     7.10 C    30.5    21.1    24.5    97.3    88.4    94.0 -99.000 -99.000 -99.000 -99.000 -99.000 -9999.0 -9999.0 -9999.0 -9999.0 -9999.0
21515 20170823  2.424 -155.08   19.65    25.2    19.5    22.3    22.1     1.6     8.54 C    30.7    19.4    23.7    95.1    74.9    87.8 -99.000 -99.000 -99.000 -99.000 -99.000 -9999.0 -9999.0 -9999.0 -9999.0 -9999.0
21515 20170824  2.424 -155.08   19.65    26.2    19.7    22.9    22.3     8.4    14.86 C    34.5    18.8    24.5    95.3    58.2    82.3 -99.000 -99.000 -99.000 -99.000 -99.000 -9999.0 -9999.0 -9999.0 -9999.0 -9999.0
21515 20170825  2.424 -155.08   19.65    26.1    19.2    22.6    22.0     7.9    10.69 C    39.0    18.2    24.2    95.7    77.0    89.9 -99.000 -99.000 -99.000 -99.000 -99.000 -9999.0 -9999.0 -9999.0 -9999.0 -9999.0
21515 20170826  2.424 -155.08   19.65    26.6    17.9    22.3    22.6     0.0    20.06 C    39.5    17.0    25.5    95.9    60.7    81.9 -99.000 -99.000 -99.000 -99.000 -99.000 -9999.0 -9999.0 -9999.0 -9999.0 -9999.0
21515 20170827  2.424 -155.08   19.65    27.3    17.6    22.4    22.3    17.2    13.38 C    38.7    16.6    24.6    95.8    67.1    86.3 -99.000 -99.000 -99.000 -99.000 -99.000 -9999.0 -9999.0 -9999.0 -9999.0 -9999.0
21515 20170828  2.424 -155.08   19.65    28.4    21.0    24.7    24.3    18.1    23.60 C    40.0    20.3    27.6    96.0    67.4    85.2 -99.000 -99.000 -99.000 -99.000 -99.000 -9999.0 -9999.0 -9999.0 -9999.0 -9999.0
21515 20170829  2.424 -155.08   19.65    27.6    20.8    24.2    23.6    15.6    17.37 C    39.5    19.5    26.3    96.2    74.9    90.7 -99.000 -99.000 -99.000 -99.000 -99.000 -9999.0 -9999.0 -9999.0 -9999.0 -9999.0
21515 20170830  2.424 -155.08   19.65    27.4    18.8    23.1    22.4     0.0    14.43 C    38.3    17.6    24.1    96.1    64.3    86.6 -99.000 -99.000 -99.000 -99.000 -99.000 -9999.0 -9999.0 -9999.0 -9999.0 -9999.0
21515 20170831  2.424 -155.08   19.65    27.8    18.6    23.2    23.0     0.0    23.32 C    40.1    17.3    25.9    94.3    58.2    80.3 -99.000 -99.000 -99.000 -99.000 -99.000 -9999.0 -9999.0 -9999.0 -9999.0 -9999.0
21515 20170901  2.424 -155.08   19.65    28.0    18.1    23.0    23.1     0.0    20.39 C    41.0    16.4    25.6    94.4    57.5    80.8 -99.000 -99.000 -99.000 -99.000 -99.000 -9999.0 -9999.0 -9999.0 -9999.0 -9999.0
21515 20170902  2.424 -155.08   19.65    26.9    18.4    22.6    22.6     0.0    15.18 C    40.4    17.1    24.2    94.6    66.1    81.3 -99.000 -99.000 -99.000 -99.000 -99.000 -9999.0 -9999.0 -9999.0 -9999.0 -9999.0
21515 20170903  2.424 -155.08   19.65    27.8    16.7    22.3    22.5     0.0    20.88 C    42.5    14.6    24.8    94.6    57.5    79.2 -99.000 -99.000 -99.000 -99.000 -99.000 -9999.0 -9999.0 -9999.0 -9999.0 -9999.0
21515 20170904  2.424 -155.08   19.65    28.4    17.0    22.7    22.7     0.0    19.59 C    43.8    15.6    25.4    92.2    57.5    78.8 -99.000 -99.000 -99.000 -99.000 -99.000 -9999.0 -9999.0 -9999.0 -9999.0 -9999.0
21515 20170905  2.424 -155.08   19.65    28.2    19.3    23.8    23.3     0.0    14.37 C    44.7    17.8    25.4    93.9    63.9    82.0 -99.000 -99.000 -99.000 -99.000 -99.000 -9999.0 -9999.0 -9999.0 -9999.0 -9999.0
21515 20170906  2.424 -155.08   19.65    28.2    20.7    24.5    23.3     4.9    18.23 C    43.5    20.0    26.5    95.2    57.0    83.6 -99.000 -99.000 -99.000 -99.000 -99.000 -9999.0 -9999.0 -9999.0 -9999.0 -9999.0
21515 20170907  2.424 -155.08   19.65    25.8    18.9    22.4    22.0     0.8    10.35 C    34.9    18.0    23.7    95.5    71.8    87.0 -99.000 -99.000 -99.000 -99.000 -99.000 -9999.0 -9999.0 -9999.0 -9999.0 -9999.0
21515 20170908  2.424 -155.08   19.65    27.2    18.8    23.0    21.9    27.1    14.70 C    40.4    17.4    24.1    95.1    66.0    88.2 -99.000 -99.000 -99.000 -99.000 -99.000 -9999.0 -9999.0 -9999.0 -9999.0 -9999.0
21515 20170909  2.424 -155.08   19.65    27.2    20.6    23.9    22.6    15.6    12.78 C    39.3    20.5    25.1    95.7    67.6    89.1 -99.000 -99.000 -99.000 -99.000 -99.000 -9999.0 -9999.0 -9999.0 -9999.0 -9999.0
21515 20170910  2.424 -155.08   19.65    25.4    20.0    22.7    22.2     3.4     8.40 C    32.8    19.0    24.2    95.7    80.8    92.7 -99.000 -99.000 -99.000 -99.000 -99.000 -9999.0 -9999.0 -9999.0 -9999.0 -9999.0
21515 20170911  2.424 -155.08   19.65    27.6    19.9    23.8    23.0     1.5    15.07 C    38.9    19.4    25.7    94.7    63.8    84.4 -99.000 -99.000 -99.000 -99.000 -99.000 -9999.0 -9999.0 -9999.0 -9999.0 -9999.0
21515 20170912  2.424 -155.08   19.65    28.0    20.4    24.2    23.3     0.7    15.68 C    40.3    19.1    25.9    95.1    65.5    85.3 -99.000 -99.000 -99.000 -99.000 -99.000 -9999.0 -9999.0 -9999.0 -9999.0 -9999.0
21515 20170913  2.424 -155.08   19.65    25.8    19.1    22.4    22.2     0.0    10.03 C    38.4    18.3    23.9    95.4    73.8    89.0 -99.000 -99.000 -99.000 -99.000 -99.000 -9999.0 -9999.0 -9999.0 -9999.0 -9999.0
21515 20170914  2.424 -155.08   19.65    28.1    19.4    23.7    23.1     0.0    22.41 C    41.5    18.0    26.2    94.7    58.8    81.5 -99.000 -99.000 -99.000 -99.000 -99.000 -9999.0 -9999.0 -9999.0 -9999.0 -9999.0
21515 20170915  2.424 -155.08   19.65    28.5    17.9    23.2    23.2     0.9    22.34 C    42.8    16.3    26.2    94.4    54.5    79.8 -99.000 -99.000 -99.000 -99.000 -99.000 -9999.0 -9999.0 -9999.0 -9999.0 -9999.0
21515 20170916  2.424 -155.08   19.65    26.2    20.0    23.1    22.7    14.3    13.29 C    35.9    19.4    25.0    95.0    64.5    85.9 -99.000 -99.000 -99.000 -99.000 -99.000 -9999.0 -9999.0 -9999.0 -9999.0 -9999.0
21515 20170917  2.424 -155.08   19.65    27.6    19.4    23.5    22.3     6.5    15.75 C    39.6    18.6    25.0    94.8    58.5    85.4 -99.000 -99.000 -99.000 -99.000 -99.000 -9999.0 -9999.0 -9999.0 -9999.0 -9999.0
21515 20170918  2.424 -155.08   19.65    25.1    18.5    21.8    21.1    17.8     8.99 C    33.6    18.5    23.0    95.3    70.4    90.5 -99.000 -99.000 -99.000 -99.000 -99.000 -9999.0 -9999.0 -9999.0 -9999.0 -9999.0
21515 20170919  2.424 -155.08   19.65    26.9    19.5    23.2    22.1     4.4    12.98 C    38.2    19.8    24.6    95.0    56.2    85.6 -99.000 -99.000 -99.000 -99.000 -99.000 -9999.0 -9999.0 -9999.0 -9999.0 -9999.0
21515 20170920  2.424 -155.08   19.65    24.7    20.1    22.4    21.6    11.0     8.04 C    31.9    20.4    23.9    95.1    82.7    92.7 -99.000 -99.000 -99.000 -99.000 -99.000 -9999.0 -9999.0 -9999.0 -9999.0 -9999.0
21515 20170921  2.424 -155.08   19.65    26.5    17.9    22.2    21.7     4.0    13.68 C    38.4    16.8    23.8    94.9    67.3    86.5 -99.000 -99.000 -99.000 -99.000 -99.000 -9999.0 -9999.0 -9999.0 -9999.0 -9999.0
21515 20170922  2.424 -155.08   19.65    26.8    17.6    22.2    21.7     0.0    16.38 C    38.1    16.6    23.7    94.7    64.5    84.6 -99.000 -99.000 -99.000 -99.000 -99.000 -9999.0 -9999.0 -9999.0 -9999.0 -9999.0
21515 20170923  2.424 -155.08   19.65    26.9    17.5    22.2    21.6     4.8    13.01 C    39.7    16.2    23.5    95.6    65.5    84.8 -99.000 -99.000 -99.000 -99.000 -99.000 -9999.0 -9999.0 -9999.0 -9999.0 -9999.0
21515 20170924  2.424 -155.08   19.65    27.6    17.0    22.3    22.1     1.4    21.03 C    39.8    15.6    25.0    96.0    57.6    83.3 -99.000 -99.000 -99.000 -99.000 -99.000 -9999.0 -9999.0 -9999.0 -9999.0 -9999.0
21515 20170925  2.424 -155.08   19.65    27.4    16.6    22.0    22.0     0.0    20.49 C    40.0    15.6    24.5    95.8    62.7    82.2 -99.000 -99.000 -99.000 -99.000 -99.000 -9999.0 -9999.0 -9999.0 -9999.0 -9999.0
21515 20170926  2.424 -155.08   19.65    27.7    17.4    22.5    22.2     0.0    21.79 C    42.6    16.0    24.8    93.9    56.3    80.7 -99.000 -99.000 -99.000 -99.000 -99.000 -9999.0 -9999.0 -9999.0 -9999.0 -9999.0
21515 20170927  2.424 -155.08   19.65    28.4    17.9    23.2    22.8     1.8    18.47 C    45.7    16.8    26.1    95.7    59.2    81.1 -99.000 -99.000 -99.000 -99.000 -99.000 -9999.0 -9999.0 -9999.0 -9999.0 -9999.0
21515 20170928  2.424 -155.08   19.65    27.3    18.2    22.7    22.5     0.4    16.98 C    41.8    17.2    25.1    95.8    65.6    83.5 -99.000 -99.000 -99.000 -99.000 -99.000 -9999.0 -9999.0 -9999.0 -9999.0 -9999.0
21515 20170929  2.424 -155.08   19.65    26.1    19.9    23.0    21.9     5.8    11.50 C    37.5    18.7    24.4    95.8    69.4    89.3 -99.000 -99.000 -99.000 -99.000 -99.000 -9999.0 -9999.0 -9999.0 -9999.0 -9999.0
21515 20170930  2.424 -155.08   19.65    28.3    18.1    23.2    23.2     0.0    16.65 C    41.2    17.1    25.6    94.8    67.0    83.8 -99.000 -99.000 -99.000 -99.000 -99.000 -9999.0 -9999.0 -9999.0 -9999.0 -9999.0
21515 20171001  2.424 -155.08   19.65    28.4    18.4    23.4    23.0     0.0    18.79 C    43.8    17.1    25.7    94.3    63.5    83.8 -99.000 -99.000 -99.000 -99.000 -99.000 -9999.0 -9999.0 -9999.0 -9999.0 -9999.0
21515 20171002  2.424 -155.08   19.65    28.4    18.1    23.2    22.9     1.2    20.05 C    44.2    16.9    25.7    94.3    61.0    81.1 -99.000 -99.000 -99.000 -99.000 -99.000 -9999.0 -9999.0 -9999.0 -9999.0 -9999.0
21515 20171003  2.424 -155.08   19.65    27.2    19.1    23.1    22.3    26.2    13.51 C    43.7    18.0    24.7    96.2    67.0    87.9 -99.000 -99.000 -99.000 -99.000 -99.000 -9999.0 -9999.0 -9999.0 -9999.0 -9999.0
21515 20171004  2.424 -155.08   19.65    27.6    20.0    23.8    22.4    12.6    17.42 C    42.1    19.8    25.9    96.0    60.1    86.3 -99.000 -99.000 -99.000 -99.000 -99.000 -9999.0 -9999.0 -9999.0 -9999.0 -9999.0
21515 20171005  2.424 -155.08   19.65    26.9    20.2    23.5    22.7    19.6    15.46 C    40.4    20.2    25.6    95.9    67.3    87.1 -99.000 -99.000 -99.000 -99.000 -99.000 -9999.0 -9999.0 -9999.0 -9999.0 -9999.0
21515 20171006  2.424 -155.08   19.65    27.2    18.4    22.8    22.5     0.8    21.06 C    40.5    17.8    25.7    95.4    57.1    81.3 -99.000 -99.000 -99.000 -99.000 -99.000 -9999.0 -9999.0 -9999.0 -9999.0 -9999.0
21515 20171007  2.424 -155.08   19.65    27.7    17.2    22.4    21.9     1.4    14.19 C    42.2    16.2    24.5    94.7    59.7    82.6 -99.000 -99.000 -99.000 -99.000 -99.000 -9999.0 -9999.0 -9999.0 -9999.0 -9999.0
21515 20171008  2.424 -155.08   19.65    27.8    18.2    23.0    22.4     0.0    16.28 C    40.3    17.3    24.7    94.7    64.7    84.6 -99.000 -99.000 -99.000 -99.000 -99.000 -9999.0 -9999.0 -9999.0 -9999.0 -9999.0
21515 20171009  2.424 -155.08   19.65    28.0    18.9    23.4    22.8     0.0    18.43 C    43.2    17.1    25.7    94.5    60.5    81.2 -99.000 -99.000 -99.000 -99.000 -99.000 -9999.0 -9999.0 -9999.0 -9999.0 -9999.0
21515 20171010  2.424 -155.08   19.65    27.6    18.4    23.0    22.4     0.0    18.47 C    42.5    16.8    25.3    94.9    55.3    79.8 -99.000 -99.000 -99.000 -99.000 -99.000 -9999.0 -9999.0 -9999.0 -9999.0 -9999.0
21515 20171011  2.424 -155.08   19.65    28.5    18.9    23.7    23.2     0.0    18.51 C    42.9    17.4    26.3    93.8    56.4    79.6 -99.000 -99.000 -99.000 -99.000 -99.000 -9999.0 -9999.0 -9999.0 -9999.0 -9999.0
21515 20171012  2.424 -155.08   19.65    27.7    20.6    24.1    23.2    48.5    11.59 C    39.7    20.5    25.3    98.6    66.6    89.5 -99.000 -99.000 -99.000 -99.000 -99.000 -9999.0 -9999.0 -9999.0 -9999.0 -9999.0
21515 20171013  2.424 -155.08   19.65    23.6    19.9    21.7    22.0    12.9     5.27 C    31.1    18.9    23.2    95.6    83.8    92.7 -99.000 -99.000 -99.000 -99.000 -99.000 -9999.0 -9999.0 -9999.0 -9999.0 -9999.0
21515 20171014  2.424 -155.08   19.65    27.5    20.6    24.0    22.8    34.7    13.14 C    39.9    21.0    25.3    98.1    68.7    88.3 -99.000 -99.000 -99.000 -99.000 -99.000 -9999.0 -9999.0 -9999.0 -9999.0 -9999.0
21515 20171015  2.424 -155.08   19.65    25.5    19.6    22.6    21.7    66.8     9.61 C    35.2    18.6    23.2    98.2    70.3    90.1 -99.000 -99.000 -99.000 -99.000 -99.000 -9999.0 -9999.0 -9999.0 -9999.0 -9999.0
21515 20171016  2.424 -155.08   19.65    25.6    18.9    22.2    21.2     9.6    13.10 C    35.7    18.4    23.3    95.8    65.3    87.7 -99.000 -99.000 -99.000 -99.000 -99.000 -9999.0 -9999.0 -9999.0 -9999.0 -9999.0
21515 20171017  2.424 -155.08   19.65    24.9    18.6    21.8    20.7    18.0    11.41 C    34.7    17.7    22.5    95.9    67.4    89.2 -99.000 -99.000 -99.000 -99.000 -99.000 -9999.0 -9999.0 -9999.0 -9999.0 -9999.0
21515 20171018  2.424 -155.08   19.65    25.5    18.0    21.8    20.8     8.5    13.17 C    35.1    16.9    22.6    95.7    68.5    88.0 -99.000 -99.000 -99.000 -99.000 -99.000 -9999.0 -9999.0 -9999.0 -9999.0 -9999.0
21515 20171019  2.424 -155.08   19.65    25.5    18.2    21.9    20.8     9.5    14.00 C    35.1    17.3    22.9    94.7    65.8    88.3 -99.000 -99.000 -99.000 -99.000 -99.000 -9999.0 -9999.0 -9999.0 -9999.0 -9999.0
21515 20171020  2.424 -155.08   19.65    25.6    18.5    22.1    21.3    22.4    13.13 C    35.3    17.8    23.3    95.5    73.1    89.8 -99.000 -99.000 -99.000 -99.000 -99.000 -9999.0 -9999.0 -9999.0 -9999.0 -9999.0
21515 20171021  2.424 -155.08   19.65    26.5    18.7    22.6    21.6     9.1    15.91 C    37.1    17.5    23.9    95.8    64.0    87.3 -99.000 -99.000 -99.000 -99.000 -99.000 -9999.0 -9999.0 -9999.0 -9999.0 -9999.0
21515 20171022  2.424 -155.08   19.65    28.4    19.5    24.0    23.2     1.3    12.56 C    38.1    19.1    24.8    95.2    70.5    87.0 -99.000 -99.000 -99.000 -99.000 -99.000 -9999.0 -9999.0 -9999.0 -9999.0 -9999.0
21515 20171023  2.424 -155.08   19.65    29.2    20.0    24.6    24.3    45.2    16.15 C    38.4    18.6    25.3    99.1    57.3    80.0 -99.000 -99.000 -99.000 -99.000 -99.000 -9999.0 -9999.0 -9999.0 -9999.0 -9999.0
21515 20171024  2.424 -155.08   19.65    25.4    21.8    23.6    23.3   114.4     3.83 C    31.0    21.9    24.0   100.0    89.5    95.5 -99.000 -99.000 -99.000 -99.000 -99.000 -9999.0 -9999.0 -9999.0 -9999.0 -9999.0
21515 20171025  2.424 -155.08   19.65    28.6    21.5    25.1    23.4     3.2     9.48 C    38.7    20.4    24.9    96.4    76.4    92.3 -99.000 -99.000 -99.000 -99.000 -99.000 -9999.0 -9999.0 -9999.0 -9999.0 -9999.0
21515 20171026  2.424 -155.08   19.65    24.9    20.3    22.6    22.0     0.0     9.34 C    31.7    19.1    23.5    95.5    76.9    88.9 -99.000 -99.000 -99.000 -99.000 -99.000 -9999.0 -9999.0 -9999.0 -9999.0 -9999.0
21515 20171027  2.424 -155.08   19.65    24.1    19.6    21.9    21.1     0.0     5.59 C    32.0    18.5    22.5    95.8    77.8    90.6 -99.000 -99.000 -99.000 -99.000 -99.000 -9999.0 -9999.0 -9999.0 -9999.0 -9999.0
21515 20171028  2.424 -155.08   19.65    26.2    18.6    22.4    21.4     0.7    10.09 C    36.2    18.0    23.5    96.1    68.8    89.9 -99.000 -99.000 -99.000 -99.000 -99.000 -9999.0 -9999.0 -9999.0 -9999.0 -9999.0
21515 20171029  2.424 -155.08   19.65    26.3    17.4    21.9    21.9     0.0    11.53 C    34.9    16.0    23.0    95.8    64.9    86.2 -99.000 -99.000 -99.000 -99.000 -99.000 -9999.0 -9999.0 -9999.0 -9999.0 -9999.0
21515 20171030  2.424 -155.08   19.65    27.5    17.9    22.7    22.4     0.0    10.86 C    35.6    16.4    23.0    95.2    65.2    85.6 -99.000 -99.000 -99.000 -99.000 -99.000 -9999.0 -9999.0 -9999.0 -9999.0 -9999.0
21515 20171031  2.424 -155.08   19.65    29.9    19.6    24.7    24.4     0.7    18.15 C    39.4    18.5    25.9    93.8    59.6    80.4 -99.000 -99.000 -99.000 -99.000 -99.000 -9999.0 -9999.0 -9999.0 -9999.0 -9999.0
21515 20171101  2.424 -155.08   19.65    27.9    19.9    23.9    23.6     0.0    17.43 C    38.6    17.8    24.9    95.8    69.0    84.8 -99.000 -99.000 -99.000 -99.000 -99.000 -9999.0 -9999.0 -9999.0 -9999.0 -9999.0
21515 20171102  2.424 -155.08   19.65    27.5    18.2    22.8    22.3     0.0    19.15 C    38.8    16.2    23.8    95.0    63.9    83.1 -99.000 -99.000 -99.000 -99.000 -99.000 -9999.0 -9999.0 -9999.0 -9999.0 -9999.0
21515 20171103  2.424 -155.08   19.65    27.5    18.2    22.9    22.6     0.0    16.42 C    40.3    16.5    24.7    94.4    62.4    83.5 -99.000 -99.000 -99.000 -99.000 -99.000 -9999.0 -9999.0 -9999.0 -9999.0 -9999.0
21515 20171104  2.424 -155.08   19.65    26.9    19.0    22.9    22.2     3.3    17.58 C    40.8    17.0    25.0    95.3    54.8    81.8 -99.000 -99.000 -99.000 -99.000 -99.000 -9999.0 -9999.0 -9999.0 -9999.0 -9999.0
21515 20171105  2.424 -155.08   19.65    24.1    19.2    21.6    21.0    32.7     7.79 C    30.3    19.2    22.6    96.3    68.1    91.1 -99.000 -99.000 -99.000 -99.000 -99.000 -9999.0 -9999.0 -9999.0 -9999.0 -9999.0
21515 20171106  2.424 -155.08   19.65    26.3    18.8    22.6    21.7     3.4    19.06 C    38.0    17.9    24.5    95.8    56.2    82.9 -99.000 -99.000 -99.000 -99.000 -99.000 -9999.0 -9999.0 -9999.0 -9999.0 -9999.0
21515 20171107  2.424 -155.08   19.65    26.4    18.1    22.2    21.8     0.0    16.55 C    38.1    16.2    24.2    94.2    61.9    82.5 -99.000 -99.000 -99.000 -99.000 -99.000 -9999.0 -9999.0 -9999.0 -9999.0 -9999.0
21515 20171108  2.424 -155.08   19.65    25.7    19.3    22.5    21.7     9.6    12.07 C    37.6    18.6    24.1    95.6    67.8    87.9 -99.000 -99.000 -99.000 -99.000 -99.000 -9999.0 -9999.0 -9999.0 -9999.0 -9999.0
21515 20171109  2.424 -155.08   19.65    25.7    16.3    21.0    20.9     0.7    12.64 C    37.2    14.9    22.6    95.9    66.7    85.4 -99.000 -99.000 -99.000 -99.000 -99.000 -9999.0 -9999.0 -9999.0 -9999.0 -9999.0
21515 20171110  2.424 -155.08   19.65    24.5    16.7    20.6    21.3     7.4     8.85 C    33.8    15.3    23.1    96.4    82.3    91.8 -99.000 -99.000 -99.000 -99.000 -99.000 -9999.0 -9999.0 -9999.0 -9999.0 -9999.0
21515 20171111  2.424 -155.08   19.65    23.6    20.2    21.9    21.4    97.8     4.76 C    28.7    19.6    22.6   100.0    89.1    95.4 -99.000 -99.000 -99.000 -99.000 -99.000 -9999.0 -9999.0 -9999.0 -9999.0 -9999.0
21515 20171112  2.424 -155.08   19.65    25.1    18.8    22.0    21.2     1.7     8.73 C    36.1    17.4    23.0    96.0    77.3    91.7 -99.000 -99.000 -99.000 -99.000 -99.000 -9999.0 -9999.0 -9999.0 -9999.0 -9999.0
21515 20171113  2.424 -155.08   19.65    26.2    16.6    21.4    20.6     1.5    13.27 C    36.4    15.0    21.9    96.4    65.3    87.5 -99.000 -99.000 -99.000 -99.000 -99.000 -9999.0 -9999.0 -9999.0 -9999.0 -9999.0
21515 20171114  2.424 -155.08   19.65    24.9    16.7    20.8    20.1    15.5    10.97 C    34.5    15.3    21.7    95.6    75.7    89.6 -99.000 -99.000 -99.000 -99.000 -99.000 -9999.0 -9999.0 -9999.0 -9999.0 -9999.0
21515 20171115  2.424 -155.08   19.65    23.6    18.2    20.9    19.8    21.5     9.60 C    30.9    16.9    21.9    96.3    82.1    92.5 -99.000 -99.000 -99.000 -99.000 -99.000 -9999.0 -9999.0 -9999.0 -9999.0 -9999.0
21515 20171116  2.424 -155.08   19.65    21.5    16.1    18.8    19.0    20.7     5.94 C    28.0    14.6    20.4    95.9    90.6    93.3 -99.000 -99.000 -99.000 -99.000 -99.000 -9999.0 -9999.0 -9999.0 -9999.0 -9999.0
21515 20171117  2.424 -155.08   19.65    25.1    14.3    19.7    19.2     0.0    15.49 C    35.1    12.2    20.4    95.3    56.8    81.3 -99.000 -99.000 -99.000 -99.000 -99.000 -9999.0 -9999.0 -9999.0 -9999.0 -9999.0
21515 20171118  2.424 -155.08   19.65    24.8    14.6    19.7    19.7     0.0    13.58 C    36.1    12.5    21.0    94.8    64.0    83.2 -99.000 -99.000 -99.000 -99.000 -99.000 -9999.0 -9999.0 -9999.0 -9999.0 -9999.0
21515 20171119  2.424 -155.08   19.65    23.3    16.8    20.0    19.8     0.0     6.29 C    31.7    14.2    20.4    94.8    73.0    86.2 -99.000 -99.000 -99.000 -99.000 -99.000 -9999.0 -9999.0 -9999.0 -9999.0 -9999.0
21515 20171120  2.424 -155.08   19.65    24.9    13.8    19.3    19.3     0.0    14.19 C    34.4    10.9    20.2    93.0    54.5    78.4 -99.000 -99.000 -99.000 -99.000 -99.000 -9999.0 -9999.0 -9999.0 -9999.0 -9999.0
21515 20171121  2.424 -155.08   19.65    23.4    15.0    19.2    19.2     0.0    12.74 C    35.2    12.6    20.6    92.8    65.1    80.3 -99.000 -99.000 -99.000 -99.000 -99.000 -9999.0 -9999.0 -9999.0 -9999.0 -9999.0
21515 20171122  2.424 -155.08   19.65    24.2    14.0    19.1    19.3     0.0    16.43 C    34.8    11.5    20.9    93.1    56.2    80.3 -99.000 -99.000 -99.000 -99.000 -99.000 -9999.0 -9999.0 -9999.0 -9999.0 -9999.0
21515 20171123  2.424 -155.08   19.65    23.6    17.7    20.6    19.5    69.0     7.23 C    31.9    17.7    20.5    96.7    72.1    89.4 -99.000 -99.000 -99.000 -99.000 -99.000 -9999.0 -9999.0 -9999.0 -9999.0 -9999.0
21515 20171124  2.424 -155.08   19.65    23.0    16.2    19.6    18.6     1.0    11.68 C    31.3    15.0    20.1    95.5    60.2    85.5 -99.000 -99.000 -99.000 -99.000 -99.000 -9999.0 -9999.0 -9999.0 -9999.0 -9999.0
21515 20171125  2.424 -155.08   19.65    22.2    16.4    19.3    18.4    30.3     7.88 C    32.0    15.7    20.0    95.8    81.6    93.0 -99.000 -99.000 -99.000 -99.000 -99.000 -9999.0 -9999.0 -9999.0 -9999.0 -9999.0
21515 20171126  2.424 -155.08   19.65    21.8    16.5    19.2    18.5    27.7     5.22 C    29.1    14.2    19.7    95.9    87.6    94.0 -99.000 -99.000 -99.000 -99.000 -99.000 -9999.0 -9999.0 -9999.0 -9999.0 -9999.0
21515 20171127  2.424 -155.08   19.65    21.6    17.8    19.7    19.9   120.9     1.26 C    22.8    18.3    20.3    96.3    92.0    94.9 -99.000 -99.000 -99.000 -99.000 -99.000 -9999.0 -9999.0 -9999.0 -9999.0 -9999.0
21515 20171128  2.424 -155.08   19.65    23.3    20.5    21.9    21.7    39.4     4.85 C    27.5    20.5    22.3    95.9    85.8    93.4 -99.000 -99.000 -99.000 -99.000 -99.000 -9999.0 -9999.0 -9999.0 -9999.0 -9999.0
21515 20171129  2.424 -155.08   19.65    23.8    21.7    22.7    22.4    44.3     5.48 C    27.2    21.7    23.1    95.7    89.1    93.6 -99.000 -99.000 -99.000 -99.000 -99.000 -9999.0 -9999.0 -9999.0 -9999.0 -9999.0
21515 20171130  2.424 -155.08   19.65    22.5    20.6    21.5    21.5   246.0     1.77 C    24.6    20.2    21.8   100.0    93.3    96.5 -99.000 -99.000 -99.000 -99.000 -99.000 -9999.0 -9999.0 -9999.0 -9999.0 -9999.0
21515 20171201  2.424 -155.08   19.65    25.7    18.0    21.9    21.5    82.6    11.94 C    34.8    15.8    22.7    99.8    77.7    91.4 -99.000 -99.000 -99.000 -99.000 -99.000 -9999.0 -9999.0 -9999.0 -9999.0 -9999.0
21515 20171202  2.424 -155.08   19.65    23.1    19.2    21.1    20.6    34.0     5.29 C    27.1    19.5    21.5    99.5    77.2    92.1 -99.000 -99.000 -99.000 -99.000 -99.000 -9999.0 -9999.0 -9999.0 -9999.0 -9999.0
21515 20171203  2.424 -155.08   19.65    23.8    17.6    20.7    19.4     6.6     8.38 C    31.4    18.1    20.7    95.2    57.6    87.5 -99.000 -99.000 -99.000 -99.000 -99.000 -9999.0 -9999.0 -9999.0 -9999.0 -9999.0
21515 20171204  2.424 -155.08   19.65    22.0    15.5    18.7    18.4     0.0     6.53 C    25.5    13.8    19.0    95.4    61.9    83.7 -99.000 -99.000 -99.000 -99.000 -99.000 -9999.0 -9999.0 -9999.0 -9999.0 -9999.0
21515 20171205  2.424 -155.08   19.65    23.8    14.5    19.2    18.8     0.0    16.24 C    30.7    11.3    18.5    86.0    47.3    69.3 -99.000 -99.000 -99.000 -99.000 -99.000 -9999.0 -9999.0 -9999.0 -9999.0 -9999.0
21515 20171206  2.424 -155.08   19.65    23.2    13.8    18.5    17.9     0.0    15.30 C    36.0    10.5    18.9    93.4    50.9    70.8 -99.000 -99.000 -99.000 -99.000 -99.000 -9999.0 -9999.0 -9999.0 -9999.0 -9999.0
21515 20171207  2.424 -155.08   19.65    23.7    12.8    18.3    17.6     0.0    16.42 C    37.1     9.9    19.2    94.2    54.1    80.1 -99.000 -99.000 -99.000 -99.000 -99.000 -9999.0 -9999.0 -9999.0 -9999.0 -9999.0
21515 20171208  2.424 -155.08   19.65    24.4    13.0    18.7    18.4     0.0    16.54 C    37.5    10.2    20.0    95.2    56.7    81.0 -99.000 -99.000 -99.000 -99.000 -99.000 -9999.0 -9999.0 -9999.0 -9999.0 -9999.0
21515 20171209  2.424 -155.08   19.65    24.9    13.8    19.4    18.8     0.0    14.10 C    38.9    11.0    20.1    94.9    59.5    81.7 -99.000 -99.000 -99.000 -99.000 -99.000 -9999.0 -9999.0 -9999.0 -9999.0 -9999.0
21515 20171210  2.424 -155.08   19.65    26.1    15.3    20.7    19.6     0.0    15.44 C    39.6    12.5    20.9    94.6    52.6    81.1 -99.000 -99.000 -99.000 -99.000 -99.000 -9999.0 -9999.0 -9999.0 -9999.0 -9999.0
21515 20171211  2.424 -155.08   19.65    28.2    14.9    21.5    20.0     0.0    17.04 C    37.8    11.6    20.3    93.6    37.4    75.3 -99.000 -99.000 -99.000 -99.000 -99.000 -9999.0 -9999.0 -9999.0 -9999.0 -9999.0
21515 20171212  2.424 -155.08   19.65    25.9    13.6    19.8    19.4     0.0    16.91 C    37.9     9.7    20.3    93.4    45.2    75.3 -99.000 -99.000 -99.000 -99.000 -99.000 -9999.0 -9999.0 -9999.0 -9999.0 -9999.0
21515 20171213  2.424 -155.08   19.65    23.4    14.4    18.9    18.6     6.2     9.38 C    34.5    11.7    19.5    95.3    65.1    86.6 -99.000 -99.000 -99.000 -99.000 -99.000 -9999.0 -9999.0 -9999.0 -9999.0 -9999.0
21515 20171214  2.424 -155.08   19.65    21.1    15.8    18.5    17.9    20.5     6.14 C    26.2    15.8    18.5    95.6    69.3    88.1 -99.000 -99.000 -99.000 -99.000 -99.000 -9999.0 -9999.0 -9999.0 -9999.0 -9999.0
21515 20171215  2.424 -155.08   19.65    23.2    14.3    18.7    17.7     2.1    15.86 C    33.1    12.0    19.1    94.4    46.7    79.0 -99.000 -99.000 -99.000 -99.000 -99.000 -9999.0 -9999.0 -9999.0 -9999.0 -9999.0
21515 20171216  2.424 -155.08   19.65    25.5    12.1    18.8    18.8     0.0    14.93 C    35.4     9.2    19.9    95.0    52.9    79.4 -99.000 -99.000 -99.000 -99.000 -99.000 -9999.0 -9999.0 -9999.0 -9999.0 -9999.0
21515 20171217  2.424 -155.08   19.65    23.4    16.4    19.9    19.9     0.0     6.90 C    34.2    14.6    21.2    95.5    73.3    88.9 -99.000 -99.000 -99.000 -99.000 -99.000 -9999.0 -9999.0 -9999.0 -9999.0 -9999.0
21515 20171218  2.424 -155.08   19.65    26.7    18.3    22.5    22.0     0.0    10.20 C    39.8    16.7    23.4    95.0    72.4    86.7 -99.000 -99.000 -99.000 -99.000 -99.000 -9999.0 -9999.0 -9999.0 -9999.0 -9999.0
21515 20171219  2.424 -155.08   19.65    22.3    19.0    20.6    20.7     3.1     2.36 C    24.5    18.0    21.1    96.4    89.7    93.6 -99.000 -99.000 -99.000 -99.000 -99.000 -9999.0 -9999.0 -9999.0 -9999.0 -9999.0
21515 20171220  2.424 -155.08   19.65    21.6    18.2    19.9    19.8    42.0     2.17 C    25.7    18.5    20.6    97.6    89.0    94.3 -99.000 -99.000 -99.000 -99.000 -99.000 -9999.0 -9999.0 -9999.0 -9999.0 -9999.0
21515 20171221  2.424 -155.08   19.65    23.3    16.3    19.8    18.7    13.2     8.59 C    32.6    14.2    19.6    96.5    69.0    89.1 -99.000 -99.000 -99.000 -99.000 -99.000 -9999.0 -9999.0 -9999.0 -9999.0 -9999.0
21515 20171222  2.424 -155.08   19.65    23.8    14.6    19.2    18.7     0.0    16.60 C    33.1    12.3    19.2    93.0    66.6    82.7 -99.000 -99.000 -99.000 -99.000 -99.000 -9999.0 -9999.0 -9999.0 -9999.0 -9999.0
21515 20171223  2.424 -155.08   19.65    23.5    16.3    19.9    19.1     0.0    17.16 C    35.5    13.3    20.7    86.3    51.8    72.5 -99.000 -99.000 -99.000 -99.000 -99.000 -9999.0 -9999.0 -9999.0 -9999.0 -9999.0
21515 20171224  2.424 -155.08   19.65    24.0    15.0    19.5    19.2     0.0    14.55 C    36.8    11.7    20.2    91.9    60.2    76.7 -99.000 -99.000 -99.000 -99.000 -99.000 -9999.0 -9999.0 -9999.0 -9999.0 -9999.0
21515 20171225  2.424 -155.08   19.65    23.5    14.8    19.2    19.1     0.2     9.41 C    31.6    11.2    19.9    95.3    65.0    85.6 -99.000 -99.000 -99.000 -99.000 -99.000 -9999.0 -9999.0 -9999.0 -9999.0 -9999.0
21515 20171226  2.424 -155.08   19.65    26.8    17.6    22.2    21.9     0.0    16.00 C    35.7    15.0    22.9    95.2    58.5    79.3 -99.000 -99.000 -99.000 -99.000 -99.000 -9999.0 -9999.0 -9999.0 -9999.0 -9999.0
21515 20171227  2.424 -155.08   19.65    24.3    17.9    21.1    20.7     0.4     5.94 C    34.6    16.3    21.5    96.4    71.0    87.9 -99.000 -99.000 -99.000 -99.000 -99.000 -9999.0 -9999.0 -9999.0 -9999.0 -9999.0
21515 20171228  2.424 -155.08   19.65    25.2    14.9    20.0    20.1     0.3    15.52 C    36.9    12.8    21.8    96.3    66.6    85.6 -99.000 -99.000 -99.000 -99.000 -99.000 -9999.0 -9999.0 -9999.0 -9999.0 -9999.0
21515 20171229  2.424 -155.08   19.65    24.1    17.8    21.0    20.1     9.7    11.37 C    35.0    18.1    22.6    95.9    69.0    88.5 -99.000 -99.000 -99.000 -99.000 -99.000 -9999.0 -9999.0 -9999.0 -9999.0 -9999.0
21515 20171230  2.424 -155.08   19.65    23.0    16.6    19.8    19.2    12.1    10.82 C    33.7    14.4    21.2    96.3    72.1    86.6 -99.000 -99.000 -99.000 -99.000 -99.000 -9999.0 -9999.0 -9999.0 -9999.0 -9999.0
21515 20171231  2.424 -155.08   19.65    23.4    16.4    19.9    19.3     0.0    13.91 C    35.9    13.6    21.5    88.8    55.6    74.0 -99.000 -99.000 -99.000 -99.000 -99.000 -9999.0 -9999.0 -9999.0 -9999.0 -9999.0
