94060 20170101  2.422 -105.10   48.31    -7.3   -14.4   -10.9   -11.6     0.2     2.88 C    -8.8   -14.8   -12.0    80.9    73.1    78.4 -99.000 -99.000 -99.000 -99.000   0.189    -3.0    -2.6    -2.2    -0.9     2.8
94060 20170102  2.422 -105.10   48.31   -13.0   -21.1   -17.1   -15.1     2.3     2.32 C   -12.8   -23.7   -15.8    82.9    71.0    78.3 -99.000 -99.000 -99.000 -99.000   0.189    -3.4    -2.9    -2.4    -1.0     2.7
94060 20170103  2.422 -105.10   48.31   -21.1   -31.3   -26.2   -26.7     0.0     6.10 C   -23.6   -36.1   -30.2    83.0    74.6    78.1 -99.000 -99.000 -99.000 -99.000   0.190    -4.1    -3.5    -2.8    -1.1     2.6
94060 20170104  2.422 -105.10   48.31   -16.0   -31.5   -23.8   -21.5     0.5     4.72 C   -17.1   -34.6   -23.7    82.3    69.0    75.3 -99.000 -99.000 -99.000 -99.000   0.190    -4.9    -4.3    -3.4    -1.3     2.6
94060 20170105  2.422 -105.10   48.31   -16.1   -20.4   -18.3   -18.3     0.0     5.53 C   -15.8   -22.9   -19.7    80.5    66.7    73.5 -99.000 -99.000 -99.000 -99.000   0.190    -5.0    -4.4    -3.7    -1.6     2.5
94060 20170106  2.422 -105.10   48.31   -16.3   -28.9   -22.6   -21.2     0.0     5.89 C   -17.1   -32.2   -23.2    82.3    70.4    77.8 -99.000 -99.000 -99.000 -99.000   0.189    -5.1    -4.6    -3.9    -1.9     2.4
94060 20170107  2.422 -105.10   48.31   -18.3   -32.9   -25.6   -24.7     0.0     5.73 C   -17.1   -34.8   -26.9    82.7    67.1    74.7 -99.000 -99.000 -99.000 -99.000   0.188    -5.8    -5.2    -4.3    -2.2     2.2
94060 20170108  2.422 -105.10   48.31   -14.0   -23.8   -18.9   -17.3     0.0     4.73 C   -12.9   -24.4   -17.8    83.1    71.3    76.8 -99.000 -99.000 -99.000 -99.000   0.189    -6.0    -5.5    -4.7    -2.5     2.1
94060 20170109  2.422 -105.10   48.31   -12.9   -16.7   -14.8   -15.0     3.9     3.97 C   -10.9   -16.9   -14.6    81.6    66.7    78.4 -99.000 -99.000 -99.000 -99.000   0.189    -5.8    -5.4    -4.8    -2.8     1.9
94060 20170110  2.422 -105.10   48.31   -15.4   -23.4   -19.4   -18.3     0.0     5.08 C   -15.2   -29.2   -19.7    79.5    63.4    69.5 -99.000 -99.000 -99.000 -99.000   0.191    -5.7    -5.3    -4.7    -3.0     1.8
94060 20170111  2.422 -105.10   48.31   -14.5   -31.6   -23.1   -24.6     0.0     6.77 C   -16.5   -36.1   -27.6    77.6    64.8    71.2 -99.000 -99.000 -99.000 -99.000   0.189    -6.3    -5.7    -5.0    -3.1     1.6
94060 20170112  2.422 -105.10   48.31   -14.7   -26.7   -20.7   -23.6     0.0     6.86 C   -16.2   -30.5   -25.8    72.3    55.3    63.7 -99.000 -99.000 -99.000 -99.000   0.188    -6.9    -6.3    -5.5    -3.4     1.5
94060 20170113  2.422 -105.10   48.31   -17.3   -29.6   -23.4   -24.3     0.0     6.83 C   -17.7   -30.8   -25.9    80.2    63.9    73.8 -99.000 -99.000 -99.000 -99.000   0.193    -7.5    -6.9    -6.0    -3.7     1.3
94060 20170114  2.422 -105.10   48.31   -13.7   -28.1   -20.9   -22.7     0.0     7.03 C   -15.4   -29.2   -24.0    80.5    67.7    76.4 -99.000 -99.000 -99.000 -99.000   0.189    -7.9    -7.3    -6.4    -4.1     1.2
94060 20170115  2.422 -105.10   48.31    -6.6   -24.4   -15.5   -17.6     0.0     6.89 C   -11.5   -25.5   -19.6    83.6    60.8    76.1 -99.000 -99.000 -99.000 -99.000   0.191    -8.0    -7.5    -6.7    -4.4     0.9
94060 20170116  2.422 -105.10   48.31    -8.7   -19.9   -14.3   -15.1     0.0     6.93 C    -9.7   -21.6   -16.9    88.9    77.5    82.7 -99.000 -99.000 -99.000 -99.000   0.190    -7.7    -7.3    -6.7    -4.7     0.8
94060 20170117  2.422 -105.10   48.31     2.5   -17.5    -7.5    -6.5     0.0     6.90 C    -2.3   -20.7    -9.8    89.3    62.4    76.2 -99.000 -99.000 -99.000 -99.000   0.191    -7.4    -7.1    -6.6    -4.8     0.6
94060 20170118  2.422 -105.10   48.31     4.1    -7.0    -1.4    -1.5     0.0     7.33 C     0.7    -9.7    -4.8    91.3    60.5    77.4 -99.000 -99.000 -99.000 -99.000   0.193    -6.4    -6.3    -6.1    -4.7     0.4
94060 20170119  2.422 -105.10   48.31    -3.1   -12.0    -7.5    -8.1     0.0     6.67 C    -2.6   -14.4    -9.8    93.5    75.9    88.1 -99.000 -99.000 -99.000 -99.000   0.191    -6.1    -5.9    -5.6    -4.5     0.2
94060 20170120  2.422 -105.10   48.31    -0.3   -13.8    -7.1    -7.0     0.0     6.63 C    -1.3   -16.3    -8.8    93.8    80.8    89.7 -99.000 -99.000 -99.000 -99.000   0.191    -6.2    -5.9    -5.6    -4.4     0.1
94060 20170121  2.422 -105.10   48.31     0.1    -9.8    -4.8    -4.8     0.0     7.13 C    -1.2   -12.8    -6.4    93.9    70.4    86.9 -99.000 -99.000 -99.000 -99.000   0.189    -5.7    -5.5    -5.3    -4.3     0.0
94060 20170122  2.422 -105.10   48.31    -0.6    -5.1    -2.9    -1.6     0.0     2.90 C    -1.5    -5.0    -2.8    93.8    70.2    82.1 -99.000 -99.000 -99.000 -99.000   0.189    -5.2    -5.1    -5.0    -4.1     0.0
94060 20170123  2.422 -105.10   48.31    -1.7    -6.3    -4.0    -4.4     0.5     3.55 C    -2.8    -7.2    -4.8    94.7    76.9    87.0 -99.000 -99.000 -99.000 -99.000   0.190    -4.8    -4.7    -4.6    -3.9    -0.1
94060 20170124  2.422 -105.10   48.31    -5.8    -9.7    -7.8    -7.7     0.0     4.16 C    -6.2   -10.1    -8.1    85.3    73.5    80.2 -99.000 -99.000 -99.000 -99.000   0.193    -4.8    -4.6    -4.4    -3.7    -0.1
94060 20170125  2.422 -105.10   48.31    -8.0   -17.2   -12.6   -10.8     0.0     7.22 C    -6.9   -19.9   -11.8    91.6    77.4    83.4 -99.000 -99.000 -99.000 -99.000   0.193    -4.9    -4.6    -4.4    -3.6    -0.1
94060 20170126  2.422 -105.10   48.31    -3.8   -22.4   -13.1   -13.7     0.0     7.57 C    -7.5   -25.0   -16.5    89.1    66.2    81.0 -99.000 -99.000 -99.000 -99.000   0.191    -5.4    -5.0    -4.6    -3.5    -0.1
94060 20170127  2.422 -105.10   48.31     2.1    -8.4    -3.2    -1.4     0.0     7.16 C    -1.0   -13.6    -4.7    85.8    58.8    71.8 -99.000 -99.000 -99.000 -99.000   0.192    -5.2    -5.0    -4.8    -3.7    -0.1
94060 20170128  2.422 -105.10   48.31     4.3    -4.5    -0.1     1.1     0.0     6.85 C     0.6    -8.9    -2.4    79.6    62.7    70.4 -99.000 -99.000 -99.000 -99.000   0.191    -4.6    -4.5    -4.4    -3.6    -0.1
94060 20170129  2.422 -105.10   48.31     5.8    -3.3     1.3     1.4     0.0     7.75 C     1.0    -6.5    -2.0    85.0    54.2    70.7 -99.000 -99.000 -99.000 -99.000   0.192    -4.0    -4.0    -4.0    -3.4    -0.2
94060 20170130  2.422 -105.10   48.31     6.0    -2.5     1.7     2.3     0.0     7.39 C     0.5    -3.9    -0.9    74.9    50.6    64.7 -99.000 -99.000 -99.000 -99.000   0.191    -3.2    -3.4    -3.6    -3.2    -0.2
94060 20170131  2.422 -105.10   48.31    -1.4   -10.4    -5.9    -5.6     0.0     6.84 C    -2.9   -10.2    -6.6    84.2    59.7    68.1 -99.000 -99.000 -99.000 -99.000   0.192    -3.2    -3.1    -3.2    -2.9    -0.2
94060 20170201  2.422 -105.10   48.31    -8.4   -16.7   -12.5   -11.4     0.0     7.32 C    -7.9   -17.9   -11.8    79.3    60.2    69.5 -99.000 -99.000 -99.000 -99.000   0.191    -4.4    -4.0    -3.6    -2.8    -0.1
94060 20170202  2.422 -105.10   48.31    -9.7   -23.4   -16.5   -16.3     0.0     9.42 C    -8.1   -25.3   -17.7    84.6    61.5    76.9 -99.000 -99.000 -99.000 -99.000   0.190    -5.6    -4.9    -4.3    -2.9    -0.1
94060 20170203  2.422 -105.10   48.31    -9.2   -23.4   -16.3   -15.6     0.0     8.53 C    -8.7   -25.3   -16.6    85.4    67.3    79.0 -99.000 -99.000 -99.000 -99.000   0.194    -6.5    -5.8    -5.0    -3.2     0.0
94060 20170204  2.422 -105.10   48.31   -10.1   -16.4   -13.2   -12.0     3.3     6.24 C    -9.3   -20.5   -12.5    87.7    71.5    80.6 -99.000 -99.000 -99.000 -99.000   0.191    -6.1    -5.7    -5.2    -3.6    -0.1
94060 20170205  2.422 -105.10   48.31   -11.4   -15.2   -13.3   -12.6     0.0     7.83 C   -10.6   -17.1   -12.8    86.3    77.0    81.5 -99.000 -99.000 -99.000 -99.000   0.188    -5.8    -5.5    -5.1    -3.7    -0.1
94060 20170206  2.422 -105.10   48.31   -14.2   -17.9   -16.1   -15.4     7.3     5.06 C   -12.3   -21.3   -15.6    83.2    73.9    79.1 -99.000 -99.000 -99.000 -99.000   0.192    -5.8    -5.5    -5.1    -3.8    -0.2
94060 20170207  2.422 -105.10   48.31   -16.4   -29.1   -22.8   -22.3     0.6     9.42 C   -13.9   -33.9   -23.9    84.7    71.6    77.8 -99.000 -99.000 -99.000 -99.000   0.193    -6.1    -5.8    -5.3    -3.9    -0.3
94060 20170208  2.422 -105.10   48.31   -18.1   -34.7   -26.4   -26.2     0.0     9.73 C   -18.6   -36.4   -27.9    78.5    62.6    72.9 -99.000 -99.000 -99.000 -99.000   0.192    -6.6    -6.2    -5.6    -4.0    -0.3
94060 20170209  2.422 -105.10   48.31     5.0   -28.5   -11.7   -14.5     0.0     6.81 C     1.0   -30.2   -15.6    89.6    72.1    81.2 -99.000 -99.000 -99.000 -99.000 -99.000    -6.9    -6.6    -6.0    -4.3    -0.4
94060 20170210  2.422 -105.10   48.31     6.1    -2.1     2.0     4.5     0.0     5.50 C     1.2    -3.5     0.1    80.7    57.2    67.6 -99.000 -99.000 -99.000 -99.000 -99.000    -3.8    -4.1    -4.7    -3.7    -0.5
94060 20170211  2.422 -105.10   48.31     3.7    -5.2    -0.7    -0.5     0.0     9.51 C     1.3    -6.0    -2.6    89.0    56.6    69.9 -99.000 -99.000 -99.000 -99.000 -99.000    -1.8    -1.9    -2.6    -2.5    -0.5
94060 20170212  2.422 -105.10   48.31     2.3    -9.4    -3.6    -3.0     0.0    10.64 C     1.3    -9.8    -4.2    88.2    63.2    74.8 -99.000 -99.000 -99.000 -99.000 -99.000    -1.8    -1.8    -2.2    -2.1    -0.4
94060 20170213  2.422 -105.10   48.31     5.5    -8.0    -1.2    -0.5     0.0    10.48 C     2.4    -8.2    -2.6    93.1    53.2    72.7 -99.000 -99.000 -99.000 -99.000 -99.000    -1.5    -1.6    -2.0    -1.8    -0.3
94060 20170214  2.422 -105.10   48.31     5.3    -7.4    -1.1    -1.7     0.0    10.68 C     3.5    -6.7    -1.7    93.9    53.1    84.9 -99.000 -99.000 -99.000 -99.000   0.193    -1.1    -1.2    -1.6    -1.6    -0.2
94060 20170215  2.422 -105.10   48.31    10.5    -4.7     2.9     1.2     0.0    11.09 C     6.6    -4.0    -0.1    95.4    44.6    79.0 -99.000 -99.000 -99.000 -99.000   0.192    -1.0    -1.0    -1.4    -1.4    -0.1
94060 20170216  2.422 -105.10   48.31    14.3    -1.0     6.6     5.0     0.0    11.00 C     9.3    -1.5     2.5    87.7    37.5    66.9 -99.000 -99.000 -99.000 -99.000   0.191    -0.8    -0.9    -1.2    -1.2     0.0
94060 20170217  2.422 -105.10   48.31    11.5    -3.1     4.2     6.1     0.0    10.31 C    10.5    -3.0     3.2    90.5    47.7    65.5 -99.000 -99.000 -99.000 -99.000   0.192    -0.5    -0.7    -1.0    -0.9     0.1
94060 20170218  2.422 -105.10   48.31     4.0    -4.5    -0.3     0.1     0.0     4.24 C     5.2    -3.5    -0.3    94.0    77.9    87.6 -99.000 -99.000 -99.000 -99.000   0.192    -0.5    -0.5    -0.7    -0.6     0.2
94060 20170219  2.422 -105.10   48.31     1.4    -1.1     0.2     0.2     0.0     2.06 C     2.0    -1.7     0.1    98.3    89.4    94.4 -99.000 -99.000 -99.000 -99.000   0.191    -0.5    -0.5    -0.6    -0.5     0.3
94060 20170220  2.422 -105.10   48.31    11.1    -3.6     3.7     3.4     0.0    11.86 C    12.5    -2.7     2.7    98.4    30.6    72.6 -99.000 -99.000 -99.000 -99.000   0.192    -0.3    -0.4    -0.6    -0.5     0.4
94060 20170221  2.422 -105.10   48.31     9.7    -3.9     2.9     1.7     2.5     4.37 C     8.9    -3.6     1.0    97.1    52.0    87.9 -99.000 -99.000 -99.000 -99.000   0.192    -0.3    -0.4    -0.5    -0.4     0.5
94060 20170222  2.422 -105.10   48.31     0.3    -4.2    -2.0    -1.3     3.0     6.01 C     0.5    -6.0    -1.7    97.2    68.8    86.4 -99.000 -99.000 -99.000 -99.000   0.192    -0.4    -0.4    -0.5    -0.4     0.6
94060 20170223  2.422 -105.10   48.31    -2.4    -5.8    -4.1    -3.9     0.0     5.58 C    -1.7    -6.7    -3.8    96.5    66.1    82.0 -99.000 -99.000 -99.000 -99.000   0.191    -0.4    -0.4    -0.5    -0.4     0.7
94060 20170224  2.422 -105.10   48.31    -1.6    -6.7    -4.1    -3.8     0.3     6.13 C    -0.8    -8.1    -3.6    92.6    75.7    80.9 -99.000 -99.000 -99.000 -99.000   0.192    -0.4    -0.4    -0.5    -0.4     0.7
94060 20170225  2.422 -105.10   48.31    -2.4   -14.8    -8.6    -8.3     1.2     8.86 C    -0.6   -18.5    -8.2    91.7    77.8    87.0 -99.000 -99.000 -99.000 -99.000   0.194    -0.5    -0.4    -0.5    -0.3     0.8
94060 20170226  2.422 -105.10   48.31    -3.9   -14.5    -9.2    -8.8     0.0    10.35 C    -1.8   -16.8    -9.1    90.7    61.4    81.8 -99.000 -99.000 -99.000 -99.000   0.193    -0.7    -0.6    -0.5    -0.3     0.8
94060 20170227  2.422 -105.10   48.31    -9.5   -16.8   -13.2   -11.9     0.7    12.48 C    -7.3   -20.1   -12.0    87.7    68.0    79.4 -99.000 -99.000 -99.000 -99.000   0.192    -1.7    -1.1    -0.6    -0.3     0.9
94060 20170228  2.422 -105.10   48.31    -2.3   -13.0    -7.7    -7.3     0.5     7.34 C    -0.7   -15.4    -6.9    91.4    75.3    83.5 -99.000 -99.000 -99.000 -99.000   0.192    -2.3    -1.7    -1.0    -0.3     1.0
94060 20170301  2.422 -105.10   48.31    -4.6   -17.0   -10.8   -10.3     0.0    10.92 C    -2.4   -20.0   -11.2    91.7    76.1    83.8 -99.000 -99.000 -99.000 -99.000   0.191    -2.6    -2.1    -1.2    -0.4     1.0
94060 20170302  2.422 -105.10   48.31    -4.7   -17.4   -11.1    -9.1     0.0    10.88 C    -0.5   -20.2    -8.9    91.7    75.4    84.9 -99.000 -99.000 -99.000 -99.000   0.190    -3.1    -2.6    -1.7    -0.5     1.0
94060 20170303  2.422 -105.10   48.31     8.9    -5.3     1.8     0.8     0.0    12.66 C     6.9    -5.3    -0.6    86.3    52.2    73.6 -99.000 -99.000 -99.000 -99.000   0.192    -1.9    -1.9    -1.6    -0.6     1.0
94060 20170304  2.422 -105.10   48.31    10.3    -3.0     3.6     2.1     0.0     7.52 C     9.4    -3.6     0.7    92.9    52.2    76.7 -99.000 -99.000 -99.000 -99.000   0.191    -0.8    -0.9    -1.1    -0.6     1.0
94060 20170305  2.422 -105.10   48.31    13.3    -1.0     6.1     4.6     0.0    11.73 C    13.5    -2.1     3.1    93.2    46.2    74.7 -99.000 -99.000 -99.000 -99.000   0.191    -0.6    -0.7    -0.8    -0.5     1.0
94060 20170306  2.422 -105.10   48.31    -0.5    -9.4    -4.9    -6.6     5.0     6.94 C    -0.5   -12.1    -6.9    90.4    62.5    76.5 -99.000 -99.000 -99.000 -99.000   0.191    -0.5    -0.5    -0.7    -0.4     1.0
94060 20170307  2.422 -105.10   48.31    -3.0   -10.7    -6.8    -7.3     0.0    15.81 C    -2.6   -13.4    -9.0    71.8    51.9    60.4 -99.000 -99.000 -99.000 -99.000   0.193    -0.5    -0.5    -0.6    -0.4     1.1
94060 20170308  2.422 -105.10   48.31    -6.1   -14.2   -10.1    -9.6     0.0     8.70 C    -1.8   -15.3    -8.3    79.8    56.7    66.3 -99.000 -99.000 -99.000 -99.000   0.191    -0.8    -0.7    -0.6    -0.3     1.1
94060 20170309  2.422 -105.10   48.31   -10.0   -16.2   -13.1   -12.9     0.0    11.24 C    -2.1   -14.9   -10.1    74.8    59.7    67.4 -99.000 -99.000 -99.000 -99.000   0.193    -1.3    -1.1    -0.8    -0.3     1.1
94060 20170310  2.422 -105.10   48.31   -13.3   -17.4   -15.4   -15.1     3.9     7.67 C   -11.5   -15.6   -13.8    81.7    66.7    76.0 -99.000 -99.000 -99.000 -99.000   0.192    -2.1    -1.7    -1.1    -0.4     1.1
94060 20170311  2.422 -105.10   48.31   -10.7   -19.3   -15.0   -14.4     0.0    15.06 C    -6.8   -24.4   -14.4    81.5    68.0    76.6 -99.000 -99.000 -99.000 -99.000   0.192    -2.1    -1.7    -1.3    -0.5     1.2
94060 20170312  2.422 -105.10   48.31   -11.3   -19.0   -15.1   -13.7     6.5    11.81 C    -9.7   -22.5   -14.1    83.8    73.0    79.9 -99.000 -99.000 -99.000 -99.000   0.192    -2.2    -1.8    -1.4    -0.6     1.2
94060 20170313  2.422 -105.10   48.31    -7.9   -19.7   -13.8   -13.0     0.3    11.46 C    -7.8   -23.7   -13.0    86.1    73.8    80.8 -99.000 -99.000 -99.000 -99.000   0.192    -2.2    -1.9    -1.5    -0.7     1.1
94060 20170314  2.422 -105.10   48.31    -1.6   -11.4    -6.5    -6.2     0.0    15.23 C    -1.8   -16.0    -6.9    87.3    74.5    80.8 -99.000 -99.000 -99.000 -99.000   0.191    -2.0    -1.8    -1.5    -0.7     1.1
94060 20170315  2.422 -105.10   48.31     7.2    -2.0     2.6     1.2     0.0    13.89 C     2.2    -4.9    -0.9    95.8    70.4    85.6 -99.000 -99.000 -99.000 -99.000   0.191    -1.5    -1.4    -1.4    -0.7     1.1
94060 20170316  2.422 -105.10   48.31    12.7     0.2     6.4     4.5     0.7    10.51 C     6.8    -0.1     1.5    95.9    53.9    81.7 -99.000 -99.000 -99.000 -99.000   0.193    -0.8    -0.8    -1.0    -0.7     1.1
94060 20170317  2.422 -105.10   48.31     6.3    -1.0     2.6     2.1     0.0    12.98 C    11.0    -1.9     1.8    90.1    51.3    73.0 -99.000 -99.000 -99.000 -99.000   0.191    -0.6    -0.6    -0.8    -0.6     1.1
94060 20170318  2.422 -105.10   48.31    17.2    -1.0     8.1     7.4     0.0    14.91 C    15.6    -1.7     5.1    83.0    43.4    63.6 -99.000 -99.000 -99.000 -99.000   0.191    -0.1    -0.5    -0.6    -0.5     1.1
94060 20170319  2.422 -105.10   48.31    11.8     0.1     6.0     7.3     0.0    12.15 C    16.3    -1.8     5.2    87.1    30.2    55.3 -99.000 -99.000 -99.000 -99.000   0.192     1.0    -0.2    -0.5    -0.4     1.1
94060 20170320  2.422 -105.10   48.31     7.6    -6.0     0.8     1.6     0.0    17.63 C    15.2    -5.5     2.7    84.0    31.1    59.2 -99.000 -99.000 -99.000 -99.000   0.191     1.2     0.3    -0.5    -0.3     1.1
94060 20170321  2.422 -105.10   48.31     3.2    -6.9    -1.9    -1.7     0.0    12.89 C     7.6    -6.2    -0.6    86.1    44.9    64.3 -99.000 -99.000 -99.000 -99.000   0.191    -0.2    -0.2    -0.4    -0.3     1.2
94060 20170322  2.422 -105.10   48.31    14.0    -0.5     6.7     4.3     0.0    12.01 C    18.1    -0.8     4.6    92.9    44.9    69.3 -99.000 -99.000 -99.000 -99.000   0.190     1.4     0.6    -0.3    -0.3     1.2
94060 20170323  2.422 -105.10   48.31    16.8    -1.5     7.6     5.9     0.0    12.55 C    23.4    -1.8     6.3    96.0    33.8    73.8 -99.000 -99.000 -99.000 -99.000   0.190     2.8     1.7     0.1    -0.2     1.2
94060 20170324  2.422 -105.10   48.31    18.5    -4.0     7.2     6.9     0.0    18.07 C    23.7    -3.8     7.7    96.1    20.3    64.7   0.347 -99.000   0.262 -99.000   0.192     3.8     2.6     0.9    -0.2     1.3
94060 20170325  2.422 -105.10   48.31    17.4     1.2     9.3     9.4     0.0    13.98 C    24.6     1.3     9.0    86.5    22.3    50.5   0.340   0.324   0.286 -99.000   0.191     5.2     4.1     2.3    -0.1     1.3
94060 20170326  2.422 -105.10   48.31    16.4    -3.3     6.5     5.8     0.0    17.11 C    24.9    -3.2     7.0    94.5    21.5    60.0   0.334   0.320   0.290 -99.000   0.191     5.2     4.4     3.0     0.6     1.4
94060 20170327  2.422 -105.10   48.31    14.1    -3.1     5.5     5.3     0.2    10.05 C    20.4    -2.8     5.8    92.1    30.0    66.4   0.325   0.316   0.286 -99.000   0.192     4.4     4.0     3.3     1.1     1.5
94060 20170328  2.422 -105.10   48.31    10.8    -1.1     4.9     4.1     0.0     9.53 C    19.0    -0.8     5.3    98.4    62.2    86.5   0.322   0.315   0.282 -99.000   0.191     4.7     4.4     3.7     1.6     1.7
94060 20170329  2.422 -105.10   48.31    16.5    -0.1     8.2     7.7     0.0    17.10 C    23.4    -0.8     8.6    98.3    26.7    63.8   0.323   0.314   0.282 -99.000   0.192     6.1     5.4     4.4     2.2     1.9
94060 20170330  2.422 -105.10   48.31    18.3     2.4    10.4    11.4     0.0    14.02 C    29.7     1.0    11.5    76.8    30.2    52.3   0.321   0.313   0.281 -99.000   0.191     8.1     7.2     5.8     3.4     2.2
94060 20170331  2.422 -105.10   48.31     9.3     3.5     6.4     5.4     0.5     4.05 C     9.3     3.3     6.0    93.9    69.9    85.2   0.313   0.310   0.279 -99.000   0.191     6.6     6.6     6.2     4.5     2.4
94060 20170401  2.422 -105.10   48.31    15.4     4.3     9.9     9.0     0.0     9.62 C    18.2     4.2     8.9    93.1    44.9    71.1   0.313   0.307   0.277 -99.000   0.190     7.2     6.8     6.0     4.8     2.8
94060 20170402  2.422 -105.10   48.31    15.6     0.5     8.1     9.1     0.0    16.40 C    24.0     0.4     9.8    77.5    23.5    52.0   0.310   0.307   0.278 -99.000   0.189     8.2     7.6     6.7     5.1     3.1
94060 20170403  2.422 -105.10   48.31    12.1     2.9     7.5     6.6     0.4     9.36 C    23.0     1.1     7.7    91.7    35.2    71.7   0.306   0.302   0.276 -99.000   0.189     7.6     7.4     6.9     5.5     3.3
94060 20170404  2.422 -105.10   48.31    12.6    -3.9     4.4     4.9     1.2    12.18 C    24.1    -2.9     6.1    95.6    31.0    71.3   0.301   0.296   0.274 -99.000   0.191     7.1     7.0     6.7     5.7     3.6
94060 20170405  2.422 -105.10   48.31    14.3    -7.2     3.5     4.0     0.0    20.23 C    25.7    -6.3     5.9    94.5    26.6    62.5   0.299   0.291   0.271 -99.000   0.190     6.6     6.4     6.2     5.7     3.9
94060 20170406  2.422 -105.10   48.31    20.1     0.0    10.1    10.3     0.0    18.64 C    25.6    -2.8    10.3    85.6    22.1    50.8   0.296   0.294   0.271 -99.000   0.189     7.9     7.3     6.6     5.7     4.1
94060 20170407  2.422 -105.10   48.31    25.7     3.3    14.5    14.9     0.0    15.33 C    32.0     1.7    14.2    77.3    18.2    45.6   0.295   0.297   0.270 -99.000   0.189    10.4     9.5     8.1     6.3     4.2
94060 20170408  2.422 -105.10   48.31    19.2     4.2    11.7    12.6     0.0    18.88 C    27.3     2.9    12.9    78.9    17.2    40.9   0.288   0.292   0.271 -99.000   0.188    11.1    10.4     9.2     7.1     4.4
94060 20170409  2.422 -105.10   48.31     7.2    -3.2     2.0     2.5     0.0    11.81 C    13.6    -3.3     4.5    89.1    42.3    65.8   0.274   0.286   0.268 -99.000   0.188     8.3     8.6     8.6     7.6     4.7
94060 20170410  2.422 -105.10   48.31    10.7    -3.1     3.8     2.9     0.0    15.90 C    21.0    -3.0     5.3    83.9    37.7    63.5   0.268   0.279   0.264 -99.000   0.189     7.3     7.4     7.4     7.2     5.0
94060 20170411  2.422 -105.10   48.31    15.2    -2.7     6.3     6.2     0.0    20.65 C    26.4    -3.3     7.8    91.2    19.7    54.7   0.262   0.278   0.261 -99.000   0.188     8.3     8.0     7.6     7.0     5.2
94060 20170412  2.422 -105.10   48.31    15.9    -4.6     5.6     6.4     0.0    16.54 C    28.7    -4.1     8.5    91.0    23.9    55.8   0.255   0.273   0.258 -99.000   0.188     8.5     8.2     7.8     7.1     5.3
94060 20170413  2.422 -105.10   48.31    22.3     4.7    13.5    14.0     0.0    22.23 C    27.5     2.3    14.0    66.0    23.9    44.6   0.249   0.274   0.257 -99.000   0.188    10.4     9.6     8.6     7.4     5.5
94060 20170414  2.422 -105.10   48.31    17.3    -1.5     7.9    10.1     0.0    20.24 C    26.1    -1.5    11.0    95.8    24.6    59.8   0.241   0.268   0.258 -99.000   0.189    11.1    10.6     9.7     8.0     5.6
94060 20170415  2.422 -105.10   48.31    13.1    -2.7     5.2     5.5     1.2     8.74 C    14.7    -2.1     5.4    90.4    27.4    60.1   0.229   0.264   0.252 -99.000   0.188     8.2     8.7     8.9     8.3     5.8
94060 20170416  2.422 -105.10   48.31     4.6    -9.9    -2.7    -0.7     0.0     9.26 C    10.9    -9.6     0.9    90.9    46.1    65.6   0.221   0.256   0.246 -99.000   0.190     6.2     6.8     7.5     7.9     6.0
94060 20170417  2.422 -105.10   48.31    12.4   -11.8     0.3     2.4     0.0    13.00 C    17.8   -11.5     3.5    88.9    32.3    56.8   0.217   0.250   0.240 -99.000   0.188     5.0     5.4     6.0     7.1     6.1
94060 20170418  2.422 -105.10   48.31    15.9    -3.8     6.0     7.4     0.0    21.53 C    29.0    -4.0    10.9    91.9    34.2    61.2   0.221   0.252   0.242 -99.000   0.188     8.6     7.8     7.0     6.8     6.2
94060 20170419  2.422 -105.10   48.31    13.2     2.9     8.0     7.8     9.8     8.17 C    22.8     0.6     8.7    93.7    57.5    83.1   0.217   0.252   0.243 -99.000   0.188     8.9     8.7     8.2     7.3     6.2
94060 20170420  2.422 -105.10   48.31    15.0     3.9     9.4     8.5     0.0    18.79 C    23.8     2.6    10.9    94.1    37.6    73.6   0.231   0.250   0.244 -99.000   0.188    10.1     9.6     8.7     7.6     6.2
94060 20170421  2.422 -105.10   48.31    18.7     0.1     9.4    10.9     0.0    20.77 C    28.8    -0.6    12.2    94.6    38.1    63.7   0.237   0.251   0.244 -99.000   0.189    10.9    10.3     9.4     8.1     6.3
94060 20170422  2.422 -105.10   48.31    10.4     3.1     6.8     7.1     0.0     5.89 C    15.6     3.9     8.4    93.5    65.3    78.9   0.233   0.245   0.242 -99.000   0.188     9.8    10.0     9.8     8.6     6.4
94060 20170423  2.422 -105.10   48.31     3.1    -1.1     1.0     0.8     0.4     3.87 C     4.6    -0.2     2.1    94.3    79.3    85.6   0.225   0.240   0.238 -99.000   0.187     6.3     7.3     8.2     8.5     6.6
94060 20170424  2.422 -105.10   48.31     2.4    -1.6     0.4    -0.1     1.6     6.96 C     7.3    -0.8     1.9    94.8    71.4    84.6   0.220   0.237   0.235 -99.000   0.188     4.9     5.6     6.5     7.7     6.8
94060 20170425  2.422 -105.10   48.31     6.2    -2.0     2.1     1.5     0.0    12.80 C    17.2    -1.6     4.2    87.8    42.4    64.9   0.224   0.237   0.232 -99.000   0.190     5.5     5.8     6.1     7.0     6.8
94060 20170426  2.422 -105.10   48.31    10.3    -0.6     4.8     4.0     0.0    24.67 C    23.9    -2.0     8.2    78.5    33.4    53.8   0.228   0.241   0.233 -99.000   0.189     8.1     7.5     6.9     6.9     6.8
94060 20170427  2.422 -105.10   48.31    12.3    -3.3     4.5     4.4     0.0    24.76 C    24.2    -4.1     7.4    87.2    21.4    51.6   0.226   0.241   0.233 -99.000   0.189     8.6     8.2     7.8     7.2     6.7
94060 20170428  2.422 -105.10   48.31    13.8    -6.2     3.8     5.9     0.0    22.92 C    30.6    -5.6     9.5    84.4    19.0    45.6   0.225   0.240   0.231 -99.000   0.189     9.6     8.9     8.2     7.6     6.7
94060 20170429  2.422 -105.10   48.31    16.7    -1.6     7.5     7.6     0.0    21.98 C    30.8    -1.6    10.8    96.2    24.6    61.3   0.223   0.239   0.231 -99.000   0.190    10.9    10.2     9.3     8.0     6.8
94060 20170430  2.422 -105.10   48.31    19.9    -1.8     9.1    10.6     0.0    20.37 C    32.9    -1.3    12.3    89.4    20.5    50.0   0.219   0.239   0.231 -99.000   0.189    11.5    10.9     9.9     8.5     6.8
94060 20170501  2.422 -105.10   48.31    13.2    -0.6     6.3     7.8     0.0    12.67 C    21.0    -1.8     8.7    93.8    46.4    69.5   0.212   0.237   0.226 -99.000   0.188    10.5    10.5    10.2     9.0     7.0
94060 20170502  2.422 -105.10   48.31    14.9    -4.2     5.4     6.3     0.0    15.69 C    26.7    -3.9     8.3    96.4    36.6    69.2   0.207   0.229   0.222 -99.000   0.188     9.6     9.5     9.4     9.0     7.1
94060 20170503  2.422 -105.10   48.31    18.3    -1.3     8.5     9.0     0.0    21.61 C    31.9    -1.2    11.7    96.2    23.2    57.0   0.205   0.225   0.220 -99.000   0.188    10.7    10.2     9.6     8.9     7.3
94060 20170504  2.422 -105.10   48.31    26.1    -1.1    12.5    13.9     0.0    25.68 C    37.7    -1.5    16.1    89.7    21.8    50.1   0.204   0.226   0.218 -99.000   0.188    13.1    12.0    10.7     9.2     7.4
94060 20170505  2.422 -105.10   48.31    30.1     2.4    16.2    18.2     0.0    26.51 C    42.1     2.5    20.6    91.6    18.1    47.4   0.202   0.223   0.216 -99.000   0.188    15.9    14.4    12.6    10.1     7.6
94060 20170506  2.422 -105.10   48.31    32.0    12.7    22.3    22.8     0.0    26.10 C    41.5    10.8    23.7    51.9    17.9    33.6   0.197   0.221   0.216 -99.000   0.189    17.9    16.4    14.3    11.1     7.7
94060 20170507  2.422 -105.10   48.31    26.5    11.4    19.0    19.2     0.0    22.45 C    43.5    11.8    22.7    76.0    27.7    42.5   0.193   0.216   0.214 -99.000   0.189    19.0    17.7    15.7    12.2     8.0
94060 20170508  2.422 -105.10   48.31    18.4     3.0    10.7    11.5     0.0    17.12 C    28.0     3.3    13.9    81.2    28.1    55.6   0.181   0.206   0.208 -99.000   0.187    16.2    16.1    15.5    13.0     8.4
94060 20170509  2.422 -105.10   48.31    21.4    -1.4    10.0    12.2     0.0    24.13 C    40.9    -1.1    17.1    93.2    20.0    48.6   0.177   0.200   0.203 -99.000   0.187    16.2    15.4    14.5    12.9     8.8
94060 20170510  2.422 -105.10   48.31    21.0     4.4    12.7    13.5     0.0    25.47 C    40.4     3.5    18.3    75.1    22.5    42.6   0.176   0.195   0.201 -99.000   0.188    17.4    16.6    15.3    13.2     9.1
94060 20170511  2.422 -105.10   48.31    26.6     8.6    17.6    18.3     0.0    25.59 C    46.4     6.8    22.2    67.0    21.5    40.8   0.174   0.193   0.199 -99.000   0.187    18.9    17.7    16.1    13.6     9.4
94060 20170512  2.422 -105.10   48.31    30.5     7.1    18.8    20.2     0.0    24.61 C    41.8     7.2    22.7    81.5    17.3    42.6   0.170   0.192   0.198 -99.000   0.188    19.4    18.4    16.9    14.2     9.7
94060 20170513  2.422 -105.10   48.31    26.2    11.3    18.7    17.9     3.6    25.93 C    45.7    10.4    23.1    86.3    33.1    54.6   0.168   0.188   0.196 -99.000   0.186    20.6    19.4    17.8    14.7    10.0
94060 20170514  2.422 -105.10   48.31    19.8     2.1    11.0    12.2     0.0    26.67 C    32.7     2.8    15.0    87.0    17.3    49.1   0.159   0.181   0.192 -99.000   0.186    17.8    17.9    17.4    15.2    10.4
94060 20170515  2.422 -105.10   48.31    16.0     2.5     9.2    10.4     1.5     9.77 C    23.7     3.2    12.1    86.9    47.1    65.9   0.152   0.175   0.188 -99.000   0.185    14.7    15.3    15.7    14.9    10.7
94060 20170516  2.422 -105.10   48.31    21.1    -0.2    10.4    11.8     0.0    25.70 C    41.3     0.1    16.5    98.1    17.7    53.5   0.153   0.175   0.186 -99.000   0.187    15.8    15.2    14.8    14.3    10.9
94060 20170517  2.422 -105.10   48.31    16.2     0.9     8.5     9.8     0.0    21.43 C    32.4     0.8    13.6    89.4    41.0    65.9   0.153   0.173   0.184 -99.000   0.185    15.8    15.7    15.2    14.2    11.1
94060 20170518  2.422 -105.10   48.31    15.5    -2.8     6.4     7.1     0.0    29.13 C    37.0    -2.0    13.6    89.4    16.3    46.5   0.152   0.170   0.182 -99.000   0.184    15.7    15.3    14.9    14.1    11.2
94060 20170519  2.422 -105.10   48.31    17.8    -5.5     6.2     8.8     0.0    22.61 C    35.8    -4.0    13.6    85.2    14.6    40.3   0.149   0.170   0.180 -99.000   0.184    15.0    15.0    14.7    14.1    11.3
94060 20170520  2.422 -105.10   48.31    20.3     3.2    11.8    12.3     0.0    26.46 C    41.0     3.6    19.3    68.5    18.9    39.7   0.152   0.174   0.180 -99.000   0.186    17.8    16.8    15.6    14.1    11.4
94060 20170521  2.422 -105.10   48.31    23.3     0.8    12.0    12.6     2.3    18.96 C    42.3     1.7    15.7    85.9    18.2    56.3   0.147   0.170   0.179 -99.000   0.185    16.6    16.4    16.0    14.5    11.5
94060 20170522  2.422 -105.10   48.31    20.9     4.3    12.6    12.8     0.0    17.34 C    36.8     4.6    15.7    93.0    23.8    54.6   0.144   0.167   0.178 -99.000   0.184    15.6    15.4    15.2    14.5    11.6
94060 20170523  2.422 -105.10   48.31    23.6    -0.2    11.7    14.1     0.0    26.48 C    42.7     0.9    19.7    92.0    16.0    42.6   0.146   0.168   0.177 -99.000   0.184    17.5    16.6    15.5    14.3    11.7
94060 20170524  2.422 -105.10   48.31    28.3     3.4    15.9    17.4     0.0    19.38 C    41.5     3.1    19.3    50.4    18.7    33.0   0.146   0.169   0.177 -99.000   0.185    18.3    17.7    16.7    14.7    11.8
94060 20170525  2.422 -105.10   48.31    18.2     1.2     9.7    11.7     0.0    13.51 C    29.9     1.2    13.6    80.4    34.3    55.2   0.139   0.163   0.175 -99.000   0.187    15.7    16.0    16.0    14.9    11.9
94060 20170526  2.422 -105.10   48.31    21.3     6.8    14.1    14.3     0.0    20.90 C    35.4     5.7    17.6    73.6    22.3    45.6   0.139   0.162   0.173 -99.000   0.184    16.4    16.1    15.5    14.7    12.0
94060 20170527  2.422 -105.10   48.31    24.9     5.0    14.9    15.7     0.0    20.27 C    43.5     4.7    19.1    79.3    18.8    46.0   0.139   0.164   0.173 -99.000   0.186    17.4    16.7    15.9    14.7    12.1
94060 20170528  2.422 -105.10   48.31    23.1     2.6    12.8    14.2     0.0    27.04 C    42.6     2.9    19.2    83.1    18.3    42.9   0.138   0.163   0.172 -99.000   0.185    18.0    17.3    16.4    14.9    12.2
94060 20170529  2.422 -105.10   48.31    21.3     1.5    11.4    12.1     0.0    28.79 C    42.7     2.4    18.5    87.0    17.7    46.5   0.137   0.162   0.172 -99.000   0.185    18.2    17.6    16.8    15.2    12.3
94060 20170530  2.422 -105.10   48.31    21.4     1.0    11.2    12.4     0.0    29.58 C    45.5     0.8    20.3    76.1    16.4    39.4   0.136   0.162   0.172 -99.000   0.185    19.2    18.2    17.2    15.4    12.4
94060 20170531  2.422 -105.10   48.31    28.1    -0.3    13.9    17.1     0.0    29.76 C    46.7     0.8    22.5    83.4    13.1    36.0   0.136   0.162   0.172 -99.000   0.187    20.3    19.3    18.0    15.8    12.5
94060 20170601  2.422 -105.10   48.31    34.5     9.1    21.8    24.1     0.0    27.74 C    51.2     7.9    28.4    67.9    16.5    36.2   0.138   0.166   0.174   0.201   0.185    23.0    21.4    19.4    16.4    12.7
94060 20170602  2.422 -105.10   48.31    28.7    16.1    22.4    22.3     0.0    19.75 C    41.6    15.5    25.0    70.6    17.3    39.7   0.135   0.165   0.175   0.199   0.184    23.1    22.2    20.7    17.3    12.9
94060 20170603  2.422 -105.10   48.31    29.5     8.6    19.1    19.8     0.0    30.09 C    51.5     6.8    26.3    67.0    11.1    32.8   0.133   0.164   0.173   0.200   0.185    23.7    22.4    20.8    17.8    13.2
94060 20170604  2.422 -105.10   48.31    34.4     5.4    19.9    22.9     0.0    28.25 C    56.4     7.3    28.9    76.1    12.4    32.6   0.132   0.163   0.174   0.198   0.185    24.6    23.2    21.5    18.3    13.4
94060 20170605  2.422 -105.10   48.31    31.9    12.1    22.0    22.8     0.0    24.11 C    49.6    11.1    27.2    73.7    21.7    40.0   0.131   0.162   0.174   0.196   0.185    25.5    24.3    22.6    19.0    13.7
94060 20170606  2.422 -105.10   48.31    25.5     5.6    15.6    16.6     0.0    30.03 C    48.3     7.4    23.7    87.6    16.9    49.0   0.126   0.156   0.173   0.196   0.186    24.0    23.2    22.1    19.4    14.0
94060 20170607  2.422 -105.10   48.31    26.7     3.1    14.9    16.8     0.0    29.84 C    49.9     4.9    25.2    88.6    19.4    47.2   0.125   0.155   0.171   0.194   0.185    24.1    23.1    22.0    19.4    14.3
94060 20170608  2.422 -105.10   48.31    30.7    13.0    21.9    23.0     0.0    28.21 C    47.1    11.3    27.7    64.9    27.9    41.7   0.124   0.155   0.172   0.194   0.186    25.4    24.2    22.7    19.7    14.6
94060 20170609  2.422 -105.10   48.31    32.6    16.7    24.7    24.1     0.0    26.02 C    52.1    16.5    30.1    62.9    15.1    35.0   0.125   0.154   0.173   0.194   0.184    26.8    25.4    23.6    20.2    14.9
94060 20170610  2.422 -105.10   48.31    26.5    13.1    19.8    20.0     0.3    28.75 C    45.1    11.4    25.5    79.4    13.1    35.3   0.122   0.153   0.172   0.192   0.184    26.0    25.2    23.8    20.7    15.2
94060 20170611  2.422 -105.10   48.31    24.5     7.3    15.9    18.0     0.0    28.80 C    42.6     9.0    23.7    69.1    18.6    35.5   0.118   0.151   0.171   0.191   0.183    25.1    24.5    23.5    20.9    15.5
94060 20170612  2.422 -105.10   48.31    28.5     5.2    16.8    19.4     1.2    25.88 C    49.3     7.2    26.0    79.2    15.1    40.7   0.116   0.145   0.169   0.190   0.183    24.9    24.2    23.2    20.9    15.7
94060 20170613  2.422 -105.10   48.31    20.6    13.3    17.0    16.5     4.0     7.01 C    24.1    13.1    17.2    91.4    61.1    77.4   0.110   0.138   0.167   0.191   0.182    21.2    22.1    22.5    21.0    16.0
94060 20170614  2.422 -105.10   48.31    19.7    13.1    16.4    15.4     1.7     8.12 C    24.7    12.2    16.3    92.6    49.0    76.1   0.108   0.134   0.163   0.188   0.182    18.6    19.4    20.1    20.2    16.2
94060 20170615  2.422 -105.10   48.31    25.8     9.2    17.5    17.8     0.0    26.46 C    37.9     8.5    20.7    91.0    24.9    55.8   0.114   0.136   0.161   0.185   0.181    19.9    19.6    19.3    19.3    16.4
94060 20170616  2.422 -105.10   48.31    25.6     8.4    17.0    17.1     0.0    16.98 C    41.2     8.6    20.1    92.2    27.0    58.8   0.116   0.139   0.162   0.187   0.184    20.0    19.9    19.7    19.1    16.4
94060 20170617  2.422 -105.10   48.31    23.8     5.8    14.8    15.7     2.3    19.14 C    35.9     5.9    17.5    94.7    30.1    62.9   0.116   0.137   0.162   0.186   0.183    18.9    19.2    19.3    18.9    16.3
94060 20170618  2.422 -105.10   48.31    23.9     3.2    13.6    15.5     0.0    18.12 C    47.0     3.1    19.5    96.3    22.8    54.0   0.117   0.136   0.160   0.187   0.185    18.7    18.6    18.5    18.5    16.3
94060 20170619  2.422 -105.10   48.31    28.4     5.5    16.9    18.8     0.0    25.59 C    48.9     5.4    23.5    94.4    14.8    44.0   0.122   0.141   0.161   0.183   0.183    20.8    20.0    19.1    18.3    16.2
94060 20170620  2.422 -105.10   48.31    28.5     9.8    19.1    19.8     0.0    22.82 C    46.8    10.3    23.3    67.7    23.4    40.8   0.124   0.145   0.163   0.184   0.182    22.1    21.3    20.2    18.6    16.2
94060 20170621  2.422 -105.10   48.31    26.0    11.7    18.8    19.6     2.7    28.47 C    46.7    12.2    24.9    86.3    17.3    49.7   0.125   0.146   0.164   0.186   0.185    23.2    22.3    21.2    19.1    16.1
94060 20170622  2.422 -105.10   48.31    21.2     9.1    15.2    14.4     0.0    23.64 C    33.6     8.5    17.9    90.0    22.0    58.6   0.120   0.142   0.163   0.184   0.185    20.5    20.7    20.6    19.4    16.2
94060 20170623  2.422 -105.10   48.31    21.2     2.6    11.9    13.9     0.0    27.80 C    41.5     2.0    19.9    89.7    21.3    45.1   0.118   0.141   0.161   0.182   0.184    20.1    19.8    19.6    19.0    16.2
94060 20170624  2.422 -105.10   48.31    22.1     1.8    12.0    13.6     0.0    26.99 C    47.6     3.3    21.3    87.7    20.6    45.1   0.118   0.143   0.161   0.182   0.186    21.0    20.4    19.9    18.9    16.3
94060 20170625  2.422 -105.10   48.31    25.6     4.9    15.3    16.3     0.0    24.93 C    49.7     5.6    23.5    76.8    21.4    44.0   0.118   0.144   0.162   0.183   0.185    22.0    21.2    20.4    19.0    16.4
94060 20170626  2.422 -105.10   48.31    30.6     8.0    19.3    20.9     0.0    27.68 C    48.9     7.1    25.9    75.2    13.4    36.7   0.119   0.147   0.163   0.182   0.184    23.5    22.5    21.2    19.3    16.4
94060 20170627  2.422 -105.10   48.31    31.7    11.7    21.7    22.8     0.0    18.96 C    49.2    11.0    26.9    71.9    21.6    39.9   0.121   0.149   0.165   0.183   0.186    24.6    23.7    22.4    19.9    16.5
94060 20170628  2.422 -105.10   48.31    25.3     4.9    15.1    16.5     0.2    19.66 C    54.3     5.1    20.9    88.6    17.2    50.7   0.115   0.144   0.165   0.182   0.185    22.4    22.4    22.0    20.2    16.6
94060 20170629  2.422 -105.10   48.31    26.1     5.1    15.6    16.8     0.0    25.85 C    49.4     5.0    23.1    85.7    30.3    54.1   0.115   0.143   0.163   0.183   0.185    23.0    22.3    21.5    20.1    16.7
94060 20170630  2.422 -105.10   48.31    26.7     0.7    13.7    16.0     0.0    18.19 C    46.1     1.5    21.1    94.6    21.2    49.3   0.112   0.140   0.162   0.182   0.185    21.6    21.4    21.1    20.1    16.8
94060 20170701  2.422 -105.10   48.31    29.3    10.1    19.7    21.6     0.0    27.02 C    53.1     9.5    29.6    74.2    24.5    44.3   0.117   0.143   0.163   0.182   0.186    24.9    23.5    21.9    20.1    16.9
94060 20170702  2.422 -105.10   48.31    33.9    13.9    23.9    23.4     0.0    25.59 C    48.8    12.4    28.2    79.4    16.8    48.4   0.116   0.144   0.166   0.182   0.186    25.6    24.7    23.3    20.6    17.0
94060 20170703  2.422 -105.10   48.31    37.4    14.1    25.8    26.8     0.0    27.56 C    58.1    13.8    33.7    78.4    12.8    37.5   0.119   0.147   0.168   0.182   0.186    27.9    26.4    24.3    21.2    17.1
94060 20170704  2.422 -105.10   48.31    33.8    14.1    23.9    25.4     0.0    27.04 C    58.6    13.3    32.9    73.7    20.3    43.3   0.118   0.146   0.170   0.184   0.187    29.1    27.6    25.6    22.0    17.3
94060 20170705  2.422 -105.10   48.31    38.7    16.2    27.5    27.1     0.0    28.80 C    60.5    14.9    33.9    79.1     4.7    40.2   0.118   0.148   0.171   0.185   0.186    29.8    28.4    26.4    22.7    17.5
94060 20170706  2.422 -105.10   48.31    32.3    15.3    23.8    24.7     0.0    28.97 C    57.7    14.5    33.1    63.7    13.3    31.7   0.117   0.145   0.171   0.185   0.186    30.1    28.8    27.0    23.3    17.8
94060 20170707  2.422 -105.10   48.31    32.7    14.4    23.6    24.9     0.0    28.36 C    57.3    15.1    33.1    59.2    17.2    33.6   0.114   0.143   0.172   0.185   0.183    30.3    29.1    27.4    23.8    18.1
94060 20170708  2.422 -105.10   48.31    39.6    10.9    25.2    27.0     0.0    22.79 C    58.5    11.9    31.9    74.3     9.1    32.6   0.112   0.141   0.171   0.184   0.184    29.5    28.6    27.3    24.1    18.4
94060 20170709  2.422 -105.10   48.31    33.3    17.8    25.6    26.0     0.0    26.40 C    56.8    18.3    33.3    74.9    19.5    40.7   0.112   0.141   0.172   0.183   0.184    30.8    29.5    27.7    24.4    18.7
94060 20170710  2.422 -105.10   48.31    38.9    16.5    27.7    28.4     0.7    23.35 C    58.2    15.5    32.6    70.4    11.8    34.2   0.110   0.140   0.171   0.185   0.183    30.4    29.5    28.0    24.8    18.9
94060 20170711  2.422 -105.10   48.31    28.6    14.5    21.6    22.1     5.4    22.26 C    45.0    14.4    25.8    88.7    36.6    58.6   0.106   0.135   0.169   0.185   0.182    27.6    27.6    27.2    24.9    19.3
94060 20170712  2.422 -105.10   48.31    24.4    13.8    19.1    18.1     0.0    17.65 C    44.7    12.9    22.5    89.1    38.1    64.1   0.104   0.129   0.164   0.185   0.183    24.2    24.7    25.1    24.4    19.5
94060 20170713  2.422 -105.10   48.31    33.5    11.8    22.7    23.5     0.0    27.86 C    48.6    10.3    28.1    84.5    22.7    47.9   0.109   0.132   0.163   0.185   0.183    25.2    24.8    24.3    23.6    19.7
94060 20170714  2.422 -105.10   48.31    36.6    16.5    26.5    27.1     0.0    26.29 C    56.4    15.2    32.2    75.5    12.3    39.3   0.114   0.136   0.165   0.184   0.184    28.0    26.8    25.4    23.5    19.8
94060 20170715  2.422 -105.10   48.31    32.9    10.6    21.8    23.9     0.0    27.68 C    53.0    10.8    30.5    92.0    21.2    49.4   0.114   0.138   0.166   0.184   0.185    28.1    27.3    26.1    23.8    19.8
94060 20170716  2.422 -105.10   48.31    38.4    19.3    28.9    28.9     0.0    24.54 C    60.3    18.6    34.8    63.7    12.1    34.3   0.115   0.140   0.167   0.184   0.185    30.3    28.8    27.1    24.2    19.9
94060 20170717  2.422 -105.10   48.31    28.9    15.2    22.0    22.0     0.2    25.62 C    53.3    13.7    29.7    83.4    12.3    37.5   0.111   0.138   0.168   0.185   0.184    29.6    28.8    27.6    24.7    20.0
94060 20170718  2.422 -105.10   48.31    29.6    12.0    20.8    22.0     0.0    23.37 C    53.9    12.0    28.3    60.7    16.2    34.5   0.108   0.135   0.166   0.186   0.185    28.1    27.7    26.9    24.8    20.1
94060 20170719  2.422 -105.10   48.31    34.4    13.2    23.8    25.1     0.2    21.61 C    57.3    13.7    30.3    68.0    13.5    35.9   0.108   0.135   0.165   0.184   0.186    28.6    27.8    26.8    24.8    20.2
94060 20170720  2.422 -105.10   48.31    33.2    15.9    24.6    24.0     2.5    22.69 C    46.8    14.3    27.1    75.5    20.1    47.8   0.105   0.132   0.165   0.184   0.185    27.6    27.3    26.7    24.8    20.4
94060 20170721  2.422 -105.10   48.31    33.1    15.0    24.0    24.1     0.0    24.23 C    50.6    12.5    28.5    75.0    10.9    42.0   0.106   0.131   0.163   0.183   0.187    27.5    26.9    26.1    24.6    20.5
94060 20170722  2.422 -105.10   48.31    29.6     9.9    19.7    21.0     0.0    26.52 C    49.4    10.2    27.0    79.2    23.5    45.4   0.105   0.131   0.162   0.182   0.187    27.1    26.6    25.9    24.5    20.6
94060 20170723  2.422 -105.10   48.31    35.8     9.3    22.5    24.5     0.0    26.37 C    56.2    10.2    31.2    83.9    13.9    39.1   0.106   0.132   0.163   0.181   0.188    28.1    27.3    26.2    24.5    20.7
94060 20170724  2.422 -105.10   48.31    31.8    17.2    24.5    25.1     0.0    24.31 C    52.8    15.7    30.4    60.1    19.2    35.5   0.107   0.132   0.164   0.184   0.187    29.1    28.2    27.0    24.7    20.8
94060 20170725  2.422 -105.10   48.31    30.3    15.1    22.7    22.3     0.0    23.84 C    52.4    14.1    28.8    54.1    18.5    35.0   0.105   0.131   0.163   0.182   0.187    28.6    27.9    27.0    24.9    20.8
94060 20170726  2.422 -105.10   48.31    32.7     9.8    21.3    23.5     0.0    25.87 C    56.9    10.5    31.5    72.6    18.6    38.5   0.104   0.130   0.163   0.182   0.189    29.0    28.1    27.0    25.0    20.9
94060 20170727  2.422 -105.10   48.31    31.7    17.4    24.6    23.6     0.0    15.50 C    46.5    15.9    26.2    83.5    27.5    51.2   0.102   0.129   0.163   0.181   0.189    28.0    27.9    27.3    25.2    21.0
94060 20170728  2.422 -105.10   48.31    34.9    12.8    23.8    24.9     0.0    24.63 C    56.8    12.3    31.6    92.8    22.2    52.8   0.102   0.128   0.161   0.181   0.187    28.7    27.8    26.7    25.1    21.1
94060 20170729  2.422 -105.10   48.31    32.5    16.6    24.6    24.3     0.0    14.64 C    43.4    15.0    27.2    82.4    21.4    50.5   0.102   0.128   0.162   0.183   0.187    28.3    28.0    27.3    25.3    21.2
94060 20170730  2.422 -105.10   48.31    37.2    12.6    24.9    26.8     0.0    26.10 C    58.0    12.5    32.4    85.3    11.8    38.8   0.103   0.128   0.161   0.183   0.187    29.0    28.0    26.9    25.2    21.3
94060 20170731  2.422 -105.10   48.31    34.0    15.2    24.6    26.1     0.0    25.82 C    52.5    14.2    30.9    60.7    12.9    33.7   0.103   0.127   0.163   0.183   0.187    30.0    29.0    27.7    25.4    21.4
94060 20170801  2.422 -105.10   48.31    29.7    12.0    20.9    21.8     0.0    21.85 C    48.6    11.5    27.3    75.6    22.6    41.3   0.100   0.123   0.161   0.182   0.185    28.6    28.2    27.5    25.6    21.5
94060 20170802  2.422 -105.10   48.31    22.1     8.1    15.1    16.7     4.1    17.92 C    38.6     8.3    19.7    93.3    44.1    71.6   0.094   0.118   0.159   0.182   0.187    25.0    25.8    26.2    25.4    21.6
94060 20170803  2.422 -105.10   48.31    24.5     5.1    14.8    15.9     0.0    23.24 C    53.1     5.3    22.2    97.3    26.8    58.9   0.095   0.115   0.154   0.179   0.187    23.4    23.7    24.1    24.6    21.7
94060 20170804  2.422 -105.10   48.31    26.3     7.3    16.8    19.0     0.0    18.27 C    47.8     6.6    22.9    81.7    20.6    43.2   0.098   0.116   0.153   0.177   0.187    23.4    23.6    23.7    23.9    21.7
94060 20170805  2.422 -105.10   48.31    18.4    13.2    15.8    15.5     1.6     2.44 C    22.3    13.8    16.5    92.0    47.2    73.2   0.094   0.115   0.151   0.178   0.187    21.1    22.1    23.0    23.5    21.6
94060 20170806  2.422 -105.10   48.31    22.5     8.7    15.6    16.2     1.1    16.34 C    41.5     7.8    19.5    93.3    40.5    72.8   0.095   0.113   0.149   0.176   0.187    21.2    21.5    21.8    22.7    21.4
94060 20170807  2.422 -105.10   48.31    27.7     5.5    16.6    18.5     0.0    25.94 C    49.3     5.2    24.0    97.9    18.7    51.6   0.098   0.117   0.150   0.176   0.187    22.2    21.9    21.7    22.2    21.3
94060 20170808  2.422 -105.10   48.31    29.0     8.0    18.5    18.3     0.0    17.62 C    54.1     7.9    23.4    91.3    24.1    57.6   0.102   0.119   0.151   0.176   0.189    23.4    23.1    22.6    22.2    21.1
94060 20170809  2.422 -105.10   48.31    23.0    11.2    17.1    16.5     0.0    15.18 C    43.9    10.3    20.4    92.3    43.6    69.1   0.099   0.118   0.150   0.176   0.189    22.2    22.4    22.4    22.3    21.0
94060 20170810  2.422 -105.10   48.31    25.3     7.0    16.1    17.4     0.0    22.00 C    50.0     6.8    23.8    96.8    27.9    57.8   0.100   0.120   0.150   0.174   0.189    23.2    22.8    22.3    22.1    20.8
94060 20170811  2.422 -105.10   48.31    28.2     7.9    18.1    18.5     2.3    19.43 C    51.7     7.9    23.2    85.4    23.0    56.7   0.100   0.121   0.151   0.174   0.190    23.7    23.4    22.9    22.2    20.8
94060 20170812  2.422 -105.10   48.31    25.4    11.6    18.5    17.9     0.0    18.09 C    45.1    10.7    21.2    90.7    33.8    63.3   0.098   0.117   0.150   0.174   0.191    22.4    22.5    22.6    22.2    20.6
94060 20170813  2.422 -105.10   48.31    26.1    11.8    18.9    18.2     0.0    21.08 C    44.8     9.7    23.1    96.1    33.8    66.5   0.100   0.118   0.149   0.173   0.190    22.5    22.4    22.2    22.0    20.6
94060 20170814  2.422 -105.10   48.31    24.9    13.0    18.9    17.6     5.7     7.74 C    35.5    10.6    18.4    96.2    32.9    72.5   0.098   0.117   0.148   0.173   0.190    20.9    21.6    21.9    21.9    20.5
94060 20170815  2.422 -105.10   48.31    24.9    10.1    17.5    17.4     0.0    14.97 C    38.7    10.6    20.4    97.7    43.3    75.4   0.099   0.117   0.146   0.172   0.190    20.8    20.9    21.0    21.4    20.4
94060 20170816  2.422 -105.10   48.31    29.7     8.2    18.9    20.4     0.0    22.21 C    47.8     8.4    24.7    93.3    20.4    52.8   0.105   0.118   0.147   0.172   0.191    22.2    21.8    21.3    21.2    20.4
94060 20170817  2.422 -105.10   48.31    30.7     8.4    19.5    19.8     5.1    19.84 C    49.3     8.6    24.0    93.0    21.6    55.2   0.110   0.122   0.149   0.173   0.191    22.9    22.5    22.0    21.3    20.3
94060 20170818  2.422 -105.10   48.31    30.9    11.4    21.1    21.3     0.5    21.59 C    44.1    11.5    24.2    95.3    18.0    53.9   0.117   0.121   0.150   0.172   0.192    22.6    22.5    22.1    21.5    20.2
94060 20170819  2.422 -105.10   48.31    27.7    10.1    18.9    19.9     0.0    20.20 C    39.5     9.0    21.8    86.3    22.2    43.6   0.121   0.124   0.148   0.172   0.192    21.7    21.8    21.8    21.5    20.1
94060 20170820  2.422 -105.10   48.31    27.2     4.8    16.0    17.2     0.0    19.22 C    44.5     5.0    21.3    78.4    17.0    39.9   0.123   0.125   0.148   0.172   0.192    20.5    20.7    21.0    21.3    20.1
94060 20170821  2.422 -105.10   48.31    24.7     6.7    15.7    16.8     0.0    17.99 C    41.5     6.2    19.6    70.6    17.8    38.7   0.125   0.123   0.146   0.171   0.193    20.4    20.6    20.8    21.0    20.0
94060 20170822  2.422 -105.10   48.31    27.5     3.4    15.5    17.1     0.0    22.75 C    49.7     3.9    23.0    80.7    18.8    40.5   0.128   0.125   0.147   0.173   0.192    20.9    20.6    20.5    20.7    20.0
94060 20170823  2.422 -105.10   48.31    33.4     8.3    20.9    22.2     0.0    22.18 C    53.9     7.3    27.1    68.8    14.4    36.6   0.134   0.129   0.149   0.171   0.192    23.1    22.3    21.5    20.8    19.9
94060 20170824  2.422 -105.10   48.31    36.0    13.1    24.6    24.5     0.0    21.18 C    48.0    12.0    27.7    85.1    13.4    44.8   0.136   0.134   0.151   0.172   0.192    24.2    23.5    22.6    21.2    19.8
94060 20170825  2.422 -105.10   48.31    29.0    16.6    22.8    22.4     0.2    13.32 C    48.0    14.7    25.1    80.1    33.2    54.9   0.134   0.134   0.152   0.174   0.194    24.3    23.9    23.2    21.7    19.8
94060 20170826  2.422 -105.10   48.31    30.2    12.5    21.3    21.2     0.0    19.87 C    51.4    11.6    25.7    82.9    18.6    47.6   0.131   0.134   0.152   0.172   0.191    24.2    23.7    23.1    21.9    19.8
94060 20170827  2.422 -105.10   48.31    32.5     6.8    19.6    21.0     0.0    22.09 C    53.4     7.1    25.8    83.8    11.5    38.6   0.127   0.134   0.152   0.177   0.191    24.3    23.7    23.1    22.0    19.8
94060 20170828  2.422 -105.10   48.31    34.5     7.5    21.0    22.3     0.0    21.30 C    54.4     7.9    27.0    70.5    10.3    32.6   0.124   0.133   0.152   0.175   0.191    24.5    23.9    23.3    22.1    19.9
94060 20170829  2.422 -105.10   48.31    34.5    10.5    22.5    23.6     0.0    19.65 C    50.3    10.8    27.5    61.4    13.3    34.2   0.121   0.134   0.153   0.177   0.191    25.2    24.5    23.7    22.3    20.0
94060 20170830  2.422 -105.10   48.31    33.0    15.7    24.3    23.9     0.0    19.11 C    44.3    14.6    26.5    73.8    25.2    48.2   0.117   0.133   0.154   0.175   0.190    25.2    24.7    24.0    22.6    20.0
94060 20170831  2.422 -105.10   48.31    29.8    14.4    22.1    22.9     0.2     8.74 C    40.3    13.8    23.1    89.2    33.9    61.9   0.111   0.132   0.153   0.175   0.190    24.3    24.3    24.0    22.7    20.1
94060 20170901  2.422 -105.10   48.31    27.5     9.7    18.6    19.5     0.0    16.50 C    43.2     9.9    22.6    90.8    18.0    48.6   0.108   0.127   0.152   0.176   0.191    23.2    23.1    23.0    22.5    20.3
94060 20170902  2.422 -105.10   48.31    32.0     6.8    19.4    19.6     0.0    18.88 C    49.0     7.0    24.5    74.1    13.7    40.3   0.107   0.127   0.151   0.175   0.192    23.1    22.9    22.6    22.3    20.3
94060 20170903  2.422 -105.10   48.31    29.4    11.4    20.4    20.6     0.0    18.07 C    44.0    11.5    23.6    63.8    19.2    37.3   0.105   0.126   0.152   0.174   0.192    23.2    23.0    22.7    22.2    20.3
94060 20170904  2.422 -105.10   48.31    22.0     5.2    13.6    15.4     0.0    17.15 C    35.4     5.0    18.3    74.7    17.9    47.3   0.102   0.122   0.150   0.173   0.192    21.8    22.1    22.3    22.1    20.3
94060 20170905  2.422 -105.10   48.31    23.4     2.1    12.7    12.8     0.0    20.41 C    43.6     1.9    18.3    80.4    17.8    44.3   0.099   0.120   0.148   0.172   0.192    20.5    20.6    21.1    21.6    20.3
94060 20170906  2.422 -105.10   48.31    28.1     1.5    14.8    14.9     0.0    20.47 C    47.7     2.4    20.4    70.5     9.0    33.2   0.099   0.119   0.148   0.171   0.192    20.9    20.8    20.9    21.2    20.3
94060 20170907  2.422 -105.10   48.31    31.2     3.3    17.2    18.5     0.0    20.00 C    51.3     3.2    23.1    52.8     8.3    27.9   0.099   0.120   0.147   0.171   0.193    21.8    21.4    21.1    21.1    20.2
94060 20170908  2.422 -105.10   48.31    32.8    11.5    22.2    22.4     0.0    19.79 C    45.0     8.5    24.3    69.3    11.1    37.3   0.098   0.119   0.149   0.172   0.192    22.8    22.3    21.7    21.2    20.1
94060 20170909  2.422 -105.10   48.31    34.9    13.1    24.0    22.9     0.0    17.21 C    47.5    10.2    25.2    78.5    13.3    43.5   0.098   0.121   0.150   0.172   0.192    23.8    23.1    22.4    21.4    20.0
94060 20170910  2.422 -105.10   48.31    31.0    10.4    20.7    22.0     0.0    15.06 C    43.8     9.6    23.6    53.6    17.7    33.5   0.098   0.119   0.151   0.171   0.192    23.7    23.4    22.7    21.7    20.0
94060 20170911  2.422 -105.10   48.31    31.7     5.3    18.5    18.3     0.0    17.50 C    43.9     6.2    20.9    72.2    12.8    38.7   0.094   0.117   0.149   0.172   0.193    22.3    22.2    22.1    21.7    20.0
94060 20170912  2.422 -105.10   48.31    25.8     6.5    16.1    15.4     0.0     8.20 C    29.8     6.0    15.7    64.4    17.7    41.3   0.090   0.113   0.147   0.172   0.194    19.8    20.5    21.2    21.5    20.0
94060 20170913  2.422 -105.10   48.31    20.3     6.0    13.2    13.7     0.0     3.79 C    26.2     5.7    13.7    80.5    38.5    62.1   0.087   0.110   0.144   0.171   0.194    17.7    18.6    19.6    20.9    20.0
94060 20170914  2.422 -105.10   48.31    13.2     9.6    11.4    10.7     1.8     0.92 C    12.6     9.4    11.0    92.4    63.2    82.6   0.084   0.107   0.142   0.166   0.194    15.8    17.1    18.4    20.1    20.0
94060 20170915  2.422 -105.10   48.31     9.7     6.0     7.8     8.1    17.9     1.54 C    10.1     6.7     8.6    93.4    78.1    87.9   0.108   0.102   0.139   0.167   0.194    13.3    14.8    16.7    19.2    19.9
94060 20170916  2.422 -105.10   48.31     9.1     5.3     7.2     7.1     3.6     3.43 C    11.9     5.9     8.3    93.3    68.1    85.2   0.249   0.126   0.135   0.165   0.194    11.2    12.5    14.6    18.0    19.6
94060 20170917  2.422 -105.10   48.31    18.2     2.6    10.4     9.6     0.0    17.22 C    24.7     2.9    11.1    97.8    32.3    70.9   0.273   0.178   0.133   0.161   0.195    12.1    12.7    13.9    17.0    19.4
94060 20170918  2.422 -105.10   48.31    25.7     1.5    13.6    14.1     0.0    15.51 C    32.3     1.4    14.5    92.8    17.4    56.4   0.271   0.197   0.134   0.158   0.196    13.2    13.4    14.1    16.5    19.0
94060 20170919  2.422 -105.10   48.31    17.7     5.7    11.7    12.6     0.5     8.35 C    26.4     4.3    12.7    89.2    36.8    65.9   0.268   0.207   0.136   0.159   0.196    14.1    14.6    15.2    16.5    18.7
94060 20170920  2.422 -105.10   48.31    19.6     2.4    11.0    10.9     0.0    16.20 C    28.4     2.0    11.8    93.0    20.4    55.4   0.261   0.207   0.135   0.159   0.195    12.8    13.3    14.2    16.2    18.3
94060 20170921  2.422 -105.10   48.31    16.8     4.7    10.8    10.8     0.0     7.50 C    25.1     4.3    11.8    87.5    30.4    58.0   0.258   0.205   0.134   0.159   0.197    12.4    13.0    14.0    15.9    18.1
94060 20170922  2.422 -105.10   48.31     9.7     0.6     5.2     6.5     1.3     2.19 C    10.1     0.9     7.1    96.6    53.4    80.8   0.250   0.202   0.133   0.160   0.196    10.6    11.6    13.3    15.5    17.8
94060 20170923  2.422 -105.10   48.31    10.6    -0.4     5.1     6.5     0.0     6.28 C    16.7    -0.5     8.4    97.2    52.2    77.3   0.245   0.197   0.131   0.157   0.197     9.8    10.5    11.9    14.8    17.6
94060 20170924  2.422 -105.10   48.31    12.2     0.1     6.1     7.5     0.0     7.36 C    20.8     0.0     8.7    96.5    48.2    77.6   0.245   0.197   0.131   0.155   0.196    10.8    11.4    12.3    14.4    17.3
94060 20170925  2.422 -105.10   48.31    12.1    -2.3     4.9     6.3     0.0    10.56 C    24.0    -1.9     8.6    99.4    53.5    81.2   0.241   0.193   0.130   0.153   0.197     9.7    10.3    11.5    14.0    17.0
94060 20170926  2.422 -105.10   48.31    18.2     3.9    11.0    10.0     0.3    14.15 C    29.3     4.2    12.9    97.7    33.1    71.5   0.245   0.199   0.132   0.154   0.196    12.3    12.2    12.3    13.8    16.7
94060 20170927  2.422 -105.10   48.31    23.0     2.6    12.8    12.2     0.0    15.28 C    34.5     2.0    13.8    94.0    20.8    59.4   0.244   0.198   0.134   0.154   0.197    13.2    13.1    13.1    14.0    16.4
94060 20170928  2.422 -105.10   48.31    22.1     2.2    12.1    13.5     0.0    14.85 C    35.2     2.4    15.3    92.3    33.3    58.7   0.243   0.199   0.135   0.155   0.197    13.8    13.6    13.6    14.2    16.2
94060 20170929  2.422 -105.10   48.31    24.0     6.6    15.3    15.6     0.0    15.09 C    32.1     4.6    16.0    88.7    32.0    58.1   0.243   0.202   0.137   0.155   0.197    14.6    14.5    14.3    14.5    16.1
94060 20170930  2.422 -105.10   48.31    23.3     7.0    15.2    14.7     0.0    13.86 C    33.6     6.5    16.3    90.0    37.5    66.0   0.241   0.205   0.138   0.158   0.198    15.4    15.2    14.9    14.8    16.0
94060 20171001  2.422 -105.10   48.31    13.7     7.0    10.3    10.0     7.1     2.33 C    13.1     6.0     9.6    89.9    52.8    79.9   0.235   0.199   0.137   0.158   0.199    12.4    13.3    14.3    15.0    15.9
94060 20171002  2.422 -105.10   48.31     9.5     2.5     6.0     5.3     0.0    10.97 C    14.8     2.4     5.8    95.0    47.1    71.7   0.238   0.190   0.133   0.156   0.198     9.0    10.2    12.1    14.4    15.9
94060 20171003  2.422 -105.10   48.31     8.1     1.6     4.8     4.4     0.7     4.88 C    12.7     1.1     5.2    95.8    71.1    83.4   0.233   0.186   0.130   0.153   0.198     7.6     8.7    10.5    13.5    15.8
94060 20171004  2.422 -105.10   48.31    14.0    -2.2     5.9     5.1     0.0    14.86 C    22.6    -2.1     6.8    92.2    36.1    68.8   0.232   0.186   0.129   0.153   0.198     8.1     8.6     9.8    12.7    15.7
94060 20171005  2.422 -105.10   48.31    14.2    -3.5     5.3     5.0     0.0    14.62 C    25.8    -2.9     7.5    94.5    36.5    66.3   0.231   0.187   0.129   0.152   0.199     8.6     9.0     9.9    12.2    15.4
94060 20171006  2.422 -105.10   48.31    19.5    -4.1     7.7     8.0     0.0    14.11 C    25.7    -3.7     8.6    94.4    30.0    64.6   0.229   0.188   0.128   0.151   0.199     8.8     9.1     9.9    12.0    15.1
94060 20171007  2.422 -105.10   48.31    18.8     2.9    10.9    11.4     0.0    11.37 C    24.4     1.6    10.8    84.4    24.9    46.0   0.230   0.191   0.132   0.150   0.199    10.3    10.4    10.7    12.0    14.9
94060 20171008  2.422 -105.10   48.31    12.2    -2.1     5.1     4.8     0.0    12.24 C    22.7    -2.8     5.6    91.1    31.9    58.4   0.223   0.189   0.130   0.151   0.200     8.3     9.0    10.1    12.0    14.7
94060 20171009  2.422 -105.10   48.31    14.0    -7.2     3.4     4.2     0.0    13.67 C    20.9    -7.6     5.3    87.6    24.2    52.9   0.219   0.186   0.127   0.151   0.199     7.3     7.9     9.1    11.5    14.5
94060 20171010  2.422 -105.10   48.31    19.1    -3.8     7.6     7.6     0.0    12.88 C    27.6    -4.4     7.9    88.4    19.3    51.7   0.218   0.186   0.127   0.148   0.199     8.0     8.2     9.0    11.1    14.3
94060 20171011  2.422 -105.10   48.31    16.3    -2.9     6.7     6.7     0.0     8.03 C    23.6    -3.1     6.8    85.0    32.9    59.5   0.214   0.186   0.128   0.147   0.200     8.0     8.5     9.2    11.0    14.1
94060 20171012  2.422 -105.10   48.31    11.2    -7.0     2.1     4.1     0.0     8.60 C    18.3    -6.5     4.6    90.6    34.1    65.4   0.211   0.184   0.129   0.149   0.200     7.6     8.2     9.1    10.9    13.8
94060 20171013  2.422 -105.10   48.31     9.8    -8.5     0.7     1.1     0.0     7.12 C    18.0    -7.5     2.4    90.7    46.8    73.9   0.203   0.178   0.124   0.149   0.200     5.4     6.3     7.9    10.5    13.7
94060 20171014  2.422 -105.10   48.31     9.4    -1.1     4.2     3.4     0.0    12.43 C    20.0    -2.7     5.3    79.4    41.8    59.2   0.202   0.177   0.124   0.148   0.201     6.5     6.9     7.7    10.0    13.5
94060 20171015  2.422 -105.10   48.31    15.1    -0.3     7.4     7.9     0.0    12.45 C    22.2    -2.8     7.9    73.3    26.9    48.0   0.202   0.182   0.126   0.148   0.201     7.5     7.6     8.1     9.9    13.3
94060 20171016  2.422 -105.10   48.31    20.5     3.0    11.8    12.2     0.0    12.27 C    27.7     0.8    11.3    70.3    19.9    41.8   0.203   0.182   0.128   0.148   0.200     9.0     8.8     8.8    10.0    13.1
94060 20171017  2.422 -105.10   48.31    25.3     4.0    14.7    15.7     0.0    11.34 C    28.3     2.7    14.1    64.3     9.9    28.9   0.202   0.184   0.132   0.148   0.200    10.4    10.1     9.8    10.3    12.9
94060 20171018  2.422 -105.10   48.31    14.6     1.4     8.0     7.7     0.0    10.92 C    22.1    -0.4     7.4    59.7    18.5    40.4   0.198   0.185   0.132   0.148   0.202     9.7    10.0    10.3    10.7    12.8
94060 20171019  2.422 -105.10   48.31    27.9     0.7    14.3    12.2     0.0    11.32 C    31.6     0.0    10.8    68.0     8.4    39.4   0.194   0.184   0.131   0.149   0.202     9.5     9.5     9.7    10.7    12.7
94060 20171020  2.422 -105.10   48.31    25.5    -0.8    12.3    11.8     0.0     8.90 C    36.3    -2.4    10.8    79.3    14.7    43.6   0.191   0.184   0.132   0.148   0.201     9.9     9.9    10.1    10.8    12.7
94060 20171021  2.422 -105.10   48.31    13.4    -2.3     5.6     7.7     0.0     8.64 C    19.4    -4.3     7.4    84.9    28.1    56.4   0.187   0.184   0.133   0.148   0.201     9.9    10.3    10.6    11.0    12.6
94060 20171022  2.422 -105.10   48.31    19.9    -4.9     7.5     7.2     0.0     6.00 C    24.0    -5.8     6.5    88.3    28.4    58.5   0.179   0.179   0.131   0.149   0.201     7.6     8.2     9.2    10.8    12.6
94060 20171023  2.422 -105.10   48.31    14.8    -2.8     6.0     7.6     0.0    10.96 C    19.1    -5.0     6.5    77.3    25.2    50.3   0.178   0.179   0.131   0.148   0.201     8.6     8.9     9.4    10.5    12.5
94060 20171024  2.422 -105.10   48.31    18.4    -7.9     5.3     7.2     0.0    10.42 C    22.3    -8.0     6.5    89.1    23.2    51.1   0.172   0.175   0.129   0.148   0.201     7.1     7.5     8.4    10.3    12.4
94060 20171025  2.422 -105.10   48.31    23.5     0.4    12.0    10.3     0.0     6.66 C    25.5    -0.7     9.6    81.8    14.6    50.9   0.172   0.176   0.131   0.147   0.202     8.7     8.7     8.9    10.1    12.4
94060 20171026  2.422 -105.10   48.31     5.5   -13.6    -4.0    -1.7     0.0     7.28 C    14.1   -13.4    -0.5    86.1    35.3    64.5   0.165   0.175   0.131   0.148   0.202     6.6     7.7     8.9    10.2    12.3
94060 20171027  2.422 -105.10   48.31     8.9   -14.6    -2.8    -2.7     0.0     9.87 C    19.3   -14.2    -1.0    89.5    35.4    66.8   0.151   0.164   0.122   0.146   0.202     3.5     4.6     6.4     9.5    12.2
94060 20171028  2.422 -105.10   48.31    17.8    -8.5     4.7     5.3     0.0     8.32 C    19.9    -9.3     4.9    92.2    31.2    60.9   0.155   0.166   0.120   0.144   0.203     4.5     4.9     5.9     8.7    12.0
94060 20171029  2.422 -105.10   48.31    11.5    -2.3     4.6     5.2     0.0     5.28 C    13.9    -2.5     5.1    76.2    32.7    53.4   0.160   0.170   0.126   0.143   0.202     6.6     6.9     7.3     8.6    11.9
94060 20171030  2.422 -105.10   48.31     0.3    -5.5    -2.6    -3.0     0.0     5.07 C     8.9    -6.9    -2.0    83.4    45.8    63.8   0.151   0.164   0.121   0.144   0.204     3.4     4.6     6.2     8.6    11.7
94060 20171031  2.422 -105.10   48.31     2.9   -10.3    -3.7    -2.1     0.0     5.41 C    11.8   -11.1    -0.7    87.8    46.1    70.6   0.139   0.161   0.116   0.144   0.203     2.3     3.3     4.8     7.9    11.5
94060 20171101  2.422 -105.10   48.31     6.4    -3.4     1.5     0.1     0.2     2.48 C    12.4    -3.8     0.8    96.2    57.5    83.5   0.148   0.161   0.116   0.143   0.203     3.2     3.9     4.9     7.4    11.3
94060 20171102  2.422 -105.10   48.31    -1.6    -5.0    -3.3    -2.5     0.0     1.01 C     0.9    -6.8    -1.9    90.3    64.3    74.8   0.145   0.159   0.115   0.141   0.203     1.9     3.0     4.4     7.1    11.1
94060 20171103  2.422 -105.10   48.31    -1.9    -4.0    -3.0    -2.7     2.0     1.12 C    -1.0    -4.2    -2.6    93.3    79.4    85.7   0.142   0.156   0.112   0.141   0.204     1.4     2.4     3.8     6.7    10.8
94060 20171104  2.422 -105.10   48.31    -3.7   -10.1    -6.9    -6.8     1.3     7.64 C    -4.0   -14.1    -7.7    93.1    65.1    78.0   0.136   0.156   0.112   0.138   0.204     1.2     2.1     3.4     6.3    10.6
94060 20171105  2.422 -105.10   48.31    -8.4   -15.2   -11.8   -10.5     0.0     5.42 C    -5.0   -18.5   -10.3    86.9    70.3    78.0   0.103   0.154   0.109   0.138   0.204     0.4     1.5     2.9     5.9    10.4
94060 20171106  2.422 -105.10   48.31    -6.6   -19.8   -13.2   -12.8     0.0     8.67 C    -6.3   -23.5   -14.3    88.4    61.5    77.8 -99.000 -99.000   0.106   0.137   0.204    -0.8     0.4     2.1     5.5    10.1
94060 20171107  2.422 -105.10   48.31    -1.9   -19.1   -10.5   -11.9     0.0     8.50 C    -3.5   -22.6   -14.3    90.3    56.6    80.9 -99.000 -99.000   0.095   0.134   0.204    -2.3    -1.0     1.0     4.8     9.9
94060 20171108  2.422 -105.10   48.31    -6.5   -19.3   -12.9   -12.6     0.2     3.99 C    -5.3   -24.8   -13.8    89.3    69.5    82.3 -99.000 -99.000   0.131   0.133   0.205    -2.7    -1.6     0.3     4.2     9.6
94060 20171109  2.422 -105.10   48.31    -5.7   -25.5   -15.6   -14.0     0.0     5.96 C    -6.3   -26.4   -14.8    89.6    64.0    77.3 -99.000 -99.000 -99.000   0.132   0.205    -4.2    -2.9    -0.7     3.6     9.3
94060 20171110  2.422 -105.10   48.31     6.1    -8.4    -1.1    -2.9     0.0     8.59 C     3.1   -11.1    -4.4    93.3    59.7    79.4 -99.000 -99.000 -99.000   0.131   0.205    -2.3    -1.8    -0.7     3.0     8.9
94060 20171111  2.422 -105.10   48.31     1.8   -12.4    -5.3    -6.0     0.0     7.53 C     7.2   -12.4    -5.4    92.2    49.6    80.2 -99.000 -99.000 -99.000   0.130   0.206    -2.1    -1.4    -0.2     2.9     8.6
94060 20171112  2.422 -105.10   48.31     3.6   -13.4    -4.9    -6.1     0.0     4.99 C     6.7   -13.4    -5.6    96.8    71.6    87.9 -99.000 -99.000 -99.000   0.131   0.206    -3.0    -2.1    -0.7     2.7     8.3
94060 20171113  2.422 -105.10   48.31    11.4    -9.0     1.2    -1.6     0.0     7.35 C    11.7    -9.2    -2.0    97.2    44.5    80.5 -99.000 -99.000 -99.000   0.129   0.207    -1.8    -1.4    -0.5     2.4     8.0
94060 20171114  2.422 -105.10   48.31     9.0    -5.9     1.5    -0.6     0.0     4.30 C     9.7    -7.4    -1.7    93.3    41.3    72.5 -99.000 -99.000   0.124   0.129   0.207    -0.9    -0.5     0.2     2.4     7.7
94060 20171115  2.422 -105.10   48.31    -4.6    -8.6    -6.6    -6.8     0.0     5.38 C     3.9   -10.3    -5.6    79.3    55.1    70.5 -99.000 -99.000   0.123   0.130   0.208    -1.9    -1.1     0.2     2.5     7.5
94060 20171116  2.422 -105.10   48.31     7.2    -7.9    -0.3    -1.8     0.0     2.24 C     3.5    -9.5    -3.4    86.4    47.2    66.8 -99.000 -99.000 -99.000   0.129   0.207    -2.6    -2.0    -0.7     2.3     7.3
94060 20171117  2.422 -105.10   48.31     2.9   -14.9    -6.0    -6.9     0.0     6.24 C     7.9   -15.0    -6.7    91.2    52.8    76.6 -99.000 -99.000 -99.000   0.128   0.207    -2.9    -2.1    -0.8     2.0     7.1
94060 20171118  2.422 -105.10   48.31     0.9   -14.8    -7.0    -6.7     0.0     5.74 C     4.3   -15.5    -7.8    84.3    48.6    72.0 -99.000 -99.000 -99.000   0.129   0.207    -4.2    -3.3    -1.6     1.7     6.9
94060 20171119  2.422 -105.10   48.31     5.9    -7.4    -0.8    -1.0     0.0     4.70 C     8.3   -10.2    -3.2    87.8    42.6    67.3 -99.000 -99.000 -99.000   0.128   0.207    -3.3    -2.8    -1.8     1.3     6.7
94060 20171120  2.422 -105.10   48.31     8.9   -15.3    -3.2    -0.4     0.0     4.71 C     9.1   -15.7    -2.2    75.2    28.4    51.3 -99.000 -99.000 -99.000   0.127   0.207    -1.6    -1.4    -0.9     1.3     6.5
94060 20171121  2.422 -105.10   48.31    -7.5   -19.6   -13.5   -12.8     0.0     6.38 C     1.0   -20.7   -11.3    80.2    42.1    60.5 -99.000 -99.000 -99.000   0.127   0.208    -5.1    -3.8    -1.8     1.3     6.3
94060 20171122  2.422 -105.10   48.31    10.9   -10.6     0.2    -1.1     0.0     3.55 C    11.6   -12.3    -2.8    93.8    52.7    71.8 -99.000 -99.000 -99.000   0.127   0.209    -3.7    -3.4    -2.4     0.7     6.1
94060 20171123  2.422 -105.10   48.31    20.7    -5.9     7.4     9.0     0.3     3.67 C    18.8    -7.3     5.4    96.1    29.0    64.6 -99.000 -99.000 -99.000   0.125   0.209    -0.7    -1.1    -1.1     0.8     5.9
94060 20171124  2.422 -105.10   48.31    11.9    -5.5     3.2     5.5     0.0     6.24 C    12.4    -7.5     3.1    93.3    33.5    67.2   0.142   0.148   0.102   0.127   0.208     2.4     2.0     1.3     1.5     5.7
94060 20171125  2.422 -105.10   48.31    10.4    -7.9     1.2     1.5     0.0     5.71 C    10.8    -9.9    -0.9    93.9    35.0    64.5 -99.000 -99.000   0.101   0.128   0.208     0.1     0.5     1.1     2.1     5.5
94060 20171126  2.422 -105.10   48.31    13.9    -1.9     6.0     4.6     0.0     4.69 C    16.1    -5.2     2.9    76.3    30.5    56.4 -99.000 -99.000   0.104   0.129   0.209     1.2     1.1     1.2     2.2     5.5
94060 20171127  2.422 -105.10   48.31    13.2    -5.9     3.6     6.0     0.0     1.61 C    10.6    -8.2     3.3    71.1    28.0    47.8   0.141   0.152   0.108   0.130   0.208     2.4     2.3     2.1     2.6     5.5
94060 20171128  2.422 -105.10   48.31     8.2    -9.0    -0.4    -0.6     0.0     6.06 C     9.4   -12.6    -3.0    82.9    30.1    56.9 -99.000 -99.000   0.106   0.130   0.208    -0.1     0.5     1.4     2.7     5.5
94060 20171129  2.422 -105.10   48.31     7.4    -2.3     2.6     2.7     1.6     2.48 C     6.0    -5.3    -0.2    90.8    38.2    56.7 -99.000 -99.000   0.103   0.130   0.209     0.1     0.4     1.0     2.6     5.5
94060 20171130  2.422 -105.10   48.31     6.6    -5.6     0.5     0.7     0.0     3.86 C     7.6    -7.9    -1.7    80.0    36.8    57.6 -99.000 -99.000   0.095   0.129   0.209    -0.5     0.0     0.8     2.5     5.5
94060 20171201  2.422 -105.10   48.31     9.1    -8.0     0.5     0.8     0.0     5.05 C    10.2    -9.2    -1.5    87.0    31.4    59.6 -99.000 -99.000   0.094   0.129   0.208    -0.1     0.2     0.7     2.3     5.5
94060 20171202  2.422 -105.10   48.31     8.0   -10.7    -1.4    -2.2     0.0     4.98 C     8.8   -12.1    -4.3    91.0    38.2    70.9 -99.000 -99.000 -99.000   0.128   0.208    -1.5    -0.9     0.2     2.2     5.5
94060 20171203  2.422 -105.10   48.31     4.6    -7.5    -1.5    -0.4     0.0     2.67 C     6.8    -7.9    -0.9    89.2    52.0    76.0 -99.000 -99.000 -99.000   0.130   0.208    -1.1    -0.7     0.0     1.9     5.4
94060 20171204  2.422 -105.10   48.31    -1.2   -13.3    -7.2    -6.0     0.0     3.23 C     1.1   -14.9    -6.6    85.6    41.1    70.0 -99.000 -99.000 -99.000   0.128   0.208    -1.9    -1.1     0.0     1.8     5.4
94060 20171205  2.422 -105.10   48.31     3.4   -14.1    -5.4    -2.1     0.2     2.75 C     3.4   -15.9    -3.1    89.6    60.5    77.2 -99.000 -99.000 -99.000   0.128   0.209    -2.9    -2.2    -1.1     1.5     5.3
94060 20171206  2.422 -105.10   48.31    -2.6   -13.6    -8.1    -8.2     0.3     5.18 C    -2.3   -14.8    -8.1    85.4    59.7    76.0 -99.000 -99.000 -99.000   0.128   0.208    -2.9    -2.1    -1.0     1.2     5.2
94060 20171207  2.422 -105.10   48.31     4.3    -9.0    -2.4    -2.2     0.0     3.78 C     3.5   -12.0    -5.0    91.1    50.7    71.8 -99.000 -99.000 -99.000   0.127   0.209    -3.5    -2.8    -1.7     0.9     5.0
94060 20171208  2.422 -105.10   48.31     6.9    -8.6    -0.8    -2.1     0.0     2.24 C     7.2   -12.2    -5.6    91.5    40.5    71.2 -99.000 -99.000 -99.000   0.126   0.208    -3.4    -2.8    -1.7     0.7     4.9
94060 20171209  2.422 -105.10   48.31    11.9   -13.3    -0.7    -0.3     0.0     5.43 C    10.0   -14.7    -4.1    91.4    22.7    56.6 -99.000 -99.000 -99.000 -99.000   0.209    -3.6    -3.2    -2.2     0.4     4.7
94060 20171210  2.422 -105.10   48.31    11.4    -7.9     1.7     2.1     0.0     3.76 C    15.6   -11.1    -1.5    72.3    21.9    46.6 -99.000 -99.000 -99.000 -99.000   0.210    -2.5    -2.3    -1.7     0.3     4.6
94060 20171211  2.422 -105.10   48.31     5.4    -8.7    -1.7     0.8     0.0     4.38 C     7.3   -10.4    -0.9    92.8    52.7    71.8 -99.000 -99.000 -99.000 -99.000   0.211    -0.6    -0.6    -0.7     0.5     4.5
94060 20171212  2.422 -105.10   48.31    13.3    -8.0     2.6     2.6     0.0     4.60 C    12.7    -9.8     0.3    91.7    17.2    58.0 -99.000 -99.000 -99.000   0.125   0.210    -1.5    -1.3    -0.8     0.7     4.4
94060 20171213  2.422 -105.10   48.31     6.0    -0.4     2.8     2.6     0.0     3.16 C     6.6    -3.5     0.8    78.0    45.1    63.9 -99.000 -99.000 -99.000   0.125   0.209     0.1     0.0     0.0     0.9     4.3
94060 20171214  2.422 -105.10   48.31     3.6    -7.9    -2.1    -0.6     0.0     4.25 C     6.6   -10.8    -1.3    89.0    52.7    73.1 -99.000 -99.000   0.107   0.126   0.210     0.1     0.3     0.5     1.2     4.2
94060 20171215  2.422 -105.10   48.31    10.4    -4.7     2.9     2.2     0.0     2.36 C    11.8    -6.4     1.1    86.5    35.8    65.8 -99.000 -99.000 -99.000   0.127   0.209    -0.4    -0.3     0.1     1.4     4.2
94060 20171216  2.422 -105.10   48.31     4.4   -11.5    -3.6    -2.9     0.0     3.83 C     3.8   -14.4    -5.8    88.0    35.3    68.4 -99.000 -99.000 -99.000   0.127   0.210    -0.8    -0.2     0.4     1.4     4.2
94060 20171217  2.422 -105.10   48.31     2.8   -13.3    -5.3    -4.8     0.0     3.08 C     3.7   -15.7    -6.5    91.0    50.2    77.0 -99.000 -99.000 -99.000   0.127   0.211    -3.5    -2.6    -1.2     1.2     4.2
94060 20171218  2.422 -105.10   48.31     4.7    -2.5     1.1     0.5     2.0     1.65 C     4.3    -5.9    -0.9    94.3    55.9    74.5 -99.000 -99.000 -99.000   0.126   0.210    -1.5    -1.3    -1.0     0.7     4.2
94060 20171219  2.422 -105.10   48.31    -0.4    -7.5    -4.0    -3.7     0.0     3.82 C     3.2    -9.6    -4.1    86.2    56.8    67.6 -99.000 -99.000 -99.000   0.127   0.210    -2.0    -1.5    -0.8     0.8     4.1
94060 20171220  2.422 -105.10   48.31    -6.1   -17.2   -11.7    -9.9     0.4     1.91 C    -6.1   -20.2   -10.2    86.6    75.8    81.8 -99.000 -99.000 -99.000   0.125   0.210    -3.0    -2.3    -1.3     0.7     4.1
94060 20171221  2.422 -105.10   48.31    -6.5   -26.9   -16.7   -15.2     0.6     5.20 C    -7.4   -28.5   -16.5    89.1    76.7    82.8 -99.000 -99.000 -99.000 -99.000   0.210    -4.0    -3.1    -2.0     0.4     4.0
94060 20171222  2.422 -105.10   48.31    -6.5   -12.0    -9.3    -9.3     0.0     2.79 C    -7.6   -14.9   -10.8    81.8    57.6    69.8 -99.000 -99.000 -99.000 -99.000   0.210    -3.9    -3.3    -2.4     0.0     3.9
94060 20171223  2.422 -105.10   48.31    -9.1   -17.2   -13.1   -11.2     0.0     2.41 C   -10.3   -20.3   -13.3    84.0    65.3    72.1 -99.000 -99.000 -99.000 -99.000   0.211    -4.4    -3.6    -2.6    -0.2     3.8
94060 20171224  2.422 -105.10   48.31   -11.9   -28.2   -20.1   -17.6     0.0     5.31 C   -12.0   -31.7   -20.1    84.8    60.8    73.0 -99.000 -99.000 -99.000 -99.000   0.211    -5.9    -4.8    -3.3    -0.5     3.6
94060 20171225  2.422 -105.10   48.31   -23.9   -33.3   -28.6   -28.3     0.0     5.72 C   -23.0   -35.4   -30.5    75.7    60.3    68.9 -99.000 -99.000 -99.000 -99.000   0.210    -8.9    -7.2    -5.0    -1.2     3.5
94060 20171226  2.422 -105.10   48.31   -25.0   -35.8   -30.4   -30.5     0.0     5.67 C   -23.7   -36.0   -31.1    76.1    65.2    71.9 -99.000 -99.000 -99.000 -99.000   0.211   -11.3    -9.6    -7.0    -2.2     3.3
94060 20171227  2.422 -105.10   48.31   -17.7   -36.0   -26.9   -25.6     0.0     3.05 C   -15.9   -36.1   -25.7    79.7    70.5    74.0 -99.000 -99.000 -99.000 -99.000   0.210   -12.3   -11.0    -8.6    -3.4     3.1
94060 20171228  2.422 -105.10   48.31   -19.1   -28.4   -23.7   -21.8     0.5     4.51 C   -18.1   -31.8   -22.7    79.6    62.3    70.6 -99.000 -99.000 -99.000 -99.000   0.210   -12.2   -11.0    -9.1    -4.2     2.7
94060 20171229  2.422 -105.10   48.31   -18.5   -32.7   -25.6   -23.5     2.4     3.96 C   -18.6   -35.9   -24.5    80.8    61.9    70.1 -99.000 -99.000 -99.000 -99.000   0.211   -11.5   -10.6    -9.1    -4.8     2.4
94060 20171230  2.422 -105.10   48.31   -25.3   -36.4   -30.9   -28.3     0.0     2.88 C   -24.3   -40.6   -28.2    74.6    63.6    69.2 -99.000 -99.000 -99.000 -99.000   0.212   -12.2   -11.2    -9.4    -5.2     1.9
94060 20171231  2.422 -105.10   48.31   -31.4   -40.6   -36.0   -36.5     0.0     5.97 C   -29.8   -43.3   -38.5    73.6    67.2    70.0 -99.000 -99.000 -99.000 -99.000   0.212   -13.7   -12.4   -10.2    -5.7     1.6
