26494 20170101  2.424 -147.51   64.97    -1.5    -6.7    -4.1    -4.2     0.0     0.00 C    -4.4   -16.4   -12.1    81.8    54.7    66.9 -99.000 -99.000 -99.000 -99.000 -99.000 -9999.0 -9999.0 -9999.0 -9999.0 -9999.0
26494 20170102  2.424 -147.51   64.97    -4.2    -9.2    -6.7    -6.3     0.0     0.00 C    -9.1   -17.4   -13.8    82.6    55.9    68.7 -99.000 -99.000 -99.000 -99.000 -99.000 -9999.0 -9999.0 -9999.0 -9999.0 -9999.0
26494 20170103  2.424 -147.51   64.97    -4.8   -10.7    -7.7    -7.7     0.4     0.00 C    -5.9   -16.5    -9.3    89.6    54.4    76.5 -99.000 -99.000 -99.000 -99.000 -99.000 -9999.0 -9999.0 -9999.0 -9999.0 -9999.0
26494 20170104  2.424 -147.51   64.97    -6.0   -10.1    -8.0    -8.2     4.0     0.00 C    -6.1   -20.3   -10.1    90.7    87.1    89.2 -99.000 -99.000 -99.000 -99.000 -99.000 -9999.0 -9999.0 -9999.0 -9999.0 -9999.0
26494 20170105  2.424 -147.51   64.97    -6.5   -20.0   -13.3   -12.0     2.9     0.00 C    -7.0   -29.3   -14.4    90.3    65.8    79.1 -99.000 -99.000 -99.000 -99.000 -99.000 -9999.0 -9999.0 -9999.0 -9999.0 -9999.0
26494 20170106  2.424 -147.51   64.97   -18.6   -23.7   -21.2   -21.5     0.0     0.04 C   -24.1   -33.5   -29.4    80.7    72.6    76.3 -99.000 -99.000 -99.000 -99.000 -99.000 -9999.0 -9999.0 -9999.0 -9999.0 -9999.0
26494 20170107  2.424 -147.51   64.97   -17.7   -22.1   -19.9   -20.6     0.0     0.00 C   -19.4   -30.6   -26.5    77.6    70.1    75.2 -99.000 -99.000 -99.000 -99.000 -99.000 -9999.0 -9999.0 -9999.0 -9999.0 -9999.0
26494 20170108  2.424 -147.51   64.97   -13.3   -21.2   -17.2   -17.0     0.0     0.00 C   -19.2   -27.6   -23.6    82.1    60.3    74.5 -99.000 -99.000 -99.000 -99.000 -99.000 -9999.0 -9999.0 -9999.0 -9999.0 -9999.0
26494 20170109  2.424 -147.51   64.97   -12.7   -17.7   -15.2   -15.5     0.0     0.00 C   -19.6   -23.7   -21.9    82.5    71.8    79.7 -99.000 -99.000 -99.000 -99.000 -99.000 -9999.0 -9999.0 -9999.0 -9999.0 -9999.0
26494 20170110  2.424 -147.51   64.97   -12.8   -21.0   -16.9   -18.1     0.0     0.00 C   -17.1   -25.9   -23.1    84.5    75.7    79.4 -99.000 -99.000 -99.000 -99.000 -99.000 -9999.0 -9999.0 -9999.0 -9999.0 -9999.0
26494 20170111  2.424 -147.51   64.97   -18.5   -22.7   -20.6   -20.6     0.8     0.01 C   -16.4   -28.5   -21.2    82.0    75.5    78.6 -99.000 -99.000 -99.000 -99.000 -99.000 -9999.0 -9999.0 -9999.0 -9999.0 -9999.0
26494 20170112  2.424 -147.51   64.97   -16.9   -20.2   -18.5   -18.1     1.5     0.00 C   -17.7   -19.9   -18.4    82.0    78.8    80.3 -99.000 -99.000 -99.000 -99.000 -99.000 -9999.0 -9999.0 -9999.0 -9999.0 -9999.0
26494 20170113  2.424 -147.51   64.97   -10.4   -19.0   -14.7   -15.1     0.4     0.01 C   -11.2   -26.3   -17.0    80.7    64.5    75.4 -99.000 -99.000 -99.000 -99.000 -99.000 -9999.0 -9999.0 -9999.0 -9999.0 -9999.0
26494 20170114  2.424 -147.51   64.97   -10.4   -25.5   -18.0   -15.2     3.7     0.00 C   -10.4   -34.3   -16.5    84.8    66.7    75.3 -99.000 -99.000 -99.000 -99.000 -99.000 -9999.0 -9999.0 -9999.0 -9999.0 -9999.0
26494 20170115  2.424 -147.51   64.97   -23.8   -28.2   -26.0   -26.1     0.0     0.00 C   -24.9   -38.0   -33.2    74.7    70.2    72.5 -99.000 -99.000 -99.000 -99.000 -99.000 -9999.0 -9999.0 -9999.0 -9999.0 -9999.0
26494 20170116  2.424 -147.51   64.97   -23.0   -27.6   -25.3   -25.7     5.6     0.00 C   -21.8   -30.2   -24.6    77.3    68.0    73.7 -99.000 -99.000 -99.000 -99.000 -99.000 -9999.0 -9999.0 -9999.0 -9999.0 -9999.0
26494 20170117  2.424 -147.51   64.97   -27.0   -31.9   -29.5   -29.6     0.2     0.00 C   -28.3   -42.9   -36.1    70.9    66.8    68.9 -99.000 -99.000 -99.000 -99.000 -99.000 -9999.0 -9999.0 -9999.0 -9999.0 -9999.0
26494 20170118  2.424 -147.51   64.97   -31.2   -38.7   -34.9   -34.6     0.0     0.00 C   -39.1   -46.7   -43.4    69.2    65.5    67.7 -99.000 -99.000 -99.000 -99.000 -99.000 -9999.0 -9999.0 -9999.0 -9999.0 -9999.0
26494 20170119  2.424 -147.51   64.97   -21.8   -37.6   -29.7   -32.8     0.0     0.00 C   -27.3   -45.1   -38.1    69.1    60.7    66.7 -99.000 -99.000 -99.000 -99.000 -99.000 -9999.0 -9999.0 -9999.0 -9999.0 -9999.0
26494 20170120  2.424 -147.51   64.97   -16.1   -24.2   -20.2   -19.4     0.6     0.00 C   -17.0   -32.4   -22.5    79.1    54.0    69.7 -99.000 -99.000 -99.000 -99.000 -99.000 -9999.0 -9999.0 -9999.0 -9999.0 -9999.0
26494 20170121  2.424 -147.51   64.97   -19.0   -28.2   -23.6   -25.6     0.8     0.00 C   -20.1   -35.8   -26.4    77.5    69.6    73.3 -99.000 -99.000 -99.000 -99.000 -99.000 -9999.0 -9999.0 -9999.0 -9999.0 -9999.0
26494 20170122  2.424 -147.51   64.97   -25.4   -30.6   -28.0   -28.2     0.0     0.00 C   -28.3   -37.7   -33.5    76.1    69.9    71.7 -99.000 -99.000 -99.000 -99.000 -99.000 -9999.0 -9999.0 -9999.0 -9999.0 -9999.0
26494 20170123  2.424 -147.51   64.97   -12.6   -28.0   -20.3   -21.2     0.0     0.01 C   -13.4   -35.9   -26.6    82.7    71.1    76.0 -99.000 -99.000 -99.000 -99.000 -99.000 -9999.0 -9999.0 -9999.0 -9999.0 -9999.0
26494 20170124  2.424 -147.51   64.97    -6.4   -16.0   -11.2    -9.6     0.0     0.00 C   -14.0   -21.9   -17.9    85.3    68.4    79.6 -99.000 -99.000 -99.000 -99.000 -99.000 -9999.0 -9999.0 -9999.0 -9999.0 -9999.0
26494 20170125  2.424 -147.51   64.97     0.5    -9.1    -4.3    -4.7     0.0     0.00 C    -6.4   -18.8   -11.8    83.8    58.7    73.5 -99.000 -99.000 -99.000 -99.000 -99.000 -9999.0 -9999.0 -9999.0 -9999.0 -9999.0
26494 20170126  2.424 -147.51   64.97     3.4    -2.4     0.5     1.3     0.0     0.10 C    -2.2   -11.4    -5.5    75.4    37.5    50.6 -99.000 -99.000 -99.000 -99.000 -99.000 -9999.0 -9999.0 -9999.0 -9999.0 -9999.0
26494 20170127  2.424 -147.51   64.97     2.6    -3.6    -0.5    -0.2     0.0     0.36 C    -3.4   -14.6    -7.6    64.4    34.4    47.4 -99.000 -99.000 -99.000 -99.000 -99.000 -9999.0 -9999.0 -9999.0 -9999.0 -9999.0
26494 20170128  2.424 -147.51   64.97    -0.3   -11.3    -5.8    -7.4     3.8     0.30 C    -8.2   -15.4   -11.3    89.9    57.9    80.7 -99.000 -99.000 -99.000 -99.000 -99.000 -9999.0 -9999.0 -9999.0 -9999.0 -9999.0
26494 20170129  2.424 -147.51   64.97    -8.5   -13.9   -11.2   -11.2     0.6     0.08 C    -9.5   -24.8   -18.1    89.4    72.7    82.9 -99.000 -99.000 -99.000 -99.000 -99.000 -9999.0 -9999.0 -9999.0 -9999.0 -9999.0
26494 20170130  2.424 -147.51   64.97    -3.6   -13.3    -8.5    -7.8     0.0     0.13 C    -8.7   -24.5   -16.8    83.7    46.8    61.6 -99.000 -99.000 -99.000 -99.000 -99.000 -9999.0 -9999.0 -9999.0 -9999.0 -9999.0
26494 20170131  2.424 -147.51   64.97    -1.6   -10.0    -5.8    -4.8     0.0     0.30 C    -5.4   -18.5   -11.8    74.8    44.7    57.6 -99.000 -99.000 -99.000 -99.000 -99.000 -9999.0 -9999.0 -9999.0 -9999.0 -9999.0
26494 20170201  2.424 -147.51   64.97    -8.5   -14.1   -11.3   -11.2     0.0     0.61 C   -16.0   -23.0   -20.3    86.7    72.7    82.1 -99.000 -99.000 -99.000 -99.000 -99.000 -9999.0 -9999.0 -9999.0 -9999.0 -9999.0
26494 20170202  2.424 -147.51   64.97   -10.4   -14.3   -12.4   -12.2     0.0     0.72 C   -15.8   -23.7   -20.1    86.4    81.5    84.3 -99.000 -99.000 -99.000 -99.000 -99.000 -9999.0 -9999.0 -9999.0 -9999.0 -9999.0
26494 20170203  2.424 -147.51   64.97    -5.3   -12.5    -8.9    -8.4     0.0     1.05 C   -14.2   -20.6   -17.6    85.1    54.8    73.4 -99.000 -99.000 -99.000 -99.000 -99.000 -9999.0 -9999.0 -9999.0 -9999.0 -9999.0
26494 20170204  2.424 -147.51   64.97    -2.3   -11.1    -6.7    -6.1     0.0     1.11 C   -12.4   -20.7   -16.7    77.6    37.7    52.3 -99.000 -99.000 -99.000 -99.000 -99.000 -9999.0 -9999.0 -9999.0 -9999.0 -9999.0
26494 20170205  2.424 -147.51   64.97    -8.9   -15.1   -12.0   -12.8     0.0     1.01 C   -14.8   -23.5   -20.1    84.9    58.8    77.6 -99.000 -99.000 -99.000 -99.000 -99.000 -9999.0 -9999.0 -9999.0 -9999.0 -9999.0
26494 20170206  2.424 -147.51   64.97    -0.2   -10.9    -5.5    -6.2     0.0     1.38 C    -6.5   -21.8   -15.7    70.1    33.3    51.5 -99.000 -99.000 -99.000 -99.000 -99.000 -9999.0 -9999.0 -9999.0 -9999.0 -9999.0
26494 20170207  2.424 -147.51   64.97    -9.2   -20.1   -14.6   -14.1     0.0     1.48 C   -18.7   -27.5   -23.1    83.3    61.0    73.9 -99.000 -99.000 -99.000 -99.000 -99.000 -9999.0 -9999.0 -9999.0 -9999.0 -9999.0
26494 20170208  2.424 -147.51   64.97   -11.3   -20.2   -15.8   -14.5     1.2     0.68 C   -11.8   -27.8   -15.8    86.7    76.7    82.5 -99.000 -99.000 -99.000 -99.000 -99.000 -9999.0 -9999.0 -9999.0 -9999.0 -9999.0
26494 20170209  2.424 -147.51   64.97   -15.1   -22.0   -18.5   -18.4     0.0     0.50 C   -16.3   -32.1   -22.3    82.7    65.4    78.9 -99.000 -99.000 -99.000 -99.000 -99.000 -9999.0 -9999.0 -9999.0 -9999.0 -9999.0
26494 20170210  2.424 -147.51   64.97   -18.8   -27.2   -23.0   -21.2     0.0     1.71 C   -21.3   -35.8   -26.8    78.8    49.4    62.2 -99.000 -99.000 -99.000 -99.000 -99.000 -9999.0 -9999.0 -9999.0 -9999.0 -9999.0
26494 20170211  2.424 -147.51   64.97   -25.9   -31.4   -28.7   -28.3     0.0     2.07 C   -29.9   -40.3   -35.5    72.6    65.9    70.4 -99.000 -99.000 -99.000 -99.000 -99.000 -9999.0 -9999.0 -9999.0 -9999.0 -9999.0
26494 20170212  2.424 -147.51   64.97   -11.5   -32.6   -22.1   -25.9     0.0     2.29 C   -13.9   -41.4   -33.1    73.7    52.5    66.6 -99.000 -99.000 -99.000 -99.000 -99.000 -9999.0 -9999.0 -9999.0 -9999.0 -9999.0
26494 20170213  2.424 -147.51   64.97    -2.6   -11.9    -7.3    -7.3     0.0     0.87 C    -7.2   -15.3   -11.8    84.6    45.2    62.2 -99.000 -99.000 -99.000 -99.000 -99.000 -9999.0 -9999.0 -9999.0 -9999.0 -9999.0
26494 20170214  2.424 -147.51   64.97     5.6    -5.9    -0.1     1.9     1.6     1.00 C     0.1   -12.8    -3.0    86.4    47.9    66.0 -99.000 -99.000 -99.000 -99.000 -99.000 -9999.0 -9999.0 -9999.0 -9999.0 -9999.0
26494 20170215  2.424 -147.51   64.97     3.9    -6.8    -1.4    -1.4     0.3     1.44 C    -2.4   -10.1    -5.8    85.3    41.9    64.4 -99.000 -99.000 -99.000 -99.000 -99.000 -9999.0 -9999.0 -9999.0 -9999.0 -9999.0
26494 20170216  2.424 -147.51   64.97    -0.9    -9.3    -5.1    -5.0     0.0     3.21 C    -8.1   -18.7   -13.4    85.5    36.5    57.6 -99.000 -99.000 -99.000 -99.000 -99.000 -9999.0 -9999.0 -9999.0 -9999.0 -9999.0
26494 20170217  2.424 -147.51   64.97    -0.9    -7.7    -4.3    -4.3     0.0     1.34 C    -7.2   -18.6   -13.2    63.6    34.0    46.8 -99.000 -99.000 -99.000 -99.000 -99.000 -9999.0 -9999.0 -9999.0 -9999.0 -9999.0
26494 20170218  2.424 -147.51   64.97    -3.1   -15.2    -9.1    -9.7     0.0     2.82 C    -8.7   -21.5   -14.6    87.2    53.4    71.0 -99.000 -99.000 -99.000 -99.000 -99.000 -9999.0 -9999.0 -9999.0 -9999.0 -9999.0
26494 20170219  2.424 -147.51   64.97   -14.8   -19.6   -17.2   -16.6     0.0     1.72 C   -14.2   -23.8   -16.8    84.2    74.3    79.1 -99.000 -99.000 -99.000 -99.000 -99.000 -9999.0 -9999.0 -9999.0 -9999.0 -9999.0
26494 20170220  2.424 -147.51   64.97   -18.9   -26.4   -22.6   -21.9     0.0     0.87 C   -19.7   -33.2   -23.0    81.5    71.3    76.6 -99.000 -99.000 -99.000 -99.000 -99.000 -9999.0 -9999.0 -9999.0 -9999.0 -9999.0
26494 20170221  2.424 -147.51   64.97   -17.3   -27.6   -22.5   -23.5     0.0     3.18 C   -23.7   -35.2   -30.1    73.3    59.9    68.5 -99.000 -99.000 -99.000 -99.000 -99.000 -9999.0 -9999.0 -9999.0 -9999.0 -9999.0
26494 20170222  2.424 -147.51   64.97   -11.9   -19.5   -15.7   -14.7     1.7     1.61 C   -12.0   -27.0   -16.6    85.4    64.5    75.6 -99.000 -99.000 -99.000 -99.000 -99.000 -9999.0 -9999.0 -9999.0 -9999.0 -9999.0
26494 20170223  2.424 -147.51   64.97    -1.8   -17.7    -9.8    -9.4     4.0     0.12 C    -3.3   -24.7    -9.8    88.2    73.9    81.9 -99.000 -99.000 -99.000 -99.000 -99.000 -9999.0 -9999.0 -9999.0 -9999.0 -9999.0
26494 20170224  2.424 -147.51   64.97    -0.8    -4.9    -2.9    -2.5     9.8     0.15 C    -1.7    -4.9    -3.2    93.9    80.1    88.1 -99.000 -99.000 -99.000 -99.000 -99.000 -9999.0 -9999.0 -9999.0 -9999.0 -9999.0
26494 20170225  2.424 -147.51   64.97    -1.6    -2.8    -2.2    -2.2     6.8     1.04 C    -2.4    -5.1    -3.1    91.1    78.1    84.9 -99.000 -99.000 -99.000 -99.000 -99.000 -9999.0 -9999.0 -9999.0 -9999.0 -9999.0
26494 20170226  2.424 -147.51   64.97    -1.3    -4.7    -3.0    -2.6     1.5     1.22 C    -1.9    -7.4    -3.8    91.5    67.9    81.8 -99.000 -99.000 -99.000 -99.000 -99.000 -9999.0 -9999.0 -9999.0 -9999.0 -9999.0
26494 20170227  2.424 -147.51   64.97    -4.5    -9.7    -7.1    -7.0     0.7     2.58 C    -5.7   -16.4    -9.8    88.0    59.0    78.6 -99.000 -99.000 -99.000 -99.000 -99.000 -9999.0 -9999.0 -9999.0 -9999.0 -9999.0
26494 20170228  2.424 -147.51   64.97    -9.7   -19.5   -14.6   -15.3     0.0     5.52 C   -11.3   -30.3   -20.7    81.6    35.0    48.0 -99.000 -99.000 -99.000 -99.000 -99.000 -9999.0 -9999.0 -9999.0 -9999.0 -9999.0
26494 20170301  2.424 -147.51   64.97   -15.2   -23.7   -19.5   -18.4     0.0     6.29 C   -18.7   -34.8   -25.7    62.7    34.8    44.9 -99.000 -99.000 -99.000 -99.000 -99.000 -9999.0 -9999.0 -9999.0 -9999.0 -9999.0
26494 20170302  2.424 -147.51   64.97   -18.8   -26.6   -22.7   -23.2     0.0     6.07 C   -20.4   -37.7   -31.0    72.0    51.0    63.1 -99.000 -99.000 -99.000 -99.000 -99.000 -9999.0 -9999.0 -9999.0 -9999.0 -9999.0
26494 20170303  2.424 -147.51   64.97   -19.4   -28.1   -23.7   -23.3     0.0     6.30 C   -21.3   -38.1   -29.5    74.0    53.8    65.4 -99.000 -99.000 -99.000 -99.000 -99.000 -9999.0 -9999.0 -9999.0 -9999.0 -9999.0
26494 20170304  2.424 -147.51   64.97   -14.5   -21.3   -17.9   -17.7     0.5     3.59 C   -14.8   -25.6   -19.5    78.3    60.0    73.0 -99.000 -99.000 -99.000 -99.000 -99.000 -9999.0 -9999.0 -9999.0 -9999.0 -9999.0
26494 20170305  2.424 -147.51   64.97   -16.4   -24.9   -20.6   -20.1     0.0     7.25 C   -19.4   -37.2   -28.6    76.7    24.2    48.6 -99.000 -99.000 -99.000 -99.000 -99.000 -9999.0 -9999.0 -9999.0 -9999.0 -9999.0
26494 20170306  2.424 -147.51   64.97   -16.4   -26.3   -21.3   -22.0     0.0     7.45 C   -22.0   -38.8   -32.4    61.0    24.2    47.2 -99.000 -99.000 -99.000 -99.000 -99.000 -9999.0 -9999.0 -9999.0 -9999.0 -9999.0
26494 20170307  2.424 -147.51   64.97   -15.5   -26.5   -21.0   -21.4     0.0     7.73 C   -20.5   -38.6   -31.5    65.9    32.0    49.9 -99.000 -99.000 -99.000 -99.000 -99.000 -9999.0 -9999.0 -9999.0 -9999.0 -9999.0
26494 20170308  2.424 -147.51   64.97   -17.5   -26.5   -22.0   -22.3     0.0     7.90 C   -21.4   -38.7   -31.6    68.5    41.9    54.9 -99.000 -99.000 -99.000 -99.000 -99.000 -9999.0 -9999.0 -9999.0 -9999.0 -9999.0
26494 20170309  2.424 -147.51   64.97   -12.8   -24.1   -18.5   -17.8     0.0     5.89 C   -16.0   -35.4   -24.5    59.9    31.4    45.2 -99.000 -99.000 -99.000 -99.000 -99.000 -9999.0 -9999.0 -9999.0 -9999.0 -9999.0
26494 20170310  2.424 -147.51   64.97   -12.2   -16.3   -14.3   -14.3     1.3     2.00 C   -12.5   -21.8   -15.4    79.9    45.7    68.0 -99.000 -99.000 -99.000 -99.000 -99.000 -9999.0 -9999.0 -9999.0 -9999.0 -9999.0
26494 20170311  2.424 -147.51   64.97    -5.8   -16.9   -11.4   -11.3     0.0     8.33 C   -10.6   -25.3   -18.1    83.3    37.0    61.1 -99.000 -99.000 -99.000 -99.000 -99.000 -9999.0 -9999.0 -9999.0 -9999.0 -9999.0
26494 20170312  2.424 -147.51   64.97    -7.0   -17.7   -12.4   -12.3     0.0     8.46 C   -12.0   -29.8   -21.4    68.7    26.6    48.3 -99.000 -99.000 -99.000 -99.000 -99.000 -9999.0 -9999.0 -9999.0 -9999.0 -9999.0
26494 20170313  2.424 -147.51   64.97   -10.2   -18.0   -14.1   -14.2     0.0     6.82 C   -11.2   -28.7   -21.8    81.2    45.9    64.9 -99.000 -99.000 -99.000 -99.000 -99.000 -9999.0 -9999.0 -9999.0 -9999.0 -9999.0
26494 20170314  2.424 -147.51   64.97   -14.4   -20.3   -17.4   -17.2     0.0     9.50 C   -17.2   -33.1   -25.0    60.4    37.9    47.5 -99.000 -99.000 -99.000 -99.000 -99.000 -9999.0 -9999.0 -9999.0 -9999.0 -9999.0
26494 20170315  2.424 -147.51   64.97   -16.6   -21.7   -19.2   -19.7     0.0     9.57 C   -18.1   -34.3   -25.7    56.6    36.8    45.8 -99.000 -99.000 -99.000 -99.000 -99.000 -9999.0 -9999.0 -9999.0 -9999.0 -9999.0
26494 20170316  2.424 -147.51   64.97   -16.0   -22.3   -19.1   -19.5     0.0     9.87 C   -17.8   -32.9   -25.5    54.1    35.5    44.9 -99.000 -99.000 -99.000 -99.000 -99.000 -9999.0 -9999.0 -9999.0 -9999.0 -9999.0
26494 20170317  2.424 -147.51   64.97   -14.8   -23.8   -19.3   -19.4     0.0    10.16 C   -16.5   -34.2   -25.2    65.9    37.1    50.4 -99.000 -99.000 -99.000 -99.000 -99.000 -9999.0 -9999.0 -9999.0 -9999.0 -9999.0
26494 20170318  2.424 -147.51   64.97   -13.3   -21.7   -17.5   -17.3     0.0    10.51 C   -15.4   -31.6   -22.9    60.8    36.8    47.9 -99.000 -99.000 -99.000 -99.000 -99.000 -9999.0 -9999.0 -9999.0 -9999.0 -9999.0
26494 20170319  2.424 -147.51   64.97    -8.1   -20.3   -14.2   -14.3     0.0    10.84 C   -10.9   -30.7   -20.9    67.6    35.4    50.5 -99.000 -99.000 -99.000 -99.000 -99.000 -9999.0 -9999.0 -9999.0 -9999.0 -9999.0
26494 20170320  2.424 -147.51   64.97   -11.7   -19.5   -15.6   -15.4     0.0     7.42 C   -11.8   -28.7   -20.4    72.5    45.3    58.5 -99.000 -99.000 -99.000 -99.000 -99.000 -9999.0 -9999.0 -9999.0 -9999.0 -9999.0
26494 20170321  2.424 -147.51   64.97    -7.6   -20.4   -14.0   -13.8     0.0    11.32 C   -10.1   -30.3   -20.9    78.1    30.6    53.1 -99.000 -99.000 -99.000 -99.000 -99.000 -9999.0 -9999.0 -9999.0 -9999.0 -9999.0
26494 20170322  2.424 -147.51   64.97    -6.7   -15.7   -11.2   -11.3     0.0    11.35 C    -9.0   -26.4   -18.1    54.6    37.2    45.9 -99.000 -99.000 -99.000 -99.000 -99.000 -9999.0 -9999.0 -9999.0 -9999.0 -9999.0
26494 20170323  2.424 -147.51   64.97    -8.8   -17.3   -13.1   -13.6     0.0    11.21 C   -10.2   -27.7   -20.1    68.9    44.0    57.1 -99.000 -99.000 -99.000 -99.000 -99.000 -9999.0 -9999.0 -9999.0 -9999.0 -9999.0
26494 20170324  2.424 -147.51   64.97    -7.2   -18.6   -12.9   -12.7     0.0    12.04 C    -8.7   -29.6   -19.9    76.3    37.0    55.1 -99.000 -99.000 -99.000 -99.000 -99.000 -9999.0 -9999.0 -9999.0 -9999.0 -9999.0
26494 20170325  2.424 -147.51   64.97    -7.1   -15.0   -11.0   -11.2     0.0    12.39 C    -8.7   -24.5   -17.2    55.6    36.9    46.9 -99.000 -99.000 -99.000 -99.000 -99.000 -9999.0 -9999.0 -9999.0 -9999.0 -9999.0
26494 20170326  2.424 -147.51   64.97    -5.5   -16.5   -11.0   -11.1     0.0    12.76 C    -7.9   -28.1   -18.6    60.9    30.1    45.6 -99.000 -99.000 -99.000 -99.000 -99.000 -9999.0 -9999.0 -9999.0 -9999.0 -9999.0
26494 20170327  2.424 -147.51   64.97    -3.8   -12.1    -8.0    -7.6     0.0    10.05 C    -5.4   -22.3   -11.8    49.3    38.0    44.6 -99.000 -99.000 -99.000 -99.000 -99.000 -9999.0 -9999.0 -9999.0 -9999.0 -9999.0
26494 20170328  2.424 -147.51   64.97    -0.9    -7.6    -4.3    -4.9     0.0     6.91 C    -4.1   -13.7    -8.1    65.8    45.9    54.5 -99.000 -99.000 -99.000 -99.000 -99.000 -9999.0 -9999.0 -9999.0 -9999.0 -9999.0
26494 20170329  2.424 -147.51   64.97    -5.0   -12.9    -9.0    -8.8     0.0     8.98 C    -4.8   -18.9   -12.3    81.7    51.4    66.4 -99.000 -99.000 -99.000 -99.000 -99.000 -9999.0 -9999.0 -9999.0 -9999.0 -9999.0
26494 20170330  2.424 -147.51   64.97    -1.0   -12.2    -6.6    -5.9     2.2     8.25 C    -4.0   -17.6    -9.7    87.5    51.1    67.6 -99.000 -99.000 -99.000 -99.000 -99.000 -9999.0 -9999.0 -9999.0 -9999.0 -9999.0
26494 20170331  2.424 -147.51   64.97     6.8    -3.4     1.7     1.8     0.0     9.29 C     0.5   -12.5    -4.4    58.6    33.0    44.7 -99.000 -99.000 -99.000 -99.000 -99.000 -9999.0 -9999.0 -9999.0 -9999.0 -9999.0
26494 20170401  2.424 -147.51   64.97     9.9     0.3     5.1     5.4     0.0     9.63 C     0.7    -5.9    -1.6    66.1    31.9    47.6 -99.000 -99.000 -99.000 -99.000 -99.000 -9999.0 -9999.0 -9999.0 -9999.0 -9999.0
26494 20170402  2.424 -147.51   64.97     6.4     0.1     3.2     2.9     1.0     6.09 C     0.3    -4.9    -1.0    90.4    46.0    61.2 -99.000 -99.000 -99.000 -99.000 -99.000 -9999.0 -9999.0 -9999.0 -9999.0 -9999.0
26494 20170403  2.424 -147.51   64.97     6.3    -2.6     1.8     2.1     0.0    15.02 C     0.0    -8.7    -3.6    83.0    25.9    47.1 -99.000 -99.000 -99.000 -99.000 -99.000 -9999.0 -9999.0 -9999.0 -9999.0 -9999.0
26494 20170404  2.424 -147.51   64.97     8.4    -0.2     4.1     3.4     0.0    12.93 C     0.1    -5.6    -2.3    51.7    23.6    38.5 -99.000 -99.000 -99.000 -99.000 -99.000 -9999.0 -9999.0 -9999.0 -9999.0 -9999.0
26494 20170405  2.424 -147.51   64.97     4.2     0.2     2.2     1.7     0.0    12.27 C     0.2    -4.6    -2.1    53.4    41.9    48.4 -99.000 -99.000 -99.000 -99.000 -99.000 -9999.0 -9999.0 -9999.0 -9999.0 -9999.0
26494 20170406  2.424 -147.51   64.97     2.9    -2.9     0.0     0.5     1.1     6.16 C     0.1    -5.1    -1.4    86.0    48.2    62.7 -99.000 -99.000 -99.000 -99.000 -99.000 -9999.0 -9999.0 -9999.0 -9999.0 -9999.0
26494 20170407  2.424 -147.51   64.97    -2.8    -5.5    -4.1    -3.9     0.3     6.32 C    -3.0    -7.3    -4.8    80.5    44.9    57.4 -99.000 -99.000 -99.000 -99.000 -99.000 -9999.0 -9999.0 -9999.0 -9999.0 -9999.0
26494 20170408  2.424 -147.51   64.97     2.6    -6.3    -1.9    -2.4     0.2    13.65 C    -0.3   -10.2    -5.0    79.6    36.3    54.3 -99.000 -99.000 -99.000 -99.000 -99.000 -9999.0 -9999.0 -9999.0 -9999.0 -9999.0
26494 20170409  2.424 -147.51   64.97     7.3    -2.6     2.3     2.2     0.0    15.79 C     0.5    -9.8    -3.7    49.6    25.2    39.9 -99.000 -99.000 -99.000 -99.000 -99.000 -9999.0 -9999.0 -9999.0 -9999.0 -9999.0
26494 20170410  2.424 -147.51   64.97     8.4    -2.3     3.1     3.4     0.0    13.89 C     1.4    -9.8    -3.2    57.2    25.5    40.7 -99.000 -99.000 -99.000 -99.000 -99.000 -9999.0 -9999.0 -9999.0 -9999.0 -9999.0
26494 20170411  2.424 -147.51   64.97     7.7    -1.3     3.2     3.0     0.0    16.57 C     3.9    -7.6    -1.9    64.6    27.4    45.5 -99.000 -99.000 -99.000 -99.000 -99.000 -9999.0 -9999.0 -9999.0 -9999.0 -9999.0
26494 20170412  2.424 -147.51   64.97     8.0    -2.2     2.9     3.3     0.0    16.93 C     7.9    -9.6    -1.4    56.4    23.2    39.8 -99.000 -99.000 -99.000 -99.000 -99.000 -9999.0 -9999.0 -9999.0 -9999.0 -9999.0
26494 20170413  2.424 -147.51   64.97     6.4    -1.4     2.5     3.0     0.0    17.28 C    10.8    -8.3     0.6    49.9    27.6    38.0 -99.000 -99.000 -99.000 -99.000 -99.000 -9999.0 -9999.0 -9999.0 -9999.0 -9999.0
26494 20170414  2.424 -147.51   64.97     9.7    -2.2     3.8     4.3     0.0    17.37 C    20.4    -8.5     3.4    50.2    21.5    33.7 -99.000 -99.000 -99.000 -99.000 -99.000 -9999.0 -9999.0 -9999.0 -9999.0 -9999.0
26494 20170415  2.424 -147.51   64.97     3.5    -3.4     0.0     0.1     0.0    15.43 C    15.3    -7.6     0.4    51.5    32.5    43.9 -99.000 -99.000 -99.000 -99.000 -99.000 -9999.0 -9999.0 -9999.0 -9999.0 -9999.0
26494 20170416  2.424 -147.51   64.97    -0.6    -5.7    -3.1    -3.2     0.0    16.20 C    10.8    -8.3    -1.8    51.1    32.4    40.0 -99.000 -99.000 -99.000 -99.000 -99.000 -9999.0 -9999.0 -9999.0 -9999.0 -9999.0
26494 20170417  2.424 -147.51   64.97    -0.4    -6.4    -3.4    -3.7     0.0    18.26 C    12.3   -10.3    -2.0    38.6    24.7    31.4 -99.000 -99.000 -99.000 -99.000 -99.000 -9999.0 -9999.0 -9999.0 -9999.0 -9999.0
26494 20170418  2.424 -147.51   64.97     2.9    -7.2    -2.2    -1.8     0.0    18.60 C    19.2   -12.9    -0.2    39.4    19.5    29.8 -99.000 -99.000 -99.000 -99.000 -99.000 -9999.0 -9999.0 -9999.0 -9999.0 -9999.0
26494 20170419  2.424 -147.51   64.97    -0.8    -5.0    -2.9    -2.9     0.0    19.08 C    12.7    -9.5    -1.6    39.2    30.3    35.3 -99.000 -99.000 -99.000 -99.000 -99.000 -9999.0 -9999.0 -9999.0 -9999.0 -9999.0
26494 20170420  2.424 -147.51   64.97     3.2    -6.0    -1.4    -1.4     0.0    19.29 C    19.4   -11.7     0.6    39.3    19.0    30.4 -99.000 -99.000 -99.000 -99.000 -99.000 -9999.0 -9999.0 -9999.0 -9999.0 -9999.0
26494 20170421  2.424 -147.51   64.97     6.0    -4.3     0.8     1.3     0.0    19.57 C    21.2   -11.6     2.4    42.0    19.2    27.7 -99.000 -99.000 -99.000 -99.000 -99.000 -9999.0 -9999.0 -9999.0 -9999.0 -9999.0
26494 20170422  2.424 -147.51   64.97     8.7    -1.3     3.7     4.2     0.0    19.75 C    23.5    -9.6     4.8    41.4    22.6    30.7 -99.000 -99.000 -99.000 -99.000 -99.000 -9999.0 -9999.0 -9999.0 -9999.0 -9999.0
26494 20170423  2.424 -147.51   64.97     9.7    -0.5     4.6     5.3     0.0    17.68 C    23.6    -9.3     5.4    46.4    21.7    31.5 -99.000 -99.000 -99.000 -99.000 -99.000 -9999.0 -9999.0 -9999.0 -9999.0 -9999.0
26494 20170424  2.424 -147.51   64.97    12.6     2.1     7.4     7.4     0.0    19.03 C    29.7    -6.0     9.3    52.2    23.3    35.0 -99.000 -99.000 -99.000 -99.000 -99.000 -9999.0 -9999.0 -9999.0 -9999.0 -9999.0
26494 20170425  2.424 -147.51   64.97    11.9     3.0     7.4     7.3     0.0    12.43 C    31.8    -3.4     8.4    60.7    34.7    44.9 -99.000 -99.000 -99.000 -99.000 -99.000 -9999.0 -9999.0 -9999.0 -9999.0 -9999.0
26494 20170426  2.424 -147.51   64.97    10.0    -0.8     4.6     4.2     0.0    16.40 C    24.9    -7.3     6.4    71.2    40.1    53.8 -99.000 -99.000 -99.000 -99.000 -99.000 -9999.0 -9999.0 -9999.0 -9999.0 -9999.0
26494 20170427  2.424 -147.51   64.97     8.5    -2.3     3.1     3.1     0.0    18.79 C    26.9    -8.0     6.0    76.6    37.6    54.9 -99.000 -99.000 -99.000 -99.000 -99.000 -9999.0 -9999.0 -9999.0 -9999.0 -9999.0
26494 20170428  2.424 -147.51   64.97    11.9    -1.0     5.5     5.5     0.0    17.12 C    30.6    -7.8     7.2    72.4    33.7    51.2 -99.000 -99.000 -99.000 -99.000 -99.000 -9999.0 -9999.0 -9999.0 -9999.0 -9999.0
26494 20170429  2.424 -147.51   64.97     9.9     1.1     5.5     6.0     0.0    16.34 C    32.8    -5.9     7.5    82.8    39.3    56.3 -99.000 -99.000 -99.000 -99.000 -99.000 -9999.0 -9999.0 -9999.0 -9999.0 -9999.0
26494 20170430  2.424 -147.51   64.97    11.2     2.0     6.6     6.1     1.0    12.71 C    25.2    -6.9     6.2    87.8    37.7    56.8 -99.000 -99.000 -99.000 -99.000 -99.000 -9999.0 -9999.0 -9999.0 -9999.0 -9999.0
26494 20170501  2.424 -147.51   64.97    12.4     1.0     6.7     6.8     0.0    19.68 C    32.7    -6.1     7.8    83.3    21.0    46.0 -99.000 -99.000 -99.000 -99.000 -99.000 -9999.0 -9999.0 -9999.0 -9999.0 -9999.0
26494 20170502  2.424 -147.51   64.97    13.3     1.4     7.3     8.2     0.0    21.84 C    35.7    -6.3    10.3    59.0    18.7    36.0 -99.000 -99.000 -99.000 -99.000 -99.000 -9999.0 -9999.0 -9999.0 -9999.0 -9999.0
26494 20170503  2.424 -147.51   64.97     9.3     2.9     6.1     7.0     0.0     9.79 C    24.4    -2.1     7.7    83.3    38.1    52.9 -99.000 -99.000 -99.000 -99.000 -99.000 -9999.0 -9999.0 -9999.0 -9999.0 -9999.0
26494 20170504  2.424 -147.51   64.97    11.4     0.4     5.9     6.7     0.0    12.28 C    32.1    -4.7     8.3    92.3    34.7    64.7 -99.000 -99.000 -99.000 -99.000 -99.000 -9999.0 -9999.0 -9999.0 -9999.0 -9999.0
26494 20170505  2.424 -147.51   64.97    11.1     3.1     7.1     6.5     1.6    14.89 C    29.0    -2.8     8.3    94.0    39.9    66.8 -99.000 -99.000 -99.000 -99.000 -99.000 -9999.0 -9999.0 -9999.0 -9999.0 -9999.0
26494 20170506  2.424 -147.51   64.97    16.7     4.3    10.5    11.4     0.0    20.77 C    32.5    -4.6    11.9    54.6    11.7    28.9 -99.000 -99.000 -99.000 -99.000 -99.000 -9999.0 -9999.0 -9999.0 -9999.0 -9999.0
26494 20170507  2.424 -147.51   64.97    17.9     5.4    11.6    12.7     0.0    20.84 C    36.0    -5.7    13.9    38.5    13.3    20.8 -99.000 -99.000 -99.000 -99.000 -99.000 -9999.0 -9999.0 -9999.0 -9999.0 -9999.0
26494 20170508  2.424 -147.51   64.97    14.5     5.5    10.0    10.3     0.0    15.84 C    29.1    -1.8    11.8    63.8    32.7    43.8 -99.000 -99.000 -99.000 -99.000 -99.000 -9999.0 -9999.0 -9999.0 -9999.0 -9999.0
26494 20170509  2.424 -147.51   64.97    13.4     3.2     8.3     8.6     0.9    11.14 C    32.8    -3.9     9.1    86.9    40.0    67.5 -99.000 -99.000 -99.000 -99.000 -99.000 -9999.0 -9999.0 -9999.0 -9999.0 -9999.0
26494 20170510  2.424 -147.51   64.97    14.3     5.2     9.7     9.3     0.0    19.03 C    34.7    -4.7    11.3    90.4    20.5    57.1 -99.000 -99.000 -99.000 -99.000 -99.000 -9999.0 -9999.0 -9999.0 -9999.0 -9999.0
26494 20170511  2.424 -147.51   64.97    16.3     3.3     9.8    10.4     0.3    16.24 C    35.9    -5.7    11.6    73.3    31.2    50.1 -99.000 -99.000 -99.000 -99.000 -99.000 -9999.0 -9999.0 -9999.0 -9999.0 -9999.0
26494 20170512  2.424 -147.51   64.97    16.4     4.6    10.5    10.9     0.0    10.56 C    29.1    -2.5     9.1    80.5    28.4    50.4 -99.000 -99.000 -99.000 -99.000 -99.000 -9999.0 -9999.0 -9999.0 -9999.0 -9999.0
26494 20170513  2.424 -147.51   64.97    14.7     3.7     9.2     9.6     0.0    14.89 C    33.9    -2.5    10.7    88.3    40.2    62.1 -99.000 -99.000 -99.000 -99.000 -99.000 -9999.0 -9999.0 -9999.0 -9999.0 -9999.0
26494 20170514  2.424 -147.51   64.97    14.7     4.6     9.7     9.5     0.0    12.68 C    34.6    -1.6    10.3    83.1    38.0    64.1 -99.000 -99.000 -99.000 -99.000 -99.000 -9999.0 -9999.0 -9999.0 -9999.0 -9999.0
26494 20170515  2.424 -147.51   64.97    17.6     4.3    11.0    11.1     4.3    21.19 C    37.0    -1.2    12.6    91.6    23.0    58.3 -99.000 -99.000 -99.000 -99.000 -99.000 -9999.0 -9999.0 -9999.0 -9999.0 -9999.0
26494 20170516  2.424 -147.51   64.97    19.9     9.9    14.9    14.9     0.0    24.01 C    38.1     0.0    16.9    49.5    17.7    33.8 -99.000 -99.000 -99.000 -99.000 -99.000 -9999.0 -9999.0 -9999.0 -9999.0 -9999.0
26494 20170517  2.424 -147.51   64.97    20.2     7.4    13.8    14.2     0.0    19.87 C    38.3    -1.2    15.5    58.0    15.9    33.0 -99.000 -99.000 -99.000 -99.000 -99.000 -9999.0 -9999.0 -9999.0 -9999.0 -9999.0
26494 20170518  2.424 -147.51   64.97    16.1     6.0    11.0    11.2     0.0    19.85 C    34.7    -2.2    13.2    64.1    23.1    40.7 -99.000 -99.000 -99.000 -99.000 -99.000 -9999.0 -9999.0 -9999.0 -9999.0 -9999.0
26494 20170519  2.424 -147.51   64.97    14.6     3.3     9.0     8.7     1.3    12.65 C    38.7    -2.6    10.2    90.8    30.6    57.6 -99.000 -99.000 -99.000 -99.000 -99.000 -9999.0 -9999.0 -9999.0 -9999.0 -9999.0
26494 20170520  2.424 -147.51   64.97    14.4     1.8     8.1     8.6     0.0    20.81 C    33.0    -3.2    10.1    92.3    26.9    56.3 -99.000 -99.000 -99.000 -99.000 -99.000 -9999.0 -9999.0 -9999.0 -9999.0 -9999.0
26494 20170521  2.424 -147.51   64.97    16.3     3.9    10.1    10.7     0.4    16.35 C    36.2    -3.0    12.4    86.1    27.6    51.1 -99.000 -99.000 -99.000 -99.000 -99.000 -9999.0 -9999.0 -9999.0 -9999.0 -9999.0
26494 20170522  2.424 -147.51   64.97     9.8     6.8     8.3     8.2    11.7     5.88 C    14.2     6.3     8.5    94.0    71.3    86.3 -99.000 -99.000 -99.000 -99.000 -99.000 -9999.0 -9999.0 -9999.0 -9999.0 -9999.0
26494 20170523  2.424 -147.51   64.97    11.7     2.9     7.3     8.0     0.0    16.28 C    24.0    -2.8     9.6    92.8    43.6    67.4 -99.000 -99.000 -99.000 -99.000 -99.000 -9999.0 -9999.0 -9999.0 -9999.0 -9999.0
26494 20170524  2.424 -147.51   64.97    14.6     2.8     8.7     9.6     0.8    13.43 C    28.4    -2.6    10.2    89.5    31.6    52.7 -99.000 -99.000 -99.000 -99.000 -99.000 -9999.0 -9999.0 -9999.0 -9999.0 -9999.0
26494 20170525  2.424 -147.51   64.97     9.9     0.1     5.0     4.7     6.1    15.95 C    28.7    -2.2     7.7    94.7    29.7    66.5 -99.000 -99.000 -99.000 -99.000 -99.000 -9999.0 -9999.0 -9999.0 -9999.0 -9999.0
26494 20170526  2.424 -147.51   64.97    10.0    -0.4     4.8     4.4     1.0    19.41 C    27.2    -3.5     7.1    95.0    31.1    64.3 -99.000 -99.000 -99.000 -99.000 -99.000 -9999.0 -9999.0 -9999.0 -9999.0 -9999.0
26494 20170527  2.424 -147.51   64.97    11.5     1.0     6.2     7.8     0.0    20.70 C    29.5    -4.0     9.9    66.8    22.0    39.8 -99.000 -99.000 -99.000 -99.000 -99.000 -9999.0 -9999.0 -9999.0 -9999.0 -9999.0
26494 20170528  2.424 -147.51   64.97    16.1     2.4     9.3    11.2     0.0    17.92 C    27.6    -4.7    11.3    61.9    22.2    35.1 -99.000 -99.000 -99.000 -99.000 -99.000 -9999.0 -9999.0 -9999.0 -9999.0 -9999.0
26494 20170529  2.424 -147.51   64.97    16.2     6.1    11.2    11.0     0.5    16.10 C    32.5     0.4    12.3    79.0    31.0    53.4 -99.000 -99.000 -99.000 -99.000 -99.000 -9999.0 -9999.0 -9999.0 -9999.0 -9999.0
26494 20170530  2.424 -147.51   64.97    11.6     2.3     6.9     7.2     0.5    16.49 C    25.0    -2.2     7.7    84.0    47.5    68.6 -99.000 -99.000 -99.000 -99.000 -99.000 -9999.0 -9999.0 -9999.0 -9999.0 -9999.0
26494 20170531  2.424 -147.51   64.97    16.8     3.9    10.3    10.8     0.0    24.91 C    35.0    -2.2    12.9    87.8    19.2    49.1 -99.000 -99.000 -99.000 -99.000 -99.000 -9999.0 -9999.0 -9999.0 -9999.0 -9999.0
26494 20170601  2.424 -147.51   64.97    19.5     6.5    13.0    14.2     0.0    21.37 C    34.4    -2.1    13.1    50.8    19.4    31.4 -99.000 -99.000 -99.000 -99.000 -99.000 -9999.0 -9999.0 -9999.0 -9999.0 -9999.0
26494 20170602  2.424 -147.51   64.97    19.0    10.0    14.5    14.8     0.0    28.15 C    30.9     1.8    15.8    45.1    23.3    33.6 -99.000 -99.000 -99.000 -99.000 -99.000 -9999.0 -9999.0 -9999.0 -9999.0 -9999.0
26494 20170603  2.424 -147.51   64.97    21.6     8.8    15.2    15.6     0.0    23.48 C    33.3     0.8    16.1    54.6    22.7    36.6 -99.000 -99.000 -99.000 -99.000 -99.000 -9999.0 -9999.0 -9999.0 -9999.0 -9999.0
26494 20170604  2.424 -147.51   64.97    21.2    10.7    15.9    16.6     0.0    22.86 C    33.9     4.0    16.9    56.6    26.7    38.2 -99.000 -99.000 -99.000 -99.000 -99.000 -9999.0 -9999.0 -9999.0 -9999.0 -9999.0
26494 20170605  2.424 -147.51   64.97    20.9    11.0    16.0    16.1     0.0    14.09 C    32.6     3.9    14.4    65.2    25.4    42.9 -99.000 -99.000 -99.000 -99.000 -99.000 -9999.0 -9999.0 -9999.0 -9999.0 -9999.0
26494 20170606  2.424 -147.51   64.97    22.9     9.2    16.0    16.7     0.0    23.90 C    33.6     3.3    17.0    70.5    18.5    42.0 -99.000 -99.000 -99.000 -99.000 -99.000 -9999.0 -9999.0 -9999.0 -9999.0 -9999.0
26494 20170607  2.424 -147.51   64.97    22.7    14.5    18.6    18.8     0.0    14.29 C    30.3     9.3    17.5    41.2    25.9    34.2 -99.000 -99.000 -99.000 -99.000 -99.000 -9999.0 -9999.0 -9999.0 -9999.0 -9999.0
26494 20170608  2.424 -147.51   64.97    24.8    17.3    21.0    21.0     0.0    21.81 C    30.0    12.0    20.4    40.5    29.7    34.9 -99.000 -99.000 -99.000 -99.000 -99.000 -9999.0 -9999.0 -9999.0 -9999.0 -9999.0
26494 20170609  2.424 -147.51   64.97    29.0    17.6    23.3    23.6     0.0    24.13 C    33.0    10.8    21.4    47.9    25.0    34.3 -99.000 -99.000 -99.000 -99.000 -99.000 -9999.0 -9999.0 -9999.0 -9999.0 -9999.0
26494 20170610  2.424 -147.51   64.97    22.8    15.4    19.1    18.8     0.2    11.94 C    27.0    10.9    17.0    75.8    35.4    43.7 -99.000 -99.000 -99.000 -99.000 -99.000 -9999.0 -9999.0 -9999.0 -9999.0 -9999.0
26494 20170611  2.424 -147.51   64.97    15.6     8.7    12.2    10.2    24.0     3.82 C    14.0     8.6    10.8    95.0    47.4    88.5 -99.000 -99.000 -99.000 -99.000 -99.000 -9999.0 -9999.0 -9999.0 -9999.0 -9999.0
26494 20170612  2.424 -147.51   64.97    14.3     6.6    10.5     9.9    24.6    11.49 C    24.1     2.2    10.9    95.2    50.2    84.8 -99.000 -99.000 -99.000 -99.000 -99.000 -9999.0 -9999.0 -9999.0 -9999.0 -9999.0
26494 20170613  2.424 -147.51   64.97    15.6     3.3     9.4    10.1     0.0    29.12 C    21.3    -1.3     9.9    57.0    14.3    32.4 -99.000 -99.000 -99.000 -99.000 -99.000 -9999.0 -9999.0 -9999.0 -9999.0 -9999.0
26494 20170614  2.424 -147.51   64.97    18.7     6.0    12.3    13.7     0.0    27.74 C    27.6    -0.1    13.5    49.8    13.7    24.9 -99.000 -99.000 -99.000 -99.000 -99.000 -9999.0 -9999.0 -9999.0 -9999.0 -9999.0
26494 20170615  2.424 -147.51   64.97    19.4     6.3    12.8    14.2     0.0    23.72 C    31.6    -0.5    13.8    56.8    20.2    32.8 -99.000 -99.000 -99.000 -99.000 -99.000 -9999.0 -9999.0 -9999.0 -9999.0 -9999.0
26494 20170616  2.424 -147.51   64.97    16.9     7.4    12.2    12.1     2.3    14.67 C    29.9     1.8    12.6    93.3    43.3    63.5 -99.000 -99.000 -99.000 -99.000 -99.000 -9999.0 -9999.0 -9999.0 -9999.0 -9999.0
26494 20170617  2.424 -147.51   64.97    16.5     8.7    12.6    12.2     0.6    11.64 C    24.1     6.2    12.1    93.2    48.2    73.1 -99.000 -99.000 -99.000 -99.000 -99.000 -9999.0 -9999.0 -9999.0 -9999.0 -9999.0
26494 20170618  2.424 -147.51   64.97    19.1     8.1    13.6    13.8     0.0    20.31 C    28.1     4.5    15.7    85.8    36.8    60.6 -99.000 -99.000 -99.000 -99.000 -99.000 -9999.0 -9999.0 -9999.0 -9999.0 -9999.0
26494 20170619  2.424 -147.51   64.97    22.6     8.6    15.6    14.9     1.5    18.26 C    32.6     7.5    16.2    87.4    29.6    59.7 -99.000 -99.000 -99.000 -99.000 -99.000 -9999.0 -9999.0 -9999.0 -9999.0 -9999.0
26494 20170620  2.424 -147.51   64.97    17.6     9.8    13.7    13.5     0.8    11.88 C    26.1     7.4    14.3    92.6    60.2    81.2 -99.000 -99.000 -99.000 -99.000 -99.000 -9999.0 -9999.0 -9999.0 -9999.0 -9999.0
26494 20170621  2.424 -147.51   64.97    21.4    10.4    15.9    16.5     0.0    27.33 C    28.1     6.6    16.7    91.8    32.7    53.7 -99.000 -99.000 -99.000 -99.000 -99.000 -9999.0 -9999.0 -9999.0 -9999.0 -9999.0
26494 20170622  2.424 -147.51   64.97    22.6    11.5    17.1    18.0     0.0    24.75 C    33.0     5.9    17.7    71.9    30.9    47.7 -99.000 -99.000 -99.000 -99.000 -99.000 -9999.0 -9999.0 -9999.0 -9999.0 -9999.0
26494 20170623  2.424 -147.51   64.97    20.0    11.6    15.8    15.5     4.7    17.85 C    28.0     9.1    16.6    92.4    40.1    71.2 -99.000 -99.000 -99.000 -99.000 -99.000 -9999.0 -9999.0 -9999.0 -9999.0 -9999.0
26494 20170624  2.424 -147.51   64.97    20.6     9.6    15.1    16.0     0.0    25.99 C    29.5     6.6    16.9    91.6    26.4    51.2 -99.000 -99.000 -99.000 -99.000 -99.000 -9999.0 -9999.0 -9999.0 -9999.0 -9999.0
26494 20170625  2.424 -147.51   64.97    19.1     9.6    14.4    13.9     2.2    18.72 C    30.7     4.8    14.2    87.3    39.3    61.0 -99.000 -99.000 -99.000 -99.000 -99.000 -9999.0 -9999.0 -9999.0 -9999.0 -9999.0
26494 20170626  2.424 -147.51   64.97    21.9     9.2    15.5    16.4     0.0    22.80 C    32.1     4.8    16.5    79.8    31.3    52.0 -99.000 -99.000 -99.000 -99.000 -99.000 -9999.0 -9999.0 -9999.0 -9999.0 -9999.0
26494 20170627  2.424 -147.51   64.97    21.8    10.8    16.3    16.2     1.1    24.24 C    29.7     6.7    17.0    92.4    32.0    55.3 -99.000 -99.000 -99.000 -99.000 -99.000 -9999.0 -9999.0 -9999.0 -9999.0 -9999.0
26494 20170628  2.424 -147.51   64.97    21.0     9.8    15.4    16.0     0.0    25.25 C    30.3     8.2    17.0    91.1    32.4    52.1 -99.000 -99.000 -99.000 -99.000 -99.000 -9999.0 -9999.0 -9999.0 -9999.0 -9999.0
26494 20170629  2.424 -147.51   64.97    24.5    13.1    18.8    19.3     0.0    23.29 C    32.5     7.8    19.1    65.3    24.4    41.7 -99.000 -99.000 -99.000 -99.000 -99.000 -9999.0 -9999.0 -9999.0 -9999.0 -9999.0
26494 20170630  2.424 -147.51   64.97    19.8    12.5    16.2    16.8     0.0    20.71 C    28.2     7.8    17.4    69.5    39.2    55.8 -99.000 -99.000 -99.000 -99.000 -99.000 -9999.0 -9999.0 -9999.0 -9999.0 -9999.0
26494 20170701  2.424 -147.51   64.97    21.4    11.1    16.3    17.1     0.0    16.56 C    29.0     7.0    17.0    77.1    34.8    54.6 -99.000 -99.000 -99.000 -99.000 -99.000 -9999.0 -9999.0 -9999.0 -9999.0 -9999.0
26494 20170702  2.424 -147.51   64.97    19.3    12.7    16.0    15.0    18.4     9.04 C    25.5    11.6    15.5    94.9    59.3    83.3 -99.000 -99.000 -99.000 -99.000 -99.000 -9999.0 -9999.0 -9999.0 -9999.0 -9999.0
26494 20170703  2.424 -147.51   64.97    20.9    11.5    16.2    14.7     8.5    12.11 C    29.0     9.5    15.7    94.9    59.9    87.8 -99.000 -99.000 -99.000 -99.000 -99.000 -9999.0 -9999.0 -9999.0 -9999.0 -9999.0
26494 20170704  2.424 -147.51   64.97    21.4    11.1    16.3    16.1     2.7    20.87 C    26.8     9.0    17.1    94.6    61.2    80.6 -99.000 -99.000 -99.000 -99.000 -99.000 -9999.0 -9999.0 -9999.0 -9999.0 -9999.0
26494 20170705  2.424 -147.51   64.97    23.6    12.7    18.2    18.9     0.0    25.75 C    27.5     9.9    18.9    89.3    37.7    62.8 -99.000 -99.000 -99.000 -99.000 -99.000 -9999.0 -9999.0 -9999.0 -9999.0 -9999.0
26494 20170706  2.424 -147.51   64.97    27.2    14.4    20.8    21.9     0.0    27.05 C    29.7    10.1    20.4    71.7    28.1    47.8 -99.000 -99.000 -99.000 -99.000 -99.000 -9999.0 -9999.0 -9999.0 -9999.0 -9999.0
26494 20170707  2.424 -147.51   64.97    24.3    13.3    18.8    19.0     8.5    21.98 C    28.7    11.4    19.2    94.1    49.1    65.6 -99.000 -99.000 -99.000 -99.000 -99.000 -9999.0 -9999.0 -9999.0 -9999.0 -9999.0
26494 20170708  2.424 -147.51   64.97    25.9    12.8    19.3    18.8     0.5    22.25 C    27.6    11.7    19.3    94.0    37.1    70.0 -99.000 -99.000 -99.000 -99.000 -99.000 -9999.0 -9999.0 -9999.0 -9999.0 -9999.0
26494 20170709  2.424 -147.51   64.97    21.4    13.1    17.3    17.4     0.9    24.02 C    25.1    12.0    17.9    91.7    35.8    58.1 -99.000 -99.000 -99.000 -99.000 -99.000 -9999.0 -9999.0 -9999.0 -9999.0 -9999.0
26494 20170710  2.424 -147.51   64.97 -9999.0 -9999.0 -9999.0 -9999.0     5.4 -9999.00 U -9999.0 -9999.0 -9999.0 -9999.0 -9999.0 -9999.0 -99.000 -99.000 -99.000 -99.000 -99.000 -9999.0 -9999.0 -9999.0 -9999.0 -9999.0
26494 20170711  2.424 -147.51   64.97    17.2    11.3    14.2    14.0     1.3     8.22 C    24.2    11.6    15.1    94.6    79.0    87.6 -99.000 -99.000 -99.000 -99.000 -99.000 -9999.0 -9999.0 -9999.0 -9999.0 -9999.0
26494 20170712  2.424 -147.51   64.97    22.3    12.6    17.4    16.9     0.0    17.55 C    25.8    13.2    18.3    95.0    55.1    80.0 -99.000 -99.000 -99.000 -99.000 -99.000 -9999.0 -9999.0 -9999.0 -9999.0 -9999.0
26494 20170713  2.424 -147.51   64.97    23.0    15.6    19.3    19.4     0.0    15.75 C    27.0    12.5    19.0    87.7    56.4    71.0 -99.000 -99.000 -99.000 -99.000 -99.000 -9999.0 -9999.0 -9999.0 -9999.0 -9999.0
26494 20170714  2.424 -147.51   64.97    25.5    13.2    19.3    20.3     0.0    24.82 C    29.1    10.0    19.7    89.8    32.7    58.8 -99.000 -99.000 -99.000 -99.000 -99.000 -9999.0 -9999.0 -9999.0 -9999.0 -9999.0
26494 20170715  2.424 -147.51   64.97    18.8    13.6    16.2    17.2     0.0     9.07 C    24.2    11.0    16.4    84.1    66.7    75.2 -99.000 -99.000 -99.000 -99.000 -99.000 -9999.0 -9999.0 -9999.0 -9999.0 -9999.0
26494 20170716  2.424 -147.51   64.97    22.5    13.4    18.0    17.4     0.3    17.48 C    28.0    10.8    17.6    90.1    48.3    73.2 -99.000 -99.000 -99.000 -99.000 -99.000 -9999.0 -9999.0 -9999.0 -9999.0 -9999.0
26494 20170717  2.424 -147.51   64.97    21.9    13.7    17.8    17.2     2.2    17.92 C    27.9     9.4    17.3    89.3    47.7    73.2 -99.000 -99.000 -99.000 -99.000 -99.000 -9999.0 -9999.0 -9999.0 -9999.0 -9999.0
26494 20170718  2.424 -147.51   64.97    23.1    10.9    17.0    17.7     0.0    25.08 C    27.6     7.2    17.3    81.6    34.4    56.3 -99.000 -99.000 -99.000 -99.000 -99.000 -9999.0 -9999.0 -9999.0 -9999.0 -9999.0
26494 20170719  2.424 -147.51   64.97    24.9    13.0    19.0    19.5     0.0    25.17 C    29.6     8.4    18.7    72.4    33.5    51.5 -99.000 -99.000 -99.000 -99.000 -99.000 -9999.0 -9999.0 -9999.0 -9999.0 -9999.0
26494 20170720  2.424 -147.51   64.97    22.6    14.2    18.4    17.8     1.0    20.47 C    27.4    11.7    18.1    92.4    39.5    62.9 -99.000 -99.000 -99.000 -99.000 -99.000 -9999.0 -9999.0 -9999.0 -9999.0 -9999.0
26494 20170721  2.424 -147.51   64.97    19.9    10.8    15.3    16.1     0.3    17.06 C    24.5     6.9    16.0    93.8    42.4    68.5 -99.000 -99.000 -99.000 -99.000 -99.000 -9999.0 -9999.0 -9999.0 -9999.0 -9999.0
26494 20170722  2.424 -147.51   64.97    22.7     9.4    16.1    16.8     0.0    18.94 C    25.4     5.5    15.6    82.1    38.7    59.1 -99.000 -99.000 -99.000 -99.000 -99.000 -9999.0 -9999.0 -9999.0 -9999.0 -9999.0
26494 20170723  2.424 -147.51   64.97    25.2    14.1    19.6    19.4     3.6    17.14 C    27.1    10.0    17.8    89.3    32.4    54.3 -99.000 -99.000 -99.000 -99.000 -99.000 -9999.0 -9999.0 -9999.0 -9999.0 -9999.0
26494 20170724  2.424 -147.51   64.97    14.8    12.2    13.5    13.3     3.7     3.33 C    14.6    11.4    13.3    93.3    83.2    89.2 -99.000 -99.000 -99.000 -99.000 -99.000 -9999.0 -9999.0 -9999.0 -9999.0 -9999.0
26494 20170725  2.424 -147.51   64.97    17.0    11.5    14.2    13.8     0.0    10.02 C    23.4    11.3    14.5    92.2    64.6    81.3 -99.000 -99.000 -99.000 -99.000 -99.000 -9999.0 -9999.0 -9999.0 -9999.0 -9999.0
26494 20170726  2.424 -147.51   64.97    20.5    11.8    16.1    16.3     0.0    17.57 C    25.7    10.5    16.3    91.0    44.8    69.2 -99.000 -99.000 -99.000 -99.000 -99.000 -9999.0 -9999.0 -9999.0 -9999.0 -9999.0
26494 20170727  2.424 -147.51   64.97    20.7    11.7    16.2    16.1     3.2    16.45 C    26.0     7.9    15.6    90.5    48.2    72.4 -99.000 -99.000 -99.000 -99.000 -99.000 -9999.0 -9999.0 -9999.0 -9999.0 -9999.0
26494 20170728  2.424 -147.51   64.97    21.8    10.9    16.3    16.5     0.5    19.46 C    26.2     8.1    16.5    90.7    49.1    70.0 -99.000 -99.000 -99.000 -99.000 -99.000 -9999.0 -9999.0 -9999.0 -9999.0 -9999.0
26494 20170729  2.424 -147.51   64.97    22.0    11.1    16.6    16.6     0.0    17.11 C    27.5     8.7    16.5    93.8    43.9    72.7 -99.000 -99.000 -99.000 -99.000 -99.000 -9999.0 -9999.0 -9999.0 -9999.0 -9999.0
26494 20170730  2.424 -147.51   64.97    22.4    12.8    17.6    17.5     2.1    14.80 C    26.1     9.2    16.3    85.6    43.0    67.2 -99.000 -99.000 -99.000 -99.000 -99.000 -9999.0 -9999.0 -9999.0 -9999.0 -9999.0
26494 20170731  2.424 -147.51   64.97    22.3    13.1    17.7    17.7     0.0    19.57 C    25.8    10.6    17.0    85.4    37.2    62.5 -99.000 -99.000 -99.000 -99.000 -99.000 -9999.0 -9999.0 -9999.0 -9999.0 -9999.0
26494 20170801  2.424 -147.51   64.97    18.8    11.0    14.9    14.6     0.6    14.20 C    23.7     8.3    14.7    91.6    50.4    70.4 -99.000 -99.000 -99.000 -99.000 -99.000 -9999.0 -9999.0 -9999.0 -9999.0 -9999.0
26494 20170802  2.424 -147.51   64.97    14.3    10.9    12.6    12.8     2.2     7.61 C    18.2     9.5    12.9    90.8    56.7    81.6 -99.000 -99.000 -99.000 -99.000 -99.000 -9999.0 -9999.0 -9999.0 -9999.0 -9999.0
26494 20170803  2.424 -147.51   64.97    19.7    10.6    15.1    15.3     0.4    11.07 C    24.1     9.2    14.9    91.8    53.1    71.5 -99.000 -99.000 -99.000 -99.000 -99.000 -9999.0 -9999.0 -9999.0 -9999.0 -9999.0
26494 20170804  2.424 -147.51   64.97    17.9    12.4    15.1    14.4     1.5     7.36 C    21.2    11.0    14.6    92.6    66.2    82.6 -99.000 -99.000 -99.000 -99.000 -99.000 -9999.0 -9999.0 -9999.0 -9999.0 -9999.0
26494 20170805  2.424 -147.51   64.97    24.1    11.1    17.6    18.0     0.0    20.86 C    27.0     8.7    17.6    90.8    42.3    66.3 -99.000 -99.000 -99.000 -99.000 -99.000 -9999.0 -9999.0 -9999.0 -9999.0 -9999.0
26494 20170806  2.424 -147.51   64.97    26.6    13.1    19.9    20.7     0.0    21.54 C    29.4     9.9    19.5    81.7    32.5    55.7 -99.000 -99.000 -99.000 -99.000 -99.000 -9999.0 -9999.0 -9999.0 -9999.0 -9999.0
26494 20170807  2.424 -147.51   64.97    24.3    13.9    19.1    18.9     0.6    19.00 C    29.2    11.1    18.6    91.5    37.5    66.3 -99.000 -99.000 -99.000 -99.000 -99.000 -9999.0 -9999.0 -9999.0 -9999.0 -9999.0
26494 20170808  2.424 -147.51   64.97    21.7    13.8    17.7    17.7     0.0    19.30 C    26.5     9.8    17.4    76.6    40.5    62.1 -99.000 -99.000 -99.000 -99.000 -99.000 -9999.0 -9999.0 -9999.0 -9999.0 -9999.0
26494 20170809  2.424 -147.51   64.97    25.6    12.6    19.1    19.5     0.0    18.35 C    29.3     8.3    18.0    76.8    30.1    52.1 -99.000 -99.000 -99.000 -99.000 -99.000 -9999.0 -9999.0 -9999.0 -9999.0 -9999.0
26494 20170810  2.424 -147.51   64.97    20.2    11.5    15.8    17.2     0.0    17.54 C    25.5     7.6    16.3    82.4    38.8    58.3 -99.000 -99.000 -99.000 -99.000 -99.000 -9999.0 -9999.0 -9999.0 -9999.0 -9999.0
26494 20170811  2.424 -147.51   64.97    18.2     9.8    14.0    13.8     0.0    11.97 C    25.3     7.3    14.2    90.0    47.5    71.0 -99.000 -99.000 -99.000 -99.000 -99.000 -9999.0 -9999.0 -9999.0 -9999.0 -9999.0
26494 20170812  2.424 -147.51   64.97    19.5    11.1    15.3    14.8     3.3    12.95 C    24.2    10.8    15.1    93.9    49.2    73.4 -99.000 -99.000 -99.000 -99.000 -99.000 -9999.0 -9999.0 -9999.0 -9999.0 -9999.0
26494 20170813  2.424 -147.51   64.97    16.7    11.1    13.9    14.0    10.3    11.03 C    23.1     7.8    14.3    94.1    60.1    77.7 -99.000 -99.000 -99.000 -99.000 -99.000 -9999.0 -9999.0 -9999.0 -9999.0 -9999.0
26494 20170814  2.424 -147.51   64.97    11.5     8.4    10.0    10.0    10.6     4.38 C    13.6     8.1    10.2    94.3    75.6    87.5 -99.000 -99.000 -99.000 -99.000 -99.000 -9999.0 -9999.0 -9999.0 -9999.0 -9999.0
26494 20170815  2.424 -147.51   64.97    15.8     9.1    12.5    11.6     5.9    12.96 C    20.8     7.0    12.2    94.1    59.3    81.8 -99.000 -99.000 -99.000 -99.000 -99.000 -9999.0 -9999.0 -9999.0 -9999.0 -9999.0
26494 20170816  2.424 -147.51   64.97    14.6     7.3    11.0    11.0     1.6     8.90 C    18.3     5.0    11.1    94.2    54.9    80.2 -99.000 -99.000 -99.000 -99.000 -99.000 -9999.0 -9999.0 -9999.0 -9999.0 -9999.0
26494 20170817  2.424 -147.51   64.97    12.8     5.4     9.1     9.0     1.8     8.73 C    16.6     3.0     9.6    93.2    53.8    83.1 -99.000 -99.000 -99.000 -99.000 -99.000 -9999.0 -9999.0 -9999.0 -9999.0 -9999.0
26494 20170818  2.424 -147.51   64.97    13.7     5.2     9.5     8.5     5.6    11.47 C    19.3     3.2     9.7    94.4    54.8    81.4 -99.000 -99.000 -99.000 -99.000 -99.000 -9999.0 -9999.0 -9999.0 -9999.0 -9999.0
26494 20170819  2.424 -147.51   64.97     9.9     5.8     7.9     7.4     9.3     7.06 C    15.6     4.4     8.5    94.9    75.8    89.8 -99.000 -99.000 -99.000 -99.000 -99.000 -9999.0 -9999.0 -9999.0 -9999.0 -9999.0
26494 20170820  2.424 -147.51   64.97    15.7     6.6    11.1    10.5     1.9    14.03 C    20.1     6.6    11.5    95.3    50.1    75.9 -99.000 -99.000 -99.000 -99.000 -99.000 -9999.0 -9999.0 -9999.0 -9999.0 -9999.0
26494 20170821  2.424 -147.51   64.97    17.6     7.6    12.6    11.5     2.2    10.59 C    24.8     5.5    11.7    94.1    49.7    77.2 -99.000 -99.000 -99.000 -99.000 -99.000 -9999.0 -9999.0 -9999.0 -9999.0 -9999.0
26494 20170822  2.424 -147.51   64.97    14.5     8.5    11.5    10.4     3.6     8.53 C    25.1     7.1    12.3    95.3    70.5    88.0 -99.000 -99.000 -99.000 -99.000 -99.000 -9999.0 -9999.0 -9999.0 -9999.0 -9999.0
26494 20170823  2.424 -147.51   64.97    14.8     7.9    11.3    10.7     0.2    12.43 C    27.9     6.1    13.4    94.6    53.7    79.3 -99.000 -99.000 -99.000 -99.000 -99.000 -9999.0 -9999.0 -9999.0 -9999.0 -9999.0
26494 20170824  2.424 -147.51   64.97    16.3     9.4    12.9    13.2     0.2     7.76 C    26.3     8.0    13.5    92.1    44.6    68.0 -99.000 -99.000 -99.000 -99.000 -99.000 -9999.0 -9999.0 -9999.0 -9999.0 -9999.0
26494 20170825  2.424 -147.51   64.97    17.9     8.8    13.4    13.4     0.0     9.87 C    27.0     4.1    13.3    85.7    46.4    64.2 -99.000 -99.000 -99.000 -99.000 -99.000 -9999.0 -9999.0 -9999.0 -9999.0 -9999.0
26494 20170826  2.424 -147.51   64.97    17.2     9.4    13.3    11.7     8.6     9.71 C    32.8     6.4    13.5    94.6    53.9    82.5 -99.000 -99.000 -99.000 -99.000 -99.000 -9999.0 -9999.0 -9999.0 -9999.0 -9999.0
26494 20170827  2.424 -147.51   64.97    13.6     8.6    11.1    10.6     2.4     7.23 C    25.7     8.0    12.3    95.6    69.0    87.3 -99.000 -99.000 -99.000 -99.000 -99.000 -9999.0 -9999.0 -9999.0 -9999.0 -9999.0
26494 20170828  2.424 -147.51   64.97    15.7     7.0    11.4    11.1     1.9    12.33 C    26.5     3.6    12.4    94.0    49.3    78.1 -99.000 -99.000 -99.000 -99.000 -99.000 -9999.0 -9999.0 -9999.0 -9999.0 -9999.0
26494 20170829  2.424 -147.51   64.97    13.1     5.1     9.1     9.4     0.0     5.47 C    15.7     2.0     8.8    93.7    59.3    77.9 -99.000 -99.000 -99.000 -99.000 -99.000 -9999.0 -9999.0 -9999.0 -9999.0 -9999.0
26494 20170830  2.424 -147.51   64.97    15.2     6.3    10.7    10.8     0.3     6.54 C    24.6     4.2    10.9    94.6    59.7    76.9 -99.000 -99.000 -99.000 -99.000 -99.000 -9999.0 -9999.0 -9999.0 -9999.0 -9999.0
26494 20170831  2.424 -147.51   64.97    16.7     4.4    10.6    10.8     0.0    12.29 C    30.2     0.9    11.2    95.6    37.8    67.7 -99.000 -99.000 -99.000 -99.000 -99.000 -9999.0 -9999.0 -9999.0 -9999.0 -9999.0
26494 20170901  2.424 -147.51   64.97    15.8     5.6    10.7     9.9     1.3     7.86 C    25.5     2.6    10.6    94.5    45.4    71.5 -99.000 -99.000 -99.000 -99.000 -99.000 -9999.0 -9999.0 -9999.0 -9999.0 -9999.0
26494 20170902  2.424 -147.51   64.97    13.3     2.9     8.1     7.6     0.0    14.86 C    24.5    -1.1     9.3    94.3    38.2    71.7 -99.000 -99.000 -99.000 -99.000 -99.000 -9999.0 -9999.0 -9999.0 -9999.0 -9999.0
26494 20170903  2.424 -147.51   64.97    14.5     2.3     8.4     9.8     0.0     9.68 C    20.1    -2.3     8.0    86.8    31.6    50.6 -99.000 -99.000 -99.000 -99.000 -99.000 -9999.0 -9999.0 -9999.0 -9999.0 -9999.0
26494 20170904  2.424 -147.51   64.97    18.5     7.7    13.1    13.4     0.0    13.16 C    30.8     2.6    13.6    75.7    30.7    45.3 -99.000 -99.000 -99.000 -99.000 -99.000 -9999.0 -9999.0 -9999.0 -9999.0 -9999.0
26494 20170905  2.424 -147.51   64.97    14.3     7.6    11.0    10.8     4.5     4.80 C    18.2     2.9    10.2    87.0    51.9    72.1 -99.000 -99.000 -99.000 -99.000 -99.000 -9999.0 -9999.0 -9999.0 -9999.0 -9999.0
26494 20170906  2.424 -147.51   64.97    18.6    10.3    14.5    14.2     0.0     7.05 C    24.2     6.4    11.8    83.6    29.6    49.6 -99.000 -99.000 -99.000 -99.000 -99.000 -9999.0 -9999.0 -9999.0 -9999.0 -9999.0
26494 20170907  2.424 -147.51   64.97    13.9     4.5     9.2     9.3     0.0     9.06 C    25.7     0.3     8.7    84.7    46.7    67.4 -99.000 -99.000 -99.000 -99.000 -99.000 -9999.0 -9999.0 -9999.0 -9999.0 -9999.0
26494 20170908  2.424 -147.51   64.97    16.4     3.9    10.2     9.9     0.0    12.40 C    28.2    -1.0     9.3    87.3    31.6    62.3 -99.000 -99.000 -99.000 -99.000 -99.000 -9999.0 -9999.0 -9999.0 -9999.0 -9999.0
26494 20170909  2.424 -147.51   64.97    15.2     7.0    11.1    10.1     0.0    10.56 C    28.1     2.6    11.2    89.7    45.2    68.5 -99.000 -99.000 -99.000 -99.000 -99.000 -9999.0 -9999.0 -9999.0 -9999.0 -9999.0
26494 20170910  2.424 -147.51   64.97    12.0     5.6     8.8     9.1     0.0     6.98 C    22.7     0.3     9.6    92.8    62.4    78.2 -99.000 -99.000 -99.000 -99.000 -99.000 -9999.0 -9999.0 -9999.0 -9999.0 -9999.0
26494 20170911  2.424 -147.51   64.97     8.2     4.5     6.4     6.5     1.7     3.04 C    11.2     0.0     6.6    94.6    75.4    85.6 -99.000 -99.000 -99.000 -99.000 -99.000 -9999.0 -9999.0 -9999.0 -9999.0 -9999.0
26494 20170912  2.424 -147.51   64.97    13.9     5.1     9.5     9.6     0.4     7.12 C    16.5     3.0     9.0    91.2    48.6    67.3 -99.000 -99.000 -99.000 -99.000 -99.000 -9999.0 -9999.0 -9999.0 -9999.0 -9999.0
26494 20170913  2.424 -147.51   64.97    15.2     8.3    11.8    12.0     0.0     5.93 C    20.2     1.8     9.7    62.4    41.8    51.9 -99.000 -99.000 -99.000 -99.000 -99.000 -9999.0 -9999.0 -9999.0 -9999.0 -9999.0
26494 20170914  2.424 -147.51   64.97    16.1     4.9    10.5    10.7     0.0     9.77 C    23.6    -0.9     8.8    79.0    33.9    54.0 -99.000 -99.000 -99.000 -99.000 -99.000 -9999.0 -9999.0 -9999.0 -9999.0 -9999.0
26494 20170915  2.424 -147.51   64.97    15.2     4.4     9.8    10.4     0.0    11.15 C    23.1    -0.8     9.4    81.6    34.2    53.8 -99.000 -99.000 -99.000 -99.000 -99.000 -9999.0 -9999.0 -9999.0 -9999.0 -9999.0
26494 20170916  2.424 -147.51   64.97    17.9     4.4    11.1    11.5     0.0    10.64 C    23.2    -2.0     8.1    70.3    24.1    43.9 -99.000 -99.000 -99.000 -99.000 -99.000 -9999.0 -9999.0 -9999.0 -9999.0 -9999.0
26494 20170917  2.424 -147.51   64.97    15.3     7.0    11.2    10.9     0.0     9.26 C    23.7    -1.1     8.5    66.1    38.5    51.0 -99.000 -99.000 -99.000 -99.000 -99.000 -9999.0 -9999.0 -9999.0 -9999.0 -9999.0
26494 20170918  2.424 -147.51   64.97    11.8     6.5     9.2     8.8     0.3     3.54 C    14.5    -0.1     7.9    92.3    59.2    71.4 -99.000 -99.000 -99.000 -99.000 -99.000 -9999.0 -9999.0 -9999.0 -9999.0 -9999.0
26494 20170919  2.424 -147.51   64.97     8.0     2.2     5.1     6.1     1.1     3.88 C    11.5    -1.8     6.0    94.7    66.5    84.8 -99.000 -99.000 -99.000 -99.000 -99.000 -9999.0 -9999.0 -9999.0 -9999.0 -9999.0
26494 20170920  2.424 -147.51   64.97     6.5     0.7     3.6     4.1     0.2     3.89 C    10.6    -1.8     4.5    92.3    66.5    83.7 -99.000 -99.000 -99.000 -99.000 -99.000 -9999.0 -9999.0 -9999.0 -9999.0 -9999.0
26494 20170921  2.424 -147.51   64.97    10.0     3.0     6.5     6.0     2.4     5.39 C    12.1    -1.2     4.9    92.6    53.5    70.3 -99.000 -99.000 -99.000 -99.000 -99.000 -9999.0 -9999.0 -9999.0 -9999.0 -9999.0
26494 20170922  2.424 -147.51   64.97     8.2     4.8     6.5     6.7     4.0     2.65 C     9.8     3.9     6.7    93.0    79.3    86.8 -99.000 -99.000 -99.000 -99.000 -99.000 -9999.0 -9999.0 -9999.0 -9999.0 -9999.0
26494 20170923  2.424 -147.51   64.97    13.2     5.8     9.5     8.8     0.0     7.73 C    16.3     2.3     7.4    90.8    54.1    70.7 -99.000 -99.000 -99.000 -99.000 -99.000 -9999.0 -9999.0 -9999.0 -9999.0 -9999.0
26494 20170924  2.424 -147.51   64.97    12.5     5.5     9.0     9.1     0.8     5.81 C    18.2     0.0     7.6    93.2    52.0    66.4 -99.000 -99.000 -99.000 -99.000 -99.000 -9999.0 -9999.0 -9999.0 -9999.0 -9999.0
26494 20170925  2.424 -147.51   64.97     7.4     3.8     5.6     5.7    14.7     1.67 C     8.4     4.0     6.2    95.3    85.9    92.4 -99.000 -99.000 -99.000 -99.000 -99.000 -9999.0 -9999.0 -9999.0 -9999.0 -9999.0
26494 20170926  2.424 -147.51   64.97     9.3     3.7     6.5     5.6     0.3     7.65 C    12.6     0.0     5.2    95.0    46.3    72.7 -99.000 -99.000 -99.000 -99.000 -99.000 -9999.0 -9999.0 -9999.0 -9999.0 -9999.0
26494 20170927  2.424 -147.51   64.97    11.7     3.5     7.6     6.7     0.0     7.57 C    15.4    -0.7     5.1    77.9    49.8    62.8 -99.000 -99.000 -99.000 -99.000 -99.000 -9999.0 -9999.0 -9999.0 -9999.0 -9999.0
26494 20170928  2.424 -147.51   64.97     6.5     1.2     3.9     2.9    17.8     1.14 C     5.4     1.9     3.6    95.4    70.8    90.2 -99.000 -99.000 -99.000 -99.000 -99.000 -9999.0 -9999.0 -9999.0 -9999.0 -9999.0
26494 20170929  2.424 -147.51   64.97     4.2    -1.2     1.5     1.4     0.0     4.44 C    11.2    -4.3     2.2    95.7    57.3    82.5 -99.000 -99.000 -99.000 -99.000 -99.000 -9999.0 -9999.0 -9999.0 -9999.0 -9999.0
26494 20170930  2.424 -147.51   64.97     2.7    -1.5     0.6     0.5     0.0     2.35 C     6.1    -1.4     1.2    85.0    68.8    76.0 -99.000 -99.000 -99.000 -99.000 -99.000 -9999.0 -9999.0 -9999.0 -9999.0 -9999.0
26494 20171001  2.424 -147.51   64.97     8.0     0.8     4.4     4.2     0.0     7.57 C    13.6    -2.7     3.6    83.0    52.1    66.8 -99.000 -99.000 -99.000 -99.000 -99.000 -9999.0 -9999.0 -9999.0 -9999.0 -9999.0
26494 20171002  2.424 -147.51   64.97    11.2     4.5     7.9     8.8     0.0     2.63 C    14.3    -0.1     5.5    60.9    35.2    46.6 -99.000 -99.000 -99.000 -99.000 -99.000 -9999.0 -9999.0 -9999.0 -9999.0 -9999.0
26494 20171003  2.424 -147.51   64.97    13.7     6.0     9.9     9.5     0.0     4.72 C    19.2     0.5     6.8    67.0    42.5    55.5 -99.000 -99.000 -99.000 -99.000 -99.000 -9999.0 -9999.0 -9999.0 -9999.0 -9999.0
26494 20171004  2.424 -147.51   64.97     9.9     4.1     7.0     7.7     0.0     1.74 C    11.1    -0.7     5.2    85.7    52.3    66.5 -99.000 -99.000 -99.000 -99.000 -99.000 -9999.0 -9999.0 -9999.0 -9999.0 -9999.0
26494 20171005  2.424 -147.51   64.97    10.7     5.0     7.8     7.8     0.0     3.13 C    14.6    -0.7     4.5    82.3    47.4    61.6 -99.000 -99.000 -99.000 -99.000 -99.000 -9999.0 -9999.0 -9999.0 -9999.0 -9999.0
26494 20171006  2.424 -147.51   64.97     5.9     1.1     3.5     4.0     0.0     3.41 C    10.7    -3.5     2.5    90.9    68.6    80.5 -99.000 -99.000 -99.000 -99.000 -99.000 -9999.0 -9999.0 -9999.0 -9999.0 -9999.0
26494 20171007  2.424 -147.51   64.97     5.7     1.9     3.8     4.0     0.0     2.45 C    12.2    -2.1     3.3    90.5    66.8    83.7 -99.000 -99.000 -99.000 -99.000 -99.000 -9999.0 -9999.0 -9999.0 -9999.0 -9999.0
26494 20171008  2.424 -147.51   64.97     5.4     0.2     2.8     3.0     2.8     1.72 C     7.5     0.1     2.8    93.2    59.2    83.1 -99.000 -99.000 -99.000 -99.000 -99.000 -9999.0 -9999.0 -9999.0 -9999.0 -9999.0
26494 20171009  2.424 -147.51   64.97     1.9     0.1     1.0     0.9     3.3     2.20 C     4.5    -0.3     1.3    93.4    75.3    87.2 -99.000 -99.000 -99.000 -99.000 -99.000 -9999.0 -9999.0 -9999.0 -9999.0 -9999.0
26494 20171010  2.424 -147.51   64.97     4.0    -0.2     1.9     1.9    32.2     1.19 C     1.2    -2.8     0.0    94.3    80.7    90.0 -99.000 -99.000 -99.000 -99.000 -99.000 -9999.0 -9999.0 -9999.0 -9999.0 -9999.0
26494 20171011  2.424 -147.51   64.97     2.6    -1.4     0.6     0.8     1.9     3.06 C     7.6    -5.3     0.2    93.9    80.9    90.5 -99.000 -99.000 -99.000 -99.000 -99.000 -9999.0 -9999.0 -9999.0 -9999.0 -9999.0
26494 20171012  2.424 -147.51   64.97     4.0    -3.3     0.3     0.7     3.0     4.52 C     6.5    -8.4    -1.5    93.9    48.7    67.7 -99.000 -99.000 -99.000 -99.000 -99.000 -9999.0 -9999.0 -9999.0 -9999.0 -9999.0
26494 20171013  2.424 -147.51   64.97     2.7     0.0     1.4     1.0     3.7     2.29 C     2.0    -0.6     0.2    96.4    90.6    94.7 -99.000 -99.000 -99.000 -99.000 -99.000 -9999.0 -9999.0 -9999.0 -9999.0 -9999.0
26494 20171014  2.424 -147.51   64.97     2.1    -0.5     0.8     0.6     0.5     2.01 C     5.7    -0.9     0.9    96.4    77.6    92.4 -99.000 -99.000 -99.000 -99.000 -99.000 -9999.0 -9999.0 -9999.0 -9999.0 -9999.0
26494 20171015  2.424 -147.51   64.97     1.4    -2.9    -0.8    -0.6     0.0     2.89 C     6.3    -3.2    -0.7    87.9    62.5    74.9 -99.000 -99.000 -99.000 -99.000 -99.000 -9999.0 -9999.0 -9999.0 -9999.0 -9999.0
26494 20171016  2.424 -147.51   64.97    -2.4    -4.4    -3.4    -3.5     1.8     1.87 C    -0.3    -3.9    -2.7    91.6    68.2    82.6 -99.000 -99.000 -99.000 -99.000 -99.000 -9999.0 -9999.0 -9999.0 -9999.0 -9999.0
26494 20171017  2.424 -147.51   64.97    -2.1    -3.8    -2.9    -3.1     1.4     1.01 C    -3.4    -5.6    -4.2    92.8    76.6    86.0 -99.000 -99.000 -99.000 -99.000 -99.000 -9999.0 -9999.0 -9999.0 -9999.0 -9999.0
26494 20171018  2.424 -147.51   64.97    -3.2    -8.5    -5.9    -4.8     0.6     0.92 C    -2.8   -10.9    -6.3    93.3    75.7    84.6 -99.000 -99.000 -99.000 -99.000 -99.000 -9999.0 -9999.0 -9999.0 -9999.0 -9999.0
26494 20171019  2.424 -147.51   64.97    -6.7   -13.7   -10.2   -10.4     0.0     3.27 C    -7.5   -22.3   -14.7    85.5    57.9    75.4 -99.000 -99.000 -99.000 -99.000 -99.000 -9999.0 -9999.0 -9999.0 -9999.0 -9999.0
26494 20171020  2.424 -147.51   64.97    -9.6   -16.3   -13.0   -13.5     0.0     5.57 C   -11.7   -24.1   -19.8    82.2    62.3    75.1 -99.000 -99.000 -99.000 -99.000 -99.000 -9999.0 -9999.0 -9999.0 -9999.0 -9999.0
26494 20171021  2.424 -147.51   64.97    -6.5   -14.4   -10.5   -11.0     0.0     3.69 C    -8.2   -22.2   -15.5    88.5    54.2    72.8 -99.000 -99.000 -99.000 -99.000 -99.000 -9999.0 -9999.0 -9999.0 -9999.0 -9999.0
26494 20171022  2.424 -147.51   64.97    -8.0   -13.5   -10.8   -11.2     0.0     2.08 C    -6.8   -20.3   -13.6    87.2    72.7    82.9 -99.000 -99.000 -99.000 -99.000 -99.000 -9999.0 -9999.0 -9999.0 -9999.0 -9999.0
26494 20171023  2.424 -147.51   64.97    -1.8   -12.0    -6.9    -6.3     0.0     2.07 C    -5.0   -20.2   -12.2    85.7    35.5    62.8 -99.000 -99.000 -99.000 -99.000 -99.000 -9999.0 -9999.0 -9999.0 -9999.0 -9999.0
26494 20171024  2.424 -147.51   64.97    -2.1    -8.0    -5.1    -5.3     1.0     0.87 C    -4.2   -11.4    -6.8    92.1    53.7    77.9 -99.000 -99.000 -99.000 -99.000 -99.000 -9999.0 -9999.0 -9999.0 -9999.0 -9999.0
26494 20171025  2.424 -147.51   64.97     4.0    -5.3    -0.7     0.2     0.8     1.16 C    -0.3    -7.6    -2.9    91.3    56.9    71.8 -99.000 -99.000 -99.000 -99.000 -99.000 -9999.0 -9999.0 -9999.0 -9999.0 -9999.0
26494 20171026  2.424 -147.51   64.97     6.6     2.3     4.5     4.6     0.0     1.08 C     0.4    -3.2    -0.6    68.9    45.8    55.9 -99.000 -99.000 -99.000 -99.000 -99.000 -9999.0 -9999.0 -9999.0 -9999.0 -9999.0
26494 20171027  2.424 -147.51   64.97     5.1     0.8     2.9     2.4     3.8     1.38 C     1.0    -2.2    -0.2    92.1    52.1    73.1 -99.000 -99.000 -99.000 -99.000 -99.000 -9999.0 -9999.0 -9999.0 -9999.0 -9999.0
26494 20171028  2.424 -147.51   64.97     3.9    -1.8     1.1     0.7     0.0     1.68 C     0.6    -5.7    -1.9    92.7    69.6    85.6 -99.000 -99.000 -99.000 -99.000 -99.000 -9999.0 -9999.0 -9999.0 -9999.0 -9999.0
26494 20171029  2.424 -147.51   64.97     4.0    -2.0     1.0     1.2     0.0     1.17 C     0.7    -6.8    -2.5    91.5    54.3    74.7 -99.000 -99.000 -99.000 -99.000 -99.000 -9999.0 -9999.0 -9999.0 -9999.0 -9999.0
26494 20171030  2.424 -147.51   64.97     5.2    -0.9     2.1     1.3     7.3     1.00 C     1.5    -3.5    -0.5    96.4    51.8    83.5 -99.000 -99.000 -99.000 -99.000 -99.000 -9999.0 -9999.0 -9999.0 -9999.0 -9999.0
26494 20171031  2.424 -147.51   64.97    -0.8    -3.8    -2.3    -1.9     0.0     1.02 C    -0.2    -7.2    -2.7    95.4    87.4    92.9 -99.000 -99.000 -99.000 -99.000 -99.000 -9999.0 -9999.0 -9999.0 -9999.0 -9999.0
26494 20171101  2.424 -147.51   64.97    -2.0    -6.2    -4.1    -3.5     0.0     0.72 C    -2.1   -10.9    -5.0    94.5    85.9    89.5 -99.000 -99.000 -99.000 -99.000 -99.000 -9999.0 -9999.0 -9999.0 -9999.0 -9999.0
26494 20171102  2.424 -147.51   64.97    -3.4    -5.9    -4.7    -4.7     0.0     0.60 C    -3.0    -9.6    -4.9    93.3    87.8    91.7 -99.000 -99.000 -99.000 -99.000 -99.000 -9999.0 -9999.0 -9999.0 -9999.0 -9999.0
26494 20171103  2.424 -147.51   64.97    -1.7    -3.7    -2.7    -2.7     5.8     0.26 C    -1.7    -9.6    -3.2    94.4    85.6    91.4 -99.000 -99.000 -99.000 -99.000 -99.000 -9999.0 -9999.0 -9999.0 -9999.0 -9999.0
26494 20171104  2.424 -147.51   64.97    -2.7    -6.6    -4.7    -4.3     0.0     0.51 C    -3.9   -12.3    -6.8    90.8    74.9    85.0 -99.000 -99.000 -99.000 -99.000 -99.000 -9999.0 -9999.0 -9999.0 -9999.0 -9999.0
26494 20171105  2.424 -147.51   64.97    -4.9    -6.6    -5.8    -5.4     4.9     0.11 C    -4.3   -10.1    -5.9    92.8    82.3    89.8 -99.000 -99.000 -99.000 -99.000 -99.000 -9999.0 -9999.0 -9999.0 -9999.0 -9999.0
26494 20171106  2.424 -147.51   64.97    -6.6   -12.5    -9.5    -9.0     0.0     0.18 C    -7.4   -20.8   -10.8    91.5    84.9    88.5 -99.000 -99.000 -99.000 -99.000 -99.000 -9999.0 -9999.0 -9999.0 -9999.0 -9999.0
26494 20171107  2.424 -147.51   64.97    -4.6   -12.4    -8.5    -8.5     0.0     0.33 C   -10.2   -20.3   -14.1    88.7    61.4    80.7 -99.000 -99.000 -99.000 -99.000 -99.000 -9999.0 -9999.0 -9999.0 -9999.0 -9999.0
26494 20171108  2.424 -147.51   64.97    -5.8   -12.0    -8.9    -9.2     1.4     0.12 C    -5.9   -19.6   -10.2    89.9    71.0    82.3 -99.000 -99.000 -99.000 -99.000 -99.000 -9999.0 -9999.0 -9999.0 -9999.0 -9999.0
26494 20171109  2.424 -147.51   64.97    -4.8    -9.8    -7.3    -7.9     2.0     0.10 C    -6.0   -16.2    -8.9    91.8    73.5    87.7 -99.000 -99.000 -99.000 -99.000 -99.000 -9999.0 -9999.0 -9999.0 -9999.0 -9999.0
26494 20171110  2.424 -147.51   64.97    -7.9   -10.6    -9.3    -9.0     1.2     0.10 C    -8.8   -17.0   -10.8    89.8    79.9    85.6 -99.000 -99.000 -99.000 -99.000 -99.000 -9999.0 -9999.0 -9999.0 -9999.0 -9999.0
26494 20171111  2.424 -147.51   64.97    -9.2   -10.6    -9.9    -9.9     0.0     0.16 C    -9.8   -14.8   -11.0    89.3    76.9    82.7 -99.000 -99.000 -99.000 -99.000 -99.000 -9999.0 -9999.0 -9999.0 -9999.0 -9999.0
26494 20171112  2.424 -147.51   64.97    -5.1    -9.9    -7.5    -8.1     9.4     0.09 C    -5.6   -10.1    -8.2    91.9    75.5    84.8 -99.000 -99.000 -99.000 -99.000 -99.000 -9999.0 -9999.0 -9999.0 -9999.0 -9999.0
26494 20171113  2.424 -147.51   64.97    -5.1    -9.0    -7.1    -6.1     6.6     0.10 C    -5.6   -16.5    -7.3    91.2    85.4    88.6 -99.000 -99.000 -99.000 -99.000 -99.000 -9999.0 -9999.0 -9999.0 -9999.0 -9999.0
26494 20171114  2.424 -147.51   64.97    -6.8   -14.5   -10.6    -9.6     0.0     0.19 C    -8.9   -24.2   -14.5    88.7    54.6    79.6 -99.000 -99.000 -99.000 -99.000 -99.000 -9999.0 -9999.0 -9999.0 -9999.0 -9999.0
26494 20171115  2.424 -147.51   64.97   -11.2   -15.8   -13.5   -13.2     0.2     0.21 C   -10.5   -25.4   -17.5    87.3    76.1    81.3 -99.000 -99.000 -99.000 -99.000 -99.000 -9999.0 -9999.0 -9999.0 -9999.0 -9999.0
26494 20171116  2.424 -147.51   64.97   -12.0   -13.4   -12.7   -12.8    10.0     0.06 C   -10.7   -15.7   -13.0    87.7    76.7    82.4 -99.000 -99.000 -99.000 -99.000 -99.000 -9999.0 -9999.0 -9999.0 -9999.0 -9999.0
26494 20171117  2.424 -147.51   64.97   -11.0   -18.6   -14.8   -13.6     1.2     0.13 C   -11.8   -30.0   -18.5    87.3    64.1    80.7 -99.000 -99.000 -99.000 -99.000 -99.000 -9999.0 -9999.0 -9999.0 -9999.0 -9999.0
26494 20171118  2.424 -147.51   64.97   -14.1   -20.5   -17.3   -18.4     0.0     0.08 C   -18.4   -31.3   -27.5    79.4    59.6    75.4 -99.000 -99.000 -99.000 -99.000 -99.000 -9999.0 -9999.0 -9999.0 -9999.0 -9999.0
26494 20171119  2.424 -147.51   64.97   -12.9   -18.2   -15.5   -15.1     0.0     0.15 C   -15.4   -26.5   -18.2    82.1    44.6    68.1 -99.000 -99.000 -99.000 -99.000 -99.000 -9999.0 -9999.0 -9999.0 -9999.0 -9999.0
26494 20171120  2.424 -147.51   64.97   -15.7   -21.5   -18.6   -19.0     0.0     0.25 C   -21.3   -32.3   -28.0    72.8    46.7    62.8 -99.000 -99.000 -99.000 -99.000 -99.000 -9999.0 -9999.0 -9999.0 -9999.0 -9999.0
26494 20171121  2.424 -147.51   64.97   -15.4   -20.9   -18.2   -18.1     1.8     0.31 C   -15.1   -30.8   -20.1    81.1    48.6    71.9 -99.000 -99.000 -99.000 -99.000 -99.000 -9999.0 -9999.0 -9999.0 -9999.0 -9999.0
26494 20171122  2.424 -147.51   64.97   -12.2   -17.6   -14.9   -15.3     2.9     0.17 C   -13.3   -21.8   -15.7    84.6    77.1    82.3 -99.000 -99.000 -99.000 -99.000 -99.000 -9999.0 -9999.0 -9999.0 -9999.0 -9999.0
26494 20171123  2.424 -147.51   64.97   -11.7   -23.2   -17.5   -17.6     0.0     0.10 C   -13.0   -32.2   -19.4    85.7    75.8    81.2 -99.000 -99.000 -99.000 -99.000 -99.000 -9999.0 -9999.0 -9999.0 -9999.0 -9999.0
26494 20171124  2.424 -147.51   64.97   -17.4   -21.7   -19.5   -19.6     0.2     0.17 C   -18.5   -31.3   -23.2    80.6    75.7    78.4 -99.000 -99.000 -99.000 -99.000 -99.000 -9999.0 -9999.0 -9999.0 -9999.0 -9999.0
26494 20171125  2.424 -147.51   64.97   -17.2   -24.6   -20.9   -21.4     0.0     0.11 C   -18.5   -33.9   -27.5    81.8    74.6    77.0 -99.000 -99.000 -99.000 -99.000 -99.000 -9999.0 -9999.0 -9999.0 -9999.0 -9999.0
26494 20171126  2.424 -147.51   64.97   -11.7   -23.1   -17.4   -17.2     0.0     0.09 C   -19.4   -31.9   -23.5    80.8    61.8    71.5 -99.000 -99.000 -99.000 -99.000 -99.000 -9999.0 -9999.0 -9999.0 -9999.0 -9999.0
26494 20171127  2.424 -147.51   64.97    -8.4   -15.6   -12.0   -12.3     0.0     0.13 C   -15.7   -23.4   -19.9    83.5    61.7    76.6 -99.000 -99.000 -99.000 -99.000 -99.000 -9999.0 -9999.0 -9999.0 -9999.0 -9999.0
26494 20171128  2.424 -147.51   64.97    -8.8   -13.8   -11.3   -11.9     0.0     0.27 C   -14.2   -20.8   -18.0    84.9    73.0    81.1 -99.000 -99.000 -99.000 -99.000 -99.000 -9999.0 -9999.0 -9999.0 -9999.0 -9999.0
26494 20171129  2.424 -147.51   64.97    -6.1   -13.8    -9.9    -9.3     0.0     0.13 C   -10.5   -19.3   -14.9    86.7    66.3    79.8 -99.000 -99.000 -99.000 -99.000 -99.000 -9999.0 -9999.0 -9999.0 -9999.0 -9999.0
26494 20171130  2.424 -147.51   64.97    -8.1   -14.7   -11.4   -11.3     0.0     0.13 C    -9.5   -21.0   -16.3    87.7    80.1    83.8 -99.000 -99.000 -99.000 -99.000 -99.000 -9999.0 -9999.0 -9999.0 -9999.0 -9999.0
26494 20171201  2.424 -147.51   64.97    -7.0   -15.2   -11.1   -11.4     0.0     0.10 C    -9.1   -21.1   -13.9    86.9    76.7    83.3 -99.000 -99.000 -99.000 -99.000 -99.000 -9999.0 -9999.0 -9999.0 -9999.0 -9999.0
26494 20171202  2.424 -147.51   64.97    -3.3    -9.5    -6.4    -6.3     0.2     0.15 C    -5.8   -17.2    -9.5    89.8    61.5    79.0 -99.000 -99.000 -99.000 -99.000 -99.000 -9999.0 -9999.0 -9999.0 -9999.0 -9999.0
26494 20171203  2.424 -147.51   64.97     1.8    -8.5    -3.3    -4.4     0.0     0.06 C    -3.0   -12.1    -7.3    90.8    60.0    79.6 -99.000 -99.000 -99.000 -99.000 -99.000 -9999.0 -9999.0 -9999.0 -9999.0 -9999.0
26494 20171204  2.424 -147.51   64.97     3.2    -3.0     0.1     1.1     0.0     0.10 C    -1.3    -8.2    -3.8    80.3    53.1    61.4 -99.000 -99.000 -99.000 -99.000 -99.000 -9999.0 -9999.0 -9999.0 -9999.0 -9999.0
26494 20171205  2.424 -147.51   64.97     2.3    -4.1    -0.9    -0.6     0.0     0.13 C    -1.1   -10.6    -5.5    85.5    42.3    65.5 -99.000 -99.000 -99.000 -99.000 -99.000 -9999.0 -9999.0 -9999.0 -9999.0 -9999.0
26494 20171206  2.424 -147.51   64.97     2.0    -4.9    -1.4    -1.5     3.5     0.00 C    -1.0   -14.7    -4.6    94.8    55.1    81.2 -99.000 -99.000 -99.000 -99.000 -99.000 -9999.0 -9999.0 -9999.0 -9999.0 -9999.0
26494 20171207  2.424 -147.51   64.97     4.2    -7.8    -1.8    -1.6     2.1     0.05 C     0.1   -17.1    -5.8    89.4    57.5    72.9 -99.000 -99.000 -99.000 -99.000 -99.000 -9999.0 -9999.0 -9999.0 -9999.0 -9999.0
26494 20171208  2.424 -147.51   64.97     4.0    -8.5    -2.2    -1.1     0.0     0.07 C     0.0   -13.6    -4.3    95.2    69.9    87.2 -99.000 -99.000 -99.000 -99.000 -99.000 -9999.0 -9999.0 -9999.0 -9999.0 -9999.0
26494 20171209  2.424 -147.51   64.97    -1.6   -10.2    -5.9    -6.1     0.0     0.09 C    -5.5   -14.9   -11.6    94.3    87.0    90.4 -99.000 -99.000 -99.000 -99.000 -99.000 -9999.0 -9999.0 -9999.0 -9999.0 -9999.0
26494 20171210  2.424 -147.51   64.97     4.6    -5.6    -0.5     1.8     0.0     0.12 C    -0.8   -10.2    -3.8    91.0    38.6    59.7 -99.000 -99.000 -99.000 -99.000 -99.000 -9999.0 -9999.0 -9999.0 -9999.0 -9999.0
26494 20171211  2.424 -147.51   64.97     6.0    -0.1     3.0     3.6     0.0     0.05 C     0.0    -9.5    -2.6    61.8    36.0    49.6 -99.000 -99.000 -99.000 -99.000 -99.000 -9999.0 -9999.0 -9999.0 -9999.0 -9999.0
26494 20171212  2.424 -147.51   64.97     4.5     0.2     2.3     2.5     0.0     0.06 C    -1.0    -7.5    -3.9    55.5    36.8    46.2 -99.000 -99.000 -99.000 -99.000 -99.000 -9999.0 -9999.0 -9999.0 -9999.0 -9999.0
26494 20171213  2.424 -147.51   64.97     7.1     1.0     4.1     4.8     0.0     0.17 C     0.1    -6.0    -1.9    60.8    29.5    42.7 -99.000 -99.000 -99.000 -99.000 -99.000 -9999.0 -9999.0 -9999.0 -9999.0 -9999.0
26494 20171214  2.424 -147.51   64.97     3.5    -6.2    -1.3    -3.4     0.0     0.04 C    -3.7   -12.0    -7.9    87.7    51.9    77.6 -99.000 -99.000 -99.000 -99.000 -99.000 -9999.0 -9999.0 -9999.0 -9999.0 -9999.0
26494 20171215  2.424 -147.51   64.97     1.6    -6.4    -2.4    -2.6     0.0     0.10 C    -1.9   -11.7    -5.8    92.8    44.4    74.2 -99.000 -99.000 -99.000 -99.000 -99.000 -9999.0 -9999.0 -9999.0 -9999.0 -9999.0
26494 20171216  2.424 -147.51   64.97     1.7    -7.5    -2.9    -2.9     1.7     0.07 C    -1.8   -11.7    -6.5    90.5    46.7    67.8 -99.000 -99.000 -99.000 -99.000 -99.000 -9999.0 -9999.0 -9999.0 -9999.0 -9999.0
26494 20171217  2.424 -147.51   64.97    -6.2    -7.4    -6.8    -6.8     0.0     0.05 C    -5.9    -9.0    -7.0    92.7    88.0    90.2 -99.000 -99.000 -99.000 -99.000 -99.000 -9999.0 -9999.0 -9999.0 -9999.0 -9999.0
26494 20171218  2.424 -147.51   64.97    -6.5    -8.9    -7.7    -7.2     0.2     0.04 C    -5.3   -15.6    -8.1    91.0    88.1    89.7 -99.000 -99.000 -99.000 -99.000 -99.000 -9999.0 -9999.0 -9999.0 -9999.0 -9999.0
26494 20171219  2.424 -147.51   64.97    -2.1    -7.3    -4.7    -4.2     4.0     0.01 C    -2.8    -9.8    -5.1    93.4    68.6    85.2 -99.000 -99.000 -99.000 -99.000 -99.000 -9999.0 -9999.0 -9999.0 -9999.0 -9999.0
26494 20171220  2.424 -147.51   64.97    -2.5    -6.4    -4.4    -3.6     2.4     0.01 C    -3.7   -15.3    -6.3    90.5    75.8    86.0 -99.000 -99.000 -99.000 -99.000 -99.000 -9999.0 -9999.0 -9999.0 -9999.0 -9999.0
26494 20171221  2.424 -147.51   64.97     1.4   -10.0    -4.3    -6.3     0.0     0.02 C    -5.6   -18.3   -14.2    85.8    34.9    71.9 -99.000 -99.000 -99.000 -99.000 -99.000 -9999.0 -9999.0 -9999.0 -9999.0 -9999.0
26494 20171222  2.424 -147.51   64.97     3.5    -7.6    -2.0     0.8     0.0     0.11 C    -6.2   -16.5   -10.7    72.9    18.0    30.4 -99.000 -99.000 -99.000 -99.000 -99.000 -9999.0 -9999.0 -9999.0 -9999.0 -9999.0
26494 20171223  2.424 -147.51   64.97     2.9    -9.0    -3.1    -3.6     0.0     0.09 C    -9.7   -19.7   -16.2    73.5    19.0    40.7 -99.000 -99.000 -99.000 -99.000 -99.000 -9999.0 -9999.0 -9999.0 -9999.0 -9999.0
26494 20171224  2.424 -147.51   64.97    -2.1   -12.1    -7.1    -8.3     0.0     0.07 C   -16.1   -22.3   -19.7    60.9    30.4    49.3 -99.000 -99.000 -99.000 -99.000 -99.000 -9999.0 -9999.0 -9999.0 -9999.0 -9999.0
26494 20171225  2.424 -147.51   64.97    -9.7   -15.0   -12.3   -12.5     0.0     0.09 C   -15.4   -22.1   -19.2    69.0    50.0    60.1 -99.000 -99.000 -99.000 -99.000 -99.000 -9999.0 -9999.0 -9999.0 -9999.0 -9999.0
26494 20171226  2.424 -147.51   64.97   -11.9   -18.6   -15.2   -15.3     0.0     0.08 C   -13.7   -27.0   -20.1    81.6    61.7    73.1 -99.000 -99.000 -99.000 -99.000 -99.000 -9999.0 -9999.0 -9999.0 -9999.0 -9999.0
26494 20171227  2.424 -147.51   64.97   -15.3   -19.0   -17.1   -17.5     0.0     0.08 C   -15.7   -27.2   -20.2    83.1    77.1    80.5 -99.000 -99.000 -99.000 -99.000 -99.000 -9999.0 -9999.0 -9999.0 -9999.0 -9999.0
26494 20171228  2.424 -147.51   64.97   -17.0   -22.5   -19.7   -19.9     0.0     0.09 C   -16.8   -30.6   -25.2    81.5    76.2    78.5 -99.000 -99.000 -99.000 -99.000 -99.000 -9999.0 -9999.0 -9999.0 -9999.0 -9999.0
26494 20171229  2.424 -147.51   64.97   -17.9   -23.4   -20.7   -20.1     0.0     0.09 C   -21.4   -31.2   -28.2    78.6    75.2    77.1 -99.000 -99.000 -99.000 -99.000 -99.000 -9999.0 -9999.0 -9999.0 -9999.0 -9999.0
26494 20171230  2.424 -147.51   64.97   -16.0   -20.7   -18.4   -18.6     0.0     0.07 C   -17.6   -28.0   -23.6    78.5    68.5    76.1 -99.000 -99.000 -99.000 -99.000 -99.000 -9999.0 -9999.0 -9999.0 -9999.0 -9999.0
26494 20171231  2.424 -147.51   64.97    -9.2   -16.7   -13.0   -13.1     0.0     0.04 C   -11.7   -17.8   -14.5    81.8    58.5    74.5 -99.000 -99.000 -99.000 -99.000 -99.000 -9999.0 -9999.0 -9999.0 -9999.0 -9999.0
