94078 20170101  2.423 -108.67   42.68     1.4   -14.2    -6.4    -8.7     0.0     8.81 C    -3.1   -19.5   -12.3    88.3    36.0    72.5 -99.000 -99.000 -99.000 -99.000 -99.000    -4.4    -3.7 -9999.0 -9999.0 -9999.0
94078 20170102  2.423 -108.67   42.68   -10.3   -17.4   -13.9   -14.2     4.7     4.77 C   -10.0   -25.5   -14.9    86.5    72.7    81.0 -99.000 -99.000 -99.000 -99.000 -99.000    -3.8    -3.4 -9999.0 -9999.0 -9999.0
94078 20170103  2.423 -108.67   42.68   -15.8   -19.2   -17.5   -17.3     0.0     7.01 C   -11.8   -24.4   -17.0    83.7    71.2    78.3 -99.000 -99.000 -99.000 -99.000 -99.000    -3.7    -3.3 -9999.0 -9999.0 -9999.0
94078 20170104  2.423 -108.67   42.68 -9999.0 -9999.0 -9999.0 -9999.0     4.3     1.42 C   -12.9   -19.7   -15.9    82.8    72.1    78.9 -99.000 -99.000 -99.000 -99.000 -99.000    -3.8    -3.5 -9999.0 -9999.0 -9999.0
94078 20170105  2.423 -108.67   42.68 -9999.0 -9999.0 -9999.0 -9999.0     0.4     3.86 C   -16.4   -37.1   -27.6    79.6    58.1    70.1 -99.000 -99.000 -99.000 -99.000 -99.000    -3.9    -3.6 -9999.0 -9999.0 -9999.0
94078 20170106  2.423 -108.67   42.68 -9999.0 -9999.0 -9999.0 -9999.0     0.0     5.22 C   -17.8   -36.4   -29.4    80.2    58.9    72.9 -99.000 -99.000 -99.000 -99.000 -99.000    -4.7    -4.1 -9999.0 -9999.0 -9999.0
94078 20170107  2.423 -108.67   42.68 -9999.0 -9999.0 -9999.0 -9999.0     0.0     3.92 C   -17.3   -32.5   -24.4    84.0    60.6    70.0 -99.000 -99.000 -99.000 -99.000 -99.000    -5.0    -4.5 -9999.0 -9999.0 -9999.0
94078 20170108  2.423 -108.67   42.68 -9999.0 -9999.0 -9999.0 -9999.0     0.0     7.00 C     1.4   -20.3    -9.9    86.1    23.7    68.3 -99.000 -99.000 -99.000 -99.000 -99.000    -4.6    -4.3 -9999.0 -9999.0 -9999.0
94078 20170109  2.423 -108.67   42.68     7.6     0.5     4.1     4.2    10.9     5.18 C     1.7    -3.5    -0.2    92.7    32.4    65.4 -99.000 -99.000 -99.000 -99.000 -99.000    -1.2    -2.0 -9999.0 -9999.0 -9999.0
94078 20170110  2.423 -108.67   42.68     3.4    -3.8    -0.2     0.5     1.6     5.38 C     0.5    -5.4    -2.3    76.8    33.8    60.2 -99.000 -99.000 -99.000 -99.000 -99.000    -2.1    -2.0 -9999.0 -9999.0 -9999.0
94078 20170111  2.423 -108.67   42.68     4.2   -13.3    -4.6    -5.9     0.0     5.34 C    -0.3   -13.4    -6.1    87.8    49.1    75.1 -99.000 -99.000 -99.000 -99.000 -99.000    -2.7    -2.1 -9999.0 -9999.0 -9999.0
94078 20170112  2.423 -108.67   42.68    -7.4   -14.1   -10.8   -10.6     0.0     5.91 C    -5.2   -15.0   -11.5    83.9    55.8    73.3 -99.000 -99.000 -99.000 -99.000 -99.000    -6.6    -5.2 -9999.0 -9999.0 -9999.0
94078 20170113  2.423 -108.67   42.68    -3.3   -15.9    -9.6   -10.3     0.0     9.43 C    -2.8   -16.6   -10.8    86.4    47.6    72.3 -99.000 -99.000 -99.000 -99.000 -99.000    -7.7    -6.6 -9999.0 -9999.0 -9999.0
94078 20170114  2.423 -108.67   42.68    -2.2   -13.9    -8.1    -9.9     0.0     9.83 C    -1.4   -15.7   -10.8    83.5    50.8    72.3 -99.000 -99.000 -99.000 -99.000 -99.000    -8.2    -7.1 -9999.0 -9999.0 -9999.0
94078 20170115  2.423 -108.67   42.68    -5.2   -16.4   -10.8   -11.8     0.0     8.47 C    -3.0   -17.7   -12.7    85.1    53.6    75.5 -99.000 -99.000 -99.000 -99.000 -99.000    -9.5    -8.3 -9999.0 -9999.0 -9999.0
94078 20170116  2.423 -108.67   42.68    -3.9   -15.6    -9.8   -11.0     0.0    10.02 C    -2.2   -17.8   -12.3    84.0    49.3    70.8 -99.000 -99.000 -99.000 -99.000 -99.000   -10.0    -8.9 -9999.0 -9999.0 -9999.0
94078 20170117  2.423 -108.67   42.68    -5.5   -16.0   -10.8   -10.9     0.0     9.76 C    -1.6   -17.9   -11.9    82.5    54.7    72.4 -99.000 -99.000 -99.000 -99.000 -99.000   -10.2    -9.2 -9999.0 -9999.0 -9999.0
94078 20170118  2.423 -108.67   42.68    -2.1   -14.3    -8.2    -9.1     0.0    10.13 C    -0.1   -15.8   -10.0    83.8    49.2    71.1 -99.000 -99.000 -99.000 -99.000 -99.000    -9.2    -8.6 -9999.0 -9999.0 -9999.0
94078 20170119  2.423 -108.67   42.68    -2.6   -12.8    -7.7    -7.3     0.0     6.18 C     0.8   -14.8    -8.5    83.4    50.8    70.6 -99.000 -99.000 -99.000 -99.000 -99.000    -8.4    -8.1 -9999.0 -9999.0 -9999.0
94078 20170120  2.423 -108.67   42.68     2.9    -7.3    -2.2    -2.4     0.0    10.52 C     2.4   -10.1    -4.7    83.8    41.0    61.9 -99.000 -99.000 -99.000 -99.000 -99.000    -5.7    -5.8 -9999.0 -9999.0 -9999.0
94078 20170121  2.423 -108.67   42.68    -1.5   -11.2    -6.3    -6.1     0.0     8.47 C     2.1   -12.7    -6.4    89.8    56.4    74.7 -99.000 -99.000 -99.000 -99.000 -99.000    -6.4    -6.1 -9999.0 -9999.0 -9999.0
94078 20170122  2.423 -108.67   42.68     2.3    -7.4    -2.5    -3.1     0.0     9.23 C     3.0   -12.6    -5.5    73.7    25.4    49.8 -99.000 -99.000 -99.000 -99.000 -99.000    -6.0    -5.8 -9999.0 -9999.0 -9999.0
94078 20170123  2.423 -108.67   42.68    -2.6    -9.2    -5.9    -5.1     9.8     4.49 C     0.5    -9.9    -5.4    92.3    56.4    76.0 -99.000 -99.000 -99.000 -99.000 -99.000    -5.3    -5.2 -9999.0 -9999.0 -9999.0
94078 20170124  2.423 -108.67   42.68    -5.3   -12.2    -8.8    -8.4     8.2     5.74 C    -5.5   -19.2    -9.7    90.9    65.0    81.9 -99.000 -99.000 -99.000 -99.000 -99.000    -4.2    -4.2 -9999.0 -9999.0 -9999.0
94078 20170125  2.423 -108.67   42.68    -7.1   -13.6   -10.4    -9.2     0.0     9.06 C    -7.2   -21.3   -13.2    68.8    50.3    60.4 -99.000 -99.000 -99.000 -99.000 -99.000    -4.1    -4.0 -9999.0 -9999.0 -9999.0
94078 20170126  2.423 -108.67   42.68    -6.3   -12.8    -9.6    -9.5     0.0     7.76 C    -8.1   -25.5   -16.1    73.1    34.5    49.8 -99.000 -99.000 -99.000 -99.000 -99.000    -4.0    -4.0 -9999.0 -9999.0 -9999.0
94078 20170127  2.423 -108.67   42.68    -6.9   -19.1   -13.0   -12.6     0.0    11.47 C    -9.7   -28.7   -20.3    80.2    39.5    59.4 -99.000 -99.000 -99.000 -99.000 -99.000    -4.2    -4.1 -9999.0 -9999.0 -9999.0
94078 20170128  2.423 -108.67   42.68    -3.5   -18.6   -11.1   -11.7     0.0    11.03 C    -5.0   -26.2   -16.2    79.5    57.5    70.9 -99.000 -99.000 -99.000 -99.000 -99.000    -4.4    -4.2 -9999.0 -9999.0 -9999.0
94078 20170129  2.423 -108.67   42.68     4.5   -14.5    -5.0    -3.4     0.0     9.28 C    -0.2   -18.3   -10.1    80.2    45.2    63.3 -99.000 -99.000 -99.000 -99.000 -99.000    -4.2    -4.1 -9999.0 -9999.0 -9999.0
94078 20170130  2.423 -108.67   42.68     6.7    -7.8    -0.6     0.8     0.0    10.56 C     0.4   -13.3    -7.3    79.1    31.8    47.7 -99.000 -99.000 -99.000 -99.000 -99.000    -3.9    -3.8 -9999.0 -9999.0 -9999.0
94078 20170131  2.423 -108.67   42.68     8.2    -8.2     0.0     0.8     0.0     8.73 C     0.4   -13.1    -5.8    88.1    23.7    52.9 -99.000 -99.000 -99.000 -99.000 -99.000    -3.6    -3.6 -9999.0 -9999.0 -9999.0
94078 20170201  2.423 -108.67   42.68    -8.2   -13.4   -10.8   -10.4     0.7     6.83 C    -7.9   -13.8   -10.1    86.6    68.3    80.9 -99.000 -99.000 -99.000 -99.000 -99.000    -3.4    -3.4 -9999.0 -9999.0 -9999.0
94078 20170202  2.423 -108.67   42.68   -12.6   -17.6   -15.1   -14.5     0.2     8.55 C    -9.6   -25.7   -16.5    85.1    71.1    78.4 -99.000 -99.000 -99.000 -99.000 -99.000    -3.8    -3.6 -9999.0 -9999.0 -9999.0
94078 20170203  2.423 -108.67   42.68    -6.6   -19.6   -13.1   -15.3     0.0     9.66 C    -8.9   -25.9   -18.3    83.6    65.4    76.4 -99.000 -99.000 -99.000 -99.000 -99.000    -4.4    -4.1 -9999.0 -9999.0 -9999.0
94078 20170204  2.423 -108.67   42.68     8.1   -13.6    -2.8     1.5     0.0    12.50 C     0.7   -16.5    -5.5    74.6    30.1    52.6 -99.000 -99.000 -99.000 -99.000 -99.000    -3.9    -3.8 -9999.0 -9999.0 -9999.0
94078 20170205  2.423 -108.67   42.68     9.3    -2.2     3.6     3.8     0.0    11.54 C     0.6    -9.9    -4.3    59.1    29.1    45.2 -99.000 -99.000 -99.000 -99.000 -99.000    -2.8    -2.9 -9999.0 -9999.0 -9999.0
94078 20170206  2.423 -108.67   42.68     8.9     1.9     5.4     5.2     0.8    11.58 C     2.5    -1.5     0.0    78.7    33.2    54.6 -99.000 -99.000 -99.000 -99.000 -99.000    -1.5    -2.0 -9999.0 -9999.0 -9999.0
94078 20170207  2.423 -108.67   42.68     6.3    -4.2     1.1     1.3     4.3     5.88 C     1.2    -4.4    -0.6    90.6    42.4    72.4 -99.000 -99.000 -99.000 -99.000 -99.000    -0.8    -1.3 -9999.0 -9999.0 -9999.0
94078 20170208  2.423 -108.67   42.68     8.0    -6.7     0.6     2.8     0.0    12.61 C     2.6    -4.1    -0.8    77.5    31.2    47.8 -99.000 -99.000 -99.000 -99.000 -99.000    -0.9    -1.2 -9999.0 -9999.0 -9999.0
94078 20170209  2.423 -108.67   42.68    15.9    -3.1     6.4     7.2     0.0     8.92 C    10.1    -3.4     1.3    80.7    30.5    52.9 -99.000 -99.000 -99.000 -99.000 -99.000    -1.2    -1.3 -9999.0 -9999.0 -9999.0
94078 20170210  2.423 -108.67   42.68    11.4     1.7     6.5     7.7     4.3     8.79 C    11.2    -1.2     3.8    77.0    46.9    60.2 -99.000 -99.000 -99.000 -99.000 -99.000     0.5    -0.6 -9999.0 -9999.0 -9999.0
94078 20170211  2.423 -108.67   42.68     8.3    -4.8     1.8     2.6     0.0     9.91 C    12.2    -3.3     0.9    82.5    22.9    52.1 -99.000 -99.000 -99.000 -99.000 -99.000     0.3    -0.3 -9999.0 -9999.0 -9999.0
94078 20170212  2.423 -108.67   42.68     3.9    -8.0    -2.0    -2.7     0.0    13.79 C     7.9    -7.0    -1.3    88.2    40.0    69.0 -99.000 -99.000 -99.000 -99.000 -99.000    -0.3    -0.3 -9999.0 -9999.0 -9999.0
94078 20170213  2.423 -108.67   42.68     6.8    -7.2    -0.2    -0.9     0.0    13.77 C     9.9    -6.5    -0.8    87.2    33.3    58.6 -99.000 -99.000 -99.000 -99.000 -99.000    -0.4    -0.3 -9999.0 -9999.0 -9999.0
94078 20170214  2.423 -108.67   42.68     8.1    -4.3     1.9     1.2     0.0    13.95 C    12.1    -6.1     0.2    78.0    23.6    48.1 -99.000 -99.000 -99.000 -99.000 -99.000    -0.4    -0.4 -9999.0 -9999.0 -9999.0
94078 20170215  2.423 -108.67   42.68    12.2    -4.5     3.8     2.7     0.0    14.37 C    15.2    -5.9     1.2    82.8    29.1    55.9 -99.000 -99.000 -99.000 -99.000 -99.000    -0.3    -0.4 -9999.0 -9999.0 -9999.0
94078 20170216  2.423 -108.67   42.68    12.6    -1.2     5.7     5.7     0.0    12.57 C    16.3    -5.6     1.7    55.7    13.2    34.7 -99.000 -99.000 -99.000 -99.000 -99.000    -0.1    -0.4 -9999.0 -9999.0 -9999.0
94078 20170217  2.423 -108.67   42.68    10.4    -0.6     4.9     5.8     0.6    13.72 C    17.4    -3.6     3.8    82.4    23.4    42.6 -99.000 -99.000 -99.000 -99.000 -99.000     0.6    -0.3 -9999.0 -9999.0 -9999.0
94078 20170218  2.423 -108.67   42.68    11.9     0.4     6.2     5.7     0.0    11.92 C    17.1    -1.9     3.1    70.9    33.3    53.9 -99.000 -99.000 -99.000 -99.000 -99.000     1.0    -0.2 -9999.0 -9999.0 -9999.0
94078 20170219  2.423 -108.67   42.68    11.4     0.7     6.1     6.8     0.0    13.61 C    20.7    -4.1     3.8    73.4    24.4    42.7 -99.000 -99.000 -99.000 -99.000 -99.000     1.4     0.1 -9999.0 -9999.0 -9999.0
94078 20170220  2.423 -108.67   42.68    10.3    -4.6     2.9     4.4     0.5    14.07 C    15.6    -6.9     2.3    74.1    31.6    48.4 -99.000 -99.000 -99.000 -99.000 -99.000     0.1    -0.1 -9999.0 -9999.0 -9999.0
94078 20170221  2.423 -108.67   42.68    12.0     0.5     6.3     6.5     5.0     8.98 C    14.9    -1.4     4.4    94.1    38.4    60.0   0.239   0.293 -99.000 -99.000 -99.000     2.5     0.9 -9999.0 -9999.0 -9999.0
94078 20170222  2.423 -108.67   42.68     5.7    -1.4     2.1     2.2     0.0     9.96 C    13.1    -2.5     1.8    79.9    26.9    45.5 -99.000   0.292 -99.000 -99.000 -99.000     1.2     0.7 -9999.0 -9999.0 -9999.0
94078 20170223  2.423 -108.67   42.68    -1.3    -7.6    -4.4    -4.9    26.2     4.38 C    -0.9    -8.2    -5.0    93.2    79.0    88.4 -99.000 -99.000 -99.000 -99.000 -99.000     0.1     0.3 -9999.0 -9999.0 -9999.0
94078 20170224  2.423 -108.67   42.68    -6.1   -14.1   -10.1    -9.3     2.2    14.47 C    -4.3   -24.6   -12.7    89.6    58.1    75.5 -99.000 -99.000 -99.000 -99.000 -99.000     0.0     0.1 -9999.0 -9999.0 -9999.0
94078 20170225  2.423 -108.67   42.68    -4.8   -15.7   -10.3    -9.8     0.0    12.05 C    -8.4   -25.3   -17.7    70.1    29.4    44.9 -99.000 -99.000 -99.000 -99.000 -99.000    -0.1     0.0 -9999.0 -9999.0 -9999.0
94078 20170226  2.423 -108.67   42.68    -4.8   -15.6   -10.2    -9.9     0.0    16.39 C    -5.3   -27.1   -17.2    62.0    34.4    44.6 -99.000 -99.000 -99.000 -99.000 -99.000    -0.2     0.0 -9999.0 -9999.0 -9999.0
94078 20170227  2.423 -108.67   42.68    -1.5   -11.4    -6.5    -6.2     2.6    11.75 C    -3.4   -23.2    -9.6    87.2    30.5    59.8 -99.000 -99.000 -99.000 -99.000 -99.000    -0.2     0.0 -9999.0 -9999.0 -9999.0
94078 20170228  2.423 -108.67   42.68    -2.7   -15.2    -8.9    -7.4     0.0    16.11 C    -4.9   -26.1   -14.3    54.7    28.5    40.1 -99.000 -99.000 -99.000 -99.000 -99.000    -0.2     0.0 -9999.0 -9999.0 -9999.0
94078 20170301  2.423 -108.67   42.68     1.7   -13.4    -5.9    -5.1     0.0    17.84 C    -1.9   -22.1   -12.0    52.6    27.9    38.7 -99.000 -99.000 -99.000 -99.000 -99.000    -0.3    -0.1 -9999.0 -9999.0 -9999.0
94078 20170302  2.423 -108.67   42.68     4.3    -8.8    -2.3    -1.5     0.0    17.26 C    -0.1   -17.0    -7.8    55.3    22.3    41.2 -99.000 -99.000 -99.000 -99.000 -99.000    -0.3    -0.2 -9999.0 -9999.0 -9999.0
94078 20170303  2.423 -108.67   42.68     9.0    -3.9     2.5     2.6     0.0    16.90 C     0.8   -10.0    -3.8    47.0    18.7    32.7 -99.000 -99.000 -99.000 -99.000 -99.000    -0.3    -0.2 -9999.0 -9999.0 -9999.0
94078 20170304  2.423 -108.67   42.68     8.6    -4.5     2.0     4.5     0.0    16.53 C     1.5    -9.2    -2.7    62.5    24.3    36.4 -99.000 -99.000 -99.000 -99.000 -99.000    -0.2    -0.2 -9999.0 -9999.0 -9999.0
94078 20170305  2.423 -108.67   42.68     8.2    -0.1     4.1     5.1     2.7    15.33 C     4.6    -2.5     0.3    84.7    34.7    44.7 -99.000 -99.000 -99.000 -99.000 -99.000    -0.2    -0.1 -9999.0 -9999.0 -9999.0
94078 20170306  2.423 -108.67   42.68    -0.1    -6.3    -3.2    -2.8     0.0    16.14 C     3.4    -7.5    -2.7    81.2    23.6    39.0 -99.000 -99.000 -99.000 -99.000 -99.000    -0.2    -0.1 -9999.0 -9999.0 -9999.0
94078 20170307  2.423 -108.67   42.68     4.7    -6.5    -0.9    -0.2     0.0    19.06 C    10.6    -8.0    -1.1    69.7    23.8    34.8 -99.000 -99.000 -99.000 -99.000 -99.000    -0.4    -0.2 -9999.0 -9999.0 -9999.0
94078 20170308  2.423 -108.67   42.68    11.1     0.3     5.7     5.7     0.0    15.95 C    17.6    -4.7     2.2    54.2    24.6    39.4 -99.000 -99.000 -99.000 -99.000 -99.000    -0.2    -0.2 -9999.0 -9999.0 -9999.0
94078 20170309  2.423 -108.67   42.68    14.0    -0.8     6.6     8.5     0.0    14.94 C    20.6    -2.4     4.8    90.0    24.4    41.4 -99.000 -99.000 -99.000 -99.000 -99.000     1.5     0.5 -9999.0 -9999.0 -9999.0
94078 20170310  2.423 -108.67   42.68    16.1    -3.8     6.1     5.0     0.0    16.14 C    26.4    -3.2     6.4    95.1    24.8    63.4 -99.000   0.303 -99.000 -99.000 -99.000     3.7     2.6 -9999.0 -9999.0 -9999.0
94078 20170311  2.423 -108.67   42.68    13.3    -1.3     6.0     7.0     0.0    18.60 C    27.0    -4.2     7.1    71.0    15.4    39.9   0.248   0.295 -99.000 -99.000 -99.000     4.2     3.6 -9999.0 -9999.0 -9999.0
94078 20170312  2.423 -108.67   42.68    11.3    -0.5     5.4     6.6     0.0    17.35 C    29.2    -4.8     6.5    50.9    17.5    32.2   0.234   0.286 -99.000 -99.000 -99.000     4.1     3.7 -9999.0 -9999.0 -9999.0
94078 20170313  2.423 -108.67   42.68    14.4    -1.9     6.2     6.0     0.0    14.41 C    28.3    -6.1     5.7    55.2    21.7    39.2   0.224   0.277 -99.000 -99.000 -99.000     3.6     3.3 -9999.0 -9999.0 -9999.0
94078 20170314  2.423 -108.67   42.68    17.6     0.7     9.1    10.5     0.0    13.74 C    33.6    -4.0     9.0    58.7    24.4    34.8   0.219   0.273 -99.000 -99.000 -99.000     5.3     4.4 -9999.0 -9999.0 -9999.0
94078 20170315  2.423 -108.67   42.68    18.9     6.3    12.6    12.4     0.0    10.46 C    26.4    -1.1     9.6    42.6    13.3    27.3   0.216   0.270 -99.000 -99.000 -99.000     6.4     5.5 -9999.0 -9999.0 -9999.0
94078 20170316  2.423 -108.67   42.68    16.8     4.6    10.7    12.4     0.0    16.24 C    32.9    -1.0    11.4    38.0    16.6    25.2   0.212   0.266 -99.000 -99.000 -99.000     7.6     6.6 -9999.0 -9999.0 -9999.0
94078 20170317  2.423 -108.67   42.68    16.8     1.2     9.0     9.5     0.0    19.07 C    35.9    -3.4    11.7    53.9    23.4    35.3   0.206   0.261 -99.000 -99.000 -99.000     7.9     6.9 -9999.0 -9999.0 -9999.0
94078 20170318  2.423 -108.67   42.68    20.9     4.8    12.8    13.2     0.0    16.06 C    31.8     0.7    12.0    54.1    14.7    30.3   0.202   0.258 -99.000 -99.000 -99.000     8.9     7.9 -9999.0 -9999.0 -9999.0
94078 20170319  2.423 -108.67   42.68    19.0     5.1    12.1    12.8     0.0    18.39 C    32.2     0.0    12.5    53.3    12.1    30.0   0.196   0.254 -99.000 -99.000 -99.000     9.4     8.5 -9999.0 -9999.0 -9999.0
94078 20170320  2.423 -108.67   42.68    18.7     1.8    10.3    10.0     0.5    15.31 C    40.3    -0.9    11.7    85.6    22.3    49.0   0.190   0.250 -99.000 -99.000 -99.000     9.4     8.6 -9999.0 -9999.0 -9999.0
94078 20170321  2.423 -108.67   42.68    13.4     0.3     6.8     6.0     0.0    15.95 C    38.7    -1.6     9.9    92.9    49.0    74.6   0.185   0.245 -99.000 -99.000 -99.000     8.9     8.3 -9999.0 -9999.0 -9999.0
94078 20170322  2.423 -108.67   42.68    15.2     3.3     9.3     9.9     0.9    15.78 C    29.9    -0.4     9.9    82.6    35.3    54.7   0.181   0.242 -99.000 -99.000 -99.000     8.6     8.2 -9999.0 -9999.0 -9999.0
94078 20170323  2.423 -108.67   42.68     6.4     0.3     3.4     3.2    25.4     3.00 C     9.8     1.1     4.4    95.8    71.7    88.4   0.259   0.291 -99.000 -99.000 -99.000     5.8     6.6 -9999.0 -9999.0 -9999.0
94078 20170324  2.423 -108.67   42.68    13.8    -0.2     6.8     7.6     0.0    21.69 C    22.9    -1.4     7.6    86.7    24.7    49.5   0.273   0.326 -99.000 -99.000 -99.000     7.1     6.6 -9999.0 -9999.0 -9999.0
94078 20170325  2.423 -108.67   42.68    11.2     2.1     6.6     7.3     2.5     9.38 C    17.1    -1.7     6.4    90.3    30.9    55.9   0.255   0.310 -99.000 -99.000 -99.000     6.7     6.7 -9999.0 -9999.0 -9999.0
94078 20170326  2.423 -108.67   42.68    12.3     1.4     6.8     6.3     2.0    19.08 C    20.4    -0.1     7.9    93.9    17.4    54.1   0.264   0.315 -99.000 -99.000 -99.000     7.5     7.2 -9999.0 -9999.0 -9999.0
94078 20170327  2.423 -108.67   42.68    12.7    -0.6     6.1     7.0     1.1    18.12 C    28.1    -3.3     8.9    88.4    26.1    44.0   0.247   0.304 -99.000 -99.000 -99.000     7.3     7.0 -9999.0 -9999.0 -9999.0
94078 20170328  2.423 -108.67   42.68     6.8     0.2     3.5     2.7    18.6     6.97 C    13.4    -1.3     3.5    96.2    59.5    82.4   0.295   0.337 -99.000 -99.000 -99.000     5.0     5.8 -9999.0 -9999.0 -9999.0
94078 20170329  2.423 -108.67   42.68    13.5    -1.6     6.0     6.3     0.0    21.94 C    24.3    -2.3     7.8    81.1    31.4    55.0   0.279   0.333 -99.000 -99.000 -99.000     6.9     6.2 -9999.0 -9999.0 -9999.0
94078 20170330  2.423 -108.67   42.68    14.5     1.3     7.9     8.9    11.6    13.33 C    26.4     1.7     8.8    91.1    32.9    55.2   0.271   0.323 -99.000 -99.000 -99.000     8.1     7.6 -9999.0 -9999.0 -9999.0
94078 20170331  2.423 -108.67   42.68     2.0     0.0     1.0     0.7    56.1     5.33 C     1.7    -0.1     0.1    96.3    87.6    93.4   0.332   0.373 -99.000 -99.000 -99.000     2.4     4.0 -9999.0 -9999.0 -9999.0
94078 20170401  2.423 -108.67   42.68     7.2     0.0     3.6     2.9     0.6    21.95 C    14.9    -1.1     2.6    96.1    51.3    78.1   0.324   0.369 -99.000 -99.000 -99.000     1.8     2.7 -9999.0 -9999.0 -9999.0
94078 20170402  2.423 -108.67   42.68     5.9    -1.2     2.4     2.7     0.6     7.13 C    12.0    -1.4     3.1    96.4    57.6    78.0   0.301   0.353 -99.000 -99.000 -99.000     3.1     3.2 -9999.0 -9999.0 -9999.0
94078 20170403  2.423 -108.67   42.68     4.6    -2.8     0.9     0.9     0.9    21.88 C    20.1    -3.1     5.3    96.4    47.0    71.6   0.286   0.339 -99.000 -99.000 -99.000     5.4     4.7 -9999.0 -9999.0 -9999.0
94078 20170404  2.423 -108.67   42.68     1.2    -4.4    -1.6    -2.2    10.0    18.71 C     0.8    -7.5    -3.0    93.5    41.4    75.5   0.286   0.337 -99.000 -99.000 -99.000     2.3     3.5 -9999.0 -9999.0 -9999.0
94078 20170405  2.423 -108.67   42.68     9.6    -6.2     1.7     2.6     0.0    22.91 C    21.7    -9.7     2.2    58.0    22.6    40.1   0.291   0.341 -99.000 -99.000 -99.000     3.9     3.5 -9999.0 -9999.0 -9999.0
94078 20170406  2.423 -108.67   42.68    17.5     1.0     9.3     8.4     0.0    23.16 C    28.7    -1.9     8.7    58.2    24.2    43.0   0.281   0.335 -99.000 -99.000 -99.000     7.0     5.8 -9999.0 -9999.0 -9999.0
94078 20170407  2.423 -108.67   42.68    18.7     7.8    13.3    12.7     0.0    19.46 C    31.8     0.9    10.9    56.9    20.9    38.6   0.270   0.324 -99.000 -99.000 -99.000     8.7     7.6 -9999.0 -9999.0 -9999.0
94078 20170408  2.423 -108.67   42.68    11.9     2.1     7.0     6.5     5.0    15.24 C    22.3     0.0     6.6    90.7    30.7    64.1   0.266   0.318 -99.000 -99.000 -99.000     7.4     7.4 -9999.0 -9999.0 -9999.0
94078 20170409  2.423 -108.67   42.68     7.2    -3.6     1.8     2.0     5.3    13.78 C    14.4    -3.2     2.7    94.9    30.3    71.5   0.276   0.323 -99.000 -99.000 -99.000     4.6     5.3 -9999.0 -9999.0 -9999.0
94078 20170410  2.423 -108.67   42.68    10.6    -5.2     2.7     2.9     0.0    23.47 C    24.5    -6.7     4.9    67.1    22.6    42.9   0.270   0.323 -99.000 -99.000 -99.000     5.8     5.5 -9999.0 -9999.0 -9999.0
94078 20170411  2.423 -108.67   42.68    15.5    -0.7     7.4     7.8     0.0    23.60 C    32.5    -3.6    10.2    63.4    15.4    38.0   0.262   0.315 -99.000 -99.000 -99.000     7.6     6.7 -9999.0 -9999.0 -9999.0
94078 20170412  2.423 -108.67   42.68    18.7     0.8     9.7    10.2     0.0    24.27 C    38.6    -3.2    13.1    69.1    19.7    40.6   0.254   0.309 -99.000 -99.000 -99.000     9.7     8.5 -9999.0 -9999.0 -9999.0
94078 20170413  2.423 -108.67   42.68    22.6     0.7    11.7    14.0     0.0    25.37 C    35.6    -2.6    14.3    75.8    11.0    31.0   0.244   0.301 -99.000 -99.000 -99.000    10.0     9.1 -9999.0 -9999.0 -9999.0
94078 20170414  2.423 -108.67   42.68    14.3     1.9     8.1    10.4     0.0    25.62 C    36.7    -2.3    13.1    47.5    17.0    25.4   0.232   0.293 -99.000 -99.000 -99.000    10.5     9.8 -9999.0 -9999.0 -9999.0
94078 20170415  2.423 -108.67   42.68    11.7    -2.0     4.9     4.9     0.0    26.01 C    36.7    -5.7    10.0    63.0    12.2    33.8   0.222   0.285 -99.000 -99.000 -99.000     9.2     8.8 -9999.0 -9999.0 -9999.0
94078 20170416  2.423 -108.67   42.68    16.3    -0.7     7.8     7.9     0.0    24.37 C    41.8    -5.4    12.9    51.0    13.8    30.3   0.216   0.278 -99.000 -99.000 -99.000     9.9     9.1 -9999.0 -9999.0 -9999.0
94078 20170417  2.423 -108.67   42.68    17.9    -0.6     8.6     9.4     0.0    25.08 C    39.6    -2.5    13.1    73.8    19.5    40.2   0.209   0.273 -99.000 -99.000 -99.000    10.6     9.9 -9999.0 -9999.0 -9999.0
94078 20170418  2.423 -108.67   42.68    17.3     3.8    10.6     9.8    10.6    16.57 C    36.7     0.4    13.8    91.2    31.3    50.9   0.204   0.268 -99.000 -99.000 -99.000    11.3    10.6 -9999.0 -9999.0 -9999.0
94078 20170419  2.423 -108.67   42.68    12.3     2.7     7.5     7.0     5.2    16.45 C    26.2    -0.3     8.7    91.3    32.6    64.2   0.276   0.308 -99.000 -99.000 -99.000    10.0    10.0 -9999.0 -9999.0 -9999.0
94078 20170420  2.423 -108.67   42.68    14.4     0.4     7.4     7.2     0.0    18.68 C    29.4    -1.2     9.4    82.4    24.3    52.9   0.255   0.303 -99.000 -99.000 -99.000     9.2     8.9 -9999.0 -9999.0 -9999.0
94078 20170421  2.423 -108.67   42.68     6.1     0.1     3.1     3.3    12.9     8.72 C    18.7     0.1     6.0    96.0    67.2    83.5   0.276   0.314 -99.000 -99.000 -99.000     7.8     8.4 -9999.0 -9999.0 -9999.0
94078 20170422  2.423 -108.67   42.68    14.4     1.0     7.7     7.7     0.0    26.26 C    23.5     1.1    10.1    92.1    23.1    54.8   0.283   0.333 -99.000 -99.000 -99.000     9.4     8.7 -9999.0 -9999.0 -9999.0
94078 20170423  2.423 -108.67   42.68    19.5     5.2    12.3    11.1     0.3    23.26 C    35.1     1.2    12.3    61.2    20.6    41.0   0.265   0.320 -99.000 -99.000 -99.000    10.9    10.1 -9999.0 -9999.0 -9999.0
94078 20170424  2.423 -108.67   42.68    13.8     1.5     7.7     8.1     0.0    16.63 C    31.1    -0.9     8.9    79.4    33.2    48.9   0.251   0.308 -99.000 -99.000 -99.000     9.1     9.2 -9999.0 -9999.0 -9999.0
94078 20170425  2.423 -108.67   42.68     5.7     0.1     2.9     2.2     7.1     7.82 C     9.2    -3.2     1.9    95.4    50.8    71.9   0.258   0.306 -99.000 -99.000 -99.000     5.2     6.6 -9999.0 -9999.0 -9999.0
94078 20170426  2.423 -108.67   42.68    13.0    -2.4     5.3     5.8     0.0    18.20 C    26.2    -3.0     7.2    83.5    27.9    53.3   0.266   0.314 -99.000 -99.000 -99.000     7.0     6.7 -9999.0 -9999.0 -9999.0
94078 20170427  2.423 -108.67   42.68     7.4    -0.1     3.7     1.9    15.6     5.50 C    16.8    -1.6     1.2    95.7    51.3    82.3   0.269   0.315 -99.000 -99.000 -99.000     4.4     5.8 -9999.0 -9999.0 -9999.0
94078 20170428  2.423 -108.67   42.68     0.1    -2.4    -1.2    -0.9    21.6    12.14 C    -0.1    -2.9    -1.0    96.2    85.2    92.0   0.289   0.336 -99.000 -99.000 -99.000     2.5     3.8 -9999.0 -9999.0 -9999.0
94078 20170429  2.423 -108.67   42.68     1.7    -4.2    -1.2    -1.1     0.5    28.74 C     0.5    -9.9    -3.6    91.9    45.5    68.5   0.297   0.345 -99.000 -99.000 -99.000     2.0     3.0 -9999.0 -9999.0 -9999.0
94078 20170430  2.423 -108.67   42.68    11.6    -4.8     3.4     4.5     0.0    25.96 C    17.9   -11.7     1.1    63.8    33.0    50.0   0.313   0.361 -99.000 -99.000 -99.000     3.0     3.2 -9999.0 -9999.0 -9999.0
94078 20170501  2.423 -108.67   42.68    11.1     1.2     6.1     5.7     0.0    19.80 C    23.3    -1.3     6.9    83.0    43.6    63.7   0.297   0.351 -99.000 -99.000 -99.000     6.2     5.4 -9999.0 -9999.0 -9999.0
94078 20170502  2.423 -108.67   42.68    15.3     0.2     7.7     7.5     0.0    20.84 C    28.7    -0.9    10.0    88.5    28.2    60.6   0.283   0.336 -99.000 -99.000 -99.000     8.6     7.5 -9999.0 -9999.0 -9999.0
94078 20170503  2.423 -108.67   42.68    16.9     3.3    10.1     9.2     0.0    25.48 C    33.8     2.1    13.5    82.6    19.2    50.4   0.273   0.327 -99.000 -99.000 -99.000    11.4     9.9 -9999.0 -9999.0 -9999.0
94078 20170504  2.423 -108.67   42.68    21.9     5.4    13.6    14.0     0.0    28.32 C    40.3     0.9    17.2    51.9    20.9    36.9   0.261   0.317 -99.000 -99.000 -99.000    13.3    11.4 -9999.0 -9999.0 -9999.0
94078 20170505  2.423 -108.67   42.68    26.2     6.3    16.2    17.2     0.0    28.61 C    44.9     1.6    20.2    54.9    13.5    32.1   0.249   0.307 -99.000 -99.000 -99.000    15.1    13.1 -9999.0 -9999.0 -9999.0
94078 20170506  2.423 -108.67   42.68    26.2     9.5    17.8    18.1     0.0    21.32 C    44.2     4.7    19.3    51.2    15.0    29.9   0.233   0.296 -99.000 -99.000 -99.000    14.9    13.7 -9999.0 -9999.0 -9999.0
94078 20170507  2.423 -108.67   42.68    22.4     9.5    15.9    15.9     0.0    13.82 C    39.0     5.6    16.3    56.3    21.1    41.3   0.219   0.285 -99.000 -99.000 -99.000    14.4    13.6 -9999.0 -9999.0 -9999.0
94078 20170508  2.423 -108.67   42.68    11.9     6.1     9.0     9.2     1.5     4.40 C    17.8     3.3     9.9    92.9    47.4    78.5   0.207   0.276 -99.000 -99.000 -99.000    10.9    11.2 -9999.0 -9999.0 -9999.0
94078 20170509  2.423 -108.67   42.68    18.9     3.8    11.3    10.5     2.3    19.19 C    37.9     2.0    15.0    91.4    44.3    72.9   0.210   0.273 -99.000 -99.000 -99.000    13.2    12.1 -9999.0 -9999.0 -9999.0
94078 20170510  2.423 -108.67   42.68    17.3     4.2    10.7    11.3     0.0    27.27 C    41.8     2.6    17.1    87.7    32.8    57.1   0.211   0.270 -99.000 -99.000 -99.000    14.8    13.4 -9999.0 -9999.0 -9999.0
94078 20170511  2.423 -108.67   42.68    23.0     4.9    13.9    15.2     0.0    29.15 C    46.2     1.5    20.7    73.4    21.0    40.7   0.204   0.262 -99.000 -99.000 -99.000    16.5    14.7 -9999.0 -9999.0 -9999.0
94078 20170512  2.423 -108.67   42.68    26.1    10.7    18.4    19.0     0.0    29.35 C    46.7     5.3    22.5    51.2    11.8    26.9   0.188   0.252 -99.000 -99.000 -99.000    17.6    16.0 -9999.0 -9999.0 -9999.0
94078 20170513  2.423 -108.67   42.68    23.2     3.1    13.1    15.5     0.0    26.64 C    43.8     0.5    18.9    59.4    17.9    28.4   0.172   0.239 -99.000 -99.000 -99.000    17.0    16.2 -9999.0 -9999.0 -9999.0
94078 20170514  2.423 -108.67   42.68    19.4     0.7    10.1    10.3     0.0    26.01 C    44.8    -2.3    17.0    53.6    13.3    33.3   0.159   0.228 -99.000 -99.000 -99.000    15.3    14.6 -9999.0 -9999.0 -9999.0
94078 20170515  2.423 -108.67   42.68    20.7     5.9    13.3    14.2     0.0    24.39 C    43.0     2.9    18.7    57.4    14.9    33.8   0.152   0.222 -99.000 -99.000 -99.000    16.3    15.3 -9999.0 -9999.0 -9999.0
94078 20170516  2.423 -108.67   42.68    16.1     5.3    10.7     9.9     5.0    23.33 C    31.7     5.5    13.8    90.5    29.1    60.5   0.146   0.216 -99.000 -99.000 -99.000    14.8    14.6 -9999.0 -9999.0 -9999.0
94078 20170517  2.423 -108.67   42.68    11.2     3.0     7.1     7.8     0.0    14.22 C    22.8     2.3     9.5    67.1    20.1    43.8   0.142   0.209 -99.000 -99.000 -99.000    11.2    12.0 -9999.0 -9999.0 -9999.0
94078 20170518  2.423 -108.67   42.68     3.5    -0.1     1.7     0.5    31.3     7.83 C     4.1    -0.5     0.4    96.6    51.9    89.4   0.140   0.203 -99.000 -99.000 -99.000     5.7     8.3 -9999.0 -9999.0 -9999.0
94078 20170519  2.423 -108.67   42.68     5.7    -0.5     2.6     2.3     1.3    26.66 C    19.4    -1.8     4.0    96.1    56.0    77.0   0.262   0.274 -99.000 -99.000 -99.000     3.7     5.5 -9999.0 -9999.0 -9999.0
94078 20170520  2.423 -108.67   42.68    14.7     0.2     7.4     7.8     1.8    26.29 C    26.7    -1.1    10.8    82.8    31.3    57.5   0.291   0.339 -99.000 -99.000 -99.000     9.1     8.1 -9999.0 -9999.0 -9999.0
94078 20170521  2.423 -108.67   42.68    14.0     4.3     9.1     8.1     0.7    14.85 C    24.4     2.6     9.8    87.7    43.5    68.3   0.282   0.333 -99.000 -99.000 -99.000    10.6    10.1 -9999.0 -9999.0 -9999.0
94078 20170522  2.423 -108.67   42.68    16.5     3.3     9.9     8.1     5.0    15.59 C    31.8     0.3     8.8    87.5    27.6    59.5   0.277   0.327 -99.000 -99.000 -99.000     9.7     9.9 -9999.0 -9999.0 -9999.0
94078 20170523  2.423 -108.67   42.68    18.7     4.2    11.4    12.0     0.0    29.93 C    34.0     0.5    14.7    73.5    19.6    42.8   0.275   0.325 -99.000 -99.000 -99.000    12.8    11.3 -9999.0 -9999.0 -9999.0
94078 20170524  2.423 -108.67   42.68    24.7     5.9    15.3    16.0     2.8    29.30 C    38.2     2.1    18.0    73.4    19.7    41.2   0.257   0.311 -99.000 -99.000 -99.000    14.6    13.3 -9999.0 -9999.0 -9999.0
94078 20170525  2.423 -108.67   42.68    16.3     7.0    11.6    11.4     0.0    22.77 C    37.5     5.2    15.4    74.1    20.2    45.6   0.245   0.298 -99.000 -99.000 -99.000    14.7    13.8 -9999.0 -9999.0 -9999.0
94078 20170526  2.423 -108.67   42.68     8.2     3.4     5.8     5.9     9.9     6.63 C    20.7     2.4     8.4    89.1    63.9    80.0   0.264   0.304 -99.000 -99.000 -99.000    10.7    11.4 -9999.0 -9999.0 -9999.0
94078 20170527  2.423 -108.67   42.68    16.4     2.5     9.4    10.0     0.3    29.67 C    32.2     1.6    14.3    91.8    28.2    55.9   0.275   0.316 -99.000 -99.000 -99.000    13.8    12.5 -9999.0 -9999.0 -9999.0
94078 20170528  2.423 -108.67   42.68    20.1     5.4    12.8    13.3     0.0    28.53 C    39.8     2.5    17.6    73.8    25.6    44.5   0.255   0.304 -99.000 -99.000 -99.000    15.4    13.9 -9999.0 -9999.0 -9999.0
94078 20170529  2.423 -108.67   42.68    19.3     6.1    12.7    13.1     0.0    25.93 C    44.2     4.1    18.7    76.9    32.5    55.0   0.238   0.290 -99.000 -99.000 -99.000    16.6    15.2 -9999.0 -9999.0 -9999.0
94078 20170530  2.423 -108.67   42.68    22.9     6.0    14.5    15.4     0.0    27.31 C    47.8     4.0    20.8    73.7    23.8    45.8   0.224   0.277 -99.000 -99.000 -99.000    17.7    16.1 -9999.0 -9999.0 -9999.0
94078 20170531  2.423 -108.67   42.68    25.2     7.2    16.2    16.4     0.9    25.19 C    48.4     5.1    21.1    69.4    23.0    45.5   0.208   0.263 -99.000 -99.000 -99.000    18.4    17.0 -9999.0 -9999.0 -9999.0
94078 20170601  2.423 -108.67   42.68    26.9     8.9    17.9    17.9     0.0    25.42 C    49.8     6.1    22.4    64.8    19.5    40.5   0.193   0.250 -99.000 -99.000 -99.000    18.7    17.3 -9999.0 -9999.0 -9999.0
94078 20170602  2.423 -108.67   42.68    23.1    11.0    17.0    17.7     0.0    29.72 C    48.9     8.8    24.3    65.5    18.1    40.6   0.181   0.239 -99.000 -99.000 -99.000    20.7    18.7 -9999.0 -9999.0 -9999.0
94078 20170603  2.423 -108.67   42.68    26.6     9.0    17.8    19.1     0.0    30.53 C    48.4     6.2    24.7    62.7    14.4    32.9   0.167   0.226 -99.000 -99.000 -99.000    20.9    19.2 -9999.0 -9999.0 -9999.0
94078 20170604  2.423 -108.67   42.68    26.9    10.2    18.6    18.6     0.7    19.37 C    50.1     8.0    21.3    60.2    21.9    40.0   0.153   0.215 -99.000 -99.000 -99.000    19.8    18.9 -9999.0 -9999.0 -9999.0
94078 20170605  2.423 -108.67   42.68    27.7    11.7    19.7    20.3     0.0    27.58 C    54.8     7.8    26.0    66.3    21.9    41.6   0.148   0.208 -99.000 -99.000 -99.000    21.2    19.4 -9999.0 -9999.0 -9999.0
94078 20170606  2.423 -108.67   42.68    22.6    10.4    16.5    16.9    55.8    23.90 C    48.7     1.7    24.4    83.6    45.7    61.2   0.176   0.224 -99.000 -99.000 -99.000    20.7    19.6 -9999.0 -9999.0 -9999.0
94078 20170607  2.423 -108.67   42.68    26.0    10.1    18.0    18.1     0.0    27.04 C    35.3     7.9    19.5    83.1    26.9    56.0   0.300   0.315 -99.000 -99.000 -99.000    17.9    16.8 -9999.0 -9999.0 -9999.0
94078 20170608  2.423 -108.67   42.68    29.0    10.5    19.8    20.9     0.0    26.63 C    41.9     8.1    21.4    70.6    11.3    36.0   0.268   0.300 -99.000 -99.000 -99.000    19.0    18.3 -9999.0 -9999.0 -9999.0
94078 20170609  2.423 -108.67   42.68    26.9    13.3    20.1    22.3     0.0    30.99 C    43.0     9.1    23.4    48.3    12.7    20.8   0.238   0.280 -99.000 -99.000 -99.000    19.4    18.5 -9999.0 -9999.0 -9999.0
94078 20170610  2.423 -108.67   42.68    24.1     7.2    15.7    15.8     0.0    30.02 C    44.8     6.5    22.2    71.6    23.0    45.6   0.215   0.262 -99.000 -99.000 -99.000    20.1    18.9 -9999.0 -9999.0 -9999.0
94078 20170611  2.423 -108.67   42.68    20.6     7.1    13.8    14.2     1.2    23.15 C    45.5     5.7    21.2    86.9    39.6    55.0   0.198   0.248 -99.000 -99.000 -99.000    19.7    18.8 -9999.0 -9999.0 -9999.0
94078 20170612  2.423 -108.67   42.68    21.5     7.4    14.5    13.6     0.0    22.45 C    46.3     5.3    19.3    85.1    21.9    55.1   0.187   0.240 -99.000 -99.000 -99.000    19.4    18.9 -9999.0 -9999.0 -9999.0
94078 20170613  2.423 -108.67   42.68    14.1     8.2    11.1    11.1     0.0    17.17 C    30.2     5.7    13.6    54.2    28.2    43.0   0.173   0.229 -99.000 -99.000 -99.000    15.0    15.7 -9999.0 -9999.0 -9999.0
94078 20170614  2.423 -108.67   42.68    21.8     6.5    14.2    15.7     0.0    31.66 C    45.6     3.3    21.4    56.9    15.0    30.9   0.171   0.223 -99.000 -99.000 -99.000    18.6    17.2 -9999.0 -9999.0 -9999.0
94078 20170615  2.423 -108.67   42.68    24.7    10.2    17.5    18.8     0.0    20.76 C    45.5     7.9    22.1    45.6    19.4    30.4   0.162   0.215 -99.000 -99.000 -99.000    19.6    18.6 -9999.0 -9999.0 -9999.0
94078 20170616  2.423 -108.67   42.68    24.7    12.9    18.8    19.9     0.2    18.13 C    46.5     9.3    21.9    86.4    26.8    38.3   0.154   0.208 -99.000 -99.000 -99.000    19.7    18.8 -9999.0 -9999.0 -9999.0
94078 20170617  2.423 -108.67   42.68    20.8     9.4    15.1    15.5     0.5    24.10 C    47.3     7.0    21.5    91.7    37.9    62.4   0.150   0.203 -99.000 -99.000 -99.000    20.7    19.4 -9999.0 -9999.0 -9999.0
94078 20170618  2.423 -108.67   42.68    24.8     7.0    15.9    16.4     0.0    29.04 C    50.2     4.6    23.5    71.3    23.9    45.0   0.145   0.199 -99.000 -99.000 -99.000    21.1    19.6 -9999.0 -9999.0 -9999.0
94078 20170619  2.423 -108.67   42.68    26.5     9.1    17.8    18.5     0.0    29.22 C    51.9     6.4    25.4    70.1    27.5    45.3   0.141   0.195 -99.000 -99.000 -99.000    22.4    20.7 -9999.0 -9999.0 -9999.0
94078 20170620  2.423 -108.67   42.68    32.2    10.9    21.5    21.6     0.0    27.90 C    56.8     7.4    26.9    57.6    14.3    35.7   0.135   0.191 -99.000 -99.000 -99.000    23.3    21.5 -9999.0 -9999.0 -9999.0
94078 20170621  2.423 -108.67   42.68    32.0    15.6    23.8    24.1     0.0    26.66 C    54.3    10.6    27.8    47.7    15.7    28.1   0.128   0.187 -99.000 -99.000 -99.000    24.1    22.4 -9999.0 -9999.0 -9999.0
94078 20170622  2.423 -108.67   42.68    25.4    11.5    18.4    18.4     0.0    31.10 C    52.9     8.1    26.5    56.1    21.1    31.8   0.122   0.184 -99.000 -99.000 -99.000    24.0    22.4 -9999.0 -9999.0 -9999.0
94078 20170623  2.423 -108.67   42.68    19.8     4.3    12.1    12.8     0.0    31.15 C    49.3     3.3    22.5    69.7    29.1    42.9   0.113   0.180 -99.000 -99.000 -99.000    22.3    21.3 -9999.0 -9999.0 -9999.0
94078 20170624  2.423 -108.67   42.68    22.5     5.2    13.8    14.8     0.0    30.63 C    50.7     3.4    24.2    63.5    23.1    39.6   0.107   0.178 -99.000 -99.000 -99.000    22.4    21.1 -9999.0 -9999.0 -9999.0
94078 20170625  2.423 -108.67   42.68    25.2     7.3    16.3    16.7     0.0    30.95 C    52.7     4.9    25.3    66.9    23.1    40.2   0.103   0.178 -99.000 -99.000 -99.000    23.3    21.8 -9999.0 -9999.0 -9999.0
94078 20170626  2.423 -108.67   42.68    31.0     9.1    20.0    21.2     0.0    29.19 C    55.8     6.7    27.3    55.8     8.5    28.7   0.098   0.177 -99.000 -99.000 -99.000    24.0    22.2 -9999.0 -9999.0 -9999.0
94078 20170627  2.423 -108.67   42.68    27.7    10.7    19.2    20.1     0.0    18.65 C    49.1     8.4    23.1    57.9    17.4    33.6   0.091   0.175 -99.000 -99.000 -99.000    23.1    22.3 -9999.0 -9999.0 -9999.0
94078 20170628  2.423 -108.67   42.68    27.0     8.3    17.6    16.5     0.0    20.63 C    49.2     5.0    20.9    64.5    17.4    41.1   0.087   0.172 -99.000 -99.000 -99.000    21.1    20.6 -9999.0 -9999.0 -9999.0
94078 20170629  2.423 -108.67   42.68    22.7     8.0    15.4    13.1     1.0    25.43 C    54.4     4.1    19.8    77.2    27.3    51.4   0.086   0.171 -99.000 -99.000 -99.000    20.4    20.1 -9999.0 -9999.0 -9999.0
94078 20170630  2.423 -108.67   42.68    23.7     6.8    15.3    16.1     0.0    30.59 C    51.1     5.0    24.5    76.0    23.5    44.3   0.087   0.171 -99.000 -99.000 -99.000    22.1    20.5 -9999.0 -9999.0 -9999.0
94078 20170701  2.423 -108.67   42.68    28.0     9.2    18.6    19.5     0.0    30.76 C    54.8     6.1    26.8    52.3    15.8    31.8   0.087   0.172 -99.000 -99.000 -99.000    23.7    21.8 -9999.0 -9999.0 -9999.0
94078 20170702  2.423 -108.67   42.68    29.9    12.0    21.0    21.6     0.0    23.50 C    51.8     7.6    25.8    46.9    12.5    28.7   0.084   0.172 -99.000 -99.000 -99.000    23.6    22.2 -9999.0 -9999.0 -9999.0
94078 20170703  2.423 -108.67   42.68    31.3    13.2    22.3    23.8     0.0    29.49 C    57.7     8.8    29.4    46.0     9.6    23.7   0.083   0.172 -99.000 -99.000 -99.000    25.6    23.3 -9999.0 -9999.0 -9999.0
94078 20170704  2.423 -108.67   42.68    32.6    15.3    23.9    24.0     0.0    29.60 C    58.6    11.1    30.3    42.1    10.1    24.1   0.080   0.172 -99.000 -99.000 -99.000    26.5    24.2 -9999.0 -9999.0 -9999.0
94078 20170705  2.423 -108.67   42.68    32.7    16.1    24.4    24.8     0.3    21.34 C    57.3    12.0    27.6    37.9    10.6    25.4   0.077   0.171 -99.000 -99.000 -99.000    25.4    23.9 -9999.0 -9999.0 -9999.0
94078 20170706  2.423 -108.67   42.68    32.3    14.0    23.1    23.4     0.0    25.66 C    59.1    10.7    28.7    54.7    15.0    32.4   0.076   0.170 -99.000 -99.000 -99.000    26.1    24.1 -9999.0 -9999.0 -9999.0
94078 20170707  2.423 -108.67   42.68    27.0    13.5    20.3    19.8     1.5    15.74 C    54.5    10.8    21.5    68.7    28.8    47.0   0.072   0.168 -99.000 -99.000 -99.000    22.8    22.7 -9999.0 -9999.0 -9999.0
94078 20170708  2.423 -108.67   42.68    32.2    13.0    22.6    23.8     0.0    29.77 C    56.6     9.0    29.5    65.2     9.3    31.7   0.077   0.168 -99.000 -99.000 -99.000    25.1    22.9 -9999.0 -9999.0 -9999.0
94078 20170709  2.423 -108.67   42.68    34.0    17.0    25.5    24.9     0.0    21.77 C    58.6    13.3    28.8    56.6    15.7    28.5   0.078   0.169 -99.000 -99.000 -99.000    26.0    24.3 -9999.0 -9999.0 -9999.0
94078 20170710  2.423 -108.67   42.68    31.2    16.0    23.6    23.6     0.0    16.81 C    54.7    15.5    26.7    61.8    18.8    34.7   0.076   0.167 -99.000 -99.000 -99.000    25.2    23.9 -9999.0 -9999.0 -9999.0
94078 20170711  2.423 -108.67   42.68    31.6    14.7    23.2    24.2     0.0    23.81 C    56.1    11.2    28.3    51.3     9.7    26.9   0.075   0.168 -99.000 -99.000 -99.000    26.0    24.2 -9999.0 -9999.0 -9999.0
94078 20170712  2.423 -108.67   42.68    30.4    12.9    21.6    22.2     0.0    28.89 C    57.0    10.4    29.9    63.4    20.3    39.5   0.074   0.168 -99.000 -99.000 -99.000    26.9    24.7 -9999.0 -9999.0 -9999.0
94078 20170713  2.423 -108.67   42.68    31.9    14.8    23.3    24.0     0.0    29.67 C    58.8    11.9    31.6    55.6    14.2    31.3   0.073   0.168 -99.000 -99.000 -99.000    28.2    25.8 -9999.0 -9999.0 -9999.0
94078 20170714  2.423 -108.67   42.68    31.7    16.3    24.0    25.0     0.0    22.87 C    59.4    12.2    29.1    42.8    11.6    26.3   0.071   0.167 -99.000 -99.000 -99.000    27.1    25.5 -9999.0 -9999.0 -9999.0
94078 20170715  2.423 -108.67   42.68    32.7    14.9    23.8    24.2     0.0    24.64 C    58.7    12.2    30.2    54.8    13.5    31.1   0.070   0.166 -99.000 -99.000 -99.000    27.6    25.6 -9999.0 -9999.0 -9999.0
94078 20170716  2.423 -108.67   42.68    33.5    16.2    24.8    24.4     0.0    22.00 C    57.7    13.3    28.6    49.6    10.2    29.6   0.068   0.165 -99.000 -99.000 -99.000    27.1    25.6 -9999.0 -9999.0 -9999.0
94078 20170717  2.423 -108.67   42.68    29.7    15.4    22.6    22.2     0.0    12.69 C    44.8    11.8    22.7    49.4    16.8    33.6   0.065   0.162 -99.000 -99.000 -99.000    23.9    23.7 -9999.0 -9999.0 -9999.0
94078 20170718  2.423 -108.67   42.68    32.4    12.7    22.5    23.0     0.0    21.15 C    51.7    10.0    27.1    62.2    14.8    34.6   0.067   0.161 -99.000 -99.000 -99.000    25.2    23.8 -9999.0 -9999.0 -9999.0
94078 20170719  2.423 -108.67   42.68    31.6    17.4    24.5    25.1     0.0    11.75 C    47.2    12.4    25.9    48.2    16.7    29.0   0.067   0.161 -99.000 -99.000 -99.000    24.7    23.7 -9999.0 -9999.0 -9999.0
94078 20170720  2.423 -108.67   42.68    34.1    15.4    24.7    23.3     2.2    23.50 C    58.5    13.7    29.1    78.3    14.1    46.7   0.068   0.162 -99.000 -99.000 -99.000    26.9    25.0 -9999.0 -9999.0 -9999.0
94078 20170721  2.423 -108.67   42.68    31.7    14.4    23.0    23.0     0.0    21.08 C    50.2    12.5    25.3    84.0    10.5    40.7   0.069   0.159 -99.000 -99.000 -99.000    24.9    24.0 -9999.0 -9999.0 -9999.0
94078 20170722  2.423 -108.67   42.68    31.2    12.8    22.0    23.0     0.0    28.99 C    56.9     8.1    28.8    41.9    11.1    21.8   0.074   0.159 -99.000 -99.000 -99.000    26.1    24.4 -9999.0 -9999.0 -9999.0
94078 20170723  2.423 -108.67   42.68    32.2    12.8    22.5    24.0     0.0    26.56 C    57.2     9.9    29.5    42.0     9.1    21.4   0.072   0.160 -99.000 -99.000 -99.000    26.8    25.1 -9999.0 -9999.0 -9999.0
94078 20170724  2.423 -108.67   42.68    33.4    17.3    25.4    26.3     0.0    22.82 C    53.6    11.2    28.9    30.7     9.6    18.6   0.069   0.159 -99.000 -99.000 -99.000    26.7    25.1 -9999.0 -9999.0 -9999.0
94078 20170725  2.423 -108.67   42.68    23.7    16.8    20.2    20.2     0.0     4.44 C    28.2    14.0    20.6    58.5    24.4    41.4   0.063   0.156 -99.000 -99.000 -99.000    22.8    23.2 -9999.0 -9999.0 -9999.0
94078 20170726  2.423 -108.67   42.68    26.4    11.7    19.0    19.7     0.0    18.17 C    54.6     9.3    24.3    75.9    29.4    53.8   0.065   0.155 -99.000 -99.000 -99.000    23.6    22.8 -9999.0 -9999.0 -9999.0
94078 20170727  2.423 -108.67   42.68    29.3    12.4    20.8    21.0     0.0    21.65 C    61.2     9.9    26.6    74.4    19.0    44.9   0.067   0.155 -99.000 -99.000 -99.000    25.0    23.6 -9999.0 -9999.0 -9999.0
94078 20170728  2.423 -108.67   42.68    29.3    12.6    21.0    21.8     0.0    24.94 C    57.2     8.9    28.2    53.6    21.5    33.7   0.067   0.155 -99.000 -99.000 -99.000    25.8    24.2 -9999.0 -9999.0 -9999.0
94078 20170729  2.423 -108.67   42.68    28.1    14.0    21.0    20.6     0.0    19.19 C    52.7    11.3    25.3    59.3    22.0    41.8   0.065   0.155 -99.000 -99.000 -99.000    25.1    24.2 -9999.0 -9999.0 -9999.0
94078 20170730  2.423 -108.67   42.68    29.8    11.8    20.8    22.1     0.0    24.99 C    57.4     8.6    28.2    63.1    12.5    32.7   0.066   0.155 -99.000 -99.000 -99.000    25.8    24.1 -9999.0 -9999.0 -9999.0
94078 20170731  2.423 -108.67   42.68    31.9    15.2    23.6    23.5     0.0    24.19 C    58.9    10.9    28.8    41.1    10.6    25.0   0.065   0.155 -99.000 -99.000 -99.000    26.6    25.0 -9999.0 -9999.0 -9999.0
94078 20170801  2.423 -108.67   42.68    33.3    14.7    24.0    24.4     0.0    26.09 C    58.6    11.0    29.7    38.8     6.7    21.7   0.065   0.154 -99.000 -99.000 -99.000    27.3    25.4 -9999.0 -9999.0 -9999.0
94078 20170802  2.423 -108.67   42.68    27.4    12.3    19.8    20.2     0.0    25.56 C    54.0    10.4    27.7    64.4    23.6    38.7   0.063   0.153 -99.000 -99.000 -99.000    26.8    25.3 -9999.0 -9999.0 -9999.0
94078 20170803  2.423 -108.67   42.68    25.7     8.8    17.3    17.4     0.0    25.77 C    52.4     7.5    25.9    78.2    31.1    51.1   0.061   0.152 -99.000 -99.000 -99.000    25.9    24.8 -9999.0 -9999.0 -9999.0
94078 20170804  2.423 -108.67   42.68    32.6     9.7    21.2    22.1     0.0    26.93 C    57.0     7.3    28.2    70.8     6.6    34.0   0.062   0.151 -99.000 -99.000 -99.000    26.4    24.9 -9999.0 -9999.0 -9999.0
94078 20170805  2.423 -108.67   42.68    27.5    12.3    19.9    20.0     0.0    25.76 C    53.6     9.8    28.0    61.8    26.6    40.9   0.062   0.151 -99.000 -99.000 -99.000    26.8    25.3 -9999.0 -9999.0 -9999.0
94078 20170806  2.423 -108.67   42.68    23.4    11.1    17.3    17.4     0.0    16.73 C    48.6     9.8    24.6    77.3    36.7    55.1   0.060   0.150 -99.000 -99.000 -99.000    25.2    24.5 -9999.0 -9999.0 -9999.0
94078 20170807  2.423 -108.67   42.68    24.4    11.1    17.8    16.7     6.6    12.32 C    47.5    10.4    20.7    81.9    30.2    57.6   0.058   0.147 -99.000 -99.000 -99.000    22.5    23.0 -9999.0 -9999.0 -9999.0
94078 20170808  2.423 -108.67   42.68    22.5    11.2    16.8    16.0     1.2     9.65 C    32.6     7.9    15.9    85.3    36.9    58.3   0.059   0.143 -99.000 -99.000 -99.000    17.9    19.7 -9999.0 -9999.0 -9999.0
94078 20170809  2.423 -108.67   42.68    24.0    10.5    17.2    16.5     0.0    15.11 C    35.8     6.4    17.4    71.3    24.5    50.9   0.066   0.143 -99.000 -99.000 -99.000    17.8    18.6 -9999.0 -9999.0 -9999.0
94078 20170810  2.423 -108.67   42.68    23.1    10.4    16.7    16.7     0.4    20.34 C    46.0     9.9    21.2    89.1    33.9    56.9   0.078   0.145 -99.000 -99.000 -99.000    20.8    20.2 -9999.0 -9999.0 -9999.0
94078 20170811  2.423 -108.67   42.68    27.8     9.8    18.8    18.9     0.0    21.07 C    49.0     7.3    23.1    73.6    18.0    42.2   0.086   0.146 -99.000 -99.000 -99.000    21.6    21.0 -9999.0 -9999.0 -9999.0
94078 20170812  2.423 -108.67   42.68    27.5    11.8    19.7    18.7     0.6    17.83 C    52.7     9.0    21.2    61.8    19.6    40.9   0.091   0.145 -99.000 -99.000 -99.000    20.9    20.9 -9999.0 -9999.0 -9999.0
94078 20170813  2.423 -108.67   42.68    27.0    10.5    18.8    19.7     0.0    15.61 C    46.5     7.4    22.4    70.2    17.1    40.5   0.092   0.146 -99.000 -99.000 -99.000    21.0    20.6 -9999.0 -9999.0 -9999.0
94078 20170814  2.423 -108.67   42.68    26.5    12.2    19.3    18.5     2.1    15.21 C    48.7    10.4    22.6    84.7    28.7    51.4   0.094   0.147 -99.000 -99.000 -99.000    21.8    21.2 -9999.0 -9999.0 -9999.0
94078 20170815  2.423 -108.67   42.68    19.1     9.7    14.4    14.5     4.9    15.19 C    32.6     7.7    16.1    92.6    46.9    65.8   0.090   0.145 -99.000 -99.000 -99.000    18.5    19.6 -9999.0 -9999.0 -9999.0
94078 20170816  2.423 -108.67   42.68    26.3     8.3    17.3    17.5     0.0    23.00 C    46.4     5.4    20.6    77.1    19.7    44.1   0.095   0.146 -99.000 -99.000 -99.000    19.5    19.1 -9999.0 -9999.0 -9999.0
94078 20170817  2.423 -108.67   42.68    29.1    15.0    22.0    22.3     0.0    24.42 C    48.5     9.5    24.4    37.5    10.5    22.7   0.105   0.148 -99.000 -99.000 -99.000    22.0    21.0 -9999.0 -9999.0 -9999.0
94078 20170818  2.423 -108.67   42.68    30.4    12.3    21.4    22.1     0.0    25.76 C    53.0     7.5    26.2    49.1    10.3    26.0   0.109   0.150 -99.000 -99.000 -99.000    23.0    21.9 -9999.0 -9999.0 -9999.0
94078 20170819  2.423 -108.67   42.68    31.4    13.6    22.5    23.8     0.0    26.27 C    55.4     7.9    27.3    25.6     4.2    13.3   0.110   0.151 -99.000 -99.000 -99.000    24.1    22.9 -9999.0 -9999.0 -9999.0
94078 20170820  2.423 -108.67   42.68    32.1    12.4    22.2    22.4     0.0    24.63 C    55.4     8.4    26.9    35.9     9.0    19.8   0.107   0.151 -99.000 -99.000 -99.000    24.2    23.2 -9999.0 -9999.0 -9999.0
94078 20170821  2.423 -108.67   42.68    28.0    12.2    20.1    19.7     0.0    20.37 C    51.7     8.4    23.6    46.4    18.0    30.1   0.100   0.151 -99.000 -99.000 -99.000    22.9    22.5 -9999.0 -9999.0 -9999.0
94078 20170822  2.423 -108.67   42.68    29.9    10.7    20.3    20.3     0.0    24.99 C    54.0     6.8    25.7    51.8    10.4    27.4   0.095   0.151 -99.000 -99.000 -99.000    23.4    22.5 -9999.0 -9999.0 -9999.0
94078 20170823  2.423 -108.67   42.68    30.2    13.1    21.6    22.2     0.0    19.79 C    54.2     7.9    24.8    39.5    11.5    22.9   0.089   0.151 -99.000 -99.000 -99.000    23.4    22.6 -9999.0 -9999.0 -9999.0
94078 20170824  2.423 -108.67   42.68    29.9    13.6    21.7    22.7     0.0    20.20 C    56.4     8.9    25.6    45.7    10.1    25.0   0.083   0.151 -99.000 -99.000 -99.000    23.7    22.8 -9999.0 -9999.0 -9999.0
94078 20170825  2.423 -108.67   42.68    29.8    13.2    21.5    21.2     0.0    17.96 C    52.9     9.8    23.9    50.7    11.7    29.0   0.078   0.151 -99.000 -99.000 -99.000    23.0    22.5 -9999.0 -9999.0 -9999.0
94078 20170826  2.423 -108.67   42.68    31.5    12.8    22.1    22.4     0.0    17.45 C    53.0     7.7    24.0    44.0    11.2    25.9   0.075   0.150 -99.000 -99.000 -99.000    22.9    22.2 -9999.0 -9999.0 -9999.0
94078 20170827  2.423 -108.67   42.68    30.6    13.4    22.0    21.8     0.0    23.64 C    54.6     8.7    26.4    36.8    11.4    23.5   0.074   0.150 -99.000 -99.000 -99.000    23.8    22.6 -9999.0 -9999.0 -9999.0
94078 20170828  2.423 -108.67   42.68    32.5    14.6    23.5    23.7     0.0    22.96 C    55.3     8.5    27.4    33.6     9.6    20.0   0.071   0.151 -99.000 -99.000 -99.000    24.6    23.3 -9999.0 -9999.0 -9999.0
94078 20170829  2.423 -108.67   42.68    32.1    14.7    23.4    23.0     0.0    19.84 C    55.8     9.3    26.2    37.0     8.6    20.8   0.069   0.151 -99.000 -99.000 -99.000    24.5    23.5 -9999.0 -9999.0 -9999.0
94078 20170830  2.423 -108.67   42.68    29.9    13.7    21.8    22.0     0.0    14.81 C    54.7     9.6    24.2    40.8    15.0    27.5   0.066   0.150 -99.000 -99.000 -99.000    23.3    22.7 -9999.0 -9999.0 -9999.0
94078 20170831  2.423 -108.67   42.68    26.4    15.5    20.9    21.6     0.0    10.39 C    42.3    12.1    22.9    54.3    25.7    34.8   0.065   0.149 -99.000 -99.000 -99.000    23.0    22.5 -9999.0 -9999.0 -9999.0
94078 20170901  2.423 -108.67   42.68    28.4    13.4    20.9    21.1     0.0    21.87 C    51.6     8.5    25.1    46.7    19.5    30.9   0.066   0.149 -99.000 -99.000 -99.000    23.4    22.4 -9999.0 -9999.0 -9999.0
94078 20170902  2.423 -108.67   42.68    33.1    13.5    23.3    23.9     0.0    21.53 C    55.0     8.2    26.3    44.3     9.3    22.8   0.065   0.149 -99.000 -99.000 -99.000    24.1    22.9 -9999.0 -9999.0 -9999.0
94078 20170903  2.423 -108.67   42.68    33.4    17.4    25.4    24.9     0.0    19.66 C    50.6     8.9    25.0    21.7     5.0    12.2   0.064   0.148 -99.000 -99.000 -99.000    24.0    23.1 -9999.0 -9999.0 -9999.0
94078 20170904  2.423 -108.67   42.68    24.1    10.2    17.1    18.1     0.0    16.93 C    43.2     6.5    20.2    53.9     9.3    26.7   0.060   0.146 -99.000 -99.000 -99.000    21.7    21.7 -9999.0 -9999.0 -9999.0
94078 20170905  2.423 -108.67   42.68    22.0     6.2    14.1    14.0     0.0    19.08 C    43.6     2.9    18.6    69.7    27.7    47.0   0.059   0.144 -99.000 -99.000 -99.000    20.2    20.5 -9999.0 -9999.0 -9999.0
94078 20170906  2.423 -108.67   42.68    25.5     8.6    17.0    17.1     0.0    19.57 C    47.6     4.4    20.9    60.0    19.7    36.7   0.060   0.144 -99.000 -99.000 -99.000    20.7    20.4 -9999.0 -9999.0 -9999.0
94078 20170907  2.423 -108.67   42.68    28.2    11.4    19.8    19.8     0.0    19.76 C    47.6     5.9    22.4    38.3    11.2    23.1   0.060   0.144 -99.000 -99.000 -99.000    21.4    20.8 -9999.0 -9999.0 -9999.0
94078 20170908  2.423 -108.67   42.68    28.8    12.1    20.5    20.6     0.0    13.98 C    46.8     7.5    21.4    33.9    13.3    23.2   0.059   0.144 -99.000 -99.000 -99.000    21.0    20.7 -9999.0 -9999.0 -9999.0
94078 20170909  2.423 -108.67   42.68    30.5    17.1    23.8    24.2     0.0    21.38 C    49.4    10.8    26.9    35.5    13.6    22.8   0.062   0.145 -99.000 -99.000 -99.000    23.6    21.9 -9999.0 -9999.0 -9999.0
94078 20170910  2.423 -108.67   42.68    28.4    16.6    22.5    22.5     0.3    19.67 C    53.1    13.2    27.0    64.0    23.2    35.7   0.062   0.146 -99.000 -99.000 -99.000    24.7    23.2 -9999.0 -9999.0 -9999.0
94078 20170911  2.423 -108.67   42.68    30.1    15.1    22.6    22.7     0.0    20.04 C    54.2    11.2    26.3    52.8    16.9    31.9   0.062   0.146 -99.000 -99.000 -99.000    24.3    23.1 -9999.0 -9999.0 -9999.0
94078 20170912  2.423 -108.67   42.68    30.8    16.0    23.4    22.9     0.0    18.44 C    53.5     9.9    25.5    39.2    13.4    25.4   0.061   0.145 -99.000 -99.000 -99.000    23.9    23.0 -9999.0 -9999.0 -9999.0
94078 20170913  2.423 -108.67   42.68    27.8    15.7    21.7    22.0     0.0    15.85 C    49.3    10.1    24.2    42.2    16.2    26.4   0.059   0.144 -99.000 -99.000 -99.000    23.2    22.5 -9999.0 -9999.0 -9999.0
94078 20170914  2.423 -108.67   42.68    27.0    11.1    19.1    17.8     0.6    15.24 C    49.9     9.8    22.6    91.8    18.6    50.3   0.059   0.144 -99.000 -99.000 -99.000    22.6    22.2 -9999.0 -9999.0 -9999.0
94078 20170915  2.423 -108.67   42.68    11.2     4.6     7.9     7.4    15.5     4.62 C    17.5     7.5    11.1    95.2    75.1    89.1   0.093   0.139 -99.000 -99.000 -99.000    15.4    18.3 -9999.0 -9999.0 -9999.0
94078 20170916  2.423 -108.67   42.68    15.0     3.5     9.3     7.7     0.6    17.31 C    26.8     2.7    11.5    95.5    24.0    72.3   0.200   0.135 -99.000 -99.000 -99.000    13.8    15.4 -9999.0 -9999.0 -9999.0
94078 20170917  2.423 -108.67   42.68    20.4     0.6    10.5    10.1     0.0    18.79 C    33.3    -0.8    11.9    91.8    17.4    52.6   0.178   0.136 -99.000 -99.000 -99.000    13.0    14.2 -9999.0 -9999.0 -9999.0
94078 20170918  2.423 -108.67   42.68    23.5    10.5    17.0    17.5     0.0    16.61 C    35.5     3.8    15.8    48.3    15.6    26.2   0.165   0.139 -99.000 -99.000 -99.000    14.5    14.9 -9999.0 -9999.0 -9999.0
94078 20170919  2.423 -108.67   42.68    15.2     1.8     8.5     8.2     5.4    12.44 C    21.2    -1.5     8.3    90.1    30.3    56.8   0.159   0.140 -99.000 -99.000 -99.000    11.9    13.9 -9999.0 -9999.0 -9999.0
94078 20170920  2.423 -108.67   42.68    17.0     0.8     8.9    10.0     0.0    20.24 C    31.0    -2.3    10.5    59.0    21.2    36.9   0.162   0.138 -99.000 -99.000 -99.000    10.6    11.7 -9999.0 -9999.0 -9999.0
94078 20170921  2.423 -108.67   42.68    18.6     3.0    10.8    10.1     0.0    16.04 C    36.6     0.2    13.3    77.3    37.0    59.2   0.158   0.142 -99.000 -99.000 -99.000    12.8    13.1 -9999.0 -9999.0 -9999.0
94078 20170922  2.423 -108.67   42.68     8.0     0.1     4.0     4.5    12.3     4.82 C    15.0     0.0     7.2    96.1    70.0    86.1   0.203   0.141 -99.000 -99.000 -99.000     9.6    11.4 -9999.0 -9999.0 -9999.0
94078 20170923  2.423 -108.67   42.68     5.0     2.9     4.0     4.1     4.4     1.74 C     9.4     4.3     6.4    95.5    88.7    93.0   0.245   0.161 -99.000 -99.000 -99.000     8.4     9.7 -9999.0 -9999.0 -9999.0
94078 20170924  2.423 -108.67   42.68     3.8     0.9     2.3     2.6     7.8     2.05 C     7.5     2.9     4.3    94.5    84.7    90.8   0.261   0.245 -99.000 -99.000 -99.000     6.7     8.1 -9999.0 -9999.0 -9999.0
94078 20170925  2.423 -108.67   42.68    10.2     2.5     6.4     5.4     0.0    12.39 C    23.3     0.2     7.5    93.3    53.8    75.0   0.245   0.282 -99.000 -99.000 -99.000     9.1     9.3 -9999.0 -9999.0 -9999.0
94078 20170926  2.423 -108.67   42.68    13.8     1.4     7.6     7.3     0.0    19.40 C    24.9    -1.2     8.2    78.0    28.7    52.2   0.226   0.267 -99.000 -99.000 -99.000     9.0     9.5 -9999.0 -9999.0 -9999.0
94078 20170927  2.423 -108.67   42.68    15.0     1.6     8.3     8.2     0.0    18.70 C    30.2    -1.5     9.6    76.5    31.9    54.1   0.210   0.255 -99.000 -99.000 -99.000     9.3     9.8 -9999.0 -9999.0 -9999.0
94078 20170928  2.423 -108.67   42.68    16.2     1.8     9.0     9.4     1.3    16.46 C    35.5    -1.4    12.1    88.6    35.5    62.3   0.199   0.246 -99.000 -99.000 -99.000    10.4    10.4 -9999.0 -9999.0 -9999.0
94078 20170929  2.423 -108.67   42.68    16.6     6.2    11.4    11.7     0.0    11.81 C    26.7     4.8    12.5    93.5    34.3    62.2   0.195   0.241 -99.000 -99.000 -99.000    12.0    12.0 -9999.0 -9999.0 -9999.0
94078 20170930  2.423 -108.67   42.68    18.9     9.3    14.1    13.4     0.0    10.49 C    29.7     3.7    11.8    54.1    28.6    39.0   0.187   0.234 -99.000 -99.000 -99.000    11.2    11.4 -9999.0 -9999.0 -9999.0
94078 20171001  2.423 -108.67   42.68    13.8    -0.9     6.5     6.5     2.8    13.21 C    30.9    -1.6     8.5    91.5    16.4    60.0   0.177   0.227 -99.000 -99.000 -99.000     9.9    10.8 -9999.0 -9999.0 -9999.0
94078 20171002  2.423 -108.67   42.68     2.6    -1.5     0.6     0.6     6.3     3.81 C     9.9    -1.7     1.8    96.2    72.3    87.8   0.193   0.218 -99.000 -99.000 -99.000     5.2     7.3 -9999.0 -9999.0 -9999.0
94078 20171003  2.423 -108.67   42.68     9.7    -4.1     2.8     2.8     0.0    18.02 C    21.2    -4.4     5.1    90.6    45.5    68.6   0.226   0.230 -99.000 -99.000 -99.000     6.2     6.7 -9999.0 -9999.0 -9999.0
94078 20171004  2.423 -108.67   42.68    12.8    -1.5     5.7     5.2     0.0    16.98 C    25.5    -2.4     6.7    90.1    31.7    62.0   0.216   0.238 -99.000 -99.000 -99.000     7.2     7.6 -9999.0 -9999.0 -9999.0
94078 20171005  2.423 -108.67   42.68    12.6     0.4     6.5     6.6     0.9    16.88 C    29.8    -3.0     8.4    82.4    38.9    56.5   0.205   0.237 -99.000 -99.000 -99.000     7.6     7.9 -9999.0 -9999.0 -9999.0
94078 20171006  2.423 -108.67   42.68    14.4     1.5     7.9     7.8     0.0    16.92 C    28.9    -0.8     9.3    90.5    27.1    58.7   0.201   0.236 -99.000 -99.000 -99.000     8.9     9.0 -9999.0 -9999.0 -9999.0
94078 20171007  2.423 -108.67   42.68    21.3     1.1    11.2    12.2     0.0    16.65 C    36.2    -1.9    11.2    75.5    14.5    36.9   0.194   0.232 -99.000 -99.000 -99.000     9.0     9.1 -9999.0 -9999.0 -9999.0
94078 20171008  2.423 -108.67   42.68    12.2    -0.4     5.9     2.4     7.1     1.78 C     7.3    -0.2     2.6    95.8    33.3    80.0   0.199   0.227 -99.000 -99.000 -99.000     5.7     7.5 -9999.0 -9999.0 -9999.0
94078 20171009  2.423 -108.67   42.68     8.9    -3.2     2.8     2.2     0.0    17.40 C    18.9    -3.4     3.8    89.8    37.6    65.4   0.228   0.234 -99.000 -99.000 -99.000     5.5     6.3 -9999.0 -9999.0 -9999.0
94078 20171010  2.423 -108.67   42.68    15.6    -2.8     6.4     5.4     0.0    16.30 C    25.9    -4.7     5.7    73.2    11.6    44.7   0.216   0.242 -99.000 -99.000 -99.000     5.9     6.3 -9999.0 -9999.0 -9999.0
94078 20171011  2.423 -108.67   42.68    18.5     0.4     9.4     9.9     0.0    16.11 C    29.1    -3.6     8.2    64.7    11.1    33.5   0.208   0.242 -99.000 -99.000 -99.000     6.5     6.8 -9999.0 -9999.0 -9999.0
94078 20171012  2.423 -108.67   42.68    13.1     2.1     7.6     9.1     0.0    15.80 C    29.5    -4.7     8.5    47.3     8.2    22.6   0.199   0.239 -99.000 -99.000 -99.000     7.1     7.5 -9999.0 -9999.0 -9999.0
94078 20171013  2.423 -108.67   42.68    13.1    -3.8     4.6     5.3     0.0    16.16 C    21.7    -7.7     4.3    52.1    12.5    28.1   0.188   0.233 -99.000 -99.000 -99.000     4.7     5.7 -9999.0 -9999.0 -9999.0
94078 20171014  2.423 -108.67   42.68     5.3    -1.6     1.8     1.2     7.2    13.40 C     8.9    -3.6     0.8    94.5    42.7    67.0   0.201   0.231 -99.000 -99.000 -99.000     3.1     4.6 -9999.0 -9999.0 -9999.0
94078 20171015  2.423 -108.67   42.68    13.3    -2.3     5.5     5.6     0.0    15.33 C    21.4    -5.2     4.5    67.6    26.4    46.0   0.225   0.242 -99.000 -99.000 -99.000     4.0     4.4 -9999.0 -9999.0 -9999.0
94078 20171016  2.423 -108.67   42.68    18.3     2.4    10.3    10.3     0.0    12.04 C    24.3    -1.1     6.6    62.5    17.1    34.0   0.223   0.250 -99.000 -99.000 -99.000     5.9     6.0 -9999.0 -9999.0 -9999.0
94078 20171017  2.423 -108.67   42.68    22.5     3.2    12.9    12.2     0.0    11.40 C    26.6    -2.7     7.5    41.4     8.7    23.7   0.212   0.247 -99.000 -99.000 -99.000     5.9     6.2 -9999.0 -9999.0 -9999.0
94078 20171018  2.423 -108.67   42.68    20.9     5.2    13.0    13.2     0.0    14.82 C    30.0    -2.0     9.8    31.4     7.6    18.5   0.205   0.244 -99.000 -99.000 -99.000     7.2     7.1 -9999.0 -9999.0 -9999.0
94078 20171019  2.423 -108.67   42.68    21.9     3.4    12.6    12.6     0.0    14.02 C    31.0    -3.6     9.1    37.8     5.6    21.3   0.195   0.240 -99.000 -99.000 -99.000     6.8     7.0 -9999.0 -9999.0 -9999.0
94078 20171020  2.423 -108.67   42.68    19.7     2.2    11.0    12.2     0.0    10.95 C    27.8    -2.4     9.4    40.5    12.8    27.8   0.189   0.237 -99.000 -99.000 -99.000     7.6     7.7 -9999.0 -9999.0 -9999.0
94078 20171021  2.423 -108.67   42.68     9.1    -1.7     3.7     3.4     0.0    14.09 C    22.7    -6.4     3.7    57.4    16.1    33.6   0.178   0.230 -99.000 -99.000 -99.000     4.4     5.7 -9999.0 -9999.0 -9999.0
94078 20171022  2.423 -108.67   42.68    18.2    -1.4     8.4     8.9     0.0    12.48 C    33.9    -4.5     8.5    61.2    23.3    38.1   0.176   0.226 -99.000 -99.000 -99.000     5.6     5.7 -9999.0 -9999.0 -9999.0
94078 20171023  2.423 -108.67   42.68    13.0     0.9     7.0     6.9     0.0    13.13 C    26.9    -3.7     7.3    68.1    17.0    42.6   0.172   0.225 -99.000 -99.000 -99.000     6.6     7.0 -9999.0 -9999.0 -9999.0
94078 20171024  2.423 -108.67   42.68    17.7    -1.1     8.3     7.8     0.0    13.78 C    30.1    -5.4     6.9    59.0    13.0    34.6   0.167   0.221 -99.000 -99.000 -99.000     5.4     5.9 -9999.0 -9999.0 -9999.0
94078 20171025  2.423 -108.67   42.68    24.0     1.9    13.0    12.1     0.0    12.05 C    29.5    -4.3     8.8    47.3     4.6    22.7   0.164   0.219 -99.000 -99.000 -99.000     6.2     6.3 -9999.0 -9999.0 -9999.0
94078 20171026  2.423 -108.67   42.68    11.3    -2.5     4.4     1.5     1.8     2.62 C     6.6    -2.7     2.2    91.4    22.3    64.4   0.159   0.216 -99.000 -99.000 -99.000     4.8     5.8 -9999.0 -9999.0 -9999.0
94078 20171027  2.423 -108.67   42.68     8.4    -6.4     1.0     1.9     0.0     9.70 C    20.2    -7.6     3.5    88.5    24.9    55.7   0.156   0.211 -99.000 -99.000 -99.000     3.6     4.4 -9999.0 -9999.0 -9999.0
94078 20171028  2.423 -108.67   42.68    16.4     3.2     9.8     8.9     0.0    11.93 C    28.4    -0.8     8.7    61.2    29.4    44.6   0.160   0.213 -99.000 -99.000 -99.000     6.4     6.2 -9999.0 -9999.0 -9999.0
94078 20171029  2.423 -108.67   42.68    13.8    -1.6     6.1     7.2     0.0    12.76 C    27.2    -2.7     7.9    87.2    30.7    47.7   0.157   0.211 -99.000 -99.000 -99.000     5.9     6.2 -9999.0 -9999.0 -9999.0
94078 20171030  2.423 -108.67   42.68     1.0    -7.8    -3.4    -2.8     0.3     8.94 C    18.3   -10.1     0.3    77.2    41.6    58.2   0.153   0.207 -99.000 -99.000 -99.000     3.8     5.0 -9999.0 -9999.0 -9999.0
94078 20171031  2.423 -108.67   42.68    13.0    -8.1     2.5     1.9     0.0    10.27 C    20.5   -10.8     1.6    75.6    18.5    48.0 -99.000   0.203 -99.000 -99.000 -99.000     1.8     3.0 -9999.0 -9999.0 -9999.0
94078 20171101  2.423 -108.67   42.68    16.5    -0.5     8.0     9.2     4.9    13.37 C    30.3    -3.2     8.5    95.7    19.6    41.3   0.153   0.205 -99.000 -99.000 -99.000     5.4     5.1 -9999.0 -9999.0 -9999.0
94078 20171102  2.423 -108.67   42.68    -0.4    -2.5    -1.5    -1.6     3.3     6.85 C     8.5    -2.7     0.9    96.0    84.8    91.7   0.161   0.203 -99.000 -99.000 -99.000     3.4     4.6 -9999.0 -9999.0 -9999.0
94078 20171103  2.423 -108.67   42.68    10.2    -3.0     3.6     1.6     0.5     6.39 C    11.3    -0.7     2.7    97.5    42.9    82.9   0.196   0.204 -99.000 -99.000 -99.000     3.4     3.9 -9999.0 -9999.0 -9999.0
94078 20171104  2.423 -108.67   42.68    11.0    -2.5     4.3     5.5     0.0     7.96 C    21.1    -2.3     4.9    94.2    43.8    64.5   0.210   0.216 -99.000 -99.000 -99.000     5.0     5.0 -9999.0 -9999.0 -9999.0
94078 20171105  2.423 -108.67   42.68     5.1    -3.1     1.0    -0.5     0.0     7.83 C    15.2    -4.7     1.8    92.8    47.6    76.5   0.200   0.215 -99.000 -99.000 -99.000     3.4     4.1 -9999.0 -9999.0 -9999.0
94078 20171106  2.423 -108.67   42.68     6.2    -5.9     0.2    -0.8     0.7     8.38 C    13.7    -6.8     0.0    90.6    28.1    64.9   0.190   0.213 -99.000 -99.000 -99.000     1.6     2.7 -9999.0 -9999.0 -9999.0
94078 20171107  2.423 -108.67   42.68     1.5    -6.9    -2.7    -3.9     0.0    11.47 C    12.9    -8.7    -1.2    92.6    41.5    70.3   0.186   0.212 -99.000 -99.000 -99.000     1.5     2.4 -9999.0 -9999.0 -9999.0
94078 20171108  2.423 -108.67   42.68     5.9    -9.9    -2.0    -2.9     0.0     7.65 C    10.2   -10.3    -2.5    82.5    38.0    65.8 -99.000   0.210 -99.000 -99.000 -99.000    -0.1     1.1 -9999.0 -9999.0 -9999.0
94078 20171109  2.423 -108.67   42.68     7.0    -5.9     0.6     0.5     0.0    10.93 C    16.3    -7.2     0.4    82.6    32.7    58.8 -99.000   0.209 -99.000 -99.000 -99.000     0.1     1.0 -9999.0 -9999.0 -9999.0
94078 20171110  2.423 -108.67   42.68    11.0    -3.1     3.9     3.2     0.0     6.94 C    15.9    -5.9     0.1    73.9    29.7    55.5 -99.000   0.208 -99.000 -99.000 -99.000     0.6     1.2 -9999.0 -9999.0 -9999.0
94078 20171111  2.423 -108.67   42.68     8.6    -3.2     2.7     2.3     0.0    10.08 C    18.9    -7.0     0.5    76.2    32.1    56.9 -99.000   0.208 -99.000 -99.000 -99.000     0.6     1.3 -9999.0 -9999.0 -9999.0
94078 20171112  2.423 -108.67   42.68     8.0    -4.8     1.6     0.8     0.0     9.87 C    17.6    -8.3    -0.7    72.1    24.0    52.2 -99.000   0.206 -99.000 -99.000 -99.000     0.1     0.9 -9999.0 -9999.0 -9999.0
94078 20171113  2.423 -108.67   42.68    12.2    -3.4     4.4     4.1     0.0    10.62 C    20.2    -7.8     1.4    65.2    20.9    40.3 -99.000   0.209 -99.000 -99.000 -99.000     0.1     0.8 -9999.0 -9999.0 -9999.0
94078 20171114  2.423 -108.67   42.68    11.6    -2.6     4.5     5.3     0.0    10.31 C    18.9    -7.0     1.9    51.2    21.7    35.8 -99.000   0.205 -99.000 -99.000 -99.000     0.8     1.3 -9999.0 -9999.0 -9999.0
94078 20171115  2.423 -108.67   42.68     6.8    -3.9     1.4     0.5     0.0     8.65 C    17.1    -7.9    -0.6    58.5    28.9    46.1 -99.000   0.204 -99.000 -99.000 -99.000     0.1     0.9 -9999.0 -9999.0 -9999.0
94078 20171116  2.423 -108.67   42.68    12.4    -1.7     5.4     8.3     6.5     5.06 C    10.4    -5.8     4.4    75.4    21.1    50.0 -99.000   0.204 -99.000 -99.000 -99.000     1.5     1.6 -9999.0 -9999.0 -9999.0
94078 20171117  2.423 -108.67   42.68     8.0    -5.2     1.4     3.0     1.0     5.93 C    10.5    -6.2     1.7    88.0    31.5    60.0   0.234   0.212 -99.000 -99.000 -99.000     2.8     3.0 -9999.0 -9999.0 -9999.0
94078 20171118  2.423 -108.67   42.68     6.1    -8.0    -1.0    -1.4     0.0    10.21 C     9.7    -9.3    -2.9    68.9    18.6    41.1 -99.000   0.218 -99.000 -99.000 -99.000     0.2     1.2 -9999.0 -9999.0 -9999.0
94078 20171119  2.423 -108.67   42.68     6.3    -7.0    -0.3    -1.0     0.0     3.58 C     2.8    -8.1    -4.3    70.5    15.6    51.5 -99.000   0.229 -99.000 -99.000 -99.000    -0.4     0.5 -9999.0 -9999.0 -9999.0
94078 20171120  2.423 -108.67   42.68    10.2    -1.7     4.2     6.0     0.0     3.77 C     6.4    -7.1    -0.3    58.4    13.4    34.8 -99.000 -99.000 -99.000 -99.000 -99.000    -0.5     0.2 -9999.0 -9999.0 -9999.0
94078 20171121  2.423 -108.67   42.68     9.8     1.8     5.8     5.3     0.0     8.42 C    16.3    -2.8     3.5    79.2    44.4    59.5 -99.000   0.230 -99.000 -99.000 -99.000     0.1     0.4 -9999.0 -9999.0 -9999.0
94078 20171122  2.423 -108.67   42.68    15.0     4.2     9.6     9.4     0.0     3.84 C    14.0    -1.3     4.4    66.3    40.6    53.7   0.210   0.219 -99.000 -99.000 -99.000     2.2     2.0 -9999.0 -9999.0 -9999.0
94078 20171123  2.423 -108.67   42.68    19.4     3.6    11.5    10.5     0.0     5.31 C    21.5    -1.2     4.8    69.0    21.6    46.5   0.205   0.219 -99.000 -99.000 -99.000     3.2     3.0 -9999.0 -9999.0 -9999.0
94078 20171124  2.423 -108.67   42.68    13.0     1.7     7.4     8.4     1.0     4.69 C    13.1    -2.7     3.3    79.5    29.2    51.1   0.201   0.221 -99.000 -99.000 -99.000     3.7     3.8 -9999.0 -9999.0 -9999.0
94078 20171125  2.423 -108.67   42.68    10.3    -1.6     4.4     4.6     0.0     8.60 C    15.6    -4.8     1.9    77.5    28.1    50.3   0.195   0.218 -99.000 -99.000 -99.000     2.0     2.6 -9999.0 -9999.0 -9999.0
94078 20171126  2.423 -108.67   42.68    17.0     1.2     9.1     9.2     0.0     6.83 C    16.7    -4.1     3.9    57.2    17.3    34.2   0.193   0.218 -99.000 -99.000 -99.000     2.5     2.6 -9999.0 -9999.0 -9999.0
94078 20171127  2.423 -108.67   42.68    16.2    -0.5     7.8     9.9     0.5     6.85 C    18.3    -0.9     6.7    94.7    17.3    39.7   0.193   0.219 -99.000 -99.000 -99.000     4.3     4.1 -9999.0 -9999.0 -9999.0
94078 20171128  2.423 -108.67   42.68     3.7    -4.4    -0.4    -0.8     0.0     9.14 C    12.8    -7.5    -0.6    95.4    57.2    75.9   0.187   0.217 -99.000 -99.000 -99.000     2.1     2.9 -9999.0 -9999.0 -9999.0
94078 20171129  2.423 -108.67   42.68     8.9    -4.2     2.3     2.8     0.0     8.80 C    16.2    -7.5     0.5    72.6    10.7    33.7   0.193   0.215 -99.000 -99.000 -99.000     0.6     1.5 -9999.0 -9999.0 -9999.0
94078 20171130  2.423 -108.67   42.68     7.1    -5.3     0.9    -0.7     0.0     8.19 C    15.4   -10.3    -3.1    56.5    17.9    39.4 -99.000   0.214 -99.000 -99.000 -99.000    -0.1     0.8 -9999.0 -9999.0 -9999.0
94078 20171201  2.423 -108.67   42.68     7.9    -4.9     1.5     2.0     0.0     8.37 C    15.5    -9.3    -1.1    68.0    27.1    44.1 -99.000   0.226 -99.000 -99.000 -99.000    -0.4     0.4 -9999.0 -9999.0 -9999.0
94078 20171202  2.423 -108.67   42.68     9.0    -5.4     1.8     1.6     0.0     8.07 C    16.0    -9.7    -2.2    69.4    25.3    45.2 -99.000   0.224 -99.000 -99.000 -99.000    -0.7     0.1 -9999.0 -9999.0 -9999.0
94078 20171203  2.423 -108.67   42.68    11.4    -1.9     4.7     6.5     8.4     4.63 C    15.7    -3.8     3.3    94.5    26.6    45.3 -99.000   0.224 -99.000 -99.000 -99.000     0.0     0.3 -9999.0 -9999.0 -9999.0
94078 20171204  2.423 -108.67   42.68    -1.8   -11.8    -6.8    -6.5     6.3     6.71 C    -2.0   -21.5   -10.6    93.8    55.3    75.4   0.189   0.223 -99.000 -99.000 -99.000     0.1     0.4 -9999.0 -9999.0 -9999.0
94078 20171205  2.423 -108.67   42.68    -0.2   -13.6    -6.9    -7.2     0.0     8.75 C    -1.6   -22.7   -14.4    85.3    46.5    61.3 -99.000   0.224 -99.000 -99.000 -99.000    -0.1     0.4 -9999.0 -9999.0 -9999.0
94078 20171206  2.423 -108.67   42.68    -2.1    -9.7    -5.9    -6.6     0.0     8.53 C    -4.6   -18.9   -13.2    66.8    37.8    55.4 -99.000   0.223 -99.000 -99.000 -99.000    -0.1     0.3 -9999.0 -9999.0 -9999.0
94078 20171207  2.423 -108.67   42.68     3.8    -8.9    -2.5    -2.1     0.0     4.82 C    -0.3   -16.8    -8.0    63.6    44.4    52.9 -99.000 -99.000 -99.000 -99.000 -99.000    -0.2     0.3 -9999.0 -9999.0 -9999.0
94078 20171208  2.423 -108.67   42.68     7.4    -4.3     1.6     1.8     0.0     8.49 C    -0.1   -15.0    -8.8    58.7    22.3    36.7 -99.000 -99.000 -99.000 -99.000 -99.000    -0.3     0.2 -9999.0 -9999.0 -9999.0
94078 20171209  2.423 -108.67   42.68     8.4    -5.1     1.7     0.8     0.0     8.67 C    -0.4   -16.4    -9.3    58.3    19.7    36.6 -99.000 -99.000 -99.000 -99.000 -99.000    -0.4     0.1 -9999.0 -9999.0 -9999.0
94078 20171210  2.423 -108.67   42.68     6.1    -6.3    -0.1    -1.3     0.0     8.50 C    -1.1   -16.2    -9.6    71.5    30.2    47.1 -99.000 -99.000 -99.000 -99.000 -99.000    -0.5     0.1 -9999.0 -9999.0 -9999.0
94078 20171211  2.423 -108.67   42.68     7.3    -6.5     0.4     0.8     0.0     7.84 C     0.5   -14.7    -7.5    71.8    30.3    46.2 -99.000 -99.000 -99.000 -99.000 -99.000    -0.6    -0.1 -9999.0 -9999.0 -9999.0
94078 20171212  2.423 -108.67   42.68    11.5    -6.8     2.4     1.9     0.0     8.19 C     1.0   -13.0    -6.5    78.9    11.7    50.1 -99.000 -99.000 -99.000 -99.000 -99.000    -0.6    -0.1 -9999.0 -9999.0 -9999.0
94078 20171213  2.423 -108.67   42.68     6.1    -2.2     1.9     1.4     4.1     3.95 C     1.9    -9.0    -2.3    95.2    29.5    56.9 -99.000 -99.000 -99.000 -99.000 -99.000    -0.5    -0.2 -9999.0 -9999.0 -9999.0
94078 20171214  2.423 -108.67   42.68     1.3    -7.7    -3.2    -2.8     0.0     8.24 C    -2.4   -16.5   -10.0    85.9    40.1    64.3 -99.000 -99.000 -99.000 -99.000 -99.000    -0.4    -0.1 -9999.0 -9999.0 -9999.0
94078 20171215  2.423 -108.67   42.68     4.6    -7.3    -1.4    -1.5     0.0     5.13 C    -0.7   -16.5    -8.2    68.1    35.8    52.6 -99.000 -99.000 -99.000 -99.000 -99.000    -0.4    -0.1 -9999.0 -9999.0 -9999.0
94078 20171216  2.423 -108.67   42.68     1.6    -4.3    -1.4    -1.5     3.4     2.10 C    -0.8   -10.5    -3.3    93.7    40.7    76.9 -99.000 -99.000 -99.000 -99.000 -99.000    -0.4    -0.1 -9999.0 -9999.0 -9999.0
94078 20171217  2.423 -108.67   42.68     0.4    -8.5    -4.0    -4.5     0.0     8.14 C    -4.0   -16.9   -10.0    90.9    45.7    70.1 -99.000 -99.000 -99.000 -99.000 -99.000    -0.4    -0.1 -9999.0 -9999.0 -9999.0
94078 20171218  2.423 -108.67   42.68     4.6    -8.0    -1.7    -1.0     0.0     4.10 C    -1.7   -15.2    -7.4    75.8    47.8    62.1 -99.000 -99.000 -99.000 -99.000 -99.000    -0.4    -0.1 -9999.0 -9999.0 -9999.0
94078 20171219  2.423 -108.67   42.68     7.1    -4.0     1.6     1.6     0.0     7.49 C     0.3   -13.1    -5.9    70.7    26.2    52.8 -99.000 -99.000 -99.000 -99.000 -99.000    -0.4    -0.1 -9999.0 -9999.0 -9999.0
94078 20171220  2.423 -108.67   42.68     9.1    -8.3     0.4     2.2     8.3     7.22 C     0.7    -8.5    -2.9    93.0    27.2    53.4 -99.000 -99.000 -99.000 -99.000 -99.000    -0.4    -0.1 -9999.0 -9999.0 -9999.0
94078 20171221  2.423 -108.67   42.68    -8.3   -16.5   -12.4   -11.4     3.4     7.53 C    -8.4   -27.5   -16.1    88.2    63.5    78.0 -99.000 -99.000 -99.000 -99.000 -99.000    -0.3     0.0 -9999.0 -9999.0 -9999.0
94078 20171222  2.423 -108.67   42.68    -8.6   -17.3   -12.9   -13.5     0.0     7.33 C   -10.0   -24.8   -19.4    85.4    66.0    78.0 -99.000 -99.000 -99.000 -99.000 -99.000    -0.3     0.0 -9999.0 -9999.0 -9999.0
94078 20171223  2.423 -108.67   42.68   -11.6   -19.3   -15.5   -13.8     1.9     3.60 C   -10.0   -31.8   -16.9    88.3    57.6    80.6 -99.000 -99.000 -99.000 -99.000 -99.000    -0.3     0.0 -9999.0 -9999.0 -9999.0
94078 20171224  2.423 -108.67   42.68   -11.0   -18.5   -14.7   -15.5     0.0     7.55 C   -14.6   -31.1   -22.8    80.6    38.0    57.0 -99.000 -99.000 -99.000 -99.000 -99.000    -0.4    -0.1 -9999.0 -9999.0 -9999.0
94078 20171225  2.423 -108.67   42.68 -9999.0 -9999.0 -9999.0 -9999.0     0.0     6.96 C   -10.8   -26.8   -20.7    82.4    43.3    68.3 -99.000 -99.000 -99.000 -99.000 -99.000    -0.5    -0.2 -9999.0 -9999.0 -9999.0
94078 20171226  2.423 -108.67   42.68   -13.4   -21.6   -17.5   -18.2     0.0     8.27 C   -15.1   -29.9   -23.9    84.2    69.4    78.7 -99.000 -99.000 -99.000 -99.000 -99.000    -0.7    -0.3 -9999.0 -9999.0 -9999.0
94078 20171227  2.423 -108.67   42.68     6.4   -21.4    -7.5    -3.5     0.0     8.17 C     0.2   -29.0   -10.1    86.2    31.5    52.0 -99.000 -99.000 -99.000 -99.000 -99.000    -0.8    -0.4 -9999.0 -9999.0 -9999.0
94078 20171228  2.423 -108.67   42.68     7.0    -6.1     0.4    -1.2     0.0     8.02 C    -3.1   -15.2    -9.1    68.0    25.1    51.1 -99.000 -99.000 -99.000 -99.000 -99.000    -0.7    -0.4 -9999.0 -9999.0 -9999.0
94078 20171229  2.423 -108.67   42.68    10.4   -12.9    -1.3     2.1     0.0     5.13 C     0.6   -14.9    -3.7    90.9    20.7    54.6 -99.000 -99.000 -99.000 -99.000 -99.000    -0.6    -0.4 -9999.0 -9999.0 -9999.0
94078 20171230  2.423 -108.67   42.68     9.7   -16.8    -3.5    -5.1     0.2     7.64 C     0.3   -17.7    -8.4    87.6    20.0    65.5 -99.000 -99.000 -99.000 -99.000 -99.000    -0.6    -0.3 -9999.0 -9999.0 -9999.0
94078 20171231  2.423 -108.67   42.68    -7.3   -15.2   -11.3   -11.8     0.0     7.83 C    -8.1   -18.0   -13.5    90.3    58.8    82.7 -99.000 -99.000 -99.000 -99.000 -99.000    -0.8    -0.4 -9999.0 -9999.0 -9999.0
