94996 20170101  2.422  -96.85   40.70     4.5    -6.1    -0.8    -0.3     0.0     3.70 C    12.0   -11.2    -0.8    75.1    40.9    62.8   0.324   0.325   0.299   0.285   0.243     0.5     0.9     1.4     3.0     5.0
94996 20170102  2.422  -96.85   40.70     2.9    -2.3     0.3     1.7     0.2     0.76 C     3.8    -2.3     1.8    96.8    65.9    86.6   0.353   0.330   0.298   0.285   0.244     1.1     1.4     1.6     3.0     5.0
94996 20170103  2.422  -96.85   40.70    -2.3   -13.1    -7.7    -8.3     0.0     8.46 C    -0.7   -14.5    -7.9    83.6    46.8    62.1   0.338   0.328   0.299   0.286   0.244     0.7     1.2     1.7     3.2     5.0
94996 20170104  2.422  -96.85   40.70   -10.5   -14.2   -12.4   -12.6     4.3     3.28 C    -4.7   -19.1   -11.0    85.2    44.6    64.7 -99.000   0.314   0.296   0.284   0.244     0.1     0.6     1.3     2.9     5.0
94996 20170105  2.422  -96.85   40.70   -12.2   -20.3   -16.3   -14.9     0.0     8.62 C   -11.1   -24.9   -17.5    85.2    56.4    70.5 -99.000   0.301   0.302   0.282   0.244    -0.1     0.3     1.0     2.7     4.9
94996 20170106  2.422  -96.85   40.70   -10.4   -24.2   -17.3   -16.8     0.0     9.85 C    -9.8   -27.2   -19.0    74.2    51.0    67.5 -99.000 -99.000   0.341   0.280   0.243    -0.5     0.0     0.8     2.5     4.8
94996 20170107  2.422  -96.85   40.70    -7.4   -16.0   -11.7   -12.3     0.0     9.80 C    -6.5   -21.6   -15.5    83.5    58.2    69.8 -99.000 -99.000   0.339   0.279   0.244    -0.8    -0.2     0.5     2.4     4.6
94996 20170108  2.422  -96.85   40.70     1.3   -15.8    -7.2    -6.6     0.0     7.94 C    -1.2   -20.7    -8.8    84.0    55.1    70.4 -99.000 -99.000   0.337   0.278   0.244    -0.8    -0.3     0.3     2.2     4.5
94996 20170109  2.422  -96.85   40.70     3.0   -10.0    -3.5    -3.1     0.0     6.66 C     0.8   -13.3    -4.5    80.3    56.3    68.6 -99.000 -99.000   0.336   0.276   0.244    -0.6    -0.3     0.3     2.1     4.4
94996 20170110  2.422  -96.85   40.70     2.4    -4.3    -1.0    -0.9     1.3     9.40 C     3.1    -9.0    -2.3    89.6    55.3    74.7 -99.000 -99.000   0.333   0.276   0.244    -0.3    -0.2     0.3     2.1     4.3
94996 20170111  2.422  -96.85   40.70     5.1   -11.1    -3.0    -3.9     0.0     8.69 C     1.9   -12.2    -4.1    74.6    57.0    64.3 -99.000 -99.000   0.333   0.274   0.243    -0.3    -0.2     0.4     2.0     4.2
94996 20170112  2.422  -96.85   40.70    -5.8   -13.5    -9.7    -9.5     0.0     6.54 C     1.0   -15.1    -8.9    79.3    44.8    63.6 -99.000 -99.000   0.332   0.275   0.244    -0.8    -0.3     0.3     2.0     4.2
94996 20170113  2.422  -96.85   40.70    -5.5   -10.7    -8.1    -7.6     0.0     4.18 C    -0.6   -11.5    -6.4    72.1    43.3    58.4 -99.000 -99.000   0.332   0.275   0.243    -0.8    -0.5     0.2     1.9     4.1
94996 20170114  2.422  -96.85   40.70     2.0    -8.8    -3.4    -3.4     0.0     7.55 C    10.9   -10.8    -2.4    75.8    34.6    55.6 -99.000 -99.000   0.327   0.274   0.243    -0.7    -0.4     0.2     1.9     4.0
94996 20170115  2.422  -96.85   40.70    -0.7    -2.1    -1.4    -1.3     5.9     0.71 C     0.2    -3.3    -0.8    93.7    59.0    80.8 -99.000 -99.000   0.329   0.272   0.242    -0.4    -0.3     0.2     1.9     4.0
94996 20170116  2.422  -96.85   40.70     0.1    -0.8    -0.3    -0.2    14.4     1.40 C     0.0    -0.7    -0.2    96.0    93.5    95.1 -99.000 -99.000   0.372   0.295   0.273    -0.2    -0.2     0.3     1.9     3.9
94996 20170117  2.422  -96.85   40.70     1.8    -5.7    -1.9    -1.6     0.0    13.37 C     7.2    -8.0    -2.0    93.5    78.8    86.6 -99.000 -99.000   0.385   0.306   0.273    -0.2    -0.1     0.3     1.9     3.9
94996 20170118  2.422  -96.85   40.70    10.4    -2.1     4.2     3.5     0.0    10.13 C    13.0    -4.1     2.1    88.1    60.3    76.5 -99.000 -99.000   0.383   0.304   0.272    -0.1     0.0     0.4     1.9     3.9
94996 20170119  2.422  -96.85   40.70     6.2     0.6     3.4     3.8     0.0     1.99 C     7.8    -3.8     3.0    99.5    75.8    91.4 -99.000 -99.000   0.387   0.306   0.273    -0.1     0.1     0.5     2.0     3.8
94996 20170120  2.422  -96.85   40.70     6.8     2.7     4.8     4.6     1.4     1.58 C     8.7     2.1     4.5   100.0    96.5    99.5 -99.000 -99.000   0.391   0.310   0.281     0.0     0.2     0.7     2.1     3.9
94996 20170121  2.422  -96.85   40.70    11.4    -1.3     5.1     4.7     0.0    10.54 C    15.7    -5.5     3.2   100.0    50.1    84.8   0.381   0.371   0.390   0.313   0.302     1.0     0.9     1.1     2.5     3.9
94996 20170122  2.422  -96.85   40.70     4.0    -2.9     0.5     0.4     0.0     6.59 C    10.1    -7.3    -1.3    94.8    73.8    87.5   0.371   0.352   0.326   0.308   0.313     1.0     1.1     1.3     2.7     4.1
94996 20170123  2.422  -96.85   40.70     3.8    -4.6    -0.4    -0.6     0.0     5.94 C    13.7    -9.8    -0.9    92.5    74.2    87.3   0.360   0.345   0.319   0.304   0.314     0.8     1.0     1.3     2.7     4.2
94996 20170124  2.422  -96.85   40.70     1.2    -1.8    -0.3    -0.4     0.9     1.55 C     2.6    -3.1    -0.2    95.0    79.4    90.9   0.357   0.342   0.317   0.302   0.312     1.0     1.1     1.4     2.7     4.2
94996 20170125  2.422  -96.85   40.70    -0.3    -5.5    -2.9    -2.8     0.5     5.54 C    -0.3    -7.3    -3.2    94.7    74.6    82.9   0.353   0.339   0.314   0.301   0.311     0.9     1.2     1.5     2.8     4.2
94996 20170126  2.422  -96.85   40.70     0.0    -5.7    -2.8    -3.9     0.0     8.70 C     5.4    -9.4    -4.3    79.8    64.8    73.3   0.348   0.332   0.311   0.299   0.309     0.6     0.9     1.3     2.6     4.2
94996 20170127  2.422  -96.85   40.70     4.1    -7.9    -1.9    -1.3     0.0    11.31 C     9.3   -12.6    -1.8    80.9    45.7    66.2 -99.000   0.327   0.308   0.297   0.309     0.4     0.7     1.2     2.5     4.2
94996 20170128  2.422  -96.85   40.70     6.0    -1.9     2.0     1.7     0.0     7.91 C    12.1    -4.5     1.2    79.2    48.6    65.7 -99.000   0.332   0.307   0.297   0.308     0.6     0.8     1.2     2.5     4.1
94996 20170129  2.422  -96.85   40.70     9.7    -0.8     4.4     3.3     0.0     7.79 C    16.1    -5.6     2.1    84.7    50.9    71.6   0.349   0.336   0.309   0.298   0.308     1.6     1.5     1.6     2.8     4.2
94996 20170130  2.422  -96.85   40.70    15.7    -1.6     7.0     5.4     0.0    10.82 C    21.9    -4.1     4.0    83.4    22.8    56.0   0.346   0.334   0.309   0.297   0.307     2.1     2.0     2.1     3.1     4.3
94996 20170131  2.422  -96.85   40.70     8.0     0.5     4.3     3.3     0.0     6.21 C    18.0    -3.0     2.9    73.9    42.8    60.6   0.344   0.332   0.309   0.297   0.307     2.6     2.6     2.6     3.5     4.5
94996 20170201  2.422  -96.85   40.70     0.5    -6.0    -2.8    -1.9     0.0     3.65 C     5.2    -7.3    -1.6    80.7    49.8    63.7   0.341   0.330   0.308   0.297   0.307     2.1     2.3     2.6     3.6     4.7
94996 20170202  2.422  -96.85   40.70    -3.2    -8.8    -6.0    -6.1     0.0     9.30 C     7.8   -12.7    -4.7    72.9    42.6    55.9   0.334   0.326   0.305   0.294   0.307     0.9     1.3     1.9     3.2     4.7
94996 20170203  2.422  -96.85   40.70    -0.4    -8.2    -4.3    -5.1     0.0    11.66 C    11.9   -13.3    -3.6    75.2    41.4    61.2   0.330   0.323   0.303   0.292   0.307     0.7     1.0     1.6     2.9     4.5
94996 20170204  2.422  -96.85   40.70    11.9    -4.7     3.6     1.9     0.0    12.52 C    14.4    -6.7     0.7    73.5    31.1    54.4 -99.000   0.320   0.301   0.291   0.306     0.6     0.9     1.4     2.7     4.4
94996 20170205  2.422  -96.85   40.70     4.9    -6.7    -0.9    -1.8     0.0    11.71 C    17.1    -9.6    -1.7    84.6    39.5    65.8   0.333   0.322   0.300   0.291   0.306     0.9     1.1     1.5     2.7     4.3
94996 20170206  2.422  -96.85   40.70     8.4    -4.4     2.0     2.8     0.0     2.67 C    11.5    -8.9     2.0    95.6    77.7    86.9   0.330   0.322   0.300   0.291   0.306     1.2     1.3     1.6     2.8     4.3
94996 20170207  2.422  -96.85   40.70     5.5    -6.4    -0.4    -2.1     0.0     6.00 C     6.0    -5.9    -1.2    96.3    58.7    76.7   0.330   0.322   0.301   0.291   0.305     1.8     1.9     2.1     3.2     4.4
94996 20170208  2.422  -96.85   40.70    -5.8   -12.2    -9.0    -8.9     0.0     9.97 C     3.6   -15.1    -7.4    78.2    44.7    66.0   0.312   0.319   0.299   0.290   0.304     0.7     1.1     1.6     2.9     4.4
94996 20170209  2.422  -96.85   40.70     2.5   -12.8    -5.1    -4.9     0.0    10.27 C    10.2   -14.0    -3.5    75.8    34.8    55.0 -99.000   0.309   0.298   0.288   0.303     0.2     0.6     1.2     2.6     4.3
94996 20170210  2.422  -96.85   40.70    22.4     0.0    11.2     9.3     0.0    10.49 C    27.2    -2.0     7.4    66.3    22.7    46.0 -99.000   0.311   0.297   0.288   0.302     1.1     1.0     1.3     2.6     4.1
94996 20170211  2.422  -96.85   40.70    15.8     0.6     8.2     7.1     0.0    10.46 C    26.4    -2.7     6.7    86.0    41.1    68.0   0.330   0.321   0.298   0.289   0.303     3.0     2.7     2.4     3.3     4.2
94996 20170212  2.422  -96.85   40.70     9.6    -2.1     3.8     4.1     0.0    14.63 C    19.6   -10.2     2.6    77.1    17.6    49.7   0.330   0.322   0.300   0.291   0.303     3.5     3.5     3.2     4.0     4.6
94996 20170213  2.422  -96.85   40.70    11.4    -1.4     5.0     3.9     0.0     9.86 C    18.2    -9.4     2.6    69.6    23.5    44.3   0.326   0.319   0.299   0.290   0.303     2.7     2.8     2.9     3.8     4.8
94996 20170214  2.422  -96.85   40.70    11.8    -2.2     4.8     3.7     0.0    13.58 C    19.8    -8.1     2.9    82.5    28.9    59.6   0.325   0.318   0.299   0.289   0.303     2.9     2.9     3.0     3.9     4.9
94996 20170215  2.422  -96.85   40.70    13.4    -3.1     5.1     4.8     0.0    14.76 C    21.5    -8.3     4.8    83.2    30.8    54.8   0.323   0.319   0.299   0.289   0.303     3.2     3.3     3.2     4.1     5.0
94996 20170216  2.422  -96.85   40.70    22.5     1.8    12.2    10.8     0.0    13.51 C    31.3    -1.8     9.8    63.7    16.1    39.3   0.325   0.319   0.300   0.289   0.303     4.5     4.2     3.8     4.5     5.1
94996 20170217  2.422  -96.85   40.70    23.1     4.5    13.8    12.4     0.0    15.48 C    28.3    -2.6     9.8    67.1    16.5    43.1   0.326   0.320   0.301   0.291   0.303     5.6     5.3     4.7     5.2     5.3
94996 20170218  2.422  -96.85   40.70    19.8    -1.5     9.1     9.6     0.0    15.25 C    29.2    -5.9     7.4    84.1    21.5    52.5   0.323   0.319   0.301   0.291   0.304     5.5     5.4     5.0     5.5     5.7
94996 20170219  2.422  -96.85   40.70    22.1     5.8    14.0    13.4     0.0    12.00 C    26.2    -0.6    12.5    86.7    41.4    69.5   0.324   0.320   0.302   0.291   0.304     6.8     6.4     5.7     6.0     5.9
94996 20170220  2.422  -96.85   40.70    18.7     3.1    10.9    13.8     0.0     4.78 C    23.0    -2.5    11.8    90.6    48.5    76.1   0.325   0.322   0.303   0.293   0.304     8.5     8.0     7.0     7.1     6.4
94996 20170221  2.422  -96.85   40.70    23.8     1.5    12.6    12.2     0.0    15.97 C    28.8    -3.0    10.8    88.9    14.8    52.1   0.321   0.319   0.303   0.292   0.306     7.5     7.3     6.8     7.2     6.8
94996 20170222  2.422  -96.85   40.70    23.9     0.1    12.0    13.0     0.0    16.07 C    34.1    -4.0    12.0    83.1    16.4    45.1   0.320   0.318   0.303   0.292   0.306     8.0     7.7     7.2     7.5     7.0
94996 20170223  2.422  -96.85   40.70     8.4    -0.2     4.1     3.5    11.9     2.99 C     9.3    -0.2     3.6    99.9    66.9    84.4   0.317   0.317   0.302   0.292   0.305     6.9     7.1     7.1     7.5     7.3
94996 20170224  2.422  -96.85   40.70    -0.1    -5.3    -2.7    -3.3     3.3     6.72 C    -0.1   -10.0    -4.1    99.9    68.4    84.4   0.356   0.341   0.300   0.295   0.304     4.5     5.0     5.6     6.7     7.3
94996 20170225  2.422  -96.85   40.70     2.4   -11.3    -4.4    -3.8     0.0    15.91 C     2.6   -16.5    -5.8    83.7    53.9    70.0   0.374   0.347   0.303   0.302   0.304     3.5     3.9     4.5     5.9     7.0
94996 20170226  2.422  -96.85   40.70     6.8    -3.2     1.8     1.6     0.0    17.24 C    17.0    -9.4     0.7    74.7    30.6    56.5   0.391   0.364   0.328   0.316   0.303     3.5     3.6     4.1     5.4     6.7
94996 20170227  2.422  -96.85   40.70    14.2    -6.2     4.0     4.5     0.0    13.22 C    20.6   -10.9     2.7    83.9    27.0    60.8   0.379   0.363   0.330   0.314   0.308     3.3     3.4     3.9     5.1     6.4
94996 20170228  2.422  -96.85   40.70     9.1     1.5     5.3     5.6     0.0     5.43 C    13.5    -2.0     5.5    90.0    62.6    75.6   0.372   0.356   0.326   0.311   0.315     4.7     4.6     4.5     5.5     6.3
94996 20170301  2.422  -96.85   40.70     8.0    -4.4     1.8     2.1     0.0    15.07 C    15.8   -10.1     1.4    85.5    27.6    59.2   0.364   0.349   0.323   0.308   0.317     4.4     4.5     4.7     5.6     6.4
94996 20170302  2.422  -96.85   40.70     9.2    -5.4     1.9     0.9     0.0    15.50 C    21.1   -10.8     0.1    79.4    27.5    56.1   0.356   0.344   0.319   0.305   0.317     3.5     3.8     4.2     5.3     6.4
94996 20170303  2.422  -96.85   40.70    14.3    -7.4     3.5     2.5     0.0    16.69 C    18.4   -11.6     0.9    87.1    23.1    56.5   0.351   0.339   0.315   0.303   0.316     3.3     3.4     3.9     5.0     6.2
94996 20170304  2.422  -96.85   40.70    22.4    -4.7     8.8    10.1     0.0    17.63 C    27.1    -9.3     8.6    83.3    15.7    48.4   0.350   0.339   0.313   0.302   0.315     4.6     4.3     4.2     5.1     6.1
94996 20170305  2.422  -96.85   40.70    21.3    10.6    15.9    14.8     0.0     9.57 C    26.8     8.5    14.6    77.6    44.8    67.0   0.351   0.341   0.316   0.303   0.315     7.5     6.8     6.0     6.3     6.3
94996 20170306  2.422  -96.85   40.70    25.9     3.1    14.5    16.0     0.0    13.95 C    30.5     0.7    15.5    76.9     8.8    49.8   0.351   0.342   0.318   0.304   0.314     9.5     8.8     7.7     7.6     6.9
94996 20170307  2.422  -96.85   40.70    14.1    -0.8     6.6     5.9     0.0    16.58 C    22.3    -4.2     5.1    61.9    11.4    34.9   0.341   0.335   0.316   0.303   0.316     7.1     7.3     7.2     7.6     7.4
94996 20170308  2.422  -96.85   40.70    16.6    -3.1     6.7     6.5     0.0    18.67 C    28.1    -8.9     6.7    57.5    14.3    32.4   0.335   0.331   0.312   0.300   0.316     6.3     6.4     6.4     7.2     7.4
94996 20170309  2.422  -96.85   40.70    11.2    -3.0     4.1     3.4     0.0    13.30 C    18.8    -5.9     3.2    70.7    24.3    49.3   0.330   0.329   0.310   0.299   0.315     5.9     6.1     6.2     7.0     7.4
94996 20170310  2.422  -96.85   40.70    -1.7    -8.6    -5.2    -4.5     0.0     9.23 C    12.6    -9.9    -2.3    74.5    29.6    48.3   0.324   0.324   0.307   0.297   0.313     4.3     4.8     5.4     6.5     7.3
94996 20170311  2.422  -96.85   40.70     0.9    -5.2    -2.1    -2.6     0.0     6.13 C     7.7    -4.8    -0.4    59.1    39.8    49.4   0.319   0.321   0.305   0.294   0.314     3.4     3.9     4.6     5.8     7.1
94996 20170312  2.422  -96.85   40.70     5.0    -4.5     0.3     0.2     0.0     5.52 C     7.3    -5.5     0.8    73.9    58.1    64.2   0.318   0.319   0.304   0.293   0.312     3.4     3.7     4.2     5.5     6.8
94996 20170313  2.422  -96.85   40.70    -0.4    -6.5    -3.5    -4.4     0.0    11.83 C    12.7    -7.8    -2.3    74.0    48.0    64.0   0.315   0.317   0.301   0.292   0.312     2.8     3.2     3.9     5.2     6.6
94996 20170314  2.422  -96.85   40.70    -2.4    -8.3    -5.4    -5.4     1.3     7.21 C     2.2   -12.4    -4.9    85.3    63.1    73.8   0.312   0.314   0.300   0.290   0.310     2.2     2.7     3.5     4.8     6.4
94996 20170315  2.422  -96.85   40.70     7.7    -7.3     0.2    -0.2     0.0    11.63 C    13.3    -9.2     0.7    82.2    38.4    58.5   0.310   0.313   0.298   0.289   0.309     2.2     2.4     3.0     4.5     6.1
94996 20170316  2.422  -96.85   40.70    20.6    -2.4     9.1     9.5     0.0    17.20 C    28.3    -5.2     9.3    76.4    35.4    54.8   0.312   0.316   0.299   0.289   0.309     4.3     3.9     3.8     4.8     5.9
94996 20170317  2.422  -96.85   40.70    20.3     5.0    12.7    12.1     0.0    16.13 C    31.5    -1.9    10.8    87.0    17.6    48.1   0.314   0.318   0.301   0.292   0.308     6.6     6.1     5.5     5.9     6.2
94996 20170318  2.422  -96.85   40.70    16.9    -0.5     8.2     7.4     0.0    16.99 C    28.0    -5.1     7.8    72.1    13.1    38.8   0.309   0.316   0.301   0.292   0.308     6.4     6.2     5.9     6.4     6.5
94996 20170319  2.422  -96.85   40.70    30.4     6.4    18.4    18.2     0.0    17.81 C    36.0     2.0    16.8    59.6    28.2    37.0   0.306   0.315   0.302   0.292   0.308     8.2     7.5     6.7     7.0     6.8
94996 20170320  2.422  -96.85   40.70    20.5     8.0    14.2    13.3     0.0    17.93 C    28.6     4.1    12.6    81.2    26.1    51.7   0.302   0.315   0.303   0.293   0.308     9.3     8.8     8.0     8.0     7.3
94996 20170321  2.422  -96.85   40.70     9.5     1.2     5.4     6.1     0.0    11.74 C    17.8    -2.1     6.4    73.5    38.2    56.0   0.294   0.311   0.302   0.292   0.308     8.1     8.0     7.8     8.1     7.7
94996 20170322  2.422  -96.85   40.70    12.8     0.2     6.5     7.0     0.0    12.09 C    18.5    -3.1     8.2    67.6    22.5    40.7   0.288   0.308   0.300   0.290   0.308     7.0     7.1     7.2     7.8     7.9
94996 20170323  2.422  -96.85   40.70    24.2     7.4    15.8    16.0     0.0     6.91 C    27.9     5.5    15.5    76.6    37.7    51.7   0.285   0.307   0.300   0.288   0.308     8.6     8.1     7.6     8.0     7.9
94996 20170324  2.422  -96.85   40.70    20.0     4.6    12.3     9.6     2.3     2.29 C    18.0     4.5     9.2    95.0    48.4    83.6   0.284   0.307   0.300   0.290   0.308     9.5     9.2     8.7     8.8     8.2
94996 20170325  2.422  -96.85   40.70     5.5     3.6     4.5     4.3     6.9     3.01 C     8.1     3.6     4.7   100.0    88.4    94.4   0.332   0.327   0.299   0.288   0.309     7.5     7.7     7.8     8.4     8.4
94996 20170326  2.422  -96.85   40.70     8.4     3.8     6.1     5.9     0.2     4.28 C    11.8     4.0     6.9    95.6    77.7    88.6   0.353   0.334   0.298   0.287   0.308     7.4     7.4     7.4     8.1     8.3
94996 20170327  2.422  -96.85   40.70    13.4     2.5     8.0     7.6     0.3     8.83 C    26.5    -1.5     7.8    93.8    54.1    80.2   0.351   0.333   0.299   0.288   0.309     8.1     7.9     7.7     8.3     8.3
94996 20170328  2.422  -96.85   40.70    12.3    -1.4     5.4     6.1     2.2     7.65 C    19.2    -2.8     6.6   100.0    57.0    82.4   0.345   0.329   0.299   0.288   0.307     7.4     7.4     7.5     8.2     8.4
94996 20170329  2.422  -96.85   40.70     7.3     4.6     5.9     6.2    23.3     2.04 C     7.5     4.5     6.2   100.0    91.2    96.2   0.425   0.388   0.334   0.321   0.327     7.5     7.6     7.6     8.2     8.4
94996 20170330  2.422  -96.85   40.70     6.6     3.7     5.2     4.9     4.6     3.13 C     7.9     3.8     5.2    95.0    82.3    91.1   0.411   0.385   0.353   0.331   0.362     6.8     6.9     7.1     7.9     8.2
94996 20170331  2.422  -96.85   40.70    12.2     4.1     8.1     7.3     0.0     8.83 C    19.7     3.9     8.2    92.4    57.5    77.1   0.388   0.366   0.338   0.321   0.347     7.4     7.3     7.2     7.9     8.1
94996 20170401  2.422  -96.85   40.70     7.9     4.2     6.1     5.7     4.3     3.65 C    12.2     1.4     5.6    93.0    76.4    85.9   0.387   0.364   0.333   0.316   0.341     7.4     7.5     7.4     8.1     8.2
94996 20170402  2.422  -96.85   40.70    12.1     5.2     8.7     8.3     1.1     5.64 C    17.1     5.1     9.2    95.6    78.3    89.5   0.403   0.375   0.340   0.322   0.341     7.8     7.6     7.5     8.1     8.2
94996 20170403  2.422  -96.85   40.70    17.5     7.0    12.3    11.0     0.9    13.98 C    30.0     6.4    12.8    96.0    49.0    81.8   0.391   0.367   0.338   0.320   0.342     9.4     8.9     8.4     8.7     8.3
94996 20170404  2.422  -96.85   40.70    13.6     5.9     9.7     9.8     0.0     8.39 C    17.2     4.0     9.5    88.2    47.7    66.8   0.382   0.359   0.334   0.317   0.341     9.3     9.1     8.8     9.2     8.7
94996 20170405  2.422  -96.85   40.70    15.5     3.2     9.4     9.4     0.5    15.79 C    25.6    -0.2     9.5    84.3    29.2    56.3   0.372   0.352   0.329   0.314   0.340     9.2     8.9     8.7     9.2     8.9
94996 20170406  2.422  -96.85   40.70    14.5     1.6     8.0     7.4     0.0    23.06 C    29.6    -4.3     7.9    89.6    24.2    55.9   0.362   0.346   0.326   0.310   0.337     8.8     8.6     8.5     9.2     8.9
94996 20170407  2.422  -96.85   40.70    20.2    -0.3     9.9    10.7     0.0    21.64 C    28.3    -4.2    10.1    72.4    26.8    48.0   0.352   0.342   0.322   0.308   0.335     8.6     8.4     8.3     9.0     9.0
94996 20170408  2.422  -96.85   40.70    25.5     9.9    17.7    17.2     0.0    17.89 C    33.2     7.2    16.4    74.7    35.9    56.2   0.343   0.339   0.320   0.305   0.335    10.6     9.9     9.2     9.5     9.0
94996 20170409  2.422  -96.85   40.70    26.1    10.0    18.0    18.4     1.5    14.23 C    34.9     7.9    17.4    88.4    33.7    65.2   0.335   0.335   0.320   0.306   0.332    12.1    11.4    10.5    10.4     9.4
94996 20170410  2.422  -96.85   40.70    11.9     2.0     7.0     6.4     0.0    11.99 C    18.4     2.2     7.0    87.1    54.7    73.1   0.324   0.331   0.318   0.304   0.331    10.5    10.5    10.4    10.6     9.8
94996 20170411  2.422  -96.85   40.70    18.8    -3.3     7.8     8.1     0.0    24.88 C    31.3    -5.4    10.5    90.2    24.6    57.2   0.317   0.326   0.313   0.301   0.330     9.6     9.4     9.4    10.0     9.8
94996 20170412  2.422  -96.85   40.70    20.8     8.7    14.7    14.5     2.9     8.21 C    21.4     6.7    12.9    77.9    53.2    65.9   0.311   0.322   0.312   0.300   0.329    10.3    10.0     9.7    10.2     9.8
94996 20170413  2.422  -96.85   40.70    24.9     8.6    16.8    17.5     0.0    17.13 C    34.3     5.8    17.8    96.2    48.7    72.7   0.309   0.322   0.312   0.299   0.328    12.2    11.5    10.6    10.8     9.9
94996 20170414  2.422  -96.85   40.70    23.3    14.7    19.0    18.3     9.8     6.24 C    23.7    13.2    17.2   100.0    61.0    79.5   0.366   0.355   0.318   0.299   0.328    13.3    12.6    11.7    11.6    10.3
94996 20170415  2.422  -96.85   40.70    26.9    14.0    20.5    19.8     0.0    17.27 C    36.6    11.7    19.8    84.3    45.7    65.9   0.385   0.370   0.322   0.306   0.328    14.5    13.7    12.6    12.3    10.7
94996 20170416  2.422  -96.85   40.70    20.0     7.2    13.6    13.5     0.0    14.07 C    29.5     2.9    13.0    82.9    29.1    59.1   0.364   0.358   0.320   0.306   0.328    13.5    13.3    12.8    12.7    11.2
94996 20170417  2.422  -96.85   40.70    23.6     4.2    13.9    14.8     0.0    24.72 C    34.9     2.1    16.4    88.3    33.5    61.8   0.345   0.346   0.316   0.303   0.326    13.0    12.5    12.2    12.4    11.3
94996 20170418  2.422  -96.85   40.70    23.7    14.0    18.8    18.0     1.9    12.69 C    29.6    12.5    17.7    90.6    53.0    72.3   0.333   0.340   0.314   0.301   0.324    14.1    13.5    12.8    12.9    11.5
94996 20170419  2.422  -96.85   40.70    27.8     9.2    18.5    16.6    13.7    10.57 C    31.1     8.7    16.4    93.5    47.3    75.6   0.363   0.359   0.326   0.308   0.324    14.6    14.0    13.4    13.3    11.8
94996 20170420  2.422  -96.85   40.70    18.6     8.0    13.3    12.4     0.0    26.73 C    31.9     5.4    15.2    88.3    36.4    63.8   0.395   0.381   0.342   0.324   0.323    13.9    13.5    13.3    13.4    12.1
94996 20170421  2.422  -96.85   40.70    12.7     5.8     9.3     9.7     0.0     8.74 C    14.6     3.9     9.5    86.1    44.3    63.7   0.371   0.366   0.333   0.317   0.324    12.3    12.3    12.6    13.0    12.2
94996 20170422  2.422  -96.85   40.70    18.3     4.4    11.4    11.6     0.0    26.47 C    33.7     0.2    12.6    80.9    24.6    50.3   0.358   0.356   0.326   0.313   0.323    12.1    12.0    11.9    12.5    12.0
94996 20170423  2.422  -96.85   40.70    22.1     2.7    12.4    13.7     0.0    26.79 C    30.8     0.0    13.5    71.0    17.5    38.9   0.334   0.344   0.320   0.308   0.322    12.1    11.9    11.8    12.4    12.0
94996 20170424  2.422  -96.85   40.70    23.5    10.0    16.7    16.5     0.0    23.58 C    28.5     6.6    15.8    70.4    27.3    45.2   0.308   0.332   0.314   0.303   0.322    12.8    12.4    12.1    12.6    12.0
94996 20170425  2.422  -96.85   40.70    12.5     3.6     8.1     8.3     0.0     7.42 C    18.5     4.2     9.6    90.7    65.9    75.2   0.290   0.323   0.309   0.301   0.320    12.0    11.9    12.1    12.6    12.0
94996 20170426  2.422  -96.85   40.70     7.3     2.2     4.7     4.3     0.0     7.89 C    14.8    -0.8     6.3    82.1    58.8    70.2   0.284   0.318   0.305   0.297   0.318     9.9    10.1    10.8    11.7    11.9
94996 20170427  2.422  -96.85   40.70    13.4    -2.2     5.6     7.1     0.0    19.43 C    30.6    -3.0     9.9    88.2    38.3    64.6   0.276   0.315   0.301   0.295   0.318    10.1     9.9    10.2    11.2    11.6
94996 20170428  2.422  -96.85   40.70     8.8     3.7     6.3     5.3    13.9     3.38 C     8.2     4.6     6.0    94.5    84.9    91.8   0.364   0.356   0.300   0.300   0.317     9.6     9.9    10.3    11.2    11.4
94996 20170429  2.422  -96.85   40.70     6.7     3.8     5.3     5.1     6.5     3.60 C     7.9     4.1     5.5    96.2    70.2    84.5   0.410   0.388   0.299   0.313   0.316     8.6     8.9     9.5    10.5    11.2
94996 20170430  2.422  -96.85   40.70     5.3     2.7     4.0     3.9    34.0     3.24 C     8.4     2.9     4.7   100.0    89.1    96.1   0.471   0.428   0.378   0.352   0.372     7.2     7.7     8.4     9.6    10.7
94996 20170501  2.422  -96.85   40.70    16.1     0.6     8.3     8.3     2.2    21.03 C    25.2     0.4     9.8    93.6    28.3    63.8   0.456   0.420   0.383   0.350   0.389     8.1     7.9     8.2     9.4    10.3
94996 20170502  2.422  -96.85   40.70    18.8     5.8    12.3    12.8     0.0    23.74 C    35.0     3.5    14.9    73.0    28.9    52.2   0.408   0.395   0.365   0.337   0.383    10.3     9.7     9.5    10.1    10.3
94996 20170503  2.422  -96.85   40.70    17.7     7.3    12.5    11.4    10.2    12.79 C    26.5     4.7    11.9   100.0    42.9    78.0   0.412   0.394   0.360   0.338   0.382    11.1    10.7    10.5    10.9    10.6
94996 20170504  2.422  -96.85   40.70    20.8     6.4    13.6    13.7     0.0    27.36 C    34.1     3.2    14.1    95.2    25.9    55.7   0.419   0.400   0.364   0.341   0.384    11.7    11.2    10.9    11.3    10.8
94996 20170505  2.422  -96.85   40.70    24.1     5.8    15.0    16.2     0.0    28.58 C    37.2     1.7    16.5    73.2    18.6    42.8   0.389   0.378   0.348   0.330   0.371    12.3    11.7    11.4    11.7    11.0
94996 20170506  2.422  -96.85   40.70    26.1    10.7    18.4    19.1     0.0    28.76 C    37.3     7.2    19.8    64.8    19.4    38.8   0.365   0.364   0.338   0.322   0.350    13.8    13.1    12.4    12.4    11.4
94996 20170507  2.422  -96.85   40.70    29.9    12.3    21.1    21.5     0.0    27.31 C    36.7     8.8    21.3    56.6    24.8    41.1   0.345   0.350   0.332   0.318   0.346    14.9    14.1    13.3    13.2    11.8
94996 20170508  2.422  -96.85   40.70    32.1    17.8    24.9    24.4     0.0    27.00 C    38.5    13.2    24.1    66.5    24.3    44.6   0.322   0.333   0.327   0.312   0.342    16.5    15.6    14.5    14.1    12.3
94996 20170509  2.422  -96.85   40.70    26.4    14.2    20.3    20.0     0.0    25.95 C    37.2    11.5    21.2    78.9    34.1    54.2   0.301   0.314   0.322   0.307   0.340    16.9    16.1    15.2    14.8    12.8
94996 20170510  2.422  -96.85   40.70    18.1    12.3    15.2    14.7     4.0     5.50 C    23.6    10.2    15.2   100.0    53.4    84.8   0.290   0.304   0.318   0.303   0.339    15.9    15.5    15.1    15.0    13.2
94996 20170511  2.422  -96.85   40.70    20.1     7.9    14.0    14.7     0.0    14.81 C    28.5     4.1    14.0    90.4    35.3    64.4   0.288   0.300   0.315   0.300   0.338    14.8    14.6    14.4    14.6    13.3
94996 20170512  2.422  -96.85   40.70    23.1     6.1    14.6    15.4     0.0    29.29 C    36.9     1.9    16.1    79.2    29.4    49.7   0.279   0.292   0.309   0.296   0.335    14.3    14.0    13.8    14.2    13.3
94996 20170513  2.422  -96.85   40.70    25.9     9.5    17.7    18.8     0.0    29.91 C    33.4     5.8    18.9    68.3    22.6    44.0   0.266   0.281   0.302   0.290   0.332    15.1    14.6    14.2    14.4    13.3
94996 20170514  2.422  -96.85   40.70    30.6    15.3    22.9    22.5     0.0    28.18 C    37.9    13.4    22.1    71.8    32.4    51.3   0.250   0.268   0.294   0.282   0.329    16.8    15.9    15.1    15.0    13.5
94996 20170515  2.422  -96.85   40.70    31.9    15.5    23.7    24.9     0.0    23.47 C    38.9    12.4    24.5    86.3    34.4    56.4   0.235   0.256   0.285   0.275   0.324    17.9    17.0    16.1    15.8    13.8
94996 20170516  2.422  -96.85   40.70    32.0    15.9    24.0    22.1    18.3    24.23 C    37.7    15.5    22.4    92.8    40.0    68.4   0.257   0.260   0.276   0.266   0.322    18.8    17.9    17.0    16.5    14.3
94996 20170517  2.422  -96.85   40.70    23.5    13.2    18.4    16.9     9.2    13.93 C    28.5    12.5    16.8    92.7    56.7    79.1   0.424   0.350   0.277   0.264   0.321    17.7    17.3    16.8    16.6    14.6
94996 20170518  2.422  -96.85   40.70    17.9    10.9    14.4    13.6    12.1    13.10 C    23.1    11.0    14.9    92.6    62.0    75.0   0.410   0.370   0.283   0.273   0.320    16.0    15.9    15.9    16.1    14.7
94996 20170519  2.422  -96.85   40.70    12.1     8.7    10.4    10.5    45.9     5.61 C    16.2     8.5    11.5    94.7    83.3    91.9   0.459   0.425   0.370   0.335   0.339    14.4    14.5    14.9    15.4    14.6
94996 20170520  2.422  -96.85   40.70    12.0     5.8     8.9     9.2    16.9     8.72 C    15.6     5.4    10.1    95.4    74.3    87.3   0.540   0.495   0.513   0.380   0.423    12.9    13.0    13.4    14.3    14.4
94996 20170521  2.422  -96.85   40.70    19.9     4.1    12.0    12.1     0.0    30.28 C    31.2     3.4    14.0    86.5    33.9    62.5   0.465   0.443   0.427   0.357   0.406    13.6    13.3    13.3    14.1    14.0
94996 20170522  2.422  -96.85   40.70    21.6    10.3    16.0    15.2    10.5    20.38 C    28.5     8.3    15.6    93.2    44.3    71.0   0.449   0.421   0.409   0.352   0.395    14.7    14.3    14.1    14.5    14.0
94996 20170523  2.422  -96.85   40.70    15.2     8.3    11.7    11.6     3.1    15.81 C    24.0     6.1    12.5    85.0    56.3    71.5   0.460   0.431   0.415   0.359   0.401    14.2    14.0    14.1    14.6    14.1
94996 20170524  2.422  -96.85   40.70    19.0     7.2    13.1    13.1     0.0    25.89 C    42.7     5.3    16.1    89.5    40.1    65.7   0.435   0.412   0.395   0.351   0.398    14.4    14.0    14.0    14.5    14.0
94996 20170525  2.422  -96.85   40.70    25.0     8.6    16.8    17.5     0.0    25.42 C    39.7     4.2    19.9    80.5    39.1    59.8   0.413   0.394   0.372   0.342   0.386    15.1    14.6    14.3    14.7    14.0
94996 20170526  2.422  -96.85   40.70    26.1    13.1    19.6    20.4     0.0    27.92 C    48.1    10.9    24.8    90.3    31.9    57.9   0.396   0.380   0.351   0.333   0.362    17.0    16.2    15.6    15.6    14.2
94996 20170527  2.422  -96.85   40.70    23.7    12.5    18.1    17.1     7.7    22.89 C    42.7     9.6    20.6    90.0    43.5    71.5   0.424   0.394   0.350   0.334   0.356    16.9    16.3    16.0    16.0    14.6
94996 20170528  2.422  -96.85   40.70    27.4    11.0    19.2    19.3     0.0    28.89 C    47.7     7.6    22.5    87.9    21.2    50.1   0.406   0.382   0.347   0.331   0.354    17.2    16.6    16.3    16.4    14.9
94996 20170529  2.422  -96.85   40.70    24.3    10.5    17.4    17.9     0.0    28.95 C    44.9     6.2    21.5    70.1    23.8    46.2   0.383   0.364   0.339   0.324   0.350    17.2    16.6    16.4    16.5    15.1
94996 20170530  2.422  -96.85   40.70    26.2    10.0    18.1    18.6     0.0    30.43 C    48.5     6.0    22.1    70.8    19.8    42.1   0.362   0.347   0.331   0.317   0.347    17.0    16.4    16.3    16.5    15.2
94996 20170531  2.422  -96.85   40.70    26.0     6.4    16.2    17.4     0.6    25.90 C    49.2     4.7    21.7    85.2    24.1    55.3   0.342   0.331   0.323   0.313   0.345    17.0    16.4    16.3    16.6    15.3
94996 20170601  2.422  -96.85   40.70    27.7    13.2    20.4    20.8     0.0    27.51 C    48.2    10.3    25.2    87.1    44.5    69.2   0.325   0.317   0.320   0.310   0.343    18.2    17.4    17.0    17.0    15.5
94996 20170602  2.422  -96.85   40.70    30.4    18.1    24.2    24.1     0.0    29.53 C    47.6    15.7    27.6    90.5    32.9    59.9   0.303   0.301   0.312   0.305   0.341    19.6    18.7    18.0    17.8    15.8
94996 20170603  2.422  -96.85   40.70    30.4    15.8    23.1    23.6     0.0    28.05 C    50.9    12.8    27.7    87.1    37.4    62.1   0.282   0.284   0.303   0.299   0.337    20.2    19.3    18.6    18.4    16.2
94996 20170604  2.422  -96.85   40.70    31.8    17.4    24.6    25.0     0.0    28.64 C    54.0    14.9    29.5    86.2    34.8    59.0   0.267   0.270   0.294   0.294   0.332    20.9    20.0    19.3    18.9    16.5
94996 20170605  2.422  -96.85   40.70    33.4    16.2    24.8    25.1     0.0    24.50 C    55.8    13.7    27.8    88.9    24.2    52.7   0.251   0.259   0.285   0.286   0.328    21.0    20.3    19.7    19.3    16.9
94996 20170606  2.422  -96.85   40.70    28.1    16.6    22.4    22.5     0.0    24.44 C    47.9    12.7    25.1    68.0    35.5    50.9   0.238   0.250   0.276   0.279   0.323    20.3    19.8    19.5    19.3    17.1
94996 20170607  2.422  -96.85   40.70    28.3    13.0    20.7    21.6     0.0    28.37 C    48.3     9.7    24.6    74.5    28.0    45.8   0.227   0.242   0.265   0.272   0.320    20.0    19.4    19.2    19.2    17.3
94996 20170608  2.422  -96.85   40.70    29.6    14.3    21.9    22.6     0.0    30.42 C    47.7    10.8    25.9    69.3    21.8    45.5   0.218   0.235   0.257   0.264   0.316    20.1    19.4    19.2    19.2    17.3
94996 20170609  2.422  -96.85   40.70    30.8    16.8    23.8    24.7     0.0    29.57 C    45.5    14.9    27.3    78.6    36.0    52.3   0.212   0.230   0.248   0.256   0.312    20.8    20.1    19.6    19.5    17.5
94996 20170610  2.422  -96.85   40.70    32.0    20.4    26.2    26.1     0.0    25.90 C    41.9    18.9    27.9    78.4    47.0    63.7   0.207   0.227   0.240   0.251   0.307    21.9    21.0    20.3    20.0    17.8
94996 20170611  2.422  -96.85   40.70    34.4    22.3    28.3    27.9     0.0    26.57 C    42.0    20.9    29.2    75.0    39.5    58.2   0.203   0.224   0.233   0.245   0.302    22.8    21.9    21.1    20.6    18.1
94996 20170612  2.422  -96.85   40.70    31.1    20.3    25.7    25.6    32.9    14.51 C    38.7    19.9    25.5    91.7    57.4    71.2   0.373   0.339   0.286   0.279   0.298    22.3    21.7    21.2    20.8    18.4
94996 20170613  2.422  -96.85   40.70    32.5    20.5    26.5    27.2     0.0    26.89 C    43.0    18.6    28.5    80.7    50.2    63.0   0.384   0.363   0.313   0.289   0.297    23.0    22.3    21.5    21.1    18.7
94996 20170614  2.422  -96.85   40.70    29.2    16.0    22.6    22.8    23.4    26.53 C    43.8    15.0    25.0    91.6    46.4    67.5   0.416   0.396   0.359   0.332   0.296    22.2    21.8    21.4    21.2    18.9
94996 20170615  2.422  -96.85   40.70    33.6    15.4    24.5    24.6     0.0    27.32 C    47.6    13.1    27.2    84.6    35.6    62.1   0.388   0.381   0.349   0.329   0.294    22.4    21.8    21.4    21.2    19.1
94996 20170616  2.422  -96.85   40.70    32.3    17.1    24.7    24.6    19.8    25.03 C    45.6    15.0    27.4    90.4    48.1    68.6   0.389   0.379   0.352   0.326   0.308    22.9    22.3    21.7    21.5    19.2
94996 20170617  2.422  -96.85   40.70    27.0    17.4    22.2    21.4     0.0    13.23 C    40.1    16.4    23.2   100.0    62.7    82.0   0.423   0.406   0.379   0.344   0.346    22.6    22.1    21.8    21.7    19.5
94996 20170618  2.422  -96.85   40.70    26.5    14.2    20.3    20.5     0.0    29.88 C    40.9    13.0    23.7    85.5    32.5    58.3   0.394   0.385   0.366   0.332   0.332    21.9    21.4    21.3    21.4    19.6
94996 20170619  2.422  -96.85   40.70    28.5    16.6    22.6    22.7     0.0    29.37 C    44.3    13.2    25.4    76.5    27.2    49.9   0.368   0.365   0.353   0.322   0.323    22.0    21.4    21.2    21.3    19.5
94996 20170620  2.422  -96.85   40.70    32.9    15.8    24.3    25.1     0.0    29.77 C    45.4    13.0    27.1    77.0    31.0    52.8   0.340   0.349   0.346   0.313   0.320    22.2    21.5    21.2    21.3    19.5
94996 20170621  2.422  -96.85   40.70 -9999.0 -9999.0 -9999.0 -9999.0 -9999.0 -9999.00 U -9999.0 -9999.0 -9999.0 -9999.0 -9999.0 -9999.0 -99.000 -99.000 -99.000 -99.000 -99.000 -9999.0 -9999.0 -9999.0 -9999.0 -9999.0
94996 20170622  2.422  -96.85   40.70    32.5    21.5    27.0    26.8     0.5    21.45 C    42.8    19.4    27.7    77.8    46.2    57.4   0.280   0.311   0.324   0.294   0.310    23.2    22.5    22.0    21.9    19.8
94996 20170623  2.422  -96.85   40.70    23.7    13.9    18.8    19.3     0.0    23.37 C    39.5     8.8    21.4    80.4    41.6    58.4   0.262   0.299   0.313   0.288   0.308    22.2    21.9    21.8    21.9    20.0
94996 20170624  2.422  -96.85   40.70    26.1     8.5    17.3    18.1     0.0    28.14 C    42.5     5.6    19.9    76.3    25.3    49.0   0.245   0.286   0.302   0.280   0.307    20.6    20.4    20.7    21.1    19.9
94996 20170625  2.422  -96.85   40.70    24.3     7.8    16.0    17.5     0.0    28.80 C    42.0     6.0    20.6    77.5    26.8    50.9   0.230   0.275   0.292   0.271   0.300    20.2    19.9    20.1    20.7    19.7
94996 20170626  2.422  -96.85   40.70    23.8    13.1    18.5    17.5     3.8    17.31 C    33.9    11.6    18.6    95.6    61.1    77.5   0.222   0.268   0.285   0.265   0.298    19.9    19.7    19.9    20.5    19.5
94996 20170627  2.422  -96.85   40.70    27.4    11.3    19.3    20.5     0.0    27.74 C    37.4     9.1    22.5    98.8    57.6    75.1   0.221   0.263   0.279   0.262   0.297    20.2    19.7    19.7    20.2    19.3
94996 20170628  2.422  -96.85   40.70    31.4    17.7    24.6    25.1    28.2    24.81 C    39.3    17.4    25.8    91.1    51.3    71.1   0.429   0.402   0.331   0.331   0.293    21.8    21.1    20.6    20.8    19.3
94996 20170629  2.422  -96.85   40.70    29.0    17.6    23.3    23.0     1.1    20.34 C    40.7    16.9    24.5    90.9    54.1    74.7   0.387   0.379   0.327   0.320   0.292    22.2    21.7    21.3    21.3    19.6
94996 20170630  2.422  -96.85   40.70    24.9    15.2    20.0    20.0     0.0    19.91 C    38.8    13.6    21.8    94.8    48.0    74.4   0.371   0.367   0.318   0.313   0.292    22.0    21.6    21.4    21.5    19.8
94996 20170701  2.422  -96.85   40.70    29.2    13.5    21.3    22.0     0.0    28.94 C    40.5    12.3    24.4    88.7    41.8    65.5   0.352   0.354   0.312   0.304   0.290    21.7    21.3    21.0    21.2    19.8
94996 20170702  2.422  -96.85   40.70    28.3    16.6    22.4    22.5    25.5    16.14 C    35.6    16.3    22.3    91.7    55.0    73.8   0.418   0.407   0.360   0.333   0.290    21.4    21.2    21.0    21.3    19.9
94996 20170703  2.422  -96.85   40.70    30.5    17.6    24.1    23.7     0.0    23.96 C    42.8    16.7    25.4    92.6    47.7    72.4   0.407   0.398   0.364   0.333   0.295    22.5    21.9    21.4    21.5    20.0
94996 20170704  2.422  -96.85   40.70    30.0    18.3    24.2    22.4     0.6    18.66 C    41.7    16.3    23.6    94.3    57.1    82.2   0.387   0.388   0.353   0.325   0.296    22.6    22.1    21.6    21.7    20.1
94996 20170705  2.422  -96.85   40.70    30.1    15.7    22.9    23.3     0.0    27.66 C    41.3    13.8    25.4    92.7    39.9    70.9   0.375   0.377   0.345   0.318   0.296    22.7    22.2    21.7    21.8    20.2
94996 20170706  2.422  -96.85   40.70    33.6    19.6    26.6    26.5     0.0    26.31 C    41.4    17.1    27.6    86.6    46.2    68.7   0.355   0.363   0.335   0.309   0.294    23.5    22.8    22.2    22.2    20.4
94996 20170707  2.422  -96.85   40.70    26.5    16.7    21.6    22.6     0.0    19.35 C    39.4    13.7    23.1    88.9    44.1    65.8   0.334   0.347   0.328   0.301   0.293    23.1    22.8    22.5    22.5    20.6
94996 20170708  2.422  -96.85   40.70    30.6    15.3    23.0    23.2     0.0    27.25 C    41.3    12.8    25.2    90.5    38.5    68.0   0.314   0.335   0.319   0.292   0.292    22.7    22.2    21.9    22.1    20.6
94996 20170709  2.422  -96.85   40.70    34.0    20.2    27.1    27.4     0.0    27.46 C    41.7    17.3    28.3    84.1    43.4    61.8   0.295   0.320   0.309   0.286   0.292    23.7    23.0    22.4    22.4    20.7
94996 20170710  2.422  -96.85   40.70    32.8    23.4    28.1    28.0     0.0    25.71 C    45.3    21.7    30.4    88.7    49.1    64.4   0.274   0.303   0.301   0.275   0.288    24.8    24.1    23.2    23.0    20.9
94996 20170711  2.422  -96.85   40.70    35.0    22.1    28.5    28.6     0.0    25.07 C    44.3    21.0    30.1    92.0    42.3    67.5   0.257   0.291   0.292   0.271   0.287    25.4    24.6    23.8    23.5    21.2
94996 20170712  2.422  -96.85   40.70    29.5    21.1    25.3    25.2     6.8     8.71 C    38.5    21.2    25.4    92.3    49.9    71.3   0.245   0.279   0.284   0.267   0.286    24.6    24.3    23.8    23.6    21.5
94996 20170713  2.422  -96.85   40.70    27.5    20.0    23.8    22.8    12.0    14.61 C    35.2    17.9    24.0    93.7    65.8    84.1   0.412   0.341   0.282   0.263   0.284    23.7    23.4    23.1    23.2    21.5
94996 20170714  2.422  -96.85   40.70    30.5    17.7    24.1    23.9     0.0    23.94 C    41.0    17.2    26.2   100.0    47.3    78.5   0.391   0.339   0.279   0.262   0.285    24.1    23.5    23.0    23.2    21.5
94996 20170715  2.422  -96.85   40.70    32.4    19.8    26.1    26.1     0.0    26.72 C    44.4    17.9    27.6    90.7    42.5    69.4   0.369   0.329   0.276   0.259   0.282    24.7    24.1    23.5    23.5    21.6
94996 20170716  2.422  -96.85   40.70    34.0    20.5    27.2    27.1     0.0    26.38 C    44.9    18.7    28.9    86.6    40.3    67.2   0.338   0.318   0.272   0.259   0.280    25.2    24.6    23.8    23.8    21.7
94996 20170717  2.422  -96.85   40.70    33.8    20.5    27.1    27.3     0.0    26.46 C    43.7    19.3    29.0    83.9    37.1    61.2   0.309   0.307   0.266   0.258   0.280    25.5    25.0    24.1    24.0    21.9
94996 20170718  2.422  -96.85   40.70    32.0    21.4    26.7    26.2     8.0    18.40 C    40.6    21.0    27.0    92.1    59.7    78.4   0.325   0.307   0.262   0.255   0.279    25.3    24.8    24.1    24.2    22.1
94996 20170719  2.422  -96.85   40.70    34.6    23.5    29.1    28.8     0.0    26.44 C    40.1    22.2    29.6    81.8    47.8    65.6   0.317   0.302   0.258   0.254   0.278    25.9    25.3    24.4    24.4    22.2
94996 20170720  2.422  -96.85   40.70    35.2    22.0    28.6    29.2     0.0    25.61 C    44.8    20.6    31.0    82.2    44.9    61.7   0.295   0.295   0.253   0.251   0.277    26.4    25.8    24.8    24.7    22.4
94996 20170721  2.422  -96.85   40.70    37.9    25.5    31.7    30.6     0.0    26.67 C    44.6    23.0    31.1    77.6    34.1    54.6   0.273   0.286   0.248   0.248   0.272    26.5    26.0    25.1    24.9    22.6
94996 20170722  2.422  -96.85   40.70    33.4    21.2    27.3    27.1     0.0    19.63 C    45.9    20.2    29.4    92.2    52.7    73.0   0.258   0.280   0.242   0.247   0.272    26.6    26.1    25.2    25.0    22.8
94996 20170723  2.422  -96.85   40.70    31.9    17.5    24.7    24.5     0.0    25.19 C    45.6    15.4    27.5    96.8    42.6    73.1   0.244   0.276   0.238   0.242   0.271    26.1    25.7    25.1    25.0    22.9
94996 20170724  2.422  -96.85   40.70    31.4    14.5    23.0    24.0     0.0    25.94 C    42.9    13.9    26.4    92.5    45.2    68.4   0.234   0.267   0.231   0.239   0.269    25.1    24.7    24.4    24.6    22.9
94996 20170725  2.422  -96.85   40.70    35.7    21.4    28.5    28.4     0.0    24.87 C    45.4    20.5    29.9    88.6    35.0    60.8   0.227   0.262   0.227   0.236   0.265    25.8    25.2    24.6    24.6    22.8
94996 20170726  2.422  -96.85   40.70    28.1    21.9    25.0    24.3    32.4     6.76 C    30.4    21.9    24.6    94.5    64.1    84.6   0.374   0.326   0.258   0.235   0.263    25.1    24.8    24.5    24.7    23.0
94996 20170727  2.422  -96.85   40.70    27.9    17.9    22.9    23.3     0.0    26.80 C    40.6    16.5    26.2    95.7    49.7    74.9   0.407   0.391   0.260   0.256   0.264    25.1    24.6    24.2    24.4    22.8
94996 20170728  2.422  -96.85   40.70    28.4    15.0    21.7    22.0     0.0    22.13 C    40.2    14.6    23.5    95.7    47.9    74.9   0.380   0.373   0.254   0.261   0.263    23.9    23.7    23.7    24.1    22.8
94996 20170729  2.422  -96.85   40.70    29.8    16.6    23.2    22.7     0.0    22.19 C    40.5    16.0    24.6    95.2    48.6    73.5   0.365   0.361   0.248   0.258   0.262    23.9    23.5    23.3    23.7    22.6
94996 20170730  2.422  -96.85   40.70    26.0    16.4    21.2    21.8     0.0    15.87 C    37.4    15.7    23.1    88.7    55.2    72.5   0.351   0.355   0.244   0.256   0.262    23.5    23.3    23.1    23.6    22.5
94996 20170731  2.422  -96.85   40.70    27.6    15.6    21.6    21.8     0.0    19.02 C    39.1    14.3    23.4    90.7    48.4    72.0   0.334   0.346   0.240   0.254   0.262    23.3    23.0    22.8    23.4    22.4
94996 20170801  2.422  -96.85   40.70    29.2    16.1    22.7    22.5     0.0    21.39 C    42.7    15.1    25.1    93.9    47.1    72.2   0.316   0.339   0.237   0.251   0.261    23.5    23.1    22.8    23.3    22.3
94996 20170802  2.422  -96.85   40.70    30.1    16.1    23.1    23.4     0.0    22.22 C    41.1    14.6    25.9    88.6    44.2    70.0   0.300   0.329   0.233   0.249   0.261    23.9    23.4    23.0    23.4    22.2
94996 20170803  2.422  -96.85   40.70    25.0    12.9    19.0    19.9     0.0    22.74 C    41.9     9.4    23.4    88.6    47.0    66.8   0.283   0.318   0.229   0.247   0.260    23.5    23.2    23.0    23.5    22.2
94996 20170804  2.422  -96.85   40.70    25.3     8.5    16.9    17.5     0.0    26.48 C    41.1     6.8    20.5    92.3    32.8    63.5   0.266   0.307   0.222   0.242   0.258    21.9    21.8    21.9    22.8    22.1
94996 20170805  2.422  -96.85   40.70    20.7    14.4    17.5    17.2     5.5     8.19 C    26.4    14.3    17.8    89.1    64.1    79.8   0.253   0.299   0.219   0.239   0.258    20.8    20.9    21.2    22.2    21.9
94996 20170806  2.422  -96.85   40.70    22.2    14.8    18.5    18.5     0.2     9.17 C    29.2    13.8    19.6    94.7    66.4    84.9   0.257   0.296   0.218   0.237   0.257    20.8    20.7    20.8    21.7    21.6
94996 20170807  2.422  -96.85   40.70    26.1    14.0    20.1    19.7     0.0    21.78 C    39.3    12.7    21.8    95.3    48.7    75.6   0.257   0.292   0.217   0.236   0.256    21.2    20.9    20.9    21.6    21.3
94996 20170808  2.422  -96.85   40.70    28.7    12.0    20.4    19.9     0.0    21.56 C    40.2    10.8    21.8    95.8    36.1    72.3   0.253   0.288   0.215   0.234   0.256    21.1    20.9    20.9    21.6    21.2
94996 20170809  2.422  -96.85   40.70    24.8    16.7    20.7    19.7     0.9     9.86 C    27.3    15.5    19.5    90.7    60.1    79.9   0.250   0.282   0.214   0.233   0.255    20.9    20.8    20.8    21.5    21.1
94996 20170810  2.422  -96.85   40.70    26.9    15.6    21.2    20.6     0.0    16.07 C    39.8    13.6    22.4    93.6    55.1    76.5   0.247   0.280   0.212   0.232   0.254    21.3    21.0    20.8    21.5    21.0
94996 20170811  2.422  -96.85   40.70    27.1    13.1    20.1    20.3     0.0    25.28 C    44.3    10.7    23.1    91.9    42.0    68.8   0.242   0.276   0.210   0.231   0.253    21.6    21.3    21.0    21.6    21.0
94996 20170812  2.422  -96.85   40.70    28.4    12.0    20.2    20.6     0.0    23.30 C    40.3    10.5    22.4    93.8    37.8    65.2   0.238   0.270   0.207   0.229   0.252    21.4    21.1    21.0    21.6    21.0
94996 20170813  2.422  -96.85   40.70    27.7    16.8    22.3    22.1     0.0    17.55 C    38.7    16.1    23.5    88.1    48.0    68.6   0.237   0.268   0.205   0.228   0.252    21.9    21.5    21.2    21.8    21.0
94996 20170814  2.422  -96.85   40.70    31.1    19.7    25.4    24.6     1.7    22.95 C    44.3    18.6    27.1    92.1    47.0    73.0   0.236   0.265   0.204   0.227   0.250    23.2    22.5    21.8    22.2    21.1
94996 20170815  2.422  -96.85   40.70    32.9    19.1    26.0    23.7     4.7    16.94 C    41.7    18.0    25.7    93.5    42.6    77.2   0.233   0.261   0.203   0.227   0.251    23.3    22.8    22.2    22.5    21.3
94996 20170816  2.422  -96.85   40.70    27.7    16.9    22.3    22.4     5.3    19.68 C    37.0    16.2    24.0    92.5    52.7    77.1   0.256   0.259   0.218   0.226   0.251    23.3    22.8    22.3    22.8    21.5
94996 20170817  2.422  -96.85   40.70    29.1    15.3    22.2    21.7     0.0    25.03 C    40.7    14.4    23.8    88.6    39.1    67.5   0.264   0.261   0.213   0.226   0.251    22.9    22.5    22.0    22.7    21.5
94996 20170818  2.422  -96.85   40.70    29.9    16.9    23.4    22.8     0.4    23.68 C    43.3    16.2    25.3    88.6    42.3    68.6   0.261   0.261   0.208   0.226   0.251    23.1    22.6    22.0    22.7    21.6
94996 20170819  2.422  -96.85   40.70    31.9    14.1    23.0    23.9     1.4    23.68 C    41.0    12.9    25.7    92.3    41.5    66.6   0.255   0.260   0.205   0.225   0.250    23.1    22.6    22.1    22.7    21.6
94996 20170820  2.422  -96.85   40.70    30.3    17.7    24.0    24.0    38.0    18.40 C    34.8    17.5    24.4    89.1    58.7    73.3   0.414   0.392   0.369   0.333   0.251    22.6    22.3    22.0    22.6    21.6
94996 20170821  2.422  -96.85   40.70    30.3    19.3    24.8    24.6     0.0    14.89 C    36.5    19.5    25.1    90.4    56.1    75.8   0.383   0.378   0.348   0.320   0.250    23.5    23.1    22.5    22.9    21.7
94996 20170822  2.422  -96.85   40.70    24.8    12.8    18.8    19.4     0.0    24.73 C    38.1    11.1    22.0    95.7    36.6    68.2   0.366   0.369   0.335   0.315   0.251    22.7    22.5    22.3    22.8    21.8
94996 20170823  2.422  -96.85   40.70    26.8    12.3    19.5    19.3     0.0    23.80 C    36.4    10.3    20.9    87.7    39.3    64.7   0.346   0.358   0.323   0.307   0.250    21.4    21.3    21.3    22.2    21.6
94996 20170824  2.422  -96.85   40.70    28.4    15.4    21.9    21.0     0.0    22.03 C    36.3    14.5    22.2    79.6    38.8    63.2   0.329   0.351   0.312   0.304   0.250    21.6    21.4    21.2    22.0    21.5
94996 20170825  2.422  -96.85   40.70    29.4    17.6    23.5    22.2     3.6    19.59 C    35.8    16.8    22.9    87.3    46.4    68.9   0.313   0.342   0.284   0.298   0.251    21.8    21.6    21.2    22.0    21.4
94996 20170826  2.422  -96.85   40.70    31.2    17.3    24.3    23.8     0.0    20.85 C    38.8    16.1    24.7    89.0    46.9    70.5   0.302   0.335   0.273   0.293   0.251    22.3    21.9    21.4    22.1    21.3
94996 20170827  2.422  -96.85   40.70    28.3    17.5    22.9    22.3     3.6    17.60 C    37.6    15.2    23.3    93.6    53.4    79.4   0.297   0.329   0.267   0.291   0.250    22.8    22.4    21.9    22.5    21.4
94996 20170828  2.422  -96.85   40.70    25.3    12.2    18.7    19.1     0.0    23.66 C    38.3    10.1    21.1    92.7    46.5    72.5   0.290   0.324   0.260   0.287   0.251    21.6    21.5    21.5    22.2    21.5
94996 20170829  2.422  -96.85   40.70    26.0    11.3    18.6    18.8     0.0    22.57 C    39.7     9.7    20.7    93.8    47.3    73.5   0.279   0.317   0.253   0.281   0.250    20.9    20.8    20.9    21.7    21.3
94996 20170830  2.422  -96.85   40.70    27.1    11.0    19.0    19.9     0.0    22.68 C    39.3     9.5    21.2    93.6    46.3    71.8   0.269   0.311   0.247   0.275   0.250    20.8    20.6    20.6    21.5    21.2
94996 20170831  2.422  -96.85   40.70    28.1    13.1    20.6    20.5     0.0    18.65 C    41.6    11.3    21.6    94.9    43.8    72.1   0.259   0.306   0.240   0.270   0.250    20.9    20.7    20.7    21.5    21.1
94996 20170901  2.422  -96.85   40.70    25.4    15.1    20.2    20.2     0.0    12.93 C    32.5    13.4    20.6    90.9    54.6    77.2   0.250   0.299   0.235   0.265   0.250    20.9    20.7    20.7    21.4    21.0
94996 20170902  2.422  -96.85   40.70    29.4    17.6    23.5    22.3     0.0    20.45 C    41.7    15.8    24.3    92.5    48.9    75.4   0.244   0.292   0.230   0.260   0.249    21.7    21.2    20.9    21.5    20.9
94996 20170903  2.422  -96.85   40.70    32.9    15.8    24.4    24.6     0.0    20.25 C    38.9    14.3    25.1    96.6    34.7    68.0   0.234   0.286   0.226   0.255   0.250    22.0    21.6    21.2    21.8    21.0
94996 20170904  2.422  -96.85   40.70    25.8    15.1    20.4    21.2     0.0    16.64 C    37.1    12.7    22.6    83.5    39.4    62.6   0.226   0.283   0.221   0.250   0.248    22.0    21.7    21.5    22.0    21.1
94996 20170905  2.422  -96.85   40.70    21.4     8.4    14.9    15.2     0.0    21.96 C    37.8     5.8    17.7    80.4    29.5    55.3   0.217   0.274   0.215   0.243   0.248    20.1    20.1    20.5    21.5    21.1
94996 20170906  2.422  -96.85   40.70    21.5     6.3    13.9    13.8     0.0    21.20 C    39.2     4.5    16.5    88.2    32.0    61.6   0.209   0.266   0.210   0.238   0.248    18.5    18.5    19.2    20.6    20.8
94996 20170907  2.422  -96.85   40.70    28.2     8.1    18.2    18.2     0.0    21.96 C    39.0     5.6    19.4    80.8    22.6    53.5   0.204   0.261   0.204   0.234   0.247    18.5    18.4    18.8    20.1    20.4
94996 20170908  2.422  -96.85   40.70    31.7    12.8    22.3    22.2     0.0    21.01 C    42.5     9.7    23.0    79.1    26.5    53.2   0.201   0.258   0.201   0.231   0.246    19.9    19.5    19.4    20.4    20.3
94996 20170909  2.422  -96.85   40.70    27.5    16.5    22.0    21.8     0.0    12.91 C    33.9    14.2    21.7    77.7    33.8    52.4   0.197   0.255   0.199   0.228   0.246    20.3    20.0    19.9    20.7    20.3
94996 20170910  2.422  -96.85   40.70    28.1    17.6    22.8    21.6     0.0    12.71 C    37.1    15.9    21.6    75.5    39.0    60.5   0.193   0.250   0.197   0.226   0.245    20.3    20.0    19.9    20.7    20.4
94996 20170911  2.422  -96.85   40.70    30.3    14.9    22.6    22.0     0.0    19.42 C    39.9    13.0    23.2    82.8    32.1    57.7   0.189   0.245   0.195   0.224   0.245    20.7    20.3    20.1    20.8    20.4
94996 20170912  2.422  -96.85   40.70    29.4    12.0    20.7    21.3     0.0    19.24 C    41.0    10.9    22.2    90.4    35.1    62.4   0.186   0.241   0.193   0.222   0.245    20.8    20.5    20.3    21.0    20.4
94996 20170913  2.422  -96.85   40.70    31.7    14.7    23.2    23.0     0.0    18.88 C    42.1    11.2    23.6    82.0    26.6    54.8   0.183   0.236   0.192   0.220   0.244    20.8    20.5    20.4    21.1    20.5
94996 20170914  2.422  -96.85   40.70    34.9    17.9    26.4    25.9     0.0    18.34 C    40.5    16.2    25.9    72.4    20.5    43.2   0.180   0.233   0.191   0.219   0.244    21.4    21.0    20.8    21.3    20.5
94996 20170915  2.422  -96.85   40.70    33.5    20.4    27.0    26.0     0.0    16.75 C    42.6    18.7    26.3    77.6    26.8    49.9   0.178   0.230   0.189   0.217   0.243    22.0    21.5    21.2    21.6    20.6
94996 20170916  2.422  -96.85   40.70    23.5    14.1    18.8    18.0     1.5     5.18 C    27.6    14.1    18.7    90.2    75.0    83.3   0.175   0.227   0.188   0.217   0.243    21.0    20.9    21.0    21.6    20.8
94996 20170917  2.422  -96.85   40.70    21.0     8.9    15.0    15.3     0.0    12.06 C    35.8     8.4    17.2    86.5    40.9    65.4   0.171   0.223   0.186   0.216   0.243    18.8    19.0    19.5    20.6    20.6
94996 20170918  2.422  -96.85   40.70    24.7    16.5    20.6    19.4    14.9     5.73 C    27.1    15.5    19.0    92.6    64.3    86.4   0.236   0.223   0.217   0.215   0.242    19.4    19.2    19.4    20.3    20.3
94996 20170919  2.422  -96.85   40.70    33.0    18.0    25.5    25.3     0.0    18.85 C    37.2    17.2    25.4    93.1    41.6    69.0   0.271   0.226   0.225   0.215   0.242    20.8    20.2    19.9    20.5    20.2
94996 20170920  2.422  -96.85   40.70    26.9    14.9    20.9    21.3     0.0    20.05 C    39.1    13.1    22.8    79.0    33.7    55.8   0.258   0.228   0.218   0.217   0.243    21.3    20.9    20.7    21.2    20.4
94996 20170921  2.422  -96.85   40.70    33.9    14.0    24.0    25.2     0.0    18.22 C    38.7    13.6    25.6    85.9    43.5    66.4   0.246   0.228   0.211   0.216   0.243    21.1    20.6    20.4    21.0    20.4
94996 20170922  2.422  -96.85   40.70    35.1    23.7    29.4    28.5     0.0    17.73 C    39.7    22.2    28.3    75.8    29.6    56.8   0.236   0.231   0.205   0.217   0.243    22.9    22.2    21.6    21.8    20.6
94996 20170923  2.422  -96.85   40.70    32.9    20.4    26.6    26.6     0.0    18.30 C    39.5    18.8    26.9    85.9    36.7    58.1   0.224   0.231   0.200   0.218   0.243    22.8    22.4    21.9    22.1    20.9
94996 20170924  2.422  -96.85   40.70    31.1    17.0    24.1    23.3    22.5    12.78 C    38.5    17.0    23.6    94.5    40.3    67.5   0.234   0.241   0.201   0.217   0.243    22.2    21.9    21.7    22.1    21.0
94996 20170925  2.422  -96.85   40.70    17.9    13.1    15.5    14.9    25.4     2.37 C    19.9    14.1    16.3    95.4    92.2    93.8   0.421   0.404   0.312   0.339   0.243    19.9    20.0    20.5    21.3    21.0
94996 20170926  2.422  -96.85   40.70    18.1    10.6    14.4    13.6     0.0    11.06 C    28.5     9.1    15.6    93.4    59.6    80.7   0.395   0.400   0.344   0.340   0.243    18.7    18.8    19.3    20.4    20.6
94996 20170927  2.422  -96.85   40.70    22.0     8.0    15.0    14.2     0.0    14.23 C    29.0     6.9    14.6    93.6    36.7    69.6   0.376   0.385   0.332   0.330   0.242    17.6    17.8    18.4    19.7    20.2
94996 20170928  2.422  -96.85   40.70    25.4     8.9    17.1    16.3     0.0    18.88 C    34.7     6.6    17.0    85.4    26.4    60.0   0.364   0.376   0.325   0.324   0.242    17.6    17.6    18.0    19.2    19.8
94996 20170929  2.422  -96.85   40.70    27.3    10.7    19.0    18.7     0.0    16.89 C    35.6     8.4    18.9    80.7    26.3    53.7   0.353   0.369   0.319   0.318   0.241    17.9    17.7    18.0    19.1    19.6
94996 20170930  2.422  -96.85   40.70    26.1    15.6    20.9    20.1     0.0    10.69 C    33.4    14.3    19.4    65.7    30.9    49.4   0.343   0.364   0.314   0.315   0.241    18.1    18.1    18.1    19.2    19.5
94996 20171001  2.422  -96.85   40.70    26.8    14.4    20.6    21.2     9.8    13.67 C    29.6    13.6    20.4    82.7    40.1    52.1   0.379   0.382   0.315   0.320   0.242    18.1    18.0    18.1    19.1    19.4
94996 20171002  2.422  -96.85   40.70    28.6    16.4    22.5    22.4    14.2     6.45 C    28.1    15.1    21.0    85.8    47.4    62.9   0.405   0.408   0.360   0.346   0.241    18.6    18.3    18.3    19.1    19.3
94996 20171003  2.422  -96.85   40.70    24.1    14.2    19.2    18.1     2.5     3.41 C    22.5    14.5    18.2    90.6    64.1    78.3   0.395   0.396   0.348   0.336   0.239    19.1    18.9    18.8    19.5    19.3
94996 20171004  2.422  -96.85   40.70    21.1    11.7    16.4    15.4     0.0    11.10 C    25.6    11.3    16.2    80.2    37.7    63.4   0.383   0.388   0.343   0.332   0.240    17.8    17.8    18.1    19.1    19.3
94996 20171005  2.422  -96.85   40.70    18.3    14.0    16.1    16.2    20.8     1.93 C    19.3    14.4    16.6    95.8    75.7    93.4   0.409   0.407   0.363   0.343   0.255    17.7    17.7    17.9    18.8    19.1
94996 20171006  2.422  -96.85   40.70    21.4    13.1    17.3    16.5    66.4     1.92 C    22.9    13.4    16.8   100.0    91.7    95.8   0.449   0.429   0.391   0.354   0.351    17.9    17.9    17.8    18.8    18.9
94996 20171007  2.422  -96.85   40.70    23.2    10.9    17.0    15.7     8.9    14.09 C    24.1    10.7    15.4    93.8    36.6    70.9   0.500   0.467   0.438   0.370   0.425    16.9    16.9    17.1    18.3    18.8
94996 20171008  2.422  -96.85   40.70    25.1    11.2    18.2    17.3     0.0    16.84 C    30.6     9.9    17.2    78.9    36.8    58.8   0.424   0.414   0.395   0.353   0.400    16.9    16.9    17.1    18.1    18.6
94996 20171009  2.422  -96.85   40.70    13.6     4.3     9.0    10.2     8.3     5.09 C    17.6     4.7    10.2    87.3    44.0    58.2   0.401   0.392   0.366   0.342   0.374    15.1    15.6    16.4    17.7    18.5
94996 20171010  2.422  -96.85   40.70    10.4     0.9     5.6     5.3    12.2     5.30 C    14.3     0.2     5.8    90.8    49.2    77.0   0.482   0.439   0.411   0.365   0.412    12.1    12.7    14.3    16.1    17.9
94996 20171011  2.422  -96.85   40.70    17.8    -1.6     8.1     8.2     0.0    17.11 C    22.2    -2.2     8.0    91.0    29.8    64.2   0.417   0.403   0.379   0.348   0.400    11.6    12.0    13.3    15.1    17.3
94996 20171012  2.422  -96.85   40.70    22.2     7.2    14.7    14.7     0.0    16.11 C    25.0     6.0    14.2    90.6    49.3    71.7   0.399   0.390   0.362   0.339   0.377    13.3    13.2    13.7    15.1    16.8
94996 20171013  2.422  -96.85   40.70    14.6    11.6    13.1    13.3     0.0     4.26 C    16.8    11.9    13.6    84.9    73.6    79.1   0.389   0.384   0.356   0.334   0.360    14.4    14.3    14.6    15.7    16.7
94996 20171014  2.422  -96.85   40.70    15.9     8.8    12.3    12.6     7.4     1.99 C    17.0     7.5    12.8    94.5    68.6    86.9   0.427   0.404   0.364   0.344   0.359    14.5    14.4    14.7    15.8    16.7
94996 20171015  2.422  -96.85   40.70    16.0     2.2     9.1     9.1     0.0    16.05 C    22.2     1.4     9.1    84.2    30.5    58.5   0.403   0.390   0.359   0.338   0.358    13.3    13.4    14.1    15.4    16.6
94996 20171016  2.422  -96.85   40.70    23.0     3.8    13.4    13.5     0.0    15.77 C    24.7     0.9    11.8    75.5    22.8    48.5   0.389   0.380   0.352   0.332   0.354    12.7    12.8    13.5    14.9    16.3
94996 20171017  2.422  -96.85   40.70    22.8     7.9    15.3    14.6     0.0    15.37 C    26.4     5.9    13.7    74.2    33.7    55.4   0.377   0.375   0.348   0.328   0.352    13.5    13.5    13.8    15.0    16.1
94996 20171018  2.422  -96.85   40.70    25.3     7.8    16.5    15.9     0.0    15.10 C    27.6     5.5    13.9    78.8    34.6    57.1   0.368   0.371   0.345   0.327   0.350    14.1    14.0    14.2    15.2    16.1
94996 20171019  2.422  -96.85   40.70    26.6     4.9    15.7    16.2     0.0    14.94 C    28.6     3.2    14.7    90.3    34.6    60.7   0.357   0.366   0.343   0.324   0.349    14.1    14.0    14.3    15.2    16.1
94996 20171020  2.422  -96.85   40.70    25.4    13.6    19.5    19.1     0.0    10.84 C    28.3    11.9    18.0    78.9    49.2    63.5   0.349   0.365   0.342   0.323   0.346    15.3    15.0    14.9    15.7    16.1
94996 20171021  2.422  -96.85   40.70    24.0     7.9    15.9    17.0     0.0     7.30 C    26.2     5.5    16.2    77.4    41.3    63.6   0.339   0.363   0.342   0.322   0.345    16.2    15.9    15.8    16.3    16.3
94996 20171022  2.422  -96.85   40.70    21.0     3.4    12.2    12.4     0.0    14.96 C    25.3     1.5    11.2    82.2    14.4    47.6   0.324   0.355   0.337   0.320   0.346    14.1    14.3    14.8    15.8    16.4
94996 20171023  2.422  -96.85   40.70    18.4     8.5    13.4    13.1     0.0    12.38 C    23.1     6.1    11.9    57.4    21.7    39.5   0.311   0.351   0.334   0.315   0.345    13.3    13.5    14.1    15.2    16.2
94996 20171024  2.422  -96.85   40.70    13.3     3.2     8.2     8.5     0.0    14.54 C    18.7     0.2     8.0    64.0    28.8    44.5   0.295   0.345   0.330   0.313   0.343    12.0    12.3    13.3    14.7    15.9
94996 20171025  2.422  -96.85   40.70    23.2     2.6    12.9    12.8     0.0    13.61 C    27.5     0.3    11.4    67.2    21.4    43.3   0.285   0.340   0.332   0.311   0.342    11.9    12.0    12.7    14.1    15.6
94996 20171026  2.422  -96.85   40.70    16.4     2.3     9.3    10.0     0.0    10.04 C    19.4     2.8     9.6    59.0    36.6    47.7   0.274   0.335   0.331   0.310   0.342    12.0    12.2    12.9    14.1    15.4
94996 20171027  2.422  -96.85   40.70     4.0    -2.7     0.6     0.7     0.0    11.54 C    13.2    -4.5     2.0    67.9    43.9    52.5   0.259   0.330   0.326   0.307   0.340     9.5    10.1    11.6    13.4    15.2
94996 20171028  2.422  -96.85   40.70    10.9    -6.7     2.1     1.9     0.0    14.36 C    19.1    -8.5     2.6    72.3     9.6    40.0   0.252   0.324   0.323   0.304   0.339     8.5     8.9    10.3    12.3    14.6
94996 20171029  2.422  -96.85   40.70    22.4    -0.3    11.0     9.3     0.0     8.16 C    24.7    -1.3     8.7    63.8    26.4    41.1   0.247   0.321   0.321   0.302   0.337     9.3     9.5    10.2    11.9    14.2
94996 20171030  2.422  -96.85   40.70     9.4     0.8     5.1     4.9     0.0     6.75 C    12.2    -0.8     5.1    57.6    34.4    42.2   0.242   0.316   0.322   0.302   0.339     9.5     9.8    10.7    12.2    14.0
94996 20171031  2.422  -96.85   40.70     1.3    -6.7    -2.7    -1.3     0.8     3.02 C     4.8    -8.3    -1.0    85.0    45.8    71.5   0.235   0.308   0.319   0.300   0.337     7.6     8.3     9.5    11.4    13.7
94996 20171101  2.422  -96.85   40.70     9.8    -1.4     4.2     3.6     0.0     6.23 C    14.6    -2.1     2.9    89.7    55.8    72.7   0.240   0.305   0.316   0.298   0.337     7.5     7.9     8.9    10.8    13.3
94996 20171102  2.422  -96.85   40.70    12.5     0.5     6.5     6.5     0.0     9.89 C    20.3    -1.9     7.0    92.2    44.0    70.4   0.240   0.306   0.315   0.299   0.336     8.5     8.7     9.3    10.9    13.0
94996 20171103  2.422  -96.85   40.70     8.0    -2.4     2.8     3.6     0.0     8.67 C    16.5    -3.3     4.4    86.2    47.1    68.3   0.235   0.302   0.314   0.297   0.335     8.1     8.4     9.2    10.8    12.8
94996 20171104  2.422  -96.85   40.70    12.1     5.6     8.9     8.0     0.0     7.37 C    19.8     5.4     8.7    81.4    57.5    69.6   0.233   0.298   0.314   0.296   0.335     9.3     9.2     9.6    11.0    12.7
94996 20171105  2.422  -96.85   40.70     8.7    -0.3     4.2     5.3     0.0    10.15 C    17.6    -0.4     6.7    82.4    27.8    56.2   0.230   0.301   0.314   0.296   0.335     9.2     9.4    10.0    11.3    12.7
94996 20171106  2.422  -96.85   40.70     7.8    -3.6     2.1     1.1     0.0    12.28 C    15.6    -4.2     2.2    78.4    28.4    56.5   0.223   0.299   0.312   0.295   0.334     7.7     8.2     9.2    10.8    12.6
94996 20171107  2.422  -96.85   40.70     5.9    -5.1     0.4     1.0     0.0     5.22 C    12.7    -7.0     1.0    74.4    33.2    56.8   0.220   0.295   0.309   0.293   0.334     7.0     7.5     8.6    10.3    12.3
94996 20171108  2.422  -96.85   40.70    11.0    -6.9     2.0     2.3     0.0    12.01 C    15.7    -8.4     2.3    86.9    33.0    56.6   0.216   0.292   0.307   0.291   0.334     6.3     6.8     7.9     9.7    12.0
94996 20171109  2.422  -96.85   40.70     3.7    -5.5    -0.9    -0.4     0.0     9.01 C    10.6    -6.5     0.3    80.6    42.1    55.8   0.214   0.290   0.306   0.289   0.333     6.3     6.8     7.9     9.5    11.8
94996 20171110  2.422  -96.85   40.70     1.8    -7.3    -2.8    -2.7     0.0     5.21 C     6.9    -8.5    -1.6    59.6    38.9    50.3   0.210   0.288   0.304   0.288   0.332     4.8     5.5     6.9     8.9    11.5
94996 20171111  2.422  -96.85   40.70     7.5     1.5     4.5     5.1     0.8     1.36 C     8.6     1.8     5.5    96.0    48.6    80.2   0.211   0.289   0.302   0.288   0.332     6.2     6.4     7.0     8.8    11.1
94996 20171112  2.422  -96.85   40.70    11.0    -1.4     4.8     5.7     0.0    10.48 C    18.1    -3.6     5.6    96.9    39.5    71.8   0.213   0.294   0.304   0.287   0.332     7.5     7.6     8.0     9.3    11.0
94996 20171113  2.422  -96.85   40.70     7.4    -2.0     2.7     4.2     0.0     2.06 C     8.1    -4.4     4.0    94.4    81.0    89.3   0.211   0.292   0.303   0.286   0.332     6.7     6.9     7.7     9.2    11.0
94996 20171114  2.422  -96.85   40.70    11.9     7.4     9.7    10.2     0.0     1.34 C    12.1     6.3     9.8    95.0    88.5    92.1   0.214   0.293   0.304   0.287   0.331     8.5     8.3     8.5     9.6    11.0
94996 20171115  2.422  -96.85   40.70    12.4    -3.9     4.3     6.2     0.0    10.61 C    18.4    -6.7     4.7    94.3    35.2    62.7   0.212   0.291   0.304   0.287   0.331     8.4     8.5     9.0    10.0    11.2
94996 20171116  2.422  -96.85   40.70    12.9    -5.0     3.9     3.9     0.0    10.74 C    17.9    -7.4     3.3    84.5    33.2    60.9   0.208   0.288   0.302   0.285   0.330     6.6     7.0     8.0     9.3    11.2
94996 20171117  2.422  -96.85   40.70    18.1     6.9    12.5    12.5     0.0     5.33 C    23.2     5.8    12.0    82.9    55.0    68.1   0.213   0.289   0.303   0.287   0.329     8.9     8.7     8.8     9.7    11.0
94996 20171118  2.422  -96.85   40.70     9.9    -1.5     4.2     4.8     4.4     9.20 C    14.2    -4.1     4.2    89.8    37.4    67.5   0.213   0.288   0.303   0.285   0.328     8.1     8.4     9.0    10.1    11.2
94996 20171119  2.422  -96.85   40.70    13.2    -5.3     3.9     3.7     0.0    10.84 C    16.1    -7.2     2.4    84.2    26.0    56.4   0.212   0.283   0.300   0.281   0.329     6.3     6.8     7.8     9.3    11.0
94996 20171120  2.422  -96.85   40.70    15.7     2.5     9.1     7.6     0.0     9.12 C    18.2    -2.1     6.0    56.6    24.1    41.9   0.213   0.283   0.298   0.281   0.329     6.8     7.1     7.7     9.1    10.8
94996 20171121  2.422  -96.85   40.70     6.7    -8.5    -0.9     0.6     0.0    10.27 C    11.0   -11.9     0.4    70.9    27.3    48.6   0.212   0.282   0.297   0.279   0.328     6.0     6.5     7.5     8.9    10.7
94996 20171122  2.422  -96.85   40.70     5.7   -10.4    -2.3    -1.4     0.0     8.98 C     9.4   -11.9    -1.3    80.0    32.3    54.8   0.209   0.278   0.293   0.277   0.327     3.8     4.5     6.0     7.9    10.4
94996 20171123  2.422  -96.85   40.70    21.3     1.6    11.4    11.2     0.0     9.77 C    25.0    -2.5    10.1    76.5    31.4    50.2   0.213   0.281   0.294   0.277   0.327     6.3     6.2     6.6     8.0    10.0
94996 20171124  2.422  -96.85   40.70    24.3     4.6    14.4    13.9     0.0     9.58 C    26.7     0.8    11.9    68.5    23.5    47.3   0.217   0.284   0.297   0.279   0.328     8.6     8.3     8.3     9.1    10.1
94996 20171125  2.422  -96.85   40.70    15.6    -1.4     7.1     7.4     0.0    10.08 C    21.1    -4.3     5.1    83.0    30.1    58.4   0.214   0.282   0.297   0.279   0.326     7.6     7.8     8.4     9.2    10.4
94996 20171126  2.422  -96.85   40.70    18.3     3.0    10.7     9.5     0.0     9.47 C    24.1     0.7     8.2    73.3    33.4    55.0   0.213   0.281   0.295   0.277   0.327     7.8     7.8     8.2     9.2    10.4
94996 20171127  2.422  -96.85   40.70    21.6     5.2    13.4    13.1     0.0     8.25 C    22.5     0.8    11.5    63.3    28.3    49.6   0.214   0.282   0.296   0.277   0.328     8.6     8.4     8.6     9.4    10.4
94996 20171128  2.422  -96.85   40.70    15.0    -1.1     7.0     8.9     0.0     8.34 C    17.4    -6.1     6.6    77.5    20.3    44.3   0.213   0.284   0.297   0.277   0.327     9.0     9.0     9.3    10.0    10.6
94996 20171129  2.422  -96.85   40.70    10.3    -6.3     2.0     3.2     0.0     8.27 C    15.3    -8.8     0.9    70.1    20.2    47.8   0.207   0.279   0.293   0.275   0.328     6.2     6.7     7.9     9.1    10.6
94996 20171130  2.422  -96.85   40.70    13.2     0.1     6.6     4.9     0.0     8.69 C    17.6    -4.4     2.7    67.4    20.4    45.2   0.206   0.276   0.291   0.273   0.327     6.2     6.5     7.4     8.7    10.4
94996 20171201  2.422  -96.85   40.70    14.5    -1.0     6.8     5.6     0.0     9.37 C    17.0    -4.9     3.2    62.2    26.2    46.9   0.205   0.274   0.289   0.272   0.326     5.9     6.2     7.1     8.3    10.1
94996 20171202  2.422  -96.85   40.70    14.4    -3.5     5.4     5.1     0.0     9.42 C    20.2    -6.6     2.3    78.3    18.6    48.9   0.204   0.272   0.287   0.271   0.325     5.5     5.9     6.9     8.2    10.0
94996 20171203  2.422  -96.85   40.70    16.9    -1.2     7.8     9.5     0.0     6.70 C    18.0    -3.7     7.7    85.3    54.3    68.9   0.205   0.273   0.286   0.271   0.324     6.4     6.3     7.0     8.1     9.8
94996 20171204  2.422  -96.85   40.70    16.9    -3.6     6.7     8.2     0.0     6.73 C    15.6    -4.7     8.0    73.0    41.8    59.6   0.207   0.276   0.290   0.272   0.324     8.6     8.4     8.5     9.1     9.9
94996 20171205  2.422  -96.85   40.70     7.4    -6.8     0.3     0.9     0.0     9.48 C    10.5    -8.1     0.6    55.2    25.8    39.8   0.201   0.270   0.286   0.270   0.324     5.5     6.0     7.0     8.4    10.0
94996 20171206  2.422  -96.85   40.70     7.1    -8.1    -0.5    -0.5     0.0     6.31 C    12.9    -9.0    -0.9    81.2    38.5    64.2   0.199   0.268   0.284   0.268   0.324     5.1     5.6     6.5     7.9     9.8
94996 20171207  2.422  -96.85   40.70    -2.3   -11.7    -7.0    -7.5     0.0     9.55 C     5.0   -12.2    -6.5    73.8    31.1    57.2   0.194   0.264   0.281   0.266   0.324     2.7     3.5     5.1     7.0     9.4
94996 20171208  2.422  -96.85   40.70     1.4    -6.7    -2.6    -1.7     0.0     2.29 C     4.2    -7.6    -2.2    74.5    59.5    65.4   0.194   0.263   0.279   0.264   0.323     2.6     3.1     4.4     6.3     9.0
94996 20171209  2.422  -96.85   40.70     4.6    -3.3     0.6     0.3     0.0     9.15 C    11.2    -7.6    -0.5    74.5    43.4    61.3   0.194   0.263   0.278   0.264   0.322     3.0     3.4     4.5     6.2     8.6
94996 20171210  2.422  -96.85   40.70    14.3    -0.6     6.8     6.7     0.0     8.54 C    17.8    -2.8     4.1    61.3    18.8    34.2   0.195   0.264   0.278   0.263   0.322     3.9     4.0     4.8     6.2     8.4
94996 20171211  2.422  -96.85   40.70    10.0    -1.3     4.4     5.5     0.0     4.96 C    13.0    -3.3     4.2    73.6    26.7    45.6   0.196   0.264   0.279   0.264   0.322     4.7     4.8     5.4     6.6     8.3
94996 20171212  2.422  -96.85   40.70     8.7    -7.9     0.4     0.4     0.0     6.69 C    13.9   -10.1    -0.2    86.0    38.9    63.1   0.193   0.262   0.278   0.263   0.322     3.9     4.3     5.1     6.5     8.3
94996 20171213  2.422  -96.85   40.70    11.6     1.5     6.6     7.2     0.0     8.65 C    15.0    -1.6     5.7    65.2    27.9    43.3   0.195   0.263   0.278   0.263   0.322     5.0     5.1     5.5     6.6     8.3
94996 20171214  2.422  -96.85   40.70     5.1    -0.5     2.3     2.3     0.0     3.86 C    12.2    -2.7     2.8    87.6    50.3    68.2   0.194   0.263   0.279   0.262   0.322     5.1     5.3     5.7     6.8     8.3
94996 20171215  2.422  -96.85   40.70     8.7    -5.0     1.9     2.8     0.0     8.57 C    11.2    -5.9     2.3    86.4    38.2    60.9   0.193   0.262   0.278   0.262   0.322     4.8     5.0     5.6     6.8     8.4
94996 20171216  2.422  -96.85   40.70    12.4    -2.3     5.1     4.6     0.0     9.12 C    19.0    -5.8     3.4    69.7    28.7    47.1   0.192   0.261   0.278   0.261   0.322     4.9     5.1     5.6     6.8     8.3
94996 20171217  2.422  -96.85   40.70     4.7    -1.5     1.6     0.6     3.9     5.15 C     9.7    -2.8     1.0    92.1    65.3    82.3   0.192   0.260   0.277   0.261   0.321     4.5     4.8     5.5     6.7     8.3
94996 20171218  2.422  -96.85   40.70    12.7    -3.0     4.8     3.9     0.0     8.83 C    13.9    -4.0     3.0    91.7    34.4    66.5   0.192   0.259   0.277   0.261   0.320     4.3     4.5     5.2     6.5     8.2
94996 20171219  2.422  -96.85   40.70     8.6    -4.6     2.0     3.6     0.0     8.71 C    13.6    -7.7     1.5    74.1    30.5    52.8   0.193   0.260   0.277   0.261   0.320     4.5     4.8     5.4     6.6     8.1
94996 20171220  2.422  -96.85   40.70     6.8    -4.7     1.1     1.5     0.0     6.85 C    11.2    -7.9     1.2    62.7    34.7    51.0   0.192   0.258   0.275   0.260   0.320     3.4     3.8     4.7     6.1     8.0
94996 20171221  2.422  -96.85   40.70     5.3    -6.2    -0.5     0.1     0.5     0.37 C     4.9    -5.0     0.7    89.4    62.8    78.4   0.194   0.260   0.276   0.261   0.321     4.1     4.4     5.0     6.3     7.9
94996 20171222  2.422  -96.85   40.70    -0.6    -8.8    -4.7    -4.9     0.0     8.40 C     5.4   -10.7    -3.9    87.4    63.1    78.7   0.191   0.256   0.274   0.259   0.320     2.5     3.0     4.2     5.8     7.8
94996 20171223  2.422  -96.85   40.70    -5.5    -9.1    -7.3    -7.3     3.1     3.58 C     1.9    -9.2    -5.6    86.4    65.3    74.8   0.190   0.254   0.271   0.257   0.320     1.4     2.0     3.4     5.1     7.5
94996 20171224  2.422  -96.85   40.70    -6.8   -14.4   -10.6    -9.9     3.6     9.42 C    -6.4   -18.6   -11.7    87.6    59.6    74.0   0.191   0.255   0.270   0.257   0.318     1.3     1.8     2.9     4.7     7.1
94996 20171225  2.422  -96.85   40.70    -9.6   -15.6   -12.6   -12.6     0.6     5.65 C    -7.4   -18.3   -13.4    74.5    48.6    63.9   0.207   0.256   0.269   0.255   0.319     0.6     1.3     2.3     4.3     6.9
94996 20171226  2.422  -96.85   40.70   -13.2   -21.4   -17.3   -16.4     0.2     9.01 C   -10.0   -27.4   -17.9    75.8    50.6    66.1 -99.000   0.257   0.267   0.255   0.319     0.0     0.8     1.7     3.8     6.5
94996 20171227  2.422  -96.85   40.70   -12.5   -24.3   -18.4   -17.8     0.0     3.86 C   -12.5   -27.9   -18.8    76.1    52.7    66.6 -99.000 -99.000   0.294   0.253   0.318    -0.8     0.1     1.1     3.3     6.2
94996 20171228  2.422  -96.85   40.70    -4.7   -12.5    -8.6    -8.6     0.0     8.09 C    -3.5   -14.1    -9.6    78.9    59.4    67.8 -99.000 -99.000   0.301   0.253   0.317    -0.6     0.0     0.9     2.9     5.9
94996 20171229  2.422  -96.85   40.70    -6.5   -13.9   -10.2   -10.2     0.0     2.41 C    -5.1   -16.0   -10.9    86.8    72.5    80.4 -99.000 -99.000   0.301   0.253   0.317    -0.5     0.0     0.8     2.8     5.6
94996 20171230  2.422  -96.85   40.70   -13.7   -18.0   -15.8   -16.0     0.0     4.71 C   -11.1   -17.6   -14.8    72.6    58.7    65.5 -99.000 -99.000   0.300   0.244   0.317    -1.2    -0.5     0.5     2.6     5.4
94996 20171231  2.422  -96.85   40.70   -17.8   -23.8   -20.8   -20.1     0.0     8.42 C   -12.1   -27.6   -19.5    71.9    58.7    66.1 -99.000 -99.000   0.295   0.234   0.315    -1.9    -1.0     0.2     2.2     5.1
