64758 20170101  2.422  -76.25   42.44     3.1    -8.5    -2.7    -1.4     0.0     8.38 C     0.1   -14.0    -5.6    84.6    47.3    66.3   0.321   0.337   0.359   0.355   0.363     1.7     1.9     2.3     3.0     4.2
64758 20170102  2.422  -76.25   42.44     2.0    -7.6    -2.8    -1.4     1.4     1.56 C     0.1   -12.4    -3.6    92.5    57.1    78.3   0.313   0.327   0.346   0.346   0.363     1.6     1.8     2.2     3.0     4.2
64758 20170103  2.422  -76.25   42.44     3.0     0.4     1.7     1.9    10.3     1.18 C     0.3     0.0     0.2    94.6    85.2    91.5   0.350   0.365   0.374   0.357   0.363     1.6     1.8     2.2     2.9     4.1
64758 20170104  2.422  -76.25   42.44     4.6    -7.0    -1.2     0.8     1.4     3.33 C     0.6    -8.9    -1.8    96.1    40.5    70.1   0.455   0.439   0.426   0.366   0.364     1.6     1.7     2.1     2.8     4.0
64758 20170105  2.422  -76.25   42.44    -4.7    -8.8    -6.7    -6.7     2.2     3.54 C    -5.3   -15.2    -8.2    87.5    50.1    65.6   0.407   0.436   0.434   0.367   0.364     1.2     1.5     2.0     2.7     4.0
64758 20170106  2.422  -76.25   42.44    -7.3   -20.7   -14.0   -12.2     0.9     7.01 C    -7.3   -27.5   -16.5    87.7    50.6    72.9   0.357   0.388   0.412   0.368   0.364     1.1     1.4     1.8     2.5     4.0
64758 20170107  2.422  -76.25   42.44    -8.6   -20.6   -14.6   -13.3     0.2     6.96 C    -7.9   -26.1   -15.7    85.7    57.1    72.7   0.331   0.347   0.383   0.368   0.364     0.9     1.2     1.7     2.5     3.9
64758 20170108  2.422  -76.25   42.44    -9.2   -14.2   -11.7   -11.8     0.9     4.92 C    -8.5   -21.0   -14.2    79.9    46.2    64.6   0.303   0.331   0.354   0.352   0.364     0.6     1.0     1.5     2.4     3.8
64758 20170109  2.422  -76.25   42.44    -7.5   -18.5   -13.0   -12.1     0.0     3.95 C    -7.7   -20.0   -13.7    81.2    47.7    66.5   0.285   0.317   0.335   0.339   0.364     0.4     0.7     1.3     2.2     3.7
64758 20170110  2.422  -76.25   42.44    -1.9   -11.0    -6.4    -6.5     3.1     1.88 C    -0.6   -14.5    -7.1    85.6    59.3    69.5   0.282   0.310   0.329   0.331   0.364     0.3     0.6     1.2     2.0     3.6
64758 20170111  2.422  -76.25   42.44     6.9    -2.0     2.4     3.3     0.5     7.58 C     0.7    -4.9    -1.2    89.2    52.3    72.1   0.282   0.308   0.327   0.329   0.364     0.3     0.6     1.1     1.9     3.5
64758 20170112  2.422  -76.25   42.44    11.0     3.5     7.3     8.0    13.8     0.87 C     2.4     0.3     1.1    92.6    77.5    86.5   0.405   0.409   0.401   0.355   0.366     0.2     0.5     1.0     1.8     3.4
64758 20170113  2.422  -76.25   42.44     3.5    -6.1    -1.3    -2.3     0.0     4.87 C     0.3    -7.8    -3.0    83.6    49.9    66.4   0.438   0.436   0.417   0.360   0.367     0.3     0.6     0.9     1.7     3.3
64758 20170114  2.422  -76.25   42.44    -2.5    -8.3    -5.4    -5.1     0.0     1.77 C    -1.8    -9.6    -5.1    89.0    59.2    70.7   0.344   0.412   0.415   0.361   0.366     0.3     0.6     1.0     1.7     3.2
64758 20170115  2.422  -76.25   42.44    -2.7    -9.6    -6.2    -5.0     0.0     1.48 C    -0.6   -10.9    -5.5    90.6    62.8    79.6   0.315   0.370   0.388   0.360   0.365     0.2     0.5     1.0     1.7     3.1
64758 20170116  2.422  -76.25   42.44     3.8   -10.5    -3.3    -3.6     0.0     8.25 C     2.0   -10.9    -4.5    88.8    40.2    72.4 -99.000 -99.000   0.364   0.351   0.365     0.1     0.4     0.9     1.7     3.1
64758 20170117  2.422  -76.25   42.44     2.5    -1.1     0.7     1.0    10.5     0.69 C     0.8    -2.4    -0.1    93.1    71.9    85.7 -99.000 -99.000   0.372   0.349   0.366     0.1     0.4     0.8     1.6     3.0
64758 20170118  2.422  -76.25   42.44     3.4     0.6     2.0     1.9     6.1     0.79 C     2.4     0.2     1.0    96.8    91.6    94.7   0.418   0.449   0.416   0.362   0.365     0.1     0.4     0.8     1.5     3.0
64758 20170119  2.422  -76.25   42.44     2.5     0.2     1.4     1.5     0.0     2.46 C     4.9    -0.2     1.1    96.9    84.0    90.0   0.442   0.458   0.424   0.362   0.366     0.2     0.4     0.8     1.4     2.9
64758 20170120  2.422  -76.25   42.44     3.6     0.2     1.9     2.0     1.0     1.74 C     3.5    -0.2     1.4    94.4    81.0    87.5   0.440   0.453   0.430   0.363   0.365     0.2     0.5     0.8     1.4     2.9
64758 20170121  2.422  -76.25   42.44     9.2     2.3     5.7     5.0     0.6     6.09 C    14.9    -0.3     4.5    96.7    87.1    93.1   0.443   0.450   0.436   0.363   0.365     0.6     0.9     1.0     1.5     2.8
64758 20170122  2.422  -76.25   42.44    13.3     1.9     7.6     6.8     0.0     7.26 C    20.2     1.0     6.5    97.4    67.8    89.9   0.431   0.450   0.439   0.364   0.365     2.4     2.3     2.1     1.9     2.8
64758 20170123  2.422  -76.25   42.44     8.4     0.1     4.3     3.2     6.5     2.00 C     6.7    -0.2     2.7    88.9    59.3    75.9   0.399   0.431   0.441   0.365   0.365     3.1     3.0     3.0     2.7     3.0
64758 20170124  2.422  -76.25   42.44     0.8    -2.7    -0.9    -1.1    19.4     4.78 C     0.2    -3.0    -1.2    93.6    84.2    89.8   0.457   0.451   0.444   0.367   0.366     1.8     2.1     2.4     2.8     3.2
64758 20170125  2.422  -76.25   42.44     4.8    -2.4     1.2     0.6     0.4     4.69 C     0.6    -2.7    -0.6    90.2    75.7    85.8   0.440   0.457   0.447   0.367   0.365     1.5     1.7     2.0     2.5     3.3
64758 20170126  2.422  -76.25   42.44     4.8     0.4     2.6     2.3     5.6     2.32 C     0.6    -2.0    -0.1    93.2    61.5    80.6   0.453   0.463   0.449   0.367   0.366     1.5     1.6     1.9     2.4     3.3
64758 20170127  2.422  -76.25   42.44     1.2    -2.0    -0.4    -0.5     0.3     3.31 C    -0.8    -4.1    -2.2    79.6    54.0    66.5   0.449   0.466   0.449   0.367   0.366     1.3     1.6     1.8     2.4     3.3
64758 20170128  2.422  -76.25   42.44    -1.8    -3.2    -2.5    -2.5     0.6     4.09 C    -2.1    -4.6    -3.7    76.7    58.7    70.5   0.395   0.432   0.444   0.367   0.365     1.1     1.4     1.7     2.3     3.3
64758 20170129  2.422  -76.25   42.44    -1.7    -8.0    -4.8    -3.0     0.5     5.85 C    -1.9   -14.5    -5.5    80.7    51.1    64.9   0.366   0.382   0.413   0.367   0.365     1.1     1.3     1.7     2.3     3.2
64758 20170130  2.422  -76.25   42.44    -5.8   -18.1   -11.9   -10.0     1.0     7.43 C    -4.4   -24.4   -13.8    87.4    57.6    77.7   0.347   0.358   0.390   0.365   0.365     0.8     1.2     1.6     2.2     3.2
64758 20170131  2.422  -76.25   42.44    -2.8   -17.6   -10.2    -7.8     3.8     3.87 C    -3.1   -24.4    -8.4    90.0    76.7    83.8   0.334   0.343   0.369   0.359   0.365     0.7     1.0     1.4     2.1     3.1
64758 20170201  2.422  -76.25   42.44     1.6    -5.0    -1.7    -1.0     1.0     7.94 C     0.1   -15.0    -5.4    92.4    46.9    61.6   0.332   0.336   0.354   0.342   0.365     0.7     1.0     1.3     1.9     3.1
64758 20170202  2.422  -76.25   42.44    -2.7    -8.1    -5.4    -4.6     1.5     5.26 C    -3.3   -13.9    -7.1    85.8    47.0    69.0   0.326   0.331   0.345   0.339   0.365     0.8     1.0     1.3     1.9     3.0
64758 20170203  2.422  -76.25   42.44    -6.4   -11.2    -8.8    -8.8     1.0     5.83 C    -6.1   -20.9   -10.8    88.9    53.2    74.4   0.321   0.328   0.341   0.334   0.365     0.8     1.0     1.3     1.9     3.0
64758 20170204  2.422  -76.25   42.44    -3.5   -14.8    -9.1    -8.3     0.0    12.20 C    -6.0   -23.5   -12.9    77.0    44.3    59.6   0.319   0.324   0.337   0.330   0.365     0.8     1.0     1.3     1.9     3.0
64758 20170205  2.422  -76.25   42.44     0.8   -10.1    -4.6    -2.2     0.0     3.82 C    -0.2   -12.9    -4.6    75.2    37.0    57.1   0.318   0.323   0.335   0.329   0.365     0.8     1.0     1.3     1.9     2.9
64758 20170206  2.422  -76.25   42.44     1.7    -7.8    -3.1    -3.2     0.0     6.80 C    -0.7   -12.0    -5.5    84.8    47.9    67.6   0.317   0.321   0.334   0.328   0.365     0.8     1.1     1.4     1.9     2.9
64758 20170207  2.422  -76.25   42.44     5.4    -3.1     1.2     1.2    11.0     1.46 C     0.9    -7.4    -0.9    93.9    65.9    84.3   0.333   0.338   0.349   0.335   0.365     0.8     1.1     1.4     1.9     2.9
64758 20170208  2.422  -76.25   42.44     9.9    -4.0     3.0     2.8     1.6     5.19 C     8.1    -3.5     1.3    93.2    62.1    76.0   0.464   0.443   0.424   0.365   0.366     0.9     1.1     1.4     1.8     2.9
64758 20170209  2.422  -76.25   42.44    -4.0   -11.5    -7.7    -8.9     8.2     9.47 C    -3.5   -16.0    -9.5    89.2    54.5    72.0   0.442   0.447   0.433   0.366   0.365     0.7     1.0     1.3     1.9     2.9
64758 20170210  2.422  -76.25   42.44    -4.7    -9.3    -7.0    -7.0     1.2     6.74 C    -3.3   -12.3    -7.6    85.3    47.9    63.8   0.413   0.408   0.426   0.367   0.365     0.4     0.7     1.1     1.7     2.9
64758 20170211  2.422  -76.25   42.44     4.2    -5.6    -0.7    -0.6     0.0     6.17 C     1.6    -5.9    -1.9    89.3    52.8    68.2   0.384   0.382   0.403   0.367   0.366     0.4     0.7     1.1     1.7     2.8
64758 20170212  2.422  -76.25   42.44     2.1    -0.7     0.7     0.5    21.9     1.16 C     0.1    -1.1    -0.3    96.0    79.7    88.6   0.360   0.370   0.396   0.368   0.365     0.5     0.8     1.1     1.6     2.8
64758 20170213  2.422  -76.25   42.44    -0.1    -5.0    -2.5    -3.6     2.4     4.93 C    -0.3    -6.4    -4.3    88.4    69.1    78.2   0.355   0.364   0.394   0.368   0.366     0.6     0.8     1.2     1.6     2.8
64758 20170214  2.422  -76.25   42.44     3.6    -9.7    -3.0    -1.8     0.0    13.34 C    -0.1   -14.1    -4.7    92.3    49.4    69.8   0.348   0.357   0.387   0.367   0.367     0.7     0.9     1.2     1.7     2.7
64758 20170215  2.422  -76.25   42.44     2.7    -4.4    -0.9    -0.9     4.0     4.91 C     0.2    -5.0    -2.2    91.1    69.7    82.7   0.343   0.351   0.382   0.366   0.365     0.8     1.0     1.3     1.7     2.7
64758 20170216  2.422  -76.25   42.44    -4.4    -7.7    -6.0    -6.6     1.9     7.84 C    -4.9    -8.4    -7.2    88.0    68.1    76.6   0.338   0.343   0.370   0.364   0.365     0.8     1.0     1.3     1.7     2.7
64758 20170217  2.422  -76.25   42.44    -1.8    -9.2    -5.5    -5.8     0.2    13.25 C    -2.5   -12.9    -7.8    82.7    56.4    75.2   0.333   0.336   0.355   0.344   0.365     0.9     1.0     1.3     1.7     2.7
64758 20170218  2.422  -76.25   42.44    16.1    -7.7     4.2     2.8     0.0    13.26 C     1.4   -11.0    -3.7    81.3    30.2    62.5   0.334   0.335   0.353   0.348   0.365     0.9     1.0     1.4     1.8     2.7
64758 20170219  2.422  -76.25   42.44    11.5    -2.9     4.3     5.5     0.0    13.47 C     0.9    -7.3    -1.5    93.4    42.4    65.5   0.365   0.375   0.388   0.373   0.365     0.9     1.0     1.3     1.7     2.7
64758 20170220  2.422  -76.25   42.44     3.3    -7.0    -1.9    -0.5     0.0    15.69 C     2.8   -10.8    -3.6    88.2    40.7    67.6   0.417   0.440   0.432   0.374   0.366     0.8     1.0     1.3     1.7     2.6
64758 20170221  2.422  -76.25   42.44     7.1    -5.9     0.6     1.8     0.6     9.33 C     5.8    -8.8    -1.0    82.2    35.3    52.7   0.404   0.434   0.436   0.374   0.366     0.8     1.0     1.3     1.7     2.6
64758 20170222  2.422  -76.25   42.44    14.0     1.4     7.7     6.3     0.0    10.20 C    18.3    -0.5     5.4    88.3    50.2    69.7   0.451   0.447   0.443   0.375   0.366     0.8     1.0     1.2     1.7     2.6
64758 20170223  2.422  -76.25   42.44    18.3     2.3    10.3    10.2     0.0    10.80 C    23.1    -0.1     8.7    91.3    53.7    74.8   0.461   0.452   0.447   0.375   0.366     2.4     2.1     2.0     1.8     2.6
64758 20170224  2.422  -76.25   42.44    22.2     3.2    12.7    13.2     0.0    12.02 C    28.5     1.5    12.1    92.8    44.4    70.4   0.419   0.443   0.450   0.375   0.366     5.4     4.7     4.0     2.9     2.7
64758 20170225  2.422  -76.25   42.44    16.4    -0.7     7.8     9.6    20.4     1.40 C    16.7    -1.9     7.9    91.6    59.9    76.2   0.411   0.422   0.432   0.375   0.366     6.6     6.2     5.6     4.2     3.1
64758 20170226  2.422  -76.25   42.44    -0.7    -5.3    -3.0    -2.7     1.5     8.28 C    -0.1   -10.8    -4.4    81.8    50.5    64.5   0.446   0.450   0.435   0.377   0.366     3.1     3.5     4.0     4.3     3.7
64758 20170227  2.422  -76.25   42.44     9.3    -1.8     3.8     3.3     0.0    13.70 C    15.6    -8.1     0.6    70.5    30.9    45.1   0.385   0.402   0.420   0.376   0.366     2.5     2.7     3.0     3.5     3.8
64758 20170228  2.422  -76.25   42.44    14.5     0.7     7.6     8.1     0.2    11.04 C    21.6    -1.1     7.8    89.3    35.1    60.8   0.358   0.364   0.390   0.374   0.365     3.9     3.7     3.5     3.4     3.8
64758 20170301  2.422  -76.25   42.44    17.2     7.6    12.4    13.6     0.7     4.77 C    22.0     5.4    11.8    79.6    47.8    65.8   0.346   0.349   0.376   0.372   0.364     6.4     5.9     5.1     4.1     3.8
64758 20170302  2.422  -76.25   42.44     7.5    -6.0     0.8    -1.7     0.7    11.03 C     6.0    -6.4    -1.2    81.3    41.7    56.8   0.337   0.339   0.360   0.357   0.363     4.0     4.4     4.8     4.7     4.1
64758 20170303  2.422  -76.25   42.44    -3.5   -10.9    -7.2    -7.5     1.5    10.38 C     2.8   -15.9    -8.3    83.2    44.0    64.2   0.328   0.331   0.342   0.338   0.366     1.6     2.1     2.9     3.9     4.2
64758 20170304  2.422  -76.25   42.44    -9.8   -20.8   -15.3   -12.5     4.8    15.52 C    -8.1   -27.5   -14.2    83.0    48.7    68.7   0.319   0.325   0.336   0.330   0.367     0.8     1.4     2.1     3.1     4.1
64758 20170305  2.422  -76.25   42.44    -3.7   -23.9   -13.8   -13.3     0.0    18.15 C     3.5   -29.1   -14.5    83.4    22.6    61.1   0.317   0.323   0.333   0.330   0.348     0.6     1.1     1.7     2.7     3.9
64758 20170306  2.422  -76.25   42.44     9.1    -9.5    -0.2     1.1     0.7    10.60 C    13.5   -11.6     0.7    79.4    31.4    42.2   0.320   0.325   0.334   0.329   0.338     0.5     0.9     1.5     2.4     3.6
64758 20170307  2.422  -76.25   42.44    11.5     3.4     7.4     7.1    10.7     3.72 C    12.8     2.6     6.3    89.8    78.1    84.4   0.391   0.397   0.393   0.364   0.365     1.6     1.7     1.7     2.2     3.4
64758 20170308  2.422  -76.25   42.44    11.5     0.8     6.2     6.8     7.6    13.25 C    18.1    -0.4     5.5    92.4    21.1    53.2   0.443   0.438   0.428   0.369   0.367     3.6     3.5     3.2     2.8     3.3
64758 20170309  2.422  -76.25   42.44     6.4    -0.5     2.9     2.6     0.0    13.99 C    14.1    -2.8     2.1    61.4    27.0    41.9   0.387   0.402   0.416   0.370   0.366     2.8     2.9     3.1     3.2     3.5
64758 20170310  2.422  -76.25   42.44    -0.2   -11.8    -6.0    -5.1     0.6     7.73 C     0.4   -12.3    -4.6    84.8    43.8    63.1   0.355   0.366   0.385   0.368   0.366     1.5     1.9     2.5     3.0     3.6
64758 20170311  2.422  -76.25   42.44    -9.1   -14.2   -11.7   -11.3     2.1     9.76 C    -6.1   -16.1   -10.9    78.9    51.6    68.9 -99.000   0.337   0.353   0.349   0.366     0.4     0.9     1.6     2.6     3.5
64758 20170312  2.422  -76.25   42.44    -8.1   -13.5   -10.8   -11.1     0.0    15.31 C    -4.9   -18.4   -11.8    78.6    40.8    62.3 -99.000   0.326   0.336   0.333   0.366     0.2     0.6     1.2     2.1     3.4
64758 20170313  2.422  -76.25   42.44    -2.9   -16.9    -9.9    -8.6     0.0    12.81 C     3.3   -21.3    -8.1    86.1    35.7    61.8 -99.000   0.319   0.329   0.330   0.365     0.0     0.5     1.0     1.9     3.2
64758 20170314  2.422  -76.25   42.44    -5.5   -10.3    -7.9    -8.2 -9999.0     3.47 C    -5.3   -11.0    -8.2    88.4    51.2    80.5 -99.000   0.315   0.328   0.329   0.347     0.0     0.4     0.9     1.7     3.0
64758 20170315  2.422  -76.25   42.44    -6.6   -10.6    -8.6    -9.0 -9999.0     9.08 C    -7.9   -11.4    -9.5    83.6    68.2    77.9 -99.000 -99.000   0.328   0.328   0.337     0.0     0.4     0.8     1.6     2.9
64758 20170316  2.422  -76.25   42.44    -2.3    -7.7    -5.0    -4.8 -9999.0    18.75 C    -3.3   -11.2    -7.5    68.3    43.3    55.7 -99.000 -99.000   0.328   0.328   0.335     0.0     0.3     0.8     1.5     2.8
64758 20170317  2.422  -76.25   42.44     2.8   -15.4    -6.3    -5.2 -9999.0    19.64 C    -0.2   -22.4   -10.5    86.2    31.7    63.0 -99.000 -99.000   0.329   0.328   0.334     0.0     0.3     0.7     1.5     2.7
64758 20170318  2.422  -76.25   42.44    -1.1   -12.6    -6.8    -3.4 -9999.0     4.56 C    -1.7   -18.5    -5.7    88.4    46.5    73.1 -99.000 -99.000   0.330   0.327   0.334     0.0     0.3     0.7     1.4     2.6
64758 20170319  2.422  -76.25   42.44     4.0    -6.3    -1.1    -0.3 -9999.0    14.36 C     0.9   -12.5    -2.8    89.2    59.3    76.2 -99.000 -99.000   0.331   0.328   0.342     0.0     0.3     0.7     1.4     2.5
64758 20170320  2.422  -76.25   42.44     3.2   -11.2    -4.0    -1.4 -9999.0    10.26 C     0.8   -15.5    -3.7    94.6    57.0    79.7 -99.000 -99.000   0.333   0.329   0.365     0.0     0.3     0.7     1.3     2.4
64758 20170321  2.422  -76.25   42.44     7.7    -1.1     3.3     3.2 -9999.0    15.67 C     1.5    -4.1    -0.5    88.5    32.7    65.5 -99.000 -99.000   0.346   0.342   0.365     0.1     0.3     0.7     1.3     2.4
64758 20170322  2.422  -76.25   42.44     0.1   -12.9    -6.4    -7.6     1.3    21.55 C    -2.1   -19.7    -8.6    86.0    45.6    61.9 -99.000 -99.000   0.384   0.369   0.366     0.1     0.3     0.7     1.2     2.3
64758 20170323  2.422  -76.25   42.44     0.8   -16.5    -7.9    -6.7     0.0    22.22 C    -0.1   -22.7    -9.6    82.4    27.3    55.6 -99.000   0.336   0.380   0.369   0.366     0.1     0.3     0.7     1.2     2.2
64758 20170324  2.422  -76.25   42.44     7.6    -1.5     3.1     2.5    10.3     8.01 C     0.8    -4.2    -0.6    90.6    37.9    68.4 -99.000 -99.000   0.404   0.371   0.366     0.1     0.4     0.7     1.2     2.2
64758 20170325  2.422  -76.25   42.44     4.5     1.4     2.9     2.2    13.1     2.79 C     0.9     0.1     0.4    95.0    88.1    92.8 -99.000 -99.000   0.434   0.373   0.367     0.1     0.3     0.6     1.1     2.2
64758 20170326  2.422  -76.25   42.44     4.3     1.0     2.6     2.3     4.3     4.83 C     0.7     0.0     0.3    91.5    78.0    86.9 -99.000   0.462   0.440   0.374   0.367     0.2     0.4     0.6     1.1     2.2
64758 20170327  2.422  -76.25   42.44    12.3     2.1     7.2     6.1     1.8     7.27 C    18.5     0.6     5.6    91.7    70.3    86.9 -99.000   0.456   0.443   0.374   0.367     1.0     1.0     1.0     1.2     2.1
64758 20170328  2.422  -76.25   42.44    11.4     3.4     7.4     6.8     1.4     4.14 C    13.8     2.5     7.0    92.5    79.3    88.9   0.481   0.460   0.446   0.375   0.367     3.0     2.8     2.4     1.8     2.2
64758 20170329  2.422  -76.25   42.44     6.3    -3.0     1.7     2.9     0.0    14.14 C    14.0    -7.4     2.6    89.3    45.3    65.5   0.412   0.430   0.441   0.376   0.367     3.3     3.2     3.0     2.6     2.4
64758 20170330  2.422  -76.25   42.44     6.2    -4.4     0.9     1.3     1.7     9.32 C    18.7    -7.9     2.2    89.7    38.7    69.9   0.370   0.387   0.409   0.375   0.367     2.4     2.5     2.6     2.7     2.7
64758 20170331  2.422  -76.25   42.44     3.4     1.3     2.4     2.5    17.3     2.33 C     4.6     0.8     2.4    90.8    80.8    87.3   0.414   0.418   0.418   0.376   0.367     2.7     2.7     2.8     2.7     2.9
64758 20170401  2.422  -76.25   42.44     3.5     0.7     2.1     1.6     0.8     4.00 C     7.2    -0.9     2.1    93.7    80.8    90.1   0.444   0.439   0.429   0.376   0.367     2.6     2.7     2.8     2.8     2.9
64758 20170402  2.422  -76.25   42.44    12.7    -3.3     4.7     4.5     0.0    19.97 C    22.3    -6.8     4.4    94.5    37.5    70.2   0.405   0.418   0.422   0.377   0.367     3.4     3.2     3.0     2.8     2.9
64758 20170403  2.422  -76.25   42.44    17.1    -1.1     8.0     8.4     2.9    12.45 C    25.3    -3.6     8.8    90.5    33.9    64.2   0.364   0.378   0.400   0.376   0.367     4.6     4.2     3.8     3.3     3.0
64758 20170404  2.422  -76.25   42.44    16.9     7.4    12.2    11.5    13.0     7.96 C    24.9     6.2    11.0    88.6    57.1    77.6   0.433   0.431   0.427   0.377   0.367     6.9     6.3     5.6     4.4     3.3
64758 20170405  2.422  -76.25   42.44    10.5     4.3     7.4     6.6     0.0    11.56 C    24.5     2.2     7.6    79.3    57.8    71.1   0.400   0.412   0.422   0.378   0.367     6.8     6.5     6.2     5.1     3.8
64758 20170406  2.422  -76.25   42.44     8.8     3.4     6.1     6.4    28.4     2.14 C     7.9     3.1     6.0    92.1    70.5    81.6   0.394   0.401   0.410   0.378   0.366     6.0     5.9     5.9     5.3     4.1
64758 20170407  2.422  -76.25   42.44     3.4    -0.7     1.4     0.4     8.9     8.11 C     6.9    -1.0     0.7    89.2    70.2    84.2   0.450   0.443   0.430   0.378   0.367     4.1     4.4     4.8     4.9     4.4
64758 20170408  2.422  -76.25   42.44     7.2    -2.2     2.5     1.9     0.0    23.53 C    13.9    -6.2     1.3    84.7    31.8    60.2   0.438   0.439   0.431   0.379   0.367     3.7     3.8     4.0     4.2     4.4
64758 20170409  2.422  -76.25   42.44    19.3    -3.5     7.9     9.1     0.0    23.96 C    30.1    -6.2     9.4    87.3    19.7    48.1   0.368   0.383   0.401   0.378   0.367     5.1     4.8     4.4     4.2     4.3
64758 20170410  2.422  -76.25   42.44    25.1     6.1    15.6    17.0     0.0    20.24 C    32.5     2.5    14.9    58.3    24.5    36.4   0.345   0.352   0.373   0.378   0.367     7.8     7.2     6.3     5.0     4.3
64758 20170411  2.422  -76.25   42.44    25.9     9.7    17.8    15.7     0.7    13.93 C    38.0     5.6    14.7    88.3    31.5    63.7   0.334   0.339   0.349   0.352   0.366     9.5     8.9     7.9     6.2     4.6
64758 20170412  2.422  -76.25   42.44    13.9     5.1     9.5     9.5     0.0    14.08 C    23.7     1.1    10.4    87.1    56.7    69.2   0.327   0.332   0.339   0.345   0.365     9.3     9.0     8.4     7.0     5.2
64758 20170413  2.422  -76.25   42.44     8.9    -2.8     3.1     4.5     0.0    17.54 C    18.5    -6.3     5.3    78.7    35.4    58.3   0.321   0.327   0.332   0.336   0.337     7.5     7.6     7.6     7.1     5.6
64758 20170414  2.422  -76.25   42.44    15.7    -3.3     6.2     6.5     0.0    25.57 C    29.0    -6.4     8.8    79.7    17.9    50.9   0.316   0.322   0.328   0.329   0.335     7.6     7.4     7.1     6.6     5.8
64758 20170415  2.422  -76.25   42.44    20.6     0.6    10.6    12.7     1.9    14.63 C    30.6    -1.9    11.2    81.8    36.4    56.7   0.315   0.319   0.326   0.325   0.334     8.2     8.0     7.6     6.9     5.8
64758 20170416  2.422  -76.25   42.44    26.4    16.1    21.2    19.0     8.4    16.71 C    33.4    11.1    17.3    85.9    33.3    59.4   0.331   0.331   0.337   0.326   0.335    11.0    10.3     9.2     7.5     6.0
64758 20170417  2.422  -76.25   42.44    17.0     3.0    10.0    10.9     0.0    22.21 C    22.8    -1.3    10.9    80.9    40.7    58.5   0.330   0.333   0.341   0.333   0.362    10.8    10.6    10.0     8.4     6.4
64758 20170418  2.422  -76.25   42.44    13.7     1.9     7.8     6.7     0.0    25.51 C    25.3    -1.2     9.6    82.4    34.1    62.4   0.318   0.323   0.330   0.328   0.339     9.8     9.6     9.3     8.4     6.8
64758 20170419  2.422  -76.25   42.44    10.8     6.0     8.4     8.7    14.0     7.46 C    15.2     3.1     8.1    88.9    54.3    74.0   0.336   0.336   0.341   0.329   0.344     8.6     8.7     8.8     8.4     7.0
64758 20170420  2.422  -76.25   42.44    14.6     9.4    12.0    11.4    39.8     5.35 C    19.2     9.1    11.9    95.0    72.1    89.3   0.375   0.371   0.373   0.358   0.367     9.5     9.2     8.9     8.2     7.1
64758 20170421  2.422  -76.25   42.44    16.4     8.0    12.2    12.5     6.5     9.24 C    24.8     5.2    12.5    90.8    58.9    77.1   0.468   0.449   0.422   0.367   0.368    10.8    10.4    10.0     8.7     7.2
64758 20170422  2.422  -76.25   42.44     8.0    -1.1     3.4     5.1     0.2     6.42 C    11.0    -3.3     4.8    92.0    64.4    77.3   0.403   0.414   0.412   0.369   0.367     9.0     9.1     9.3     8.9     7.4
64758 20170423  2.422  -76.25   42.44    18.6    -2.5     8.0     7.9     0.0    27.11 C    26.7    -5.1     8.9    92.1    22.8    64.1   0.361   0.366   0.379   0.368   0.367     8.8     8.6     8.4     8.2     7.5
64758 20170424  2.422  -76.25   42.44    21.7     0.1    10.9    11.9     0.0    26.81 C    29.8    -2.3    12.3    90.9    20.3    54.5   0.340   0.341   0.354   0.359   0.367    10.4    10.0     9.5     8.5     7.5
64758 20170425  2.422  -76.25   42.44    14.9     8.0    11.5    11.6     0.5     8.11 C    19.0     7.0    11.3    86.3    44.5    69.3   0.332   0.330   0.337   0.338   0.354    10.6    10.4    10.1     9.1     7.7
64758 20170426  2.422  -76.25   42.44    22.9    10.3    16.6    15.8     0.0    18.20 C    31.4    10.0    16.5    88.7    50.5    72.5   0.327   0.325   0.331   0.336   0.337    12.3    11.7    10.8     9.3     7.8
64758 20170427  2.422  -76.25   42.44    24.6    10.7    17.7    18.4     1.5    18.38 C    28.3     8.7    17.9    93.2    49.7    72.6   0.319   0.318   0.325   0.330   0.335    13.7    13.0    12.0    10.1     8.1
64758 20170428  2.422  -76.25   42.44    23.4    11.1    17.3    17.7     0.9    24.59 C    28.8     8.1    17.2    87.7    25.2    56.9   0.317   0.315   0.322   0.325   0.333    14.7    14.1    13.0    11.0     8.5
64758 20170429  2.422  -76.25   42.44    16.9     6.3    11.6    13.5     0.0     6.69 C    19.4     2.8    12.6    81.5    47.4    66.8   0.311   0.309   0.317   0.323   0.333    13.3    13.1    12.8    11.4     8.9
64758 20170430  2.422  -76.25   42.44    17.8     2.6    10.2    10.7     0.0    10.53 C    19.4     1.2    10.4    85.8    55.2    66.7   0.306   0.304   0.313   0.321   0.333    11.3    11.2    11.4    10.9     9.2
64758 20170501  2.422  -76.25   42.44    23.6    12.8    18.2    17.4    23.9    16.49 C    28.8    10.6    17.4    91.7    59.6    76.7   0.321   0.321   0.328   0.329   0.338    13.4    12.9    12.2    10.8     9.3
64758 20170502  2.422  -76.25   42.44    15.1     7.7    11.4    10.7     1.7    10.75 C    20.6     4.9    10.5    95.1    52.0    74.3   0.352   0.353   0.365   0.364   0.364    12.8    12.8    12.7    11.5     9.5
64758 20170503  2.422  -76.25   42.44    10.5    -0.3     5.1     6.5     1.1    18.67 C    16.7    -1.9     6.6    83.5    42.3    64.8   0.339   0.336   0.352   0.345   0.365    10.8    11.0    11.3    11.1     9.6
64758 20170504  2.422  -76.25   42.44    11.7    -1.7     5.0     6.3     1.4     9.58 C    14.4    -3.2     6.1    86.3    37.4    68.3   0.329   0.326   0.340   0.332   0.366     9.0     9.3     9.9    10.2     9.6
64758 20170505  2.422  -76.25   42.44    13.1     5.7     9.4     9.8    15.9     4.68 C    13.1     5.6     9.7    91.1    80.2    87.5   0.373   0.369   0.374   0.352   0.366     9.4     9.3     9.6     9.7     9.4
64758 20170506  2.422  -76.25   42.44    14.8     6.0    10.4    10.3    25.7     6.93 C    18.8     5.8    10.6    91.9    83.2    88.1   0.448   0.434   0.419   0.367   0.366    10.6    10.5    10.3     9.8     9.2
64758 20170507  2.422  -76.25   42.44     6.0     2.9     4.5     4.2     3.3     8.11 C     9.9     2.6     5.0    88.6    74.4    84.6   0.440   0.442   0.433   0.369   0.366     9.2     9.3     9.7     9.7     9.2
64758 20170508  2.422  -76.25   42.44     8.3     1.0     4.6     4.5     0.2    14.15 C    15.2     0.4     5.2    86.6    48.7    66.6   0.388   0.388   0.403   0.369   0.366     8.3     8.4     8.8     9.2     9.1
64758 20170509  2.422  -76.25   42.44    11.3    -1.0     5.1     5.5     0.0    18.80 C    20.7    -2.0     6.9    91.9    41.4    62.0   0.356   0.351   0.370   0.368   0.366     8.6     8.7     8.8     8.9     8.9
64758 20170510  2.422  -76.25   42.44    10.7     0.5     5.6     5.7     0.0    25.11 C    20.5    -0.9     7.3    92.0    46.2    67.0   0.339   0.334   0.348   0.340   0.362     9.2     9.2     9.2     9.0     8.8
64758 20170511  2.422  -76.25   42.44    16.3     0.6     8.4     8.9     0.0    23.00 C    24.8    -0.6    10.5    93.7    38.6    65.3   0.329   0.323   0.336   0.328   0.336    10.0     9.9     9.6     9.1     8.7
64758 20170512  2.422  -76.25   42.44    16.9     5.1    11.0    11.8     0.3    16.13 C    23.0     3.8    12.2    90.5    43.8    66.8   0.321   0.315   0.329   0.324   0.334    11.2    10.9    10.5     9.6     8.7
64758 20170513  2.422  -76.25   42.44    10.6     7.9     9.2     9.1     4.4     5.59 C    12.9     6.2     9.7    93.2    75.2    86.9   0.334   0.321   0.331   0.323   0.334    10.8    10.7    10.7    10.0     8.9
64758 20170514  2.422  -76.25   42.44    14.7     5.1     9.9     9.0     9.3    13.95 C    21.8     3.3     9.7    96.1    51.2    84.0   0.346   0.333   0.344   0.327   0.334    10.6    10.5    10.5     9.9     9.0
64758 20170515  2.422  -76.25   42.44    15.4     6.2    10.8    10.2     0.5    14.15 C    19.7     3.2     9.6    89.7    51.3    72.4   0.348   0.336   0.350   0.333   0.350    10.3    10.3    10.3     9.8     9.1
64758 20170516  2.422  -76.25   42.44    19.5     2.4    10.9    12.2     0.0    16.10 C    22.4     0.4    11.3    95.2    37.0    67.6   0.335   0.324   0.337   0.328   0.335    10.6    10.5    10.3     9.8     9.1
64758 20170517  2.422  -76.25   42.44    30.8     9.3    20.0    20.3     0.0    27.40 C    32.4     8.0    18.7    85.7    26.6    56.9   0.323   0.312   0.328   0.324   0.334    13.3    12.8    11.8    10.3     9.2
64758 20170518  2.422  -76.25   42.44    31.0    11.3    21.1    22.1     3.2    21.08 C    32.9     9.2    20.1    89.7    33.9    62.3   0.309   0.301   0.317   0.321   0.332    15.1    14.6    13.5    11.4     9.4
64758 20170519  2.422  -76.25   42.44    22.9     8.5    15.7    15.6     0.0    23.05 C    25.4     7.4    15.6    91.9    60.3    73.9   0.305   0.297   0.313   0.319   0.333    15.4    15.1    14.3    12.3     9.8
64758 20170520  2.422  -76.25   42.44    20.3     7.2    13.7    12.9     0.0    25.36 C    25.8     4.8    14.0    85.2    29.7    60.1   0.293   0.285   0.306   0.317   0.332    14.4    14.3    13.8    12.5    10.3
64758 20170521  2.422  -76.25   42.44    18.2     7.0    12.6    14.2     1.0    14.33 C    21.8     5.0    13.4    81.0    38.8    56.0   0.279   0.273   0.296   0.314   0.337    13.4    13.4    13.4    12.5    10.6
64758 20170522  2.422  -76.25   42.44    19.2     6.6    12.9    12.9     6.5    10.21 C    24.9     3.8    12.7    89.2    56.6    79.5   0.298   0.281   0.295   0.312   0.338    13.1    13.0    12.9    12.1    10.7
64758 20170523  2.422  -76.25   42.44    21.3     3.7    12.5    13.1     0.0    23.23 C    27.2     2.8    13.4    93.8    39.5    70.0   0.301   0.283   0.299   0.311   0.332    13.3    13.2    12.9    12.0    10.7
64758 20170524  2.422  -76.25   42.44    22.3     7.5    14.9    15.7     0.0    25.36 C    27.8     5.7    15.9    92.7    39.0    63.7   0.283   0.272   0.293   0.309   0.324    14.3    14.1    13.6    12.3    10.7
64758 20170525  2.422  -76.25   42.44    14.6    11.7    13.2    13.5    15.5     5.83 C    16.9    11.4    13.6    94.6    64.8    85.3   0.324   0.298   0.304   0.309   0.320    13.8    13.7    13.6    12.6    10.9
64758 20170526  2.422  -76.25   42.44    15.9    12.9    14.4    13.6     4.1     8.64 C    18.7    12.8    13.9    94.5    74.3    89.0   0.349   0.324   0.326   0.314   0.321    13.8    13.7    13.5    12.5    11.0
64758 20170527  2.422  -76.25   42.44    17.4    12.7    15.0    14.5     0.0     9.26 C    19.8    11.9    14.8    93.3    65.3    84.8   0.348   0.321   0.334   0.321   0.323    14.0    13.8    13.5    12.6    11.1
64758 20170528  2.422  -76.25   42.44    23.0    10.3    16.7    17.6     0.0    18.17 C    26.7     8.4    17.4    95.9    51.0    72.8   0.332   0.308   0.323   0.319   0.325    14.8    14.5    14.0    12.7    11.2
64758 20170529  2.422  -76.25   42.44    20.2    12.0    16.1    15.1     6.3    11.30 C    24.3    11.9    15.5    91.6    72.7    85.1   0.353   0.316   0.327   0.319   0.325    14.7    14.6    14.3    13.1    11.3
64758 20170530  2.422  -76.25   42.44    19.4    14.4    16.9    15.6    15.4    11.32 C    24.3    13.0    15.7    92.5    75.7    86.8   0.367   0.338   0.350   0.332   0.336    15.0    14.8    14.4    13.2    11.5
64758 20170531  2.422  -76.25   42.44    21.8     9.2    15.5    15.2     8.2    19.32 C    25.3     7.1    15.2    95.0    44.7    79.8   0.371   0.342   0.359   0.360   0.374    15.3    15.0    14.6    13.4    11.7
64758 20170601  2.422  -76.25   42.44    20.2     5.9    13.1    13.2     0.0    24.86 C    23.8     4.4    13.2    95.8    39.5    69.6   0.358   0.331   0.353   0.353   0.374    14.6    14.6    14.4    13.5    11.8
64758 20170602  2.422  -76.25   42.44    16.8     3.5    10.1    10.6     0.0    22.15 C    21.4     2.4    10.6    93.6    40.9    68.3   0.342   0.315   0.333   0.331   0.374    13.5    13.7    13.8    13.3    11.9
64758 20170603  2.422  -76.25   42.44    18.5     3.5    11.0    11.3     0.0    28.50 C    23.2     2.3    11.8    93.5    32.3    65.8   0.328   0.299   0.321   0.323   0.359    13.4    13.5    13.4    12.9    11.9
64758 20170604  2.422  -76.25   42.44    17.2     3.5    10.3    10.7     6.4     7.65 C    19.2     2.5    10.7    93.3    66.5    87.9   0.341   0.308   0.321   0.320   0.344    12.4    12.6    12.9    12.7    11.8
64758 20170605  2.422  -76.25   42.44    23.1    13.0    18.1    16.9    10.0    12.77 C    26.7    12.6    17.1    95.5    61.1    84.6   0.351   0.321   0.329   0.320   0.343    14.2    13.9    13.4    12.6    11.7
64758 20170606  2.422  -76.25   42.44    17.3     9.2    13.3    13.0    26.4    10.98 C    24.3     9.4    13.8    94.7    68.7    88.1   0.399   0.381   0.378   0.350   0.364    14.4    14.3    14.1    13.1    11.7
64758 20170607  2.422  -76.25   42.44    19.7     8.2    13.9    13.3     0.0    25.24 C    24.9     6.7    14.1    93.5    41.3    70.4   0.409   0.411   0.415   0.365   0.375    14.3    14.2    14.0    13.2    11.9
64758 20170608  2.422  -76.25   42.44    24.5     5.3    14.9    15.4     0.0    28.42 C    28.8     4.0    15.4    95.6    34.2    66.8   0.364   0.348   0.365   0.365   0.375    14.6    14.4    14.1    13.3    12.0
64758 20170609  2.422  -76.25   42.44    23.6     8.4    16.0    16.3     0.0    27.62 C    27.3     6.7    15.9    94.5    32.4    65.7   0.342   0.328   0.336   0.337   0.375    15.2    15.0    14.6    13.5    12.1
64758 20170610  2.422  -76.25   42.44    27.5    10.3    18.9    19.1     0.0    24.27 C    30.1     9.2    18.8    91.4    37.8    69.1   0.323   0.313   0.320   0.323   0.350    16.1    15.7    15.2    13.8    12.2
64758 20170611  2.422  -76.25   42.44    30.5    14.4    22.5    23.4     0.0    29.71 C    31.5    13.2    22.0    90.8    35.0    60.3   0.299   0.296   0.304   0.319   0.344    17.6    17.0    16.2    14.4    12.4
64758 20170612  2.422  -76.25   42.44    30.7    13.9    22.3    22.8     0.0    27.33 C    31.9    12.8    21.8    92.9    39.7    67.6   0.271   0.277   0.287   0.314   0.342    18.4    17.8    16.9    15.0    12.7
64758 20170613  2.422  -76.25   42.44    27.9    15.9    21.9    22.1     0.0    23.75 C    31.1    15.1    22.0    93.2    41.8    74.1   0.248   0.261   0.272   0.310   0.333    18.8    18.3    17.5    15.6    13.0
64758 20170614  2.422  -76.25   42.44    24.8    11.1    18.0    18.7     0.0    30.39 C    28.5     8.8    19.0    96.0    29.9    63.7   0.227   0.244   0.258   0.306   0.324    18.6    18.3    17.7    16.0    13.4
64758 20170615  2.422  -76.25   42.44    24.4     9.7    17.0    18.2     4.1    11.88 C    25.4     8.7    17.6    90.5    64.0    76.8   0.213   0.232   0.247   0.302   0.320    17.1    16.9    16.8    15.8    13.7
64758 20170616  2.422  -76.25   42.44    21.8    14.0    17.9    18.1     5.5    11.52 C    25.6    13.8    18.1    92.8    54.7    82.3   0.267   0.259   0.248   0.300   0.319    17.2    17.0    16.7    15.7    13.7
64758 20170617  2.422  -76.25   42.44    27.7    18.0    22.9    22.5     0.0    22.44 C    30.1    17.6    22.4    92.9    55.1    77.6   0.299   0.255   0.250   0.298   0.318    18.4    17.9    17.2    15.7    13.8
64758 20170618  2.422  -76.25   42.44    29.8    19.9    24.9    24.1    13.7    23.81 C    31.2    18.9    23.7    92.2    53.8    77.3   0.297   0.250   0.250   0.297   0.316    19.5    18.9    18.1    16.3    14.0
64758 20170619  2.422  -76.25   42.44    22.6    16.2    19.4    20.1    26.3     8.77 C    24.7    14.8    19.9    95.1    69.9    87.0   0.407   0.321   0.314   0.319   0.334    19.2    18.9    18.5    16.8    14.2
64758 20170620  2.422  -76.25   42.44    23.3    13.2    18.3    18.9     0.3    23.64 C    27.1    11.5    18.5    91.7    47.1    68.7   0.388   0.318   0.330   0.324   0.374    18.6    18.3    18.1    16.9    14.5
64758 20170621  2.422  -76.25   42.44    22.2    11.4    16.8    17.3     0.4    24.07 C    27.2     9.6    17.4    95.1    50.1    71.6   0.363   0.299   0.313   0.318   0.358    17.9    17.7    17.6    16.7    14.7
64758 20170622  2.422  -76.25   42.44    26.8     9.1    17.9    19.5     0.0    24.35 C    29.3     8.4    19.3    96.3    43.8    69.9   0.340   0.284   0.299   0.313   0.343    17.6    17.3    17.2    16.4    14.7
64758 20170623  2.422  -76.25   42.44    25.4    21.3    23.3    22.8     2.4    11.45 C    27.3    19.9    22.2    87.5    68.3    79.1   0.326   0.274   0.288   0.310   0.329    18.7    18.2    17.8    16.5    14.7
64758 20170624  2.422  -76.25   42.44    24.7    11.8    18.3    19.9     5.7    25.47 C    29.2    10.9    19.8    91.6    45.7    69.6   0.359   0.282   0.289   0.308   0.320    18.9    18.6    18.2    16.8    14.8
64758 20170625  2.422  -76.25   42.44    23.3     9.7    16.5    15.4     2.3    21.36 C    27.8     9.0    15.9    96.4    40.8    76.4   0.333   0.273   0.284   0.307   0.319    17.5    17.5    17.5    16.7    14.9
64758 20170626  2.422  -76.25   42.44    21.3     7.9    14.6    13.8    14.8    17.18 C    26.0     7.5    14.2    97.1    45.9    80.5   0.356   0.281   0.286   0.307   0.318    16.3    16.4    16.6    16.3    14.9
64758 20170627  2.422  -76.25   42.44    18.5     9.1    13.8    13.3     3.3    18.73 C    23.8     8.3    13.9    97.8    56.7    80.9   0.392   0.307   0.313   0.313   0.318    15.9    15.9    16.1    15.8    14.8
64758 20170628  2.422  -76.25   42.44    22.8     6.9    14.8    15.6     0.0    24.82 C    27.8     6.5    15.9    96.7    43.6    72.0   0.379   0.301   0.312   0.312   0.318    16.0    15.8    15.9    15.5    14.6
64758 20170629  2.422  -76.25   42.44    26.3    12.8    19.5    20.0     0.0    18.73 C    28.6    12.3    19.2    89.3    51.5    69.5   0.358   0.288   0.304   0.310   0.317    16.9    16.5    16.3    15.6    14.5
64758 20170630  2.422  -76.25   42.44    26.8    17.8    22.3    22.7     5.3    18.94 C    31.1    16.5    22.2    96.6    64.9    77.7   0.352   0.281   0.296   0.308   0.316    18.3    17.7    17.2    15.9    14.5
64758 20170701  2.422  -76.25   42.44    26.6    17.5    22.1    21.4    24.6    13.96 C    31.5    16.1    21.1    96.9    70.4    87.0   0.406   0.320   0.332   0.331   0.345    18.8    18.3    17.9    16.5    14.7
64758 20170702  2.422  -76.25   42.44    25.9    14.0    19.9    19.9     0.6    21.57 C    30.5    12.7    19.6    96.8    54.2    78.8   0.364   0.324   0.346   0.344   0.375    18.7    18.4    18.1    16.9    14.9
64758 20170703  2.422  -76.25   42.44    23.6    12.4    18.0    18.6     0.0    27.85 C    29.3    10.3    19.0    95.1    50.2    72.7   0.318   0.311   0.328   0.324   0.375    18.6    18.2    18.0    16.9    15.1
64758 20170704  2.422  -76.25   42.44    24.6     9.4    17.0    17.4     0.0    27.73 C    30.8     8.4    17.8    96.1    47.4    74.0   0.295   0.298   0.312   0.318   0.353    17.9    17.6    17.6    16.9    15.2
64758 20170705  2.422  -76.25   42.44    26.8     9.4    18.1    19.4     0.0    27.10 C    31.6     8.3    19.3    93.8    45.4    69.1   0.274   0.281   0.297   0.313   0.333    17.9    17.6    17.5    16.7    15.3
64758 20170706  2.422  -76.25   42.44    24.7    17.6    21.2    20.9     4.5    12.07 C    27.3    16.3    20.1    88.0    65.1    75.7   0.274   0.273   0.287   0.310   0.322    18.4    18.1    17.9    16.8    15.3
64758 20170707  2.422  -76.25   42.44    27.3    17.0    22.1    21.6     0.0    20.39 C    31.8    15.7    21.7    94.7    49.8    77.8   0.272   0.270   0.284   0.308   0.320    19.2    18.7    18.3    17.0    15.3
64758 20170708  2.422  -76.25   42.44    23.6    11.5    17.5    19.2     0.2    18.90 C    29.6     9.3    19.0    96.7    55.5    76.6   0.255   0.261   0.276   0.306   0.319    18.9    18.6    18.4    17.3    15.4
64758 20170709  2.422  -76.25   42.44    24.7     8.4    16.5    17.6     0.0    25.22 C    30.1     7.2    17.6    95.5    43.9    70.7   0.237   0.248   0.264   0.302   0.319    17.8    17.6    17.7    17.1    15.6
64758 20170710  2.422  -76.25   42.44    25.0    12.7    18.8    19.4     2.9    20.22 C    28.8    11.5    19.0    93.9    46.1    70.1   0.221   0.233   0.252   0.299   0.318    18.1    17.8    17.7    16.9    15.5
64758 20170711  2.422  -76.25   42.44    26.7    17.3    22.0    21.6     0.8    22.00 C    31.9    17.0    22.1    94.9    58.9    79.6   0.216   0.226   0.244   0.296   0.316    19.2    18.6    18.2    17.1    15.5
64758 20170712  2.422  -76.25   42.44    26.7    18.0    22.4    21.7    18.0    14.59 C    31.5    16.8    22.0    96.3    66.9    88.2   0.244   0.241   0.248   0.294   0.315    19.8    19.3    18.9    17.5    15.6
64758 20170713  2.422  -76.25   42.44    24.0    18.6    21.3    21.6    40.3    10.53 C    26.3    17.5    21.9    95.8    75.5    87.3   0.370   0.361   0.340   0.328   0.347    20.1    19.6    19.3    18.1    15.9
64758 20170714  2.422  -76.25   42.44    27.0    17.9    22.5    21.2    60.9    14.46 C    31.4    16.3    21.5    96.9    67.2    88.3   0.444   0.434   0.406   0.359   0.376    20.1    19.6    19.5    18.4    16.2
64758 20170715  2.422  -76.25   42.44    22.2    14.2    18.2    18.2     0.0    13.33 C    29.1    12.4    18.4    97.6    67.6    86.2   0.405   0.406   0.398   0.360   0.380    19.3    19.1    19.1    18.4    16.5
64758 20170716  2.422  -76.25   42.44    25.9    12.1    19.0    18.9     0.0    25.95 C    31.2    11.2    19.7    97.8    38.8    75.0   0.347   0.343   0.357   0.341   0.375    19.0    18.8    18.8    18.1    16.6
64758 20170717  2.422  -76.25   42.44    26.9    14.2    20.6    19.2     1.5    16.24 C    33.9    13.3    19.4    96.5    58.7    85.0   0.332   0.323   0.334   0.323   0.369    19.2    18.9    18.8    18.1    16.6
64758 20170718  2.422  -76.25   42.44    28.1    15.2    21.7    21.4     0.0    26.46 C    32.7    14.1    22.1    97.5    48.5    78.6   0.320   0.310   0.322   0.319   0.345    19.9    19.4    19.1    18.1    16.6
64758 20170719  2.422  -76.25   42.44    28.1    13.3    20.7    21.2     0.0    26.49 C    33.2    12.2    21.7    97.9    53.0    78.1   0.296   0.293   0.308   0.315   0.348    20.0    19.6    19.3    18.3    16.6
64758 20170720  2.422  -76.25   42.44    27.0    16.3    21.6    21.4     4.2    15.01 C    30.7    15.3    21.3    96.5    58.4    82.9   0.283   0.282   0.297   0.313   0.342    20.2    19.8    19.6    18.6    16.7
64758 20170721  2.422  -76.25   42.44    28.5    16.6    22.5    22.5     0.0    25.42 C    33.5    14.4    22.8    97.2    52.7    77.9   0.279   0.278   0.293   0.310   0.326    20.7    20.2    19.8    18.7    16.8
64758 20170722  2.422  -76.25   42.44    24.4    15.1    19.7    19.8     0.0    11.72 C    26.3    13.7    19.7    96.4    56.8    81.0   0.264   0.268   0.285   0.307   0.323    19.9    19.7    19.6    18.8    16.9
64758 20170723  2.422  -76.25   42.44    25.7    15.9    20.8    20.4     2.4    14.74 C    30.3    14.7    20.8    96.2    60.6    81.9   0.255   0.260   0.278   0.305   0.322    19.8    19.5    19.4    18.7    17.0
64758 20170724  2.422  -76.25   42.44    23.8    16.5    20.1    18.9    24.0    12.60 C    28.5    16.2    19.6    95.8    68.5    88.1   0.307   0.289   0.298   0.313   0.329    19.6    19.4    19.3    18.6    17.1
64758 20170725  2.422  -76.25   42.44    17.8    15.0    16.4    16.0     4.9     9.97 C    22.8    15.1    17.0    95.6    83.2    91.6   0.340   0.334   0.343   0.332   0.376    18.8    18.8    18.9    18.5    17.1
64758 20170726  2.422  -76.25   42.44    22.3    14.5    18.4    17.8     0.0    16.52 C    28.1    13.6    18.5    95.9    61.9    82.8   0.326   0.323   0.334   0.329   0.377    18.6    18.5    18.6    18.1    17.1
64758 20170727  2.422  -76.25   42.44    24.3    16.2    20.3    19.2     2.6    10.00 C    26.7    15.3    19.2    97.0    63.7    86.6   0.320   0.316   0.327   0.325   0.378    18.8    18.6    18.6    18.1    17.0
64758 20170728  2.422  -76.25   42.44    22.9    12.9    17.9    18.3     0.0    17.44 C    28.6    11.8    18.9    97.6    61.2    81.4   0.312   0.310   0.322   0.321   0.355    18.9    18.7    18.7    18.1    16.9
64758 20170729  2.422  -76.25   42.44    22.8     9.5    16.2    16.5     0.0    24.54 C    29.5     7.5    16.6    93.1    36.6    67.9   0.293   0.295   0.311   0.316   0.344    17.9    17.9    18.2    17.9    16.9
64758 20170730  2.422  -76.25   42.44    25.2     7.1    16.1    17.0     0.0    27.47 C    29.9     5.7    17.4    96.9    42.6    73.9   0.271   0.283   0.299   0.311   0.323    17.3    17.3    17.6    17.5    16.8
64758 20170731  2.422  -76.25   42.44    26.6    11.4    19.0    19.2     0.0    25.71 C    31.7    10.3    19.5    97.6    49.8    77.8   0.253   0.266   0.285   0.308   0.322    18.2    18.0    18.0    17.5    16.7
64758 20170801  2.422  -76.25   42.44    27.9    13.3    20.6    20.2     0.0    23.98 C    32.5    12.7    20.6    97.8    48.0    80.6   0.238   0.252   0.272   0.304   0.322    18.9    18.6    18.5    17.7    16.6
64758 20170802  2.422  -76.25   42.44    28.0    14.3    21.2    20.9     0.0    21.21 C    32.5    13.0    21.2    96.7    47.3    77.1   0.225   0.238   0.261   0.301   0.321    19.4    19.0    18.8    18.0    16.7
64758 20170803  2.422  -76.25   42.44    27.7    15.2    21.5    21.1     0.0    22.49 C    33.1    14.4    21.7    95.6    42.0    77.4   0.213   0.225   0.250   0.298   0.320    19.9    19.5    19.2    18.2    16.8
64758 20170804  2.422  -76.25   42.44    28.1    16.4    22.3    21.5    19.2    21.13 C    31.7    14.9    21.5    95.8    52.5    79.1   0.217   0.225   0.243   0.294   0.319    20.2    19.8    19.5    18.5    16.9
64758 20170805  2.422  -76.25   42.44    19.5    13.4    16.4    17.4     1.7    12.63 C    23.7     9.6    16.9    93.1    59.0    74.2   0.284   0.296   0.281   0.293   0.318    19.0    19.0    19.2    18.6    17.1
64758 20170806  2.422  -76.25   42.44    22.1     7.9    15.0    15.4     0.0    22.58 C    26.7     6.6    15.5    97.2    44.7    74.7   0.263   0.273   0.276   0.293   0.317    17.4    17.5    18.0    18.0    17.1
64758 20170807  2.422  -76.25   42.44    20.7    10.9    15.8    16.1     0.0    19.83 C    27.0     9.8    17.2    95.9    64.4    84.6   0.245   0.258   0.268   0.293   0.316    17.7    17.7    17.9    17.6    16.9
64758 20170808  2.422  -76.25   42.44    22.2    10.6    16.4    17.0     0.0    21.55 C    27.6     8.8    17.6    96.9    53.5    79.9   0.231   0.246   0.260   0.292   0.316    17.9    17.9    18.0    17.6    16.8
64758 20170809  2.422  -76.25   42.44    26.0     9.3    17.7    17.7     0.0    21.89 C    30.1     8.1    17.8    96.3    45.9    76.9   0.217   0.233   0.251   0.291   0.315    17.5    17.4    17.7    17.4    16.8
64758 20170810  2.422  -76.25   42.44    25.7    12.1    18.9    18.7     0.0    22.41 C    30.2    10.6    18.5    96.4    42.9    75.4   0.206   0.222   0.242   0.290   0.313    18.2    18.0    18.0    17.5    16.7
64758 20170811  2.422  -76.25   42.44    23.8    13.6    18.7    18.7     0.0     9.79 C    26.4    11.6    18.3    94.2    68.1    83.6   0.198   0.213   0.235   0.288   0.312    18.0    17.9    18.0    17.6    16.7
64758 20170812  2.422  -76.25   42.44    26.8    14.6    20.7    19.8     6.4    17.03 C    30.9    13.9    19.6    97.4    57.0    84.5   0.200   0.210   0.232   0.287   0.312    18.7    18.4    18.3    17.6    16.7
64758 20170813  2.422  -76.25   42.44    23.6    11.1    17.4    17.8     0.0    22.34 C    29.4     9.0    18.4    97.5    52.0    79.8   0.207   0.214   0.231   0.286   0.312    18.4    18.3    18.3    17.7    16.7
64758 20170814  2.422  -76.25   42.44    24.6    11.2    17.9    18.3     0.0    21.15 C    29.0     9.2    18.4    95.8    49.2    75.9   0.197   0.208   0.227   0.284   0.311    17.9    17.8    17.9    17.6    16.7
64758 20170815  2.422  -76.25   42.44    26.8    15.3    21.1    20.1     6.0    16.53 C    31.4    14.3    20.3    97.4    50.7    80.4   0.195   0.202   0.223   0.282   0.311    18.8    18.6    18.4    17.7    16.7
64758 20170816  2.422  -76.25   42.44    24.3    11.0    17.6    17.9     0.0    21.00 C    29.6     8.8    18.4    97.6    53.8    82.3   0.203   0.204   0.223   0.281   0.310    18.5    18.4    18.5    17.8    16.7
64758 20170817  2.422  -76.25   42.44    26.4     8.9    17.7    18.8     0.3    21.39 C    30.2     7.6    19.0    96.3    52.1    76.9   0.194   0.200   0.219   0.279   0.310    17.9    17.7    17.9    17.6    16.7
64758 20170818  2.422  -76.25   42.44    27.8    16.9    22.3    23.1     5.3    12.45 C    30.9    15.1    22.5    94.5    65.8    84.0   0.193   0.200   0.218   0.279   0.309    19.6    19.3    18.9    17.9    16.7
64758 20170819  2.422  -76.25   42.44    24.7    14.5    19.6    18.8     8.3    13.34 C    29.6    13.1    18.7    97.4    59.7    84.5   0.209   0.203   0.224   0.279   0.310    19.0    18.9    18.9    18.2    16.8
64758 20170820  2.422  -76.25   42.44    25.3    14.7    20.0    19.0     0.0    20.97 C    29.5    12.4    19.1    96.2    54.4    79.6   0.228   0.212   0.231   0.279   0.309    18.7    18.5    18.6    18.0    16.9
64758 20170821  2.422  -76.25   42.44    27.3    13.2    20.2    19.4     3.8    15.25 C    30.4    12.1    19.3    97.2    61.7    85.0   0.220   0.213   0.230   0.279   0.308    18.6    18.4    18.5    17.9    16.9
64758 20170822  2.422  -76.25   42.44    28.7    16.9    22.8    22.0    19.4    15.31 C    30.7    16.0    21.4    97.5    57.4    82.1   0.249   0.241   0.251   0.280   0.308    19.4    19.2    18.9    18.1    16.9
64758 20170823  2.422  -76.25   42.44    22.0    12.3    17.2    17.2     0.0    23.98 C    27.3     9.4    17.4    96.1    44.4    72.9   0.278   0.285   0.287   0.285   0.307    18.6    18.6    18.8    18.2    17.1
64758 20170824  2.422  -76.25   42.44    20.7     8.8    14.7    14.7     0.0    20.61 C    26.8     7.1    15.0    96.5    53.2    80.6   0.255   0.267   0.277   0.286   0.308    17.2    17.4    17.9    17.9    17.1
64758 20170825  2.422  -76.25   42.44    19.8     6.0    12.9    13.3     0.0    23.14 C    26.3     3.8    13.6    97.8    47.7    78.6   0.238   0.256   0.269   0.285   0.307    16.3    16.6    17.2    17.4    16.9
64758 20170826  2.422  -76.25   42.44    20.2     4.0    12.1    12.0     0.0    23.60 C    25.7     2.5    12.4    97.2    45.2    78.5   0.224   0.243   0.259   0.284   0.308    15.1    15.4    16.2    16.8    16.7
64758 20170827  2.422  -76.25   42.44    21.4     4.1    12.7    12.8     0.0    23.47 C    25.8     2.4    12.8    97.9    37.1    76.0   0.213   0.231   0.250   0.282   0.308    14.8    15.1    15.8    16.3    16.5
64758 20170828  2.422  -76.25   42.44    20.7     6.5    13.6    13.9     0.0    16.66 C    24.6     5.1    13.1    96.7    50.4    78.6   0.205   0.223   0.243   0.281   0.308    14.9    15.1    15.7    16.0    16.2
64758 20170829  2.422  -76.25   42.44    17.8     8.8    13.3    12.7     0.0    12.13 C    21.2     6.7    12.3    95.0    59.5    82.3   0.199   0.217   0.238   0.280   0.307    14.8    15.0    15.6    15.8    16.0
64758 20170830  2.422  -76.25   42.44    22.4     5.4    13.9    13.9     0.0    19.64 C    27.4     4.1    13.9    97.9    52.0    81.4   0.193   0.212   0.233   0.279   0.307    14.7    14.8    15.3    15.6    15.9
64758 20170831  2.422  -76.25   42.44    18.1     7.0    12.6    13.9     3.1    12.05 C    22.4     3.9    13.5    97.4    51.9    80.5   0.191   0.208   0.228   0.278   0.306    14.8    14.9    15.4    15.5    15.6
64758 20170901  2.422  -76.25   42.44    15.6     2.5     9.1     8.9     0.0    20.68 C    21.4     0.8     9.0    97.4    46.2    76.9   0.190   0.205   0.225   0.277   0.306    13.2    13.6    14.5    15.2    15.5
64758 20170902  2.422  -76.25   42.44    18.7     0.9     9.8    10.4     0.4    17.25 C    25.3    -0.4    10.6    97.4    40.0    74.2   0.186   0.201   0.220   0.275   0.305    12.6    12.9    13.7    14.6    15.3
64758 20170903  2.422  -76.25   42.44    17.7    10.8    14.3    13.5     9.5     6.22 C    20.1    10.6    13.3    94.8    76.8    88.2   0.200   0.200   0.218   0.274   0.305    13.8    13.8    14.2    14.5    15.0
64758 20170904  2.422  -76.25   42.44    24.6    10.7    17.6    18.7     0.0    21.28 C    27.2     8.8    17.9    95.0    45.6    70.9   0.226   0.209   0.222   0.274   0.305    15.0    14.8    14.8    14.6    14.8
64758 20170905  2.422  -76.25   42.44    21.6    12.2    16.9    16.7    16.6     4.43 C    22.8    10.5    16.1    97.6    71.5    88.6   0.274   0.240   0.248   0.275   0.304    15.9    15.8    15.7    15.2    14.8
64758 20170906  2.422  -76.25   42.44    16.3    11.5    13.9    13.7     5.9     5.79 C    17.9    11.5    13.8    97.6    77.3    90.3   0.300   0.291   0.298   0.284   0.305    15.1    15.2    15.4    15.3    14.9
64758 20170907  2.422  -76.25   42.44    18.4     9.5    13.9    13.6     0.7    13.36 C    23.7     7.2    13.4    96.0    55.9    79.0   0.283   0.287   0.299   0.289   0.305    14.9    14.9    15.2    15.2    15.0
64758 20170908  2.422  -76.25   42.44    17.1     7.4    12.2    11.3     1.1    11.92 C    24.5     5.5    11.6    97.2    58.2    84.3   0.278   0.283   0.295   0.289   0.306    14.1    14.3    14.8    15.0    14.9
64758 20170909  2.422  -76.25   42.44    13.8     7.1    10.5    10.9     0.0     8.62 C    17.6     4.9    10.9    97.2    65.4    84.4   0.272   0.279   0.291   0.289   0.306    13.4    13.6    14.2    14.6    14.8
64758 20170910  2.422  -76.25   42.44    17.1     3.8    10.4     9.7     0.0    19.81 C    22.3     2.4     9.9    98.1    51.8    82.4   0.261   0.273   0.286   0.288   0.305    12.7    12.9    13.6    14.2    14.6
64758 20170911  2.422  -76.25   42.44    22.3     2.2    12.2    11.7     0.0    21.27 C    25.6     0.9    11.7    97.9    35.1    79.5   0.248   0.265   0.278   0.286   0.305    12.4    12.5    13.2    13.8    14.4
64758 20170912  2.422  -76.25   42.44    24.0     4.9    14.4    14.2     0.0    18.93 C    27.0     3.6    13.8    98.1    45.5    81.2   0.237   0.256   0.271   0.284   0.304    13.2    13.2    13.6    13.7    14.3
64758 20170913  2.422  -76.25   42.44    24.3     7.1    15.7    16.3     1.1    12.37 C    29.5     5.9    16.2    97.7    61.6    85.5   0.231   0.250   0.265   0.284   0.304    14.0    13.9    14.0    13.9    14.1
64758 20170914  2.422  -76.25   42.44    22.6    14.7    18.7    18.1    14.9    10.42 C    29.0    14.1    18.5    96.4    76.4    89.9   0.255   0.263   0.276   0.284   0.304    15.8    15.5    15.2    14.4    14.2
64758 20170915  2.422  -76.25   42.44    25.2    12.9    19.0    18.2     1.8    19.69 C    29.7    11.2    18.4    97.6    55.8    84.4   0.294   0.296   0.309   0.295   0.308    16.3    16.0    15.9    15.0    14.3
64758 20170916  2.422  -76.25   42.44    25.9    12.9    19.4    18.4     0.0    17.54 C    30.0    11.6    18.6    98.1    54.2    85.0   0.275   0.286   0.299   0.292   0.305    16.4    16.2    16.1    15.4    14.5
64758 20170917  2.422  -76.25   42.44    26.3    12.2    19.3    18.8     0.0    14.38 C    30.4    10.9    18.2    97.8    54.3    84.2   0.265   0.279   0.292   0.291   0.305    16.5    16.3    16.3    15.6    14.7
64758 20170918  2.422  -76.25   42.44    26.6    13.2    19.9    19.3     0.0    18.61 C    29.6    12.1    19.0    97.9    46.8    81.5   0.255   0.272   0.285   0.290   0.305    16.8    16.5    16.5    15.8    14.9
64758 20170919  2.422  -76.25   42.44    25.9    11.8    18.8    18.3     0.0    18.07 C    29.0     9.8    18.2    97.7    45.0    81.6   0.245   0.264   0.278   0.289   0.305    17.0    16.8    16.8    16.0    15.0
64758 20170920  2.422  -76.25   42.44    25.7    10.2    17.9    17.6     0.0    18.77 C    28.7     9.0    17.3    98.3    49.5    82.3   0.235   0.256   0.270   0.287   0.305    16.3    16.3    16.4    16.0    15.2
64758 20170921  2.422  -76.25   42.44    24.3    13.6    18.9    18.3     0.0    13.94 C    29.0    11.9    18.4    98.0    68.1    89.3   0.227   0.249   0.263   0.286   0.305    16.9    16.7    16.7    16.1    15.2
64758 20170922  2.422  -76.25   42.44    23.4    10.8    17.1    16.5     0.0    15.57 C    26.9     9.0    16.6    98.5    60.8    86.3   0.221   0.243   0.258   0.286   0.305    16.7    16.6    16.7    16.2    15.4
64758 20170923  2.422  -76.25   42.44    27.1     9.7    18.4    17.5     0.0    18.42 C    29.5     8.7    17.1    98.2    47.3    80.8   0.214   0.236   0.252   0.284   0.305    16.1    16.1    16.3    16.1    15.4
64758 20170924  2.422  -76.25   42.44    29.5    12.2    20.9    20.0     0.0    17.80 C    31.3    11.1    19.2    97.4    46.1    80.8   0.204   0.227   0.245   0.282   0.305    16.6    16.5    16.5    16.1    15.4
64758 20170925  2.422  -76.25   42.44    30.2    12.5    21.3    20.2     0.0    17.77 C    32.0    11.2    19.6    98.0    37.0    80.7   0.200   0.220   0.238   0.281   0.305    17.1    16.9    16.8    16.2    15.4
64758 20170926  2.422  -76.25   42.44    29.8    14.6    22.2    20.9     0.0    14.57 C    33.1    13.2    20.2    97.3    46.6    82.6   0.195   0.214   0.233   0.280   0.305    17.5    17.3    17.2    16.5    15.4
64758 20170927  2.422  -76.25   42.44    30.0    15.6    22.8    22.0     0.0    15.54 C    33.3    14.6    21.4    96.8    42.7    76.1   0.191   0.210   0.229   0.278   0.305    18.0    17.7    17.5    16.6    15.6
64758 20170928  2.422  -76.25   42.44    17.1     5.9    11.5    13.0     0.0     8.27 C    19.5     3.6    12.4    92.5    58.0    73.1   0.186   0.203   0.223   0.277   0.305    16.2    16.5    17.0    16.8    15.8
64758 20170929  2.422  -76.25   42.44    16.3     3.9    10.1    10.3     1.9     9.55 C    22.0     1.8    10.4    97.5    51.3    81.4   0.181   0.199   0.219   0.275   0.305    13.9    14.2    15.2    15.9    15.8
64758 20170930  2.422  -76.25   42.44    11.6     1.4     6.5     8.4     2.8     8.12 C    17.4    -0.2     8.4    97.0    61.0    81.6   0.186   0.199   0.217   0.274   0.304    13.2    13.6    14.5    15.2    15.4
64758 20171001  2.422  -76.25   42.44    16.1    -0.7     7.7     6.6     0.0    18.05 C    21.8    -2.2     7.6    97.8    42.4    80.3   0.188   0.199   0.217   0.273   0.303    11.1    11.7    12.9    14.3    15.2
64758 20171002  2.422  -76.25   42.44    20.1    -0.4     9.8     8.3     0.0    18.05 C    22.8    -1.2     8.0    97.9    18.8    73.8   0.185   0.198   0.214   0.271   0.303    10.6    11.0    12.2    13.5    14.7
64758 20171003  2.422  -76.25   42.44 -9999.0 -9999.0 -9999.0 -9999.0     0.0 -9999.00 U -9999.0 -9999.0 -9999.0 -9999.0 -9999.0 -9999.0 -99.000 -99.000 -99.000 -99.000 -99.000 -9999.0 -9999.0 -9999.0 -9999.0 -9999.0
64758 20171004  2.422  -76.25   42.44    26.8     7.1    16.9    17.6     4.3    15.71 C    31.9     3.6    16.9    91.7    43.7    68.3   0.178   0.192   0.208   0.268   0.301    12.8    12.7    12.9    13.1    14.0
64758 20171005  2.422  -76.25   42.44    22.0     7.0    14.5    15.3     1.2    13.01 C    27.0     4.8    15.2    97.1    49.8    81.1   0.188   0.194   0.208   0.268   0.300    14.4    14.3    14.2    13.8    13.9
64758 20171006  2.422  -76.25   42.44    20.8     7.2    14.0    14.2     0.2     8.30 C    27.2     5.0    14.6    97.5    55.8    84.5   0.188   0.196   0.209   0.268   0.300    13.5    13.5    13.8    13.9    14.0
64758 20171007  2.422  -76.25   42.44    26.0    14.5    20.3    19.6     0.0     8.64 C    28.4    12.1    18.1    94.1    37.8    74.1   0.187   0.196   0.209   0.268   0.300    14.9    14.7    14.6    14.1    14.0
64758 20171008  2.422  -76.25   42.44    24.5    13.7    19.1    19.8     7.5     7.37 C    28.4    11.2    18.6    95.2    60.3    80.5   0.203   0.202   0.211   0.268   0.299    16.1    15.8    15.5    14.6    14.1
64758 20171009  2.422  -76.25   42.44    23.2    15.7    19.4    18.5    16.0     3.76 C    25.9    15.2    18.4    95.9    85.5    92.9   0.263   0.262   0.248   0.269   0.300    16.4    16.1    15.9    15.1    14.3
64758 20171010  2.422  -76.25   42.44    21.3    10.6    15.9    16.4     0.0    11.66 C    26.2     8.6    16.3    97.3    52.9    85.3   0.265   0.273   0.267   0.272   0.300    16.2    16.1    16.1    15.4    14.5
64758 20171011  2.422  -76.25   42.44    17.5     9.3    13.4    13.4     8.7     3.62 C    21.6     9.2    13.6    97.7    78.7    91.3   0.267   0.273   0.268   0.274   0.300    15.0    15.1    15.4    15.3    14.7
64758 20171012  2.422  -76.25   42.44    15.3     8.9    12.1    11.3     0.0     6.86 C    20.9     6.9    11.4    90.8    64.5    82.0   0.285   0.298   0.297   0.278   0.300    14.1    14.4    14.8    14.9    14.7
64758 20171013  2.422  -76.25   42.44    15.6     7.8    11.7    11.8     0.0     9.19 C    24.0     6.1    12.0    86.5    68.1    77.7   0.274   0.287   0.292   0.280   0.300    13.3    13.5    14.0    14.4    14.6
64758 20171014  2.422  -76.25   42.44    18.8    11.3    15.1    15.0     0.0     8.00 C    25.0     9.0    15.2    95.5    71.9    84.1   0.266   0.279   0.287   0.280   0.300    14.0    14.0    14.2    14.2    14.4
64758 20171015  2.422  -76.25   42.44    22.4    11.9    17.2    17.3     7.3    12.04 C    25.2    10.4    16.9    92.5    67.2    78.9   0.270   0.283   0.284   0.280   0.300    14.8    14.6    14.6    14.3    14.3
64758 20171016  2.422  -76.25   42.44    11.9     0.2     6.1     5.8     1.6     5.88 C    13.9    -1.7     5.9    91.0    62.5    78.8   0.289   0.304   0.301   0.284   0.300    12.5    13.0    13.9    14.3    14.3
64758 20171017  2.422  -76.25   42.44    14.6    -2.1     6.3     6.1     0.0    14.99 C    19.3    -3.3     5.5    95.1    39.8    70.4   0.281   0.295   0.299   0.285   0.299    10.1    10.7    11.9    13.2    14.1
64758 20171018  2.422  -76.25   42.44    20.6     1.9    11.3    10.5     0.0    14.40 C    23.7     0.7     9.4    93.2    36.9    72.7   0.273   0.285   0.294   0.284   0.300    10.6    10.9    11.6    12.5    13.7
64758 20171019  2.422  -76.25   42.44    21.2     5.0    13.1    13.1     0.0    14.40 C    23.3     1.9    10.8    88.2    31.9    64.7   0.265   0.282   0.288   0.283   0.299    11.2    11.3    11.8    12.4    13.4
64758 20171020  2.422  -76.25   42.44    17.5     2.2     9.9     9.4     0.0    14.18 C    20.1    -0.2     7.5    95.6    34.0    70.1   0.255   0.275   0.281   0.282   0.300    10.7    11.0    11.7    12.4    13.2
64758 20171021  2.422  -76.25   42.44    22.5     1.0    11.7    10.9     0.0    11.64 C    23.4    -0.4     8.9    93.8    24.6    67.9   0.249   0.268   0.275   0.281   0.299    10.3    10.5    11.2    12.0    13.0
64758 20171022  2.422  -76.25   42.44    21.5     5.0    13.2    13.5     0.0     9.18 C    22.8     2.8    10.8    87.6    44.0    64.8   0.244   0.266   0.270   0.280   0.299    11.0    11.1    11.5    11.9    12.9
64758 20171023  2.422  -76.25   42.44    20.2     9.7    15.0    16.0     0.0     7.23 C    22.4     5.5    14.2    80.1    59.5    70.8   0.239   0.262   0.266   0.279   0.300    12.0    11.9    12.0    12.1    12.7
64758 20171024  2.422  -76.25   42.44    19.9    10.7    15.3    16.4    16.9     8.51 C    23.0     8.8    15.3    90.1    56.6    74.8   0.284   0.307   0.299   0.280   0.300    13.7    13.5    13.3    12.7    12.7
64758 20171025  2.422  -76.25   42.44    14.2     1.8     8.0     8.7     0.0    12.58 C    19.0    -0.4     8.0    93.2    43.6    68.2   0.285   0.309   0.307   0.286   0.299    12.2    12.4    12.9    13.0    12.9
64758 20171026  2.422  -76.25   42.44     8.9    -0.4     4.2     5.1     0.0     3.29 C    12.0    -2.6     3.9    94.7    65.1    83.1   0.278   0.301   0.302   0.285   0.302     9.9    10.3    11.4    12.4    12.9
64758 20171027  2.422  -76.25   42.44    15.7    -1.6     7.0     7.3     0.0    11.44 C    17.2    -2.6     5.8    94.7    39.3    67.0   0.274   0.296   0.296   0.284   0.299     8.8     9.2    10.1    11.5    12.7
64758 20171028  2.422  -76.25   42.44    18.5     5.3    11.9    12.3     1.3     9.94 C    20.1     1.7    10.5    91.9    46.7    66.9   0.267   0.290   0.292   0.283   0.299    10.0    10.1    10.5    11.1    12.4
64758 20171029  2.422  -76.25   42.44     9.8     6.2     8.0     7.0    65.9     0.77 C     9.7     5.9     7.2    96.1    92.3    94.5   0.342   0.360   0.357   0.341   0.355     9.6     9.8    10.5    11.1    12.1
64758 20171030  2.422  -76.25   42.44     9.0     3.7     6.3     6.4    27.4     4.71 C    14.0     3.1     5.7    93.2    45.7    69.8   0.464   0.470   0.442   0.363   0.373     8.1     8.6     9.2    10.0    11.8
64758 20171031  2.422  -76.25   42.44     8.0     3.3     5.6     5.4     0.0     7.56 C    11.7     1.4     4.9    86.5    44.1    63.1   0.340   0.372   0.409   0.364   0.371     7.9     8.2     8.9     9.8    11.5
64758 20171101  2.422  -76.25   42.44     9.4    -2.1     3.7     3.2     7.4     1.47 C     8.5    -3.9     2.8    93.4    63.5    84.9   0.324   0.343   0.367   0.363   0.370     7.1     7.5     8.4     9.6    11.2
64758 20171102  2.422  -76.25   42.44    17.1     9.3    13.2    13.3     4.8     4.62 C    17.8     8.5    11.7    92.7    61.8    78.4   0.335   0.357   0.386   0.366   0.372     8.8     8.8     8.9     9.4    10.9
64758 20171103  2.422  -76.25   42.44    15.8     3.3     9.6    10.2     1.2     1.29 C    13.6     0.1     8.6    92.6    73.8    82.4   0.320   0.340   0.364   0.365   0.373     9.8     9.8    10.0    10.0    10.8
64758 20171104  2.422  -76.25   42.44     8.8    -0.9     3.9     4.7     0.0     6.83 C    12.5    -2.1     4.0    96.9    50.1    73.6   0.310   0.328   0.341   0.342   0.373     7.9     8.3     9.1     9.9    10.8
64758 20171105  2.422  -76.25   42.44    15.2     6.5    10.9    10.9     4.1     1.05 C    13.4     5.5    10.0    89.2    64.5    84.3   0.310   0.323   0.333   0.320   0.373     8.7     8.7     9.1     9.6    10.8
64758 20171106  2.422  -76.25   42.44    15.2     3.4     9.3     8.9    10.2     0.63 C    13.2     2.1     8.1    93.0    67.0    81.9   0.330   0.340   0.355   0.340   0.373     9.6     9.6     9.9     9.9    10.6
64758 20171107  2.422  -76.25   42.44     3.4    -3.4     0.0     1.1     0.0     2.24 C     4.8    -6.2     0.5    90.7    63.9    73.2   0.318   0.336   0.356   0.356   0.373     7.1     7.6     8.6     9.7    10.7
64758 20171108  2.422  -76.25   42.44     6.3    -6.1     0.1    -1.0     0.0    11.58 C    12.1    -8.6    -1.8    94.6    39.8    76.5   0.307   0.324   0.336   0.328   0.374     4.9     5.6     7.0     8.8    10.5
64758 20171109  2.422  -76.25   42.44     6.6    -5.9     0.3     0.9     2.0     4.35 C     7.9    -8.0     0.2    90.4    70.1    82.5   0.302   0.319   0.327   0.317   0.373     4.5     5.0     6.1     7.9    10.1
64758 20171110  2.422  -76.25   42.44     2.0    -7.9    -2.9    -5.9     1.9     6.53 C     0.3   -12.3    -7.1    83.9    40.7    59.2   0.299   0.317   0.325   0.316   0.350     3.4     4.1     5.5     7.4     9.7
64758 20171111  2.422  -76.25   42.44    -0.5   -10.7    -5.6    -5.2     0.0    10.88 C     0.9   -17.6    -7.4    75.9    29.9    57.5   0.297   0.316   0.322   0.315   0.341     2.1     3.0     4.3     6.5     9.2
64758 20171112  2.422  -76.25   42.44     4.3    -6.5    -1.1    -0.5     0.2     8.59 C     8.5    -9.7    -1.1    76.3    34.6    54.2   0.303   0.318   0.324   0.314   0.343     2.3     3.0     4.0     5.9     8.7
64758 20171113  2.422  -76.25   42.44     7.0     0.1     3.5     2.2     1.7     5.29 C    12.1    -0.1     2.8    90.4    55.6    78.1   0.313   0.325   0.332   0.316   0.341     3.6     3.9     4.5     5.7     8.3
64758 20171114  2.422  -76.25   42.44     3.6     0.5     2.1     2.5     0.2     1.56 C     5.4    -1.1     2.6    92.3    77.1    86.6   0.306   0.322   0.330   0.318   0.342     4.4     4.6     5.2     6.0     8.1
64758 20171115  2.422  -76.25   42.44     6.7    -3.4     1.7     2.3     0.0     8.36 C    10.1    -6.0     1.8    94.4    49.3    75.7   0.300   0.318   0.325   0.317   0.346     4.2     4.5     5.2     6.1     8.0
64758 20171116  2.422  -76.25   42.44     8.0     0.8     4.4     4.9     2.6     3.36 C    12.9     0.0     4.2    82.9    66.7    76.0   0.301   0.317   0.325   0.319   0.345     4.9     5.1     5.5     6.2     7.9
64758 20171117  2.422  -76.25   42.44     1.4    -4.0    -1.3    -1.3     0.0     8.56 C     4.4    -7.5    -1.5    83.1    49.7    71.4   0.303   0.320   0.327   0.318   0.342     3.4     4.0     4.9     6.1     7.8
64758 20171118  2.422  -76.25   42.44     7.7    -3.7     2.0     2.7     6.6     0.96 C     6.3    -5.5     1.7    90.1    51.8    72.7   0.310   0.324   0.329   0.318   0.342     3.1     3.4     4.3     5.7     7.7
64758 20171119  2.422  -76.25   42.44    10.9    -1.6     4.7     2.6     5.4     0.84 C     8.7    -3.4     1.6    87.5    61.4    78.4   0.328   0.338   0.345   0.329   0.370     4.1     4.3     4.8     5.7     7.5
64758 20171120  2.422  -76.25   42.44     2.5    -2.8    -0.2    -0.4     0.0     2.55 C     0.9    -5.7    -2.5    85.4    55.8    68.3   0.309   0.329   0.337   0.328   0.373     2.8     3.3     4.2     5.5     7.3
64758 20171121  2.422  -76.25   42.44    11.8    -0.9     5.4     6.0     0.0     8.46 C    12.2    -4.0     2.7    62.9    27.1    45.0   0.304   0.324   0.332   0.322   0.374     3.2     3.4     4.0     5.1     7.2
64758 20171122  2.422  -76.25   42.44     7.0    -2.9     2.1     1.1     1.6     1.73 C     4.4    -3.2     0.4    91.3    47.3    70.8   0.304   0.322   0.329   0.319   0.372     3.5     3.8     4.4     5.3     7.0
64758 20171123  2.422  -76.25   42.44     1.1    -3.6    -1.2    -1.3     0.0     4.95 C     7.7    -3.8    -0.5    73.8    56.2    65.5   0.300   0.319   0.327   0.318   0.362     2.4     2.9     3.8     5.0     6.9
64758 20171124  2.422  -76.25   42.44     9.3    -0.9     4.2     3.8     0.0     9.06 C    12.7    -3.2     2.6    72.7    34.9    51.6   0.298   0.317   0.324   0.318   0.343     3.2     3.4     3.9     4.9     6.7
64758 20171125  2.422  -76.25   42.44    12.1     2.9     7.5     6.2     1.0     4.00 C    15.6    -0.2     4.6    88.1    42.0    59.8   0.295   0.316   0.322   0.317   0.340     3.8     3.9     4.3     5.0     6.6
64758 20171126  2.422  -76.25   42.44     4.2    -0.2     2.0     0.8     0.6     1.60 C     2.2    -4.2    -0.1    86.1    61.4    70.9   0.297   0.316   0.320   0.313   0.343     3.5     3.8     4.4     5.2     6.5
64758 20171127  2.422  -76.25   42.44     3.0    -5.9    -1.5     0.2     0.0     2.55 C     4.1    -8.5    -1.0    86.2    58.4    69.1   0.294   0.314   0.320   0.316   0.346     2.8     3.2     4.0     5.0     6.5
64758 20171128  2.422  -76.25   42.44    11.7    -5.5     3.1     4.0     0.0     8.57 C    12.6    -7.4     2.2    86.2    38.6    62.0   0.293   0.311   0.317   0.315   0.328     2.6     2.8     3.5     4.6     6.4
64758 20171129  2.422  -76.25   42.44    10.5    -5.0     2.8     5.3     0.0     5.87 C    12.1    -8.5     3.0    86.6    40.7    56.2   0.290   0.310   0.316   0.312   0.317     3.8     3.9     4.2     4.8     6.3
64758 20171130  2.422  -76.25   42.44     7.8    -6.2     0.8     2.1     1.9     6.68 C    10.2    -8.8     0.7    89.4    44.2    71.5   0.289   0.308   0.314   0.309   0.314     2.7     3.0     3.7     4.8     6.2
64758 20171201  2.422  -76.25   42.44     5.1    -5.1     0.0     1.9     0.0     2.46 C     6.2    -7.6     0.1    90.4    55.3    73.4   0.293   0.310   0.315   0.309   0.314     3.4     3.6     4.1     4.8     6.2
64758 20171202  2.422  -76.25   42.44     4.1    -5.2    -0.5    -0.7     0.0     3.27 C     5.8    -7.7    -1.7    91.6    65.9    83.1   0.291   0.309   0.315   0.309   0.315     2.2     2.7     3.4     4.6     6.1
64758 20171203  2.422  -76.25   42.44     7.4    -4.0     1.7     0.6     0.0     6.96 C    11.4    -7.1    -0.3    92.2    52.5    82.2   0.288   0.309   0.314   0.310   0.319     2.4     2.8     3.4     4.3     6.0
64758 20171204  2.422  -76.25   42.44     7.9    -5.5     1.2     2.1     0.0     5.64 C    10.4    -8.0     0.7    94.1    57.1    76.5   0.288   0.307   0.313   0.310   0.316     2.1     2.4     3.1     4.2     5.9
64758 20171205  2.422  -76.25   42.44    10.3     6.0     8.1     8.5     2.3     0.44 C     8.5     2.9     6.8    85.9    61.0    76.7   0.290   0.307   0.312   0.308   0.315     4.2     4.1     4.1     4.3     5.8
64758 20171206  2.422  -76.25   42.44     6.7    -2.2     2.2     0.8     0.0     7.03 C     6.3    -6.2    -0.8    74.8    38.1    52.6   0.295   0.310   0.314   0.310   0.317     3.5     3.8     4.4     4.8     5.8
64758 20171207  2.422  -76.25   42.44     1.9    -3.4    -0.8    -0.4     1.1     1.82 C     6.3    -6.2    -1.4    85.5    36.1    59.1   0.293   0.309   0.315   0.309   0.314     2.4     2.8     3.6     4.6     5.9
64758 20171208  2.422  -76.25   42.44    -1.8    -5.6    -3.7    -3.6     0.2     5.50 C    -0.7   -10.5    -5.8    84.7    51.8    62.5   0.291   0.308   0.314   0.309   0.316     1.7     2.2     3.0     4.2     5.8
64758 20171209  2.422  -76.25   42.44    -2.0    -9.6    -5.8    -5.0     0.0     2.34 C    -1.0   -12.5    -6.3    78.8    52.8    66.4   0.288   0.307   0.313   0.308   0.314     1.1     1.6     2.5     3.8     5.6
64758 20171210  2.422  -76.25   42.44    -1.0    -8.4    -4.7    -3.0     0.2     2.10 C    -0.3    -9.9    -3.9    80.7    55.4    68.0   0.283   0.305   0.311   0.307   0.314     0.7     1.2     2.1     3.4     5.4
64758 20171211  2.422  -76.25   42.44    -1.6    -3.5    -2.5    -2.6     0.6     2.75 C    -0.2    -4.5    -3.3    79.2    60.7    70.5   0.284   0.304   0.310   0.306   0.314     0.8     1.2     2.0     3.2     5.2
64758 20171212  2.422  -76.25   42.44     1.3   -10.8    -4.8    -3.0     3.1     0.72 C     0.0   -15.2    -4.4    87.6    50.5    72.6   0.285   0.305   0.309   0.306   0.314     0.8     1.2     1.9     3.0     5.0
64758 20171213  2.422  -76.25   42.44    -7.9   -14.8   -11.4   -10.8     1.8     4.01 C    -9.4   -20.2   -12.3    79.5    48.8    63.2   0.287   0.309   0.308   0.306   0.314     0.4     0.9     1.7     2.9     4.9
64758 20171214  2.422  -76.25   42.44    -9.2   -19.4   -14.3   -12.2     1.5     6.01 C    -8.0   -26.5   -14.3    84.0    57.0    75.0   0.288   0.314   0.306   0.305   0.314     0.4     0.9     1.6     2.7     4.7
64758 20171215  2.422  -76.25   42.44    -5.6   -20.7   -13.1   -11.7     0.0     4.77 C    -5.2   -24.8   -14.0    80.5    57.6    71.4   0.288   0.314   0.306   0.305   0.313     0.4     0.9     1.5     2.7     4.5
64758 20171216  2.422  -76.25   42.44    -3.9    -6.3    -5.1    -5.3     2.3     2.56 C    -3.5    -8.9    -6.2    84.1    68.0    77.1   0.290   0.312   0.305   0.304   0.313     0.5     0.9     1.6     2.6     4.4
64758 20171217  2.422  -76.25   42.44    -3.7    -8.5    -6.1    -5.9     0.0     3.14 C    -4.8   -11.2    -7.0    77.4    66.7    72.1   0.288   0.305   0.306   0.304   0.312     0.8     1.1     1.6     2.6     4.3
64758 20171218  2.422  -76.25   42.44     4.2    -3.8     0.2     1.0     0.2     1.60 C     0.4    -5.0    -1.0    84.8    71.6    77.7   0.289   0.305   0.307   0.304   0.314     1.1     1.4     1.8     2.6     4.2
64758 20171219  2.422  -76.25   42.44     9.2     3.4     6.3     5.9     0.0     5.97 C     8.6    -0.5     2.8    80.9    48.4    66.5   0.304   0.320   0.324   0.312   0.335     1.6     1.7     2.0     2.7     4.2
64758 20171220  2.422  -76.25   42.44     4.3    -3.1     0.6    -0.5     0.0     2.31 C     2.4    -3.1    -1.5    68.8    49.7    57.9   0.302   0.323   0.330   0.319   0.360     1.1     1.4     2.0     2.8     4.1
64758 20171221  2.422  -76.25   42.44    -1.8    -5.5    -3.7    -3.9     0.3     6.26 C     6.4    -6.4    -2.9    73.1    53.5    63.6   0.303   0.318   0.325   0.315   0.361     0.6     0.9     1.6     2.6     4.1
64758 20171222  2.422  -76.25   42.44     2.0    -4.6    -1.3    -0.8     3.0     0.63 C     1.4    -4.3    -1.2    89.4    64.8    79.8   0.299   0.316   0.322   0.313   0.362     0.5     0.9     1.5     2.4     4.1
64758 20171223  2.422  -76.25   42.44     5.2    -1.7     1.8     1.6    15.7     0.27 C     5.3    -1.8     1.3    91.8    84.2    88.9   0.327   0.348   0.369   0.342   0.366     1.1     1.3     1.7     2.3     4.0
64758 20171224  2.422  -76.25   42.44    -0.6    -3.0    -1.8    -1.7     0.4     4.03 C     2.1    -4.4    -2.2    87.7    63.0    75.0   0.325   0.350   0.392   0.359   0.373     1.0     1.3     1.7     2.4     4.0
64758 20171225  2.422  -76.25   42.44     0.0    -8.1    -4.1    -3.9     1.2     3.49 C    -1.3   -16.0    -6.0    86.7    44.5    63.8   0.320   0.345   0.379   0.360   0.373     0.7     1.0     1.6     2.4     3.9
64758 20171226  2.422  -76.25   42.44    -8.0   -14.9   -11.5   -11.0     1.9     4.90 C    -8.7   -23.8   -13.0    78.2    48.7    63.6   0.313   0.343   0.359   0.359   0.373     0.3     0.7     1.3     2.3     3.9
64758 20171227  2.422  -76.25   42.44   -10.5   -15.5   -13.0   -12.8     0.0     6.39 C    -9.7   -22.9   -15.6    73.5    44.6    54.5 -99.000   0.338   0.344   0.346   0.374     0.2     0.5     1.1     2.1     3.8
64758 20171228  2.422  -76.25   42.44   -13.4   -18.1   -15.7   -15.7     0.0     6.40 C   -12.0   -23.6   -17.1    77.0    60.6    69.8 -99.000   0.330   0.333   0.323   0.374     0.0     0.4     1.1     2.0     3.7
64758 20171229  2.422  -76.25   42.44   -11.3   -23.3   -17.3   -15.7     1.4     4.57 C   -10.2   -28.7   -17.4    80.5    58.5    74.9 -99.000   0.321   0.324   0.318   0.374     0.0     0.4     1.0     1.9     3.6
64758 20171230  2.422  -76.25   42.44    -8.3   -17.2   -12.7   -11.8     3.3     3.72 C    -7.9   -22.7   -13.2    81.6    60.4    73.8 -99.000   0.318   0.319   0.316   0.374    -0.1     0.3     0.9     1.8     3.5
64758 20171231  2.422  -76.25   42.44   -13.0   -23.1   -18.0   -16.9     2.0     4.22 C   -13.2   -31.1   -19.4    79.6    65.9    73.3 -99.000   0.316   0.315   0.314   0.374    -0.1     0.3     0.9     1.7     3.4
