63831 20170101  2.422  -89.07   32.34    19.7    15.8    17.8    17.6    27.1     1.81 C    20.6    15.1    17.2    98.2    92.1    96.4   0.348   0.299   0.318   0.484 -99.000    14.5    14.1    14.3    15.0 -9999.0
63831 20170102  2.422  -89.07   32.34    18.9    14.3    16.6    16.9    43.0     3.22 C    23.2    13.2    16.8    97.7    84.7    94.5   0.351   0.302   0.321   0.470 -99.000    15.9    15.5    15.7    15.8 -9999.0
63831 20170103  2.422  -89.07   32.34    21.8     9.9    15.8    15.5     0.0     9.74 C    24.3     9.7    15.1    98.3    42.4    82.3   0.343   0.290   0.316   0.419 -99.000    15.6    15.5    15.7    16.2 -9999.0
63831 20170104  2.422  -89.07   32.34    13.2     0.6     6.9     8.6     0.0     6.06 C    16.7     1.9     9.6    90.4    45.5    70.9   0.331   0.278   0.312   0.390 -99.000    14.0    14.3    14.5    16.2 -9999.0
63831 20170105  2.422  -89.07   32.34    10.6    -0.9     4.8     5.1     0.4     3.94 C    13.8     1.1     7.3    97.2    68.3    86.7   0.326   0.273   0.308   0.382 -99.000    12.1    12.3    12.5    15.3 -9999.0
63831 20170106  2.422  -89.07   32.34     3.6    -3.7    -0.1    -0.5    10.8     1.51 C     5.7    -2.3     2.0    92.5    73.8    87.0   0.336   0.287   0.314   0.390 -99.000    10.1    10.7    11.0    14.5 -9999.0
63831 20170107  2.422  -89.07   32.34     1.3    -7.8    -3.3    -4.0     0.0    14.81 C     7.1    -6.9    -2.0    77.3    30.8    57.4   0.340   0.289   0.316   0.395 -99.000     7.2     7.9     8.3    13.0 -9999.0
63831 20170108  2.422  -89.07   32.34     3.1    -9.5    -3.2    -3.2     0.0    11.41 C    11.3    -6.4    -0.2    87.5    33.1    60.4   0.333   0.278   0.312   0.384 -99.000     6.2     6.6     6.9    11.6 -9999.0
63831 20170109  2.422  -89.07   32.34    11.9    -6.3     2.8     3.5     0.0     9.49 C    18.5    -4.7     4.5    89.4    42.4    66.1   0.328   0.273   0.309   0.378 -99.000     6.7     6.8     7.0    10.8 -9999.0
63831 20170110  2.422  -89.07   32.34    19.6     9.6    14.6    14.2     0.0     4.60 C    17.8     8.2    12.4    86.4    60.5    74.0   0.324   0.270   0.308   0.376 -99.000     9.5     9.2     9.4    11.0 -9999.0
63831 20170111  2.422  -89.07   32.34    23.0    16.4    19.7    18.5     0.6     6.10 C    24.8    13.5    17.1    95.3    61.3    83.4   0.320   0.270   0.307   0.374 -99.000    12.4    11.9    12.0    12.1 -9999.0
63831 20170112  2.422  -89.07   32.34    23.9    15.8    19.8    19.0     0.0     6.55 C    26.3    13.4    18.0    98.1    57.4    83.8   0.321   0.271   0.308   0.376 -99.000    14.3    13.9    14.0    13.4 -9999.0
63831 20170113  2.422  -89.07   32.34    25.1    10.8    18.0    17.9     0.0     8.55 C    27.3    10.4    17.7    98.5    37.0    85.7   0.319   0.269   0.307   0.376 -99.000    15.3    15.0    15.0    14.5 -9999.0
63831 20170114  2.422  -89.07   32.34    23.9     7.8    15.8    14.3     0.0    11.23 C    29.3     8.3    14.7    99.2    41.6    81.9   0.316   0.265   0.306   0.375 -99.000    14.7    14.6    14.8    15.0 -9999.0
63831 20170115  2.422  -89.07   32.34    23.4     6.6    15.0    14.3     0.0    10.16 C    28.8     6.7    14.6    98.4    45.4    82.6   0.311   0.263   0.305   0.373 -99.000    14.5    14.4    14.6    15.2 -9999.0
63831 20170116  2.422  -89.07   32.34    24.4    12.7    18.5    18.5     0.0     8.37 C    27.0    10.8    16.9    97.7    51.9    78.1   0.310   0.261   0.302   0.373 -99.000    15.2    14.9    15.1    15.4 -9999.0
63831 20170117  2.422  -89.07   32.34    25.7    14.3    20.0    20.0     0.0     8.57 C    29.3    13.9    19.0    96.9    52.3    79.7   0.307   0.259   0.302   0.372 -99.000    16.4    16.1    16.2    15.9 -9999.0
63831 20170118  2.422  -89.07   32.34    24.0    13.7    18.9    18.6     5.0     6.01 C    27.6    12.7    18.8    98.0    61.9    87.4   0.306   0.258   0.301   0.371 -99.000    16.8    16.5    16.6    16.4 -9999.0
63831 20170119  2.422  -89.07   32.34    19.4    11.6    15.5    17.4    41.6     0.82 C    19.1    11.1    17.3    98.6    91.8    95.8   0.343   0.296   0.319   0.445 -99.000    17.2    16.9    17.1    17.2 -9999.0
63831 20170120  2.422  -89.07   32.34    24.4    11.0    17.7    17.2     0.0    11.54 C    26.3    11.0    17.0    98.9    42.1    81.8   0.344   0.295   0.317   0.448 -99.000    16.8    16.6    16.7    17.2 -9999.0
63831 20170121  2.422  -89.07   32.34    22.4    13.9    18.2    17.5    56.4    11.59 C    28.8    13.8    18.3    97.9    52.8    82.9   0.348   0.299   0.323   0.462 -99.000    17.0    16.8    16.8    17.2 -9999.0
63831 20170122  2.422  -89.07   32.34    17.0    10.0    13.5    12.6    19.6     6.10 C    22.3    11.1    13.6    98.5    54.0    89.2   0.356   0.307   0.328   0.487 -99.000    15.8    16.2    16.2    17.3 -9999.0
63831 20170123  2.422  -89.07   32.34    15.7     3.5     9.6    11.0     0.0    14.48 C    20.3     3.7    11.9    97.4    53.8    76.5   0.348   0.296   0.323   0.453 -99.000    14.4    14.9    14.9    16.7 -9999.0
63831 20170124  2.422  -89.07   32.34    19.5     0.0     9.7     8.8     0.0    15.32 C    24.5     1.1    10.2    99.1    35.1    75.4   0.333   0.279   0.316   0.395 -99.000    13.3    13.6    13.7    16.0 -9999.0
63831 20170125  2.422  -89.07   32.34    23.2     6.0    14.6    15.4     3.4     9.40 C    26.2     5.2    14.9    97.8    60.6    83.0   0.329   0.278   0.314   0.387 -99.000    14.1    14.0    14.1    15.6 -9999.0
63831 20170126  2.422  -89.07   32.34    14.7     0.3     7.5     8.3     0.0    15.04 C    21.2     0.8     9.3    95.8    38.7    61.4   0.329   0.279   0.315   0.388 -99.000    13.7    14.1    14.3    15.8 -9999.0
63831 20170127  2.422  -89.07   32.34 -9999.0 -9999.0 -9999.0 -9999.0     0.0 -9999.00 U -9999.0 -9999.0 -9999.0 -9999.0 -9999.0 -9999.0 -99.000 -99.000 -99.000 -99.000 -99.000 -9999.0 -9999.0 -9999.0 -9999.0 -9999.0
63831 20170128  2.422  -89.07   32.34    13.0    -2.8     5.1     4.7     0.0    14.17 C    17.8    -2.4     5.3    96.5    20.2    60.3   0.319   0.267   0.309   0.376 -99.000    10.2    10.6    10.8    14.1 -9999.0
63831 20170129  2.422  -89.07   32.34    15.6    -1.7     7.0     6.1     0.0    15.13 C    19.1    -2.0     5.6    90.2    24.6    60.8   0.314   0.263   0.307   0.373 -99.000     9.7    10.1    10.3    13.4 -9999.0
63831 20170130  2.422  -89.07   32.34    20.1    -1.4     9.4     8.7     0.0    15.14 C    24.1    -1.5     8.2    95.0    24.5    62.4   0.310   0.259   0.304   0.369 -99.000    10.1    10.3    10.4    13.0 -9999.0
63831 20170131  2.422  -89.07   32.34    24.1     3.3    13.7    14.7     0.0    15.13 C    25.3     1.5    11.3    91.2    21.0    52.4   0.305   0.256   0.300   0.368 -99.000    11.2    11.2    11.4    13.0 -9999.0
63831 20170201  2.422  -89.07   32.34    22.9     7.6    15.2    14.2     0.0    12.10 C    27.6     5.1    12.5    98.3    39.9    75.6   0.302   0.253   0.298   0.368 -99.000    12.2    12.1    12.3    13.4 -9999.0
63831 20170202  2.422  -89.07   32.34    22.7     6.2    14.5    13.2     0.5     9.81 C    27.9     7.3    13.6    98.9    62.0    85.2   0.299   0.251   0.297   0.366 -99.000    13.1    13.0    13.1    13.9 -9999.0
63831 20170203  2.422  -89.07   32.34    12.7     1.1     6.9     7.0     0.0    12.13 C    19.7    -0.2     8.5    95.5    39.0    66.5   0.296   0.249   0.296   0.366 -99.000    12.4    12.7    12.9    14.2 -9999.0
63831 20170204  2.422  -89.07   32.34    14.3    -1.4     6.4     6.1     0.0    15.48 C    22.3    -1.9     7.6    71.0    23.9    45.0   0.291   0.246   0.292   0.363 -99.000    11.0    11.2    11.4    13.7 -9999.0
63831 20170205  2.422  -89.07   32.34    11.4     8.3     9.9     9.9     0.0     3.98 C    17.2     5.9    10.2    91.5    44.3    74.4   0.288   0.244   0.291   0.363 -99.000    11.6    11.6    11.8    13.5 -9999.0
63831 20170206  2.422  -89.07   32.34    23.5     8.6    16.1    16.1     0.0     7.56 C    25.2     7.2    14.9    99.0    44.5    79.6   0.288   0.244   0.291   0.362 -99.000    13.0    12.7    12.9    13.7 -9999.0
63831 20170207  2.422  -89.07   32.34    21.5    13.9    17.7    17.8    24.0     3.40 C    22.7    12.0    16.3    98.5    78.3    89.5   0.320   0.277   0.307   0.432 -99.000    14.8    14.3    14.6    14.5 -9999.0
63831 20170208  2.422  -89.07   32.34    24.9    12.2    18.5    19.4     0.0     9.33 C    27.0    10.6    18.2    98.8    56.8    80.1   0.333   0.290   0.311   0.449 -99.000    15.8    15.3    15.4    15.1 -9999.0
63831 20170209  2.422  -89.07   32.34    12.3     1.3     6.8     6.5     0.0    15.66 C    18.8     1.7     8.4    93.4    37.7    65.1   0.324   0.276   0.308   0.391 -99.000    13.7    14.2    14.3    15.5 -9999.0
63831 20170210  2.422  -89.07   32.34    22.6    -1.1    10.7    11.3     0.0    16.78 C    24.5    -0.1    10.8    97.7    19.4    63.4   0.317   0.268   0.305   0.381 -99.000    12.5    12.7    12.8    14.8 -9999.0
63831 20170211  2.422  -89.07   32.34    23.5    14.3    18.9    19.3     0.0     4.91 C    24.1    11.4    17.7    90.5    70.8    83.4   0.313   0.265   0.304   0.378 -99.000    14.8    14.4    14.5    14.9 -9999.0
63831 20170212  2.422  -89.07   32.34    27.2    15.3    21.2    20.8     0.0     9.40 C    29.6    12.5    19.6    96.3    52.6    75.2   0.310   0.262   0.304   0.377 -99.000    16.7    16.2    16.3    15.6 -9999.0
63831 20170213  2.422  -89.07   32.34    19.9     6.3    13.1    13.0     0.0    16.62 C    26.9     6.2    13.4    79.9    19.3    48.0   0.305   0.257   0.300   0.374 -99.000    15.7    15.8    16.0    16.3 -9999.0
63831 20170214  2.422  -89.07   32.34    23.6     4.1    13.8    14.5     0.5    12.14 C    27.3     5.1    14.5    93.6    36.4    68.8   0.299   0.252   0.297   0.372 -99.000    15.0    14.9    15.1    16.1 -9999.0
63831 20170215  2.422  -89.07   32.34    18.6     4.5    11.5    10.7     0.0    12.59 C    22.4     2.7    11.3    93.7    37.4    68.8   0.293   0.249   0.295   0.370 -99.000    14.8    15.0    15.2    16.1 -9999.0
63831 20170216  2.422  -89.07   32.34    18.1    -1.8     8.2     7.2     0.0    18.05 C    26.2    -1.5     8.9    97.3    20.7    62.9   0.284   0.245   0.292   0.366 -99.000    13.1    13.4    13.6    15.6 -9999.0
63831 20170217  2.422  -89.07   32.34    17.5    -0.8     8.3     9.3     0.6     9.18 C    22.6     0.0     9.4    96.4    36.1    66.8   0.280   0.241   0.289   0.363 -99.000    12.5    12.7    12.9    15.1 -9999.0
63831 20170218  2.422  -89.07   32.34    18.7     7.7    13.2    12.2     0.3     7.00 C    25.8     7.1    13.0    98.8    65.1    88.8   0.281   0.242   0.289   0.361 -99.000    13.6    13.5    13.7    14.9 -9999.0
63831 20170219  2.422  -89.07   32.34    25.9     5.3    15.6    14.9     0.0    17.12 C    31.6     5.3    15.7    99.0    42.1    78.8   0.278   0.240   0.289   0.361 -99.000    14.7    14.4    14.5    15.1 -9999.0
63831 20170220  2.422  -89.07   32.34    26.9     9.0    18.0    18.3     0.0    14.91 C    30.4     8.3    16.9    97.5    33.2    66.3   0.272   0.236   0.287   0.361 -99.000    15.7    15.4    15.5    15.7 -9999.0
63831 20170221  2.422  -89.07   32.34    19.2    11.6    15.4    15.6    14.4     4.25 C    26.8    11.4    15.9    98.6    57.7    92.1   0.313   0.272   0.302   0.357 -99.000    16.1    15.9    16.1    16.2 -9999.0
63831 20170222  2.422  -89.07   32.34    20.4     9.9    15.2    14.4     0.0     8.37 C    27.3     9.8    15.4   100.0    66.8    91.5   0.319   0.277   0.306   0.362 -99.000    15.9    15.8    15.9    16.3 -9999.0
63831 20170223  2.422  -89.07   32.34    25.7     8.4    17.1    16.3     0.0    15.73 C    30.7     9.2    17.1   100.0    47.5    82.8   0.311   0.267   0.303   0.368 -99.000    16.4    16.1    16.2    16.5 -9999.0
63831 20170224  2.422  -89.07   32.34    26.7    10.0    18.4    19.1     0.0    15.97 C    28.7     8.9    17.8    98.4    43.9    72.2   0.302   0.259   0.301   0.372 -99.000    17.1    16.8    16.9    16.9 -9999.0
63831 20170225  2.422  -89.07   32.34    18.8    -0.2     9.3    10.6     0.0    19.49 C    22.2     0.2    11.0    89.1    26.2    52.2   0.292   0.250   0.296   0.372 -99.000    15.7    16.1    16.3    17.1 -9999.0
63831 20170226  2.422  -89.07   32.34    20.2    -1.8     9.2     9.2     0.0    19.29 C    25.4    -1.1     9.7    93.0    16.4    48.3   0.283   0.243   0.291   0.377 -99.000    13.8    14.1    14.3    16.4 -9999.0
63831 20170227  2.422  -89.07   32.34    17.4    10.6    14.0    14.0    23.5     3.11 C    20.6     6.4    13.6    96.8    47.5    86.6   0.327   0.276   0.310   0.445 -99.000    14.3    14.3    14.4    15.9 -9999.0
63831 20170228  2.422  -89.07   32.34    27.1    15.4    21.2    20.4     0.0     8.41 C    28.4    14.9    19.3    97.4    51.6    82.2   0.339   0.287   0.312   0.467 -99.000    16.3    15.8    15.9    16.1 -9999.0
63831 20170301  2.422  -89.07   32.34    27.3    11.6    19.5    20.5     1.4     8.46 C    28.7     8.6    19.0    90.8    42.8    70.7   0.325   0.279   0.309   0.411 -99.000    17.9    17.5    17.6    17.0 -9999.0
63831 20170302  2.422  -89.07   32.34    16.5     2.2     9.3    10.1     0.0    20.21 C    23.4     2.0    10.5    91.3    21.2    45.0   0.308   0.270   0.306   0.404 -99.000    15.4    15.8    16.0    17.2 -9999.0
63831 20170303  2.422  -89.07   32.34    18.4    -1.2     8.6     8.2     0.0    20.42 C    24.7    -0.4     9.4    97.3    17.6    58.6   0.298   0.261   0.301   0.396 -99.000    13.9    14.4    14.5    16.5 -9999.0
63831 20170304  2.422  -89.07   32.34    19.5    -1.6     8.9     9.3     0.0    17.99 C    24.0    -0.6    10.3    96.5    18.0    55.8   0.290   0.254   0.298   0.392 -99.000    13.4    13.8    13.9    15.9 -9999.0
63831 20170305  2.422  -89.07   32.34    17.3     9.2    13.2    13.3     0.2     5.22 C    20.8     9.3    13.1    93.2    48.6    71.5   0.286   0.250   0.295   0.387 -99.000    14.0    14.0    14.2    15.7 -9999.0
63831 20170306  2.422  -89.07   32.34    25.2    14.4    19.8    18.7     0.0     9.59 C    29.4    12.4    17.3    86.2    46.7    69.8   0.284   0.249   0.294   0.386 -99.000    15.4    15.1    15.2    15.8 -9999.0
63831 20170307  2.422  -89.07   32.34    24.1    11.1    17.6    17.2    38.3     3.81 C    28.0    10.0    16.6    95.6    69.8    87.6   0.307   0.268   0.305   0.420 -99.000    16.3    16.1    16.2    16.5 -9999.0
63831 20170308  2.422  -89.07   32.34    22.0     2.5    12.3    12.4     0.0    21.23 C    27.1     2.6    13.3    98.9    18.2    62.2   0.334   0.290   0.314   0.458 -99.000    15.4    15.5    15.6    16.5 -9999.0
63831 20170309  2.422  -89.07   32.34    25.1     6.5    15.8    16.2     0.0    11.90 C    30.1     7.5    16.9    94.7    46.2    75.8   0.315   0.274   0.307   0.405 -99.000    16.0    15.8    15.9    16.5 -9999.0
63831 20170310  2.422  -89.07   32.34    22.6    10.4    16.5    17.3     5.9    15.07 C    28.6     9.2    17.6    97.8    39.4    71.8   0.326   0.284   0.313   0.416 -99.000    17.4    17.2    17.3    17.0 -9999.0
63831 20170311  2.422  -89.07   32.34    12.1     5.0     8.6     8.5    12.7     7.39 C    17.5     6.9    10.1    95.3    47.7    69.1   0.322   0.279   0.312   0.414 -99.000    15.1    15.6    15.7    17.2 -9999.0
63831 20170312  2.422  -89.07   32.34    14.4     2.7     8.6     6.9     8.3    18.70 C    23.2     4.3    10.2    95.8    42.0    74.7   0.345   0.299   0.323   0.484 -99.000    13.0    13.8    13.5    15.7 -9999.0
63831 20170313  2.422  -89.07   32.34    10.7     3.2     7.0     7.6     7.5     2.45 C    15.7     4.0     9.1    98.3    86.9    91.9   0.338   0.296   0.321   0.450 -99.000    12.8    13.3    13.4    15.6 -9999.0
63831 20170314  2.422  -89.07   32.34     7.4     1.9     4.7     5.0     0.0     5.67 C    13.7     1.4     6.6    97.7    64.1    78.2   0.337   0.294   0.318   0.450 -99.000    11.5    12.1    12.3    15.0 -9999.0
63831 20170315  2.422  -89.07   32.34     9.6    -1.4     4.1     2.9     0.0    22.05 C    21.2    -1.0     6.6    92.6    24.9    60.9   0.323   0.277   0.313   0.406 -99.000    11.0    11.6    11.7    14.2 -9999.0
63831 20170316  2.422  -89.07   32.34    11.9    -1.8     5.0     5.0     0.0     9.56 C    19.0     0.0     7.4    94.5    30.9    64.3   0.316   0.271   0.309   0.398 -99.000    11.1    11.5    11.6    14.0 -9999.0
63831 20170317  2.422  -89.07   32.34    22.8     2.1    12.4    13.8     0.0    12.93 C    27.3     2.7    13.6    93.2    43.4    68.2   0.311   0.266   0.307   0.394 -99.000    12.4    12.3    12.4    13.9 -9999.0
63831 20170318  2.422  -89.07   32.34    22.5     9.1    15.8    16.8     0.0     9.84 C    25.2     7.6    15.5    98.1    64.1    81.1   0.306   0.262   0.305   0.392 -99.000    14.5    14.2    14.3    14.5 -9999.0
63831 20170319  2.422  -89.07   32.34    25.1     4.9    15.0    14.9     0.0    21.52 C    31.8     4.5    16.0    98.8    25.3    62.6   0.299   0.257   0.301   0.391 -99.000    15.2    15.0    15.1    15.2 -9999.0
63831 20170320  2.422  -89.07   32.34    28.9     8.6    18.7    19.1     0.0    21.23 C    32.6     9.1    18.8    91.4    30.7    62.5   0.289   0.249   0.296   0.389 -99.000    17.0    16.6    16.7    16.0 -9999.0
63831 20170321  2.422  -89.07   32.34    29.7    11.9    20.8    19.9     0.0    21.68 C    33.5    11.0    19.1    97.3    22.9    65.3   0.277   0.242   0.291   0.389 -99.000    17.9    17.6    17.7    16.9 -9999.0
63831 20170322  2.422  -89.07   32.34    26.2    10.7    18.5    18.4     0.0    19.93 C    34.8    10.3    19.0    95.0    42.0    66.3   0.266   0.234   0.286   0.390 -99.000    18.4    18.1    18.2    17.5 -9999.0
63831 20170323  2.422  -89.07   32.34    28.1     8.8    18.5    19.6     0.0    20.73 C    35.3     8.5    19.6    82.9    34.3    54.4   0.255   0.227   0.281   0.389 -99.000    18.8    18.4    18.5    18.0 -9999.0
63831 20170324  2.422  -89.07   32.34    24.6    18.2    21.4    20.6     0.0     9.74 C    28.3    16.5    19.9    83.3    58.4    73.2   0.246   0.220   0.276   0.387 -99.000    19.1    18.9    19.0    18.5 -9999.0
63831 20170325  2.422  -89.07   32.34    19.3    14.2    16.7    16.4    14.1     4.42 C    22.4    13.4    16.5    95.8    81.9    90.5   0.280   0.243   0.285   0.385 -99.000    18.1    18.1    18.2    18.6 -9999.0
63831 20170326  2.422  -89.07   32.34    27.2    14.4    20.8    19.9     0.0    14.82 C    32.0    14.2    19.9    97.1    42.0    77.4   0.288   0.254   0.294   0.385 -99.000    18.8    18.3    18.4    18.4 -9999.0
63831 20170327  2.422  -89.07   32.34    28.2    16.5    22.4    20.7    24.8    13.95 C    30.7    15.5    20.6    97.3    43.1    81.6   0.291   0.263   0.302   0.420 -99.000    19.7    19.3    19.5    19.1 -9999.0
63831 20170328  2.422  -89.07   32.34    27.8    18.2    23.0    22.2     0.0    18.27 C    34.2    17.4    23.0    95.8    47.7    78.3   0.324   0.287   0.315   0.475 -99.000    21.1    20.5    20.5    19.5 -9999.0
63831 20170329  2.422  -89.07   32.34    28.5    17.9    23.2    22.6     0.0    18.45 C    32.2    16.9    22.3    96.0    39.9    69.5   0.312   0.270   0.308   0.413 -99.000    21.7    21.2    21.4    20.2 -9999.0
63831 20170330  2.422  -89.07   32.34    22.3    13.9    18.1    18.3     9.3     8.00 C    25.2    12.1    18.0    97.0    54.1    78.4   0.328   0.285   0.315   0.449 -99.000    20.4    20.3    20.5    20.6 -9999.0
63831 20170331  2.422  -89.07   32.34    25.4     9.0    17.2    17.0     0.0    23.78 C    29.5     9.4    18.0   100.0    35.8    73.9   0.319   0.275   0.311   0.416 -99.000    19.9    19.7    19.8    20.1 -9999.0
63831 20170401  2.422  -89.07   32.34    27.5     8.8    18.1    18.3     0.0    23.54 C    33.7     8.8    19.0    97.0    32.8    67.0   0.303   0.261   0.305   0.405 -99.000    20.4    20.2    20.3    20.2 -9999.0
63831 20170402  2.422  -89.07   32.34    26.6    10.3    18.5    19.2    60.3    14.08 C    27.4    10.2    18.6    96.5    38.1    72.0   0.296   0.259   0.303   0.409 -99.000    20.1    20.0    20.1    20.4 -9999.0
63831 20170403  2.422  -89.07   32.34    24.8    12.2    18.5    18.1    67.6    16.93 C    29.8    11.6    18.4    96.4    47.5    80.0   0.336   0.293   0.322   0.484 -99.000    19.7    19.7    19.6    20.0 -9999.0
63831 20170404  2.422  -89.07   32.34    28.9    10.6    19.7    19.6     0.0    24.32 C    33.5    10.3    20.0    97.8    26.1    65.9   0.318   0.279   0.313   0.431 -99.000    20.6    20.3    20.4    20.3 -9999.0
63831 20170405  2.422  -89.07   32.34    28.9    12.6    20.7    20.8     0.5    19.46 C    30.9    10.1    20.3    96.5    29.9    64.5   0.304   0.265   0.307   0.410 -99.000    21.4    21.2    21.4    20.8 -9999.0
63831 20170406  2.422  -89.07   32.34    18.6     5.9    12.3    12.7     0.0    25.04 C    26.1     5.6    13.4    94.1    30.4    56.2   0.291   0.253   0.299   0.402 -99.000    18.7    19.1    19.3    20.7 -9999.0
63831 20170407  2.422  -89.07   32.34    20.1     3.8    11.9    11.4     0.0    25.65 C    29.1     2.7    13.1    96.7    22.9    61.2   0.280   0.244   0.293   0.397 -99.000    17.9    18.1    18.3    19.9 -9999.0
63831 20170408  2.422  -89.07   32.34    23.1     1.6    12.4    12.4     0.0    25.37 C    32.5     1.7    15.0    97.5    22.9    63.3   0.271   0.236   0.287   0.393 -99.000    18.3    18.2    18.4    19.4 -9999.0
63831 20170409  2.422  -89.07   32.34    25.9     6.2    16.0    16.8     0.0    24.80 C    31.8     6.0    17.4    95.4    28.5    60.9   0.262   0.229   0.282   0.392 -99.000    19.2    18.9    19.2    19.6 -9999.0
63831 20170410  2.422  -89.07   32.34    25.5     7.9    16.7    17.3     0.0    19.80 C    33.2     6.9    18.1    96.8    47.2    74.7   0.252   0.221   0.276   0.391 -99.000    19.7    19.4    19.6    19.8 -9999.0
63831 20170411  2.422  -89.07   32.34    25.5    12.1    18.8    18.6     0.0    15.24 C    33.3    11.8    20.0    97.1    47.0    80.4   0.245   0.217   0.272   0.389 -99.000    20.6    20.2    20.3    20.1 -9999.0
63831 20170412  2.422  -89.07   32.34    27.2    14.0    20.6    20.1     0.6    21.02 C    34.9    13.7    22.0    97.4    39.3    77.1   0.239   0.213   0.269   0.388 -99.000    21.9    21.3    21.5    20.6 -9999.0
63831 20170413  2.422  -89.07   32.34    28.6    11.4    20.0    19.6     0.0    20.57 C    36.6    11.0    21.1    97.8    33.7    76.5   0.229   0.207   0.263   0.388 -99.000    22.2    21.7    21.9    21.2 -9999.0
63831 20170414  2.422  -89.07   32.34    27.8    12.1    19.9    19.7     0.0    21.25 C    33.4    11.6    20.3    97.7    32.7    70.2   0.219   0.200   0.258   0.387 -99.000    22.1    21.7    22.0    21.6 -9999.0
63831 20170415  2.422  -89.07   32.34    27.3    11.3    19.3    19.1     0.9    17.45 C    33.6    10.9    20.1    96.9    46.0    79.7   0.208   0.194   0.251   0.387 -99.000    21.8    21.5    21.6    21.6 -9999.0
63831 20170416  2.422  -89.07   32.34    26.9    14.6    20.7    20.1     1.0    18.46 C    34.7    13.0    21.9    97.9    46.9    81.0   0.201   0.190   0.248   0.387 -99.000    22.5    22.0    22.2    21.8 -9999.0
63831 20170417  2.422  -89.07   32.34    25.9    14.8    20.4    19.0     0.2    12.10 C    34.2    14.4    20.5    98.5    57.4    90.4   0.195   0.186   0.245   0.386 -99.000    22.4    22.0    22.2    22.0 -9999.0
63831 20170418  2.422  -89.07   32.34    27.8    14.6    21.2    20.2     0.0    19.67 C    36.1    14.1    21.9    98.1    44.5    80.1   0.190   0.183   0.242   0.385 -99.000    22.7    22.1    22.3    22.1 -9999.0
63831 20170419  2.422  -89.07   32.34    28.8    12.5    20.6    20.4     0.0    20.78 C    38.0    11.6    22.0    98.0    39.4    74.3   0.180   0.177   0.238   0.386 -99.000    22.9    22.4    22.6    22.3 -9999.0
63831 20170420  2.422  -89.07   32.34    29.1    14.0    21.5    21.3     0.0    22.11 C    40.6    13.0    24.0   100.0    40.8    77.6   0.169   0.169   0.233   0.389 -99.000    23.6    23.0    23.3    22.5 -9999.0
63831 20170421  2.422  -89.07   32.34    29.4    14.5    21.9    22.4     0.0    23.78 C    42.5    13.7    24.9    97.7    44.4    71.6   0.156   0.161   0.226   0.389 -99.000    24.2    23.7    23.9    23.0 -9999.0
63831 20170422  2.422  -89.07   32.34    27.8    14.6    21.2    20.3    24.4    17.25 C    41.0    13.8    23.1    97.2    53.3    81.4   0.172   0.170   0.227   0.386 -99.000    23.7    23.5    23.7    23.3 -9999.0
63831 20170423  2.422  -89.07   32.34    15.0    11.5    13.2    12.9     0.7     6.60 C    22.7    11.5    14.6    94.8    72.1    83.9   0.258   0.236   0.267   0.383 -99.000    20.5    20.9    21.1    22.9 -9999.0
63831 20170424  2.422  -89.07   32.34    20.7     9.2    15.0    14.4     0.0    15.00 C    30.9     8.7    16.1    97.4    55.2    80.3   0.243   0.226   0.265   0.380 -99.000    19.4    19.5    19.7    21.7 -9999.0
63831 20170425  2.422  -89.07   32.34    26.7     7.7    17.2    17.8     0.0    26.37 C    36.6     7.2    20.4    97.7    37.9    71.3   0.230   0.218   0.262   0.377 -99.000    20.8    20.4    20.6    21.3 -9999.0
63831 20170426  2.422  -89.07   32.34    28.2    12.8    20.5    20.8    12.5    23.50 C    37.3    11.4    22.8    97.1    48.0    73.8   0.217   0.208   0.256   0.378 -99.000    22.2    21.6    21.9    21.7 -9999.0
63831 20170427  2.422  -89.07   32.34    24.0    14.0    19.0    18.2     0.4    22.16 C    35.5    14.2    21.9    96.9    51.7    82.3   0.257   0.234   0.272   0.379 -99.000    22.7    22.4    22.6    22.2 -9999.0
63831 20170428  2.422  -89.07   32.34    30.7    13.3    22.0    23.8     0.0    17.38 C    36.3    13.7    24.4    97.5    52.8    79.1   0.240   0.224   0.269   0.378 -99.000    23.3    22.7    22.9    22.6 -9999.0
63831 20170429  2.422  -89.07   32.34    29.7    23.2    26.5    25.6     0.0    14.14 C    36.3    21.5    25.7    86.3    55.6    74.8   0.228   0.216   0.264   0.379 -99.000    24.2    23.6    23.8    23.1 -9999.0
63831 20170430  2.422  -89.07   32.34    24.1    15.4    19.8    20.7    55.5     0.77 C    22.9    14.8    20.3    95.9    75.7    88.5   0.290   0.257   0.290   0.438 -99.000    22.3    22.3    22.3    23.0 -9999.0
63831 20170501  2.422  -89.07   32.34    24.0    10.6    17.3    17.1     0.0    27.85 C    33.2    10.6    19.0    97.7    26.8    59.2   0.327   0.285   0.314   0.479 -99.000    21.4    21.3    21.5    22.4 -9999.0
63831 20170502  2.422  -89.07   32.34    27.9     9.1    18.5    18.6     0.0    24.98 C    37.5     9.4    21.5    96.9    38.4    72.9   0.303   0.270   0.309   0.427 -99.000    22.2    21.9    22.1    22.4 -9999.0
63831 20170503  2.422  -89.07   32.34    26.4    12.3    19.3    18.3    21.3    11.26 C    32.2    12.1    19.0    97.4    45.9    82.7   0.301   0.269   0.310   0.416 -99.000    21.8    21.8    22.0    22.6 -9999.0
63831 20170504  2.422  -89.07   32.34    17.5     9.6    13.6    13.8     1.9     7.55 C    22.6     9.6    15.1    94.1    71.7    85.7   0.340   0.301   0.326   0.472 -99.000    19.5    19.9    20.0    21.9 -9999.0
63831 20170505  2.422  -89.07   32.34    21.1     7.8    14.4    13.4     0.0    18.79 C    29.1     7.5    14.6    93.9    30.1    63.9   0.320   0.283   0.320   0.453 -99.000    17.9    18.2    18.4    21.0 -9999.0
63831 20170506  2.422  -89.07   32.34    24.8     5.1    15.0    15.6     0.0    27.70 C    34.4     5.4    18.3    97.4    30.2    66.2   0.302   0.268   0.312   0.416 -99.000    19.0    18.8    19.0    20.4 -9999.0
63831 20170507  2.422  -89.07   32.34    27.8     9.3    18.5    18.3     0.0    26.52 C    39.7     9.6    22.1    96.6    41.2    73.2   0.290   0.257   0.308   0.409 -99.000    21.1    20.6    20.8    20.8 -9999.0
63831 20170508  2.422  -89.07   32.34    28.6    11.3    19.9    20.0     0.0    25.77 C    42.1    11.7    23.6    97.4    37.9    71.1   0.278   0.247   0.301   0.406 -99.000    22.6    22.1    22.3    21.6 -9999.0
63831 20170509  2.422  -89.07   32.34    29.0    12.5    20.8    20.9     0.0    25.85 C    42.5    13.1    24.4    96.8    44.1    74.2   0.266   0.240   0.295   0.403 -99.000    23.5    22.9    23.2    22.3 -9999.0
63831 20170510  2.422  -89.07   32.34    29.6    13.0    21.3    21.5     0.0    26.42 C    41.4    13.2    24.9    97.8    36.3    71.7   0.255   0.231   0.288   0.402 -99.000    24.1    23.5    23.8    22.9 -9999.0
63831 20170511  2.422  -89.07   32.34    25.9    15.0    20.5    21.0     0.0    16.19 C    35.2    14.9    23.3    97.4    61.2    81.6   0.244   0.224   0.282   0.401 -99.000    23.8    23.4    23.7    23.4 -9999.0
63831 20170512  2.422  -89.07   32.34    25.9    16.6    21.2    21.2     4.9    13.81 C    37.0    16.9    23.3    96.3    60.0    83.7   0.240   0.220   0.278   0.399 -99.000    23.6    23.2    23.5    23.4 -9999.0
63831 20170513  2.422  -89.07   32.34    22.5    13.6    18.0    18.3     0.0    12.63 C    31.0    13.3    20.1    97.4    68.6    87.3   0.251   0.227   0.281   0.397 -99.000    22.4    22.4    22.6    23.3 -9999.0
63831 20170514  2.422  -89.07   32.34    28.0    10.1    19.0    19.4     0.0    27.83 C    41.2    10.4    23.9    98.2    36.5    72.2   0.241   0.222   0.278   0.395 -99.000    23.2    22.7    22.9    22.9 -9999.0
63831 20170515  2.422  -89.07   32.34    29.8    12.1    21.0    21.4     0.0    26.93 C    44.3    12.9    25.8    96.9    39.1    72.5   0.227   0.213   0.273   0.393 -99.000    24.4    23.9    24.1    23.4 -9999.0
63831 20170516  2.422  -89.07   32.34    31.1    14.3    22.7    23.1     0.0    25.75 C    45.2    14.8    26.2    97.1    40.3    69.5   0.212   0.203   0.265   0.395 -99.000    25.1    24.6    24.8    24.0 -9999.0
63831 20170517  2.422  -89.07   32.34    30.6    15.6    23.1    23.5     0.0    24.08 C    45.7    14.9    26.7    96.5    40.5    70.9   0.198   0.194   0.257   0.394 -99.000    25.1    24.8    25.0    24.4 -9999.0
63831 20170518  2.422  -89.07   32.34    29.9    19.1    24.5    24.3     6.1    16.57 C    42.9    18.6    26.7    95.8    61.3    84.4   0.200   0.192   0.254   0.392 -99.000    25.6    25.1    25.3    24.6 -9999.0
63831 20170519  2.422  -89.07   32.34    31.7    19.2    25.5    25.0     0.0    20.73 C    46.7    19.3    28.5    97.6    52.1    79.8   0.201   0.195   0.255   0.392 -99.000    26.2    25.6    25.8    25.0 -9999.0
63831 20170520  2.422  -89.07   32.34    26.0    19.9    23.0    21.7    49.3     4.30 C    32.6    20.1    22.9    97.6    79.8    94.5   0.269   0.246   0.282   0.427 -99.000    24.7    24.7    24.8    25.2 -9999.0
63831 20170521  2.422  -89.07   32.34    26.9    18.4    22.7    21.7     5.0    12.84 C    39.9    19.5    24.5    98.2    66.9    89.6   0.328   0.290   0.315   0.461 -99.000    24.6    24.3    24.5    24.7 -9999.0
63831 20170522  2.422  -89.07   32.34    23.4    18.1    20.8    20.5    16.7     5.98 C    29.3    19.2    22.4    97.5    80.1    92.7   0.333   0.297   0.322   0.462 -99.000    23.9    23.8    24.0    24.6 -9999.0
63831 20170523  2.422  -89.07   32.34    24.9    17.7    21.3    20.4     6.6    12.61 C    35.5    18.7    23.1    96.8    69.4    89.0   0.339   0.303   0.328   0.478 -99.000    23.4    23.4    23.4    24.1 -9999.0
63831 20170524  2.422  -89.07   32.34    22.9    11.8    17.3    17.9     0.9    19.11 C    36.3    13.2    21.2    95.6    42.9    73.6   0.321   0.285   0.320   0.451 -99.000    23.1    23.2    23.4    24.2 -9999.0
63831 20170525  2.422  -89.07   32.34    25.6     9.7    17.6    17.8     0.0    27.55 C    39.0    11.0    22.9    97.1    36.6    71.3   0.303   0.268   0.313   0.420 -99.000    22.8    22.6    22.8    23.8 -9999.0
63831 20170526  2.422  -89.07   32.34    30.4    13.5    21.9    22.6     0.0    26.72 C    42.9    14.4    26.4    96.1    38.8    66.9   0.290   0.257   0.306   0.414 -99.000    24.2    23.6    23.9    23.9 -9999.0
63831 20170527  2.422  -89.07   32.34    31.0    17.4    24.2    25.0     0.0    18.91 C    44.8    18.0    28.3    94.9    57.1    79.0   0.278   0.247   0.300   0.411 -99.000    25.3    24.7    24.9    24.4 -9999.0
63831 20170528  2.422  -89.07   32.34    28.8    20.2    24.5    24.3     1.0    15.03 C    40.5    21.3    26.9    96.1    56.0    80.3   0.270   0.241   0.295   0.410 -99.000    25.7    25.3    25.5    24.9 -9999.0
63831 20170529  2.422  -89.07   32.34    26.5    17.8    22.1    21.8    21.5    13.92 C    38.7    18.6    24.9    96.6    61.1    85.1   0.326   0.291   0.318   0.466 -99.000    24.9    25.1    24.9    25.0 -9999.0
63831 20170530  2.422  -89.07   32.34    26.9    18.8    22.8    22.5     0.0    16.85 C    41.1    19.9    25.9    96.6    59.3    83.1   0.312   0.287   0.315   0.429 -99.000    25.5    25.7    25.4    25.2 -9999.0
63831 20170531  2.422  -89.07   32.34    27.9    18.4    23.2    22.1     4.5    14.95 C    42.3    19.5    25.7    97.5    59.6    85.7   0.307   0.283   0.313   0.419 -99.000    25.5    25.7    25.4    25.3 -9999.0
63831 20170601  2.422  -89.07   32.34    26.3    19.0    22.7    22.0     1.3    11.64 C    36.9    20.1    25.0    97.8    72.8    90.4   0.311   0.288   0.317   0.416 -99.000    25.3    25.5    25.2    25.3 -9999.0
63831 20170602  2.422  -89.07   32.34    29.0    20.2    24.6    23.3     3.7    16.21 C    45.4    20.9    26.9    96.7    59.3    87.4   0.308   0.286   0.316   0.413 -99.000    26.0    26.2    25.7    25.4 -9999.0
63831 20170603  2.422  -89.07   32.34    24.5    20.2    22.4    22.1    13.0     5.26 C    31.1    21.0    23.6    97.4    86.1    94.5   0.327   0.302   0.324   0.431 -99.000    25.2    25.4    25.2    25.6 -9999.0
63831 20170604  2.422  -89.07   32.34    28.4    20.7    24.5    23.7     0.3    13.98 C    38.8    21.2    26.3    97.0    62.0    86.2   0.342   0.310   0.329   0.467 -99.000    25.5    25.6    25.2    25.4 -9999.0
63831 20170605  2.422  -89.07   32.34    28.8    21.3    25.1    23.7    18.0    11.10 C    40.9    21.9    26.1    96.8    64.3    89.7   0.335   0.305   0.329   0.453 -99.000    26.0    26.3    25.9    25.7 -9999.0
63831 20170606  2.422  -89.07   32.34    27.8    20.9    24.3    23.2    13.6    12.93 C    38.4    21.2    25.9    97.1    65.5    88.5   0.350   0.317   0.336   0.474 -99.000    25.8    26.1    25.7    25.8 -9999.0
63831 20170607  2.422  -89.07   32.34    27.7    17.9    22.8    22.8     0.0    23.78 C    39.0    17.7    26.2    94.8    37.6    69.3   0.335   0.305   0.330   0.461 -99.000    25.9    26.3    25.8    25.8 -9999.0
63831 20170608  2.422  -89.07   32.34    26.7    15.1    20.9    20.8     0.0    22.85 C    41.2    15.6    24.9    96.2    37.2    66.1   0.308   0.276   0.319   0.425 -99.000    25.2    25.5    25.3    25.8 -9999.0
63831 20170609  2.422  -89.07   32.34    27.3    12.9    20.1    20.5     0.0    22.05 C    43.3    14.5    25.9    97.0    42.6    74.0   0.294   0.266   0.310   0.415 -99.000    25.4    25.6    25.3    25.6 -9999.0
63831 20170610  2.422  -89.07   32.34    30.0    14.8    22.4    22.4     0.0    20.91 C    44.0    16.4    27.2    96.8    41.9    75.3   0.281   0.255   0.303   0.415 -99.000    26.1    26.2    25.9    25.7 -9999.0
63831 20170611  2.422  -89.07   32.34    31.3    16.5    23.9    23.4     9.9    17.40 C    43.5    17.6    27.3    96.8    57.1    83.9   0.282   0.258   0.299   0.414 -99.000    26.4    26.5    26.2    26.0 -9999.0
63831 20170612  2.422  -89.07   32.34    31.0    20.4    25.7    24.6     0.0    17.57 C    43.9    20.9    28.2    97.7    55.5    85.9   0.293   0.272   0.305   0.412 -99.000    27.3    27.4    26.9    26.3 -9999.0
63831 20170613  2.422  -89.07   32.34    30.3    21.3    25.8    25.1     0.0    17.42 C    44.7    22.1    29.1    97.1    54.6    82.2   0.280   0.257   0.299   0.412 -99.000    28.0    28.1    27.6    26.8 -9999.0
63831 20170614  2.422  -89.07   32.34    31.0    20.6    25.8    25.0     0.0    19.89 C    44.9    21.3    29.7    97.7    54.8    84.1   0.267   0.245   0.294   0.407 -99.000    28.4    28.5    28.0    27.1 -9999.0
63831 20170615  2.422  -89.07   32.34    32.2    19.7    25.9    24.6    17.1    17.50 C    44.1    20.5    28.2    97.0    55.7    84.1   0.269   0.248   0.290   0.404 -99.000    28.0    28.3    28.0    27.5 -9999.0
63831 20170616  2.422  -89.07   32.34    31.7    18.4    25.0    23.4    27.1    15.32 C    42.7    19.7    26.5    97.1    59.8    85.7   0.322   0.300   0.315   0.424 -99.000    26.9    27.4    26.9    27.4 -9999.0
63831 20170617  2.422  -89.07   32.34    30.0    18.6    24.3    24.1     0.0    16.77 C    39.3    19.6    27.3    96.6    63.3    85.5   0.334   0.314   0.324   0.472 -99.000    26.8    27.2    26.6    27.1 -9999.0
63831 20170618  2.422  -89.07   32.34    31.2    22.0    26.6    25.3     1.5    15.17 C    39.6    22.9    27.9    96.8    55.2    84.4   0.316   0.301   0.317   0.431 -99.000    28.0    28.3    27.8    27.3 -9999.0
63831 20170619  2.422  -89.07   32.34    30.9    21.6    26.2    24.8     0.0    15.81 C    42.5    22.5    28.0    96.0    61.0    85.7   0.305   0.288   0.314   0.423 -99.000    28.1    28.4    27.9    27.6 -9999.0
63831 20170620  2.422  -89.07   32.34    27.6    21.6    24.6    24.0     0.3     9.11 C    33.9    21.9    25.9    96.0    72.8    87.6   0.297   0.276   0.311   0.417 -99.000    27.7    27.9    27.6    27.7 -9999.0
63831 20170621  2.422  -89.07   32.34    24.8    21.0    22.9    22.8    87.7     3.55 C    26.7    21.4    23.5    95.8    87.9    93.5   0.335   0.309   0.326   0.458 -99.000    25.8    26.0    26.0    27.2 -9999.0
63831 20170622  2.422  -89.07   32.34    30.9    23.9    27.4    26.4     3.4    15.31 C    36.1    23.7    27.5    94.7    61.4    85.2   0.342   0.319   0.331   0.478 -99.000    26.5    26.6    26.2    26.7 -9999.0
63831 20170623  2.422  -89.07   32.34    30.7    21.9    26.3    25.0    52.1    10.42 C    37.3    22.3    26.0    96.4    67.9    89.6   0.341   0.318   0.332   0.464 -99.000    26.7    27.0    26.6    27.0 -9999.0
63831 20170624  2.422  -89.07   32.34    30.1    21.9    26.0    24.9     5.6    15.44 C    38.4    22.4    27.3    96.5    64.8    84.6   0.344   0.320   0.335   0.481 -99.000    27.0    27.3    26.8    26.9 -9999.0
63831 20170625  2.422  -89.07   32.34    25.4    17.0    21.2    22.1     0.0    12.03 C    32.7    17.9    24.1    96.8    48.6    77.1   0.332   0.313   0.328   0.452 -99.000    26.7    27.1    26.7    27.2 -9999.0
63831 20170626  2.422  -89.07   32.34    28.8    15.0    21.9    22.1     0.0    22.30 C    38.1    15.8    25.2    97.2    38.2    71.9   0.314   0.294   0.320   0.427 -99.000    26.3    26.5    26.2    26.9 -9999.0
63831 20170627  2.422  -89.07   32.34    29.8    17.3    23.5    23.4     0.0    21.66 C    41.2    18.4    27.0    96.5    41.2    73.6   0.298   0.276   0.313   0.426 -99.000    26.9    27.0    26.7    26.9 -9999.0
63831 20170628  2.422  -89.07   32.34    30.7    17.5    24.1    23.5     8.8    17.31 C    41.5    18.4    26.5    96.8    51.2    82.1   0.298   0.275   0.309   0.417 -99.000    26.9    27.2    26.9    27.1 -9999.0
63831 20170629  2.422  -89.07   32.34    25.0    21.8    23.4    22.9    15.2     6.60 C    30.2    22.6    24.4    96.5    85.6    93.9   0.334   0.308   0.325   0.448 -99.000    26.3    26.4    26.3    27.0 -9999.0
63831 20170630  2.422  -89.07   32.34    30.9    21.3    26.1    25.0     3.4    14.88 C    39.3    22.2    27.2    96.6    65.8    86.5   0.340   0.317   0.331   0.474 -99.000    27.1    27.1    26.8    26.9 -9999.0
63831 20170701  2.422  -89.07   32.34    32.4    20.1    26.2    25.0    10.6    17.14 C    40.8    21.0    27.7    97.5    59.5    85.4   0.331   0.311   0.327   0.447 -99.000    27.6    27.9    27.4    27.3 -9999.0
63831 20170702  2.422  -89.07   32.34    30.3    19.9    25.1    24.8     0.0    19.77 C    39.4    21.0    27.6    97.8    55.9    81.5   0.332   0.313   0.327   0.461 -99.000    27.9    28.2    27.7    27.5 -9999.0
63831 20170703  2.422  -89.07   32.34    32.1    19.8    25.9    26.0     0.0    20.89 C    40.3    20.5    28.9    97.2    53.6    80.6   0.310   0.290   0.319   0.432 -99.000    28.4    28.7    28.2    27.8 -9999.0
63831 20170704  2.422  -89.07   32.34    32.0    22.5    27.3    27.2     0.0    20.55 C    42.3    23.2    30.1    96.1    54.8    78.7   0.295   0.275   0.313   0.424 -99.000    29.2    29.4    28.9    28.2 -9999.0
63831 20170705  2.422  -89.07   32.34    32.6    23.3    28.0    27.7     1.0    19.22 C    41.9    23.7    30.1    96.1    53.9    77.9   0.285   0.264   0.306   0.417 -99.000    29.7    29.8    29.4    28.6 -9999.0
63831 20170706  2.422  -89.07   32.34    32.6    23.4    28.0    27.6     0.0    21.03 C    41.9    23.4    30.5    95.2    52.8    77.4   0.274   0.254   0.299   0.420 -99.000    30.1    30.1    29.7    28.9 -9999.0
63831 20170707  2.422  -89.07   32.34    32.4    23.0    27.7    26.9     1.3    18.39 C    41.9    23.3    29.8    96.7    54.7    81.6   0.261   0.241   0.293   0.413 -99.000    30.0    30.1    29.8    29.2 -9999.0
63831 20170708  2.422  -89.07   32.34    31.9    21.8    26.9    25.7     0.0    18.46 C    40.7    22.3    28.7    96.8    62.4    83.2   0.252   0.232   0.287   0.409 -99.000    29.4    29.6    29.3    29.2 -9999.0
63831 20170709  2.422  -89.07   32.34    32.0    20.8    26.4    26.2     0.0    21.59 C    42.6    21.7    29.7    97.0    42.1    74.8   0.239   0.223   0.278   0.411 -99.000    29.5    29.7    29.2    29.1 -9999.0
63831 20170710  2.422  -89.07   32.34    32.3    19.0    25.6    26.1     0.0    21.25 C    43.8    19.5    29.9    97.0    47.0    75.5   0.223   0.212   0.268   0.408 -99.000    29.7    29.6    29.3    29.1 -9999.0
63831 20170711  2.422  -89.07   32.34    32.3    21.4    26.8    26.3     0.0    21.18 C    43.7    22.0    30.0    96.7    51.0    76.9   0.207   0.202   0.259   0.408 -99.000    29.9    30.0    29.7    29.3 -9999.0
63831 20170712  2.422  -89.07   32.34    30.5    21.0    25.8    24.4    13.1    12.97 C    43.5    21.5    27.1    97.0    64.1    87.7   0.236   0.229   0.266   0.404 -99.000    29.0    29.2    29.0    29.2 -9999.0
63831 20170713  2.422  -89.07   32.34    31.0    20.6    25.8    24.4     0.0    12.44 C    42.1    21.2    27.0    97.2    62.0    88.0   0.258   0.245   0.279   0.404 -99.000    28.6    28.6    28.5    29.0 -9999.0
63831 20170714  2.422  -89.07   32.34    32.1    21.5    26.8    25.4    16.1    18.21 C    43.2    22.0    28.8    97.4    51.3    83.7   0.259   0.248   0.280   0.402 -99.000    29.1    29.1    28.8    28.8 -9999.0
63831 20170715  2.422  -89.07   32.34    30.6    22.1    26.4    24.6     0.6    12.10 C    40.1    23.0    27.3    97.8    62.0    90.9   0.285   0.273   0.297   0.399 -99.000    29.0    29.0    28.8    29.0 -9999.0
63831 20170716  2.422  -89.07   32.34    31.5    22.3    26.9    25.2     0.0    14.98 C    40.5    22.9    28.1    97.6    55.0    86.3   0.273   0.261   0.295   0.400 -99.000    29.3    29.1    29.0    29.0 -9999.0
63831 20170717  2.422  -89.07   32.34    31.8    21.3    26.5    25.5     0.0    16.32 C    42.3    21.9    28.7    97.8    56.1    85.2   0.260   0.248   0.288   0.398 -99.000    29.6    29.4    29.3    29.1 -9999.0
63831 20170718  2.422  -89.07   32.34    32.1    21.0    26.6    25.8     0.0    18.78 C    42.3    21.7    29.4    97.7    54.9    83.4   0.246   0.236   0.281   0.399 -99.000    29.9    29.7    29.6    29.2 -9999.0
63831 20170719  2.422  -89.07   32.34    33.2    21.3    27.3    27.0     0.0    20.25 C    42.7    21.6    30.1    97.6    48.6    79.3   0.232   0.225   0.271   0.397 -99.000    30.3    30.1    29.9    29.4 -9999.0
63831 20170720  2.422  -89.07   32.34    33.8    21.5    27.6    27.4     0.0    19.67 C    44.3    21.8    30.4    97.3    50.4    77.5   0.217   0.213   0.262   0.398 -99.000    30.3    30.4    30.1    29.7 -9999.0
63831 20170721  2.422  -89.07   32.34    33.2    22.0    27.6    25.8    13.0    13.15 C    43.2    22.4    28.3    96.5    57.3    85.4   0.234   0.218   0.265   0.402 -99.000    29.8    29.9    29.7    29.8 -9999.0
63831 20170722  2.422  -89.07   32.34    33.1    20.6    26.9    26.3     0.0    20.77 C    42.8    21.1    29.6    97.3    52.0    79.3   0.250   0.234   0.274   0.394 -99.000    29.9    29.6    29.6    29.6 -9999.0
63831 20170723  2.422  -89.07   32.34    32.0    20.8    26.4    26.0     0.0    18.98 C    43.0    21.3    29.1    96.9    55.5    80.9   0.230   0.222   0.267   0.394 -99.000    29.9    29.9    29.7    29.6 -9999.0
63831 20170724  2.422  -89.07   32.34    29.4    22.7    26.0    25.3     0.0    11.30 C    39.1    22.8    27.8    96.1    71.0    86.9   0.216   0.212   0.260   0.393 -99.000    29.4    29.5    29.4    29.7 -9999.0
63831 20170725  2.422  -89.07   32.34    28.8    22.5    25.6    25.3     0.0     9.46 C    36.4    22.2    27.2    97.1    76.4    89.0   0.208   0.205   0.254   0.393 -99.000    28.9    28.9    28.8    29.4 -9999.0
63831 20170726  2.422  -89.07   32.34    33.4    21.2    27.3    27.2     0.0    19.90 C    42.8    21.0    30.1    98.2    49.9    79.5   0.196   0.199   0.247   0.391 -99.000    29.5    29.3    29.1    29.2 -9999.0
63831 20170727  2.422  -89.07   32.34    33.5    21.2    27.4    27.4     0.0    19.76 C    45.0    20.7    30.2    97.5    43.1    77.4   0.181   0.189   0.238   0.388 -99.000    30.0    30.1    29.7    29.5 -9999.0
63831 20170728  2.422  -89.07   32.34    32.1    20.9    26.5    26.2    21.6    14.10 C    43.7    21.1    28.5    96.6    58.9    82.9   0.189   0.195   0.235   0.367 -99.000    29.2    29.4    29.2    29.6 -9999.0
63831 20170729  2.422  -89.07   32.34    31.8    23.2    27.5    26.4    15.4    13.19 C    38.7    22.0    28.1    96.5    54.4    82.0   0.308   0.300   0.300   0.377 -99.000    28.7    28.9    28.7    29.3 -9999.0
63831 20170730  2.422  -89.07   32.34    30.5    19.0    24.7    24.9     0.0    21.62 C    39.6    18.8    27.6    90.0    51.6    72.9   0.280   0.275   0.300   0.370 -99.000    28.7    28.9    28.6    29.2 -9999.0
63831 20170731  2.422  -89.07   32.34    30.6    19.6    25.1    25.0     0.0    20.42 C    42.0    19.5    27.8    96.3    45.2    74.2   0.260   0.257   0.291   0.369 -99.000    28.7    29.0    28.7    29.1 -9999.0
63831 20170801  2.422  -89.07   32.34    30.5    17.6    24.0    24.1     0.0    18.73 C    41.7    17.6    27.2    96.9    42.8    76.2   0.243   0.243   0.281   0.366 -99.000    28.4    28.6    28.4    29.0 -9999.0
63831 20170802  2.422  -89.07   32.34    27.7    20.8    24.3    23.8     0.8     8.92 C    35.2    21.2    25.6    96.2    54.6    83.8   0.234   0.234   0.274   0.364 -99.000    28.1    28.1    28.1    28.9 -9999.0
63831 20170803  2.422  -89.07   32.34    31.2    19.9    25.6    25.3     0.0    20.19 C    41.6    19.9    28.6    97.2    45.4    76.3   0.226   0.229   0.270   0.363 -99.000    28.7    28.5    28.4    28.7 -9999.0
63831 20170804  2.422  -89.07   32.34    31.7    20.0    25.8    25.3     0.8    17.57 C    43.9    20.2    29.0    97.5    50.7    81.7   0.212   0.219   0.261   0.364 -99.000    29.1    28.9    28.8    28.9 -9999.0
63831 20170805  2.422  -89.07   32.34    32.4    20.3    26.3    26.2     0.0    20.29 C    44.7    20.5    29.7    97.1    50.0    77.9   0.199   0.210   0.253   0.362 -99.000    29.4    29.3    29.1    29.1 -9999.0
63831 20170806  2.422  -89.07   32.34    30.7    21.3    26.0    24.7     4.0    11.71 C    42.1    21.4    26.7    96.1    62.3    88.5   0.190   0.203   0.245   0.360 -99.000    28.7    28.8    28.7    29.2 -9999.0
63831 20170807  2.422  -89.07   32.34    31.4    22.3    26.8    24.9    47.6     9.54 C    42.5    22.8    26.7    96.6    60.7    89.9   0.249   0.238   0.269   0.387 -99.000    27.9    28.2    28.0    28.9 -9999.0
63831 20170808  2.422  -89.07   32.34    25.7    22.6    24.1    23.7     1.9     6.07 C    30.2    23.1    25.5    96.2    84.6    92.8   0.334   0.302   0.316   0.427 -99.000    27.3    27.4    27.4    28.5 -9999.0
63831 20170809  2.422  -89.07   32.34    28.3    21.7    25.0    23.9     0.3     6.64 C    36.8    22.1    25.6    97.8    77.7    92.2   0.326   0.306   0.318   0.416 -99.000    27.4    27.4    27.4    28.3 -9999.0
63831 20170810  2.422  -89.07   32.34    29.2    20.6    24.9    24.0     4.2     7.94 C    36.7    21.1    25.7    97.7    72.0    91.6   0.326   0.308   0.320   0.401 -99.000    27.3    27.3    27.3    28.2 -9999.0
63831 20170811  2.422  -89.07   32.34    31.9    23.0    27.5    26.3     5.7    14.92 C    39.5    23.9    28.7    97.1    59.2    85.5   0.328   0.311   0.322   0.401 -99.000    28.3    28.1    27.9    28.2 -9999.0
63831 20170812  2.422  -89.07   32.34    31.7    23.1    27.4    26.7     0.0    17.05 C    38.8    23.1    28.7    96.6    59.3    82.7   0.325   0.310   0.322   0.402 -99.000    29.0    29.0    28.7    28.5 -9999.0
63831 20170813  2.422  -89.07   32.34    33.0    21.7    27.4    26.7     0.5    16.55 C    41.2    21.9    29.1    97.4    48.4    82.7   0.306   0.290   0.315   0.398 -99.000    29.5    29.2    29.1    28.9 -9999.0
63831 20170814  2.422  -89.07   32.34    33.0    22.5    27.7    27.4     0.0    18.01 C    39.1    22.9    29.1    97.4    52.3    80.5   0.294   0.276   0.310   0.394 -99.000    29.7    29.6    29.4    29.2 -9999.0
63831 20170815  2.422  -89.07   32.34    32.4    22.4    27.4    26.2     0.0    14.36 C    40.6    22.6    28.4    96.9    58.0    83.1   0.283   0.263   0.303   0.391 -99.000    29.6    29.5    29.5    29.4 -9999.0
63831 20170816  2.422  -89.07   32.34    31.2    21.6    26.4    25.1    35.6    13.23 C    42.6    22.2    27.7    97.4    64.6    88.4   0.295   0.273   0.306   0.402 -99.000    29.0    29.1    29.0    29.3 -9999.0
63831 20170817  2.422  -89.07   32.34    32.6    21.0    26.8    26.0     0.0    18.89 C    39.3    21.5    28.3    97.8    55.5    82.6   0.329   0.307   0.321   0.425 -99.000    28.9    28.8    28.7    29.2 -9999.0
63831 20170818  2.422  -89.07   32.34    32.0    22.4    27.2    26.4     0.0    14.51 C    39.8    22.5    28.1    96.7    57.3    83.8   0.308   0.290   0.315   0.403 -99.000    29.1    29.2    29.1    29.2 -9999.0
63831 20170819  2.422  -89.07   32.34    33.6    22.0    27.8    27.1     0.0    16.75 C    39.6    22.6    28.6    97.0    52.4    80.2   0.294   0.276   0.310   0.397 -99.000    29.3    29.2    29.2    29.3 -9999.0
63831 20170820  2.422  -89.07   32.34    33.5    21.1    27.3    27.1     0.0    18.47 C    41.3    21.5    29.3    96.9    53.3    81.1   0.281   0.263   0.301   0.393 -99.000    29.7    29.5    29.5    29.4 -9999.0
63831 20170821  2.422  -89.07   32.34    32.7    22.3    27.5    27.3     0.0    15.95 C    39.2    22.5    29.0    97.1    48.5    79.7   0.270   0.251   0.295   0.390 -99.000    30.0    29.8    29.8    29.6 -9999.0
63831 20170822  2.422  -89.07   32.34    32.1    21.2    26.6    26.3     0.0    17.51 C    40.8    21.6    28.7    97.0    48.4    79.9   0.259   0.242   0.289   0.388 -99.000    29.9    29.8    29.7    29.7 -9999.0
63831 20170823  2.422  -89.07   32.34    32.6    22.5    27.6    26.9     0.0    16.36 C    40.2    22.6    28.5    96.0    53.7    79.3   0.247   0.233   0.281   0.385 -99.000    29.9    30.1    29.8    29.8 -9999.0
63831 20170824  2.422  -89.07   32.34    30.9    19.9    25.4    25.0     0.0    17.85 C    38.7    19.3    26.7    88.5    42.4    70.5   0.234   0.223   0.273   0.383 -99.000    29.5    29.7    29.4    29.8 -9999.0
63831 20170825  2.422  -89.07   32.34    28.8    18.2    23.5    23.6     0.0    12.81 C    36.5    17.9    24.8    95.2    52.8    74.8   0.223   0.214   0.265   0.379 -99.000    28.4    28.6    28.5    29.5 -9999.0
63831 20170826  2.422  -89.07   32.34    28.5    21.1    24.8    24.9     0.0     7.51 C    33.6    21.2    25.9    96.0    71.2    86.7   0.216   0.208   0.260   0.375 -99.000    28.3    28.3    28.2    29.1 -9999.0
63831 20170827  2.422  -89.07   32.34    28.8    23.1    25.9    25.3     0.0     8.04 C    32.7    22.9    26.2    96.5    64.5    85.0   0.212   0.205   0.257   0.374 -99.000    28.3    28.2    28.2    29.0 -9999.0
63831 20170828  2.422  -89.07   32.34    24.8    20.3    22.5    22.6     0.0     5.07 C    28.0    20.4    23.5    94.3    71.3    84.3   0.209   0.201   0.255   0.371 -99.000    27.7    27.7    27.8    28.9 -9999.0
63831 20170829  2.422  -89.07   32.34    22.2    19.3    20.7    20.8     2.8     3.45 C    26.0    19.3    21.9    94.5    87.6    90.9   0.211   0.199   0.255   0.370 -99.000    26.5    26.4    26.6    28.3 -9999.0
63831 20170830  2.422  -89.07   32.34    28.3    21.8    25.1    24.5     0.4     6.83 C    33.2    22.1    24.9    95.2    75.3    88.7   0.218   0.202   0.257   0.368 -99.000    26.4    26.3    26.4    27.9 -9999.0
63831 20170831  2.422  -89.07   32.34    27.1    20.2    23.7    24.2     5.5     4.82 C    31.3    19.6    24.0    93.2    73.5    86.0   0.223   0.203   0.259   0.367 -99.000    26.1    26.1    26.2    27.6 -9999.0
63831 20170901  2.422  -89.07   32.34    29.1    18.9    24.0    23.0     0.0    17.27 C    42.0    18.6    25.9    97.4    50.7    81.2   0.231   0.210   0.263   0.365 -99.000    26.1    26.0    26.0    27.3 -9999.0
63831 20170902  2.422  -89.07   32.34    29.6    16.7    23.1    22.3     0.0    18.42 C    43.9    17.0    25.8    97.7    40.2    77.4   0.221   0.205   0.259   0.363 -99.000    26.2    26.2    26.3    27.3 -9999.0
63831 20170903  2.422  -89.07   32.34    30.3    15.3    22.8    22.4     0.0    18.47 C    43.3    15.1    26.0    97.2    40.1    75.6   0.208   0.199   0.253   0.362 -99.000    26.1    26.1    26.2    27.2 -9999.0
63831 20170904  2.422  -89.07   32.34    30.7    16.0    23.4    23.2     0.0    17.69 C    45.0    16.2    27.0    97.5    44.4    77.8   0.197   0.193   0.247   0.360 -99.000    26.4    26.3    26.4    27.2 -9999.0
63831 20170905  2.422  -89.07   32.34    32.0    18.1    25.1    24.2     0.5    16.06 C    45.3    18.1    27.5    97.2    48.4    79.4   0.187   0.186   0.239   0.358 -99.000    26.8    26.6    26.8    27.3 -9999.0
63831 20170906  2.422  -89.07   32.34    26.7    15.2    20.9    20.8     0.0    18.67 C    38.7    13.9    24.1    92.2    32.1    66.7   0.177   0.179   0.232   0.357 -99.000    26.2    26.3    26.5    27.4 -9999.0
63831 20170907  2.422  -89.07   32.34    25.4    10.0    17.7    17.7     0.0    19.17 C    39.0     9.3    21.2    97.8    34.2    68.8   0.167   0.170   0.224   0.354 -99.000    24.6    25.0    25.1    27.0 -9999.0
63831 20170908  2.422  -89.07   32.34    26.6     9.8    18.2    19.0     0.0    18.99 C    39.5    10.0    22.2    95.6    38.4    65.2   0.157   0.161   0.217   0.351 -99.000    24.2    24.5    24.6    26.4 -9999.0
63831 20170909  2.422  -89.07   32.34    27.6    13.3    20.4    20.4     0.0    16.80 C    39.0    12.1    22.7    86.4    41.6    66.3   0.147   0.152   0.209   0.347 -99.000    24.1    24.4    24.4    26.1 -9999.0
63831 20170910  2.422  -89.07   32.34    27.6    16.3    21.9    21.1     0.0    18.04 C    38.2    14.7    22.6    83.6    36.6    62.1   0.138   0.142   0.201   0.343 -99.000    24.0    24.4    24.3    25.9 -9999.0
63831 20170911  2.422  -89.07   32.34    23.5    14.1    18.8    18.9     0.0    12.84 C    36.4    13.2    20.4    76.3    47.5    62.0   0.130   0.133   0.192   0.340 -99.000    23.3    23.8    23.8    25.7 -9999.0
63831 20170912  2.422  -89.07   32.34    18.2    13.6    15.9    15.4     3.2     4.07 C    20.7    14.2    16.1    93.5    64.5    86.4   0.127   0.129   0.187   0.337 -99.000    22.1    22.8    22.8    25.3 -9999.0
63831 20170913  2.422  -89.07   32.34    21.7    14.2    18.0    18.1     0.0     5.40 C    30.4    14.6    19.4    96.0    63.5    85.5   0.127   0.127   0.185   0.334 -99.000    22.1    22.4    22.4    24.7 -9999.0
63831 20170914  2.422  -89.07   32.34    29.9    15.9    22.9    22.8     0.0    16.08 C    42.3    15.2    25.8    98.0    45.7    80.0   0.126   0.128   0.184   0.332 -99.000    23.8    23.7    23.6    24.6 -9999.0
63831 20170915  2.422  -89.07   32.34    30.6    15.6    23.1    23.7     0.0    15.86 C    41.8    15.4    26.3    98.1    50.7    78.7   0.122   0.124   0.179   0.331 -99.000    24.8    24.8    24.7    25.1 -9999.0
63831 20170916  2.422  -89.07   32.34    31.4    20.8    26.1    25.0     0.0    13.65 C    44.2    19.9    27.8    97.2    50.2    82.4   0.118   0.120   0.174   0.328 -99.000    25.7    25.8    25.5    25.6 -9999.0
63831 20170917  2.422  -89.07   32.34    32.6    19.1    25.8    24.2     0.0    12.00 C    45.7    18.8    26.7    97.9    46.3    84.3   0.113   0.115   0.168   0.326 -99.000    25.9    26.1    25.8    26.0 -9999.0
63831 20170918  2.422  -89.07   32.34    31.7    18.4    25.1    24.7     0.0    13.02 C    44.8    18.2    27.4    97.9    50.2    81.7   0.109   0.112   0.163   0.323 -99.000    26.1    26.2    25.9    26.2 -9999.0
63831 20170919  2.422  -89.07   32.34    32.8    19.4    26.1    25.6     0.0    15.77 C    47.8    19.0    28.7    97.6    47.2    78.9   0.105   0.108   0.157   0.316 -99.000    26.5    26.6    26.3    26.4 -9999.0
63831 20170920  2.422  -89.07   32.34    31.1    19.4    25.3    23.5     0.0     8.51 C    44.1    19.1    25.6    97.8    56.9    87.2   0.102   0.106   0.153   0.309 -99.000    26.1    26.4    26.1    26.7 -9999.0
63831 20170921  2.422  -89.07   32.34    33.3    18.1    25.7    24.8     0.0    15.32 C    49.1    17.6    28.1    97.6    38.3    76.9   0.100   0.103   0.150   0.302 -99.000    26.2    26.3    26.0    26.6 -9999.0
63831 20170922  2.422  -89.07   32.34    32.0    18.7    25.4    23.6     2.2    11.98 C    47.1    18.3    26.2    97.6    50.0    84.3   0.098   0.101   0.146   0.294 -99.000    26.1    26.4    26.1    26.8 -9999.0
63831 20170923  2.422  -89.07   32.34    32.2    17.9    25.1    23.0     2.1    13.97 C    46.0    17.7    25.9    97.5    45.9    83.4   0.097   0.099   0.145   0.287 -99.000    25.9    26.2    25.9    26.7 -9999.0
63831 20170924  2.422  -89.07   32.34    31.3    17.0    24.1    23.2     0.0    15.84 C    42.7    17.1    25.9    97.2    41.3    78.4   0.097   0.099   0.142   0.280 -99.000    25.6    25.9    25.7    26.6 -9999.0
63831 20170925  2.422  -89.07   32.34    29.1    18.5    23.8    22.6     0.9     9.01 C    44.7    18.4    24.7    97.4    57.1    86.1   0.097   0.098   0.140   0.272 -99.000    25.4    25.7    25.5    26.5 -9999.0
63831 20170926  2.422  -89.07   32.34    31.5    18.7    25.1    24.2     0.0    12.32 C    45.0    18.5    26.7    97.7    47.8    79.6   0.096   0.097   0.140   0.266 -99.000    25.7    25.9    25.7    26.4 -9999.0
63831 20170927  2.422  -89.07   32.34    32.5    17.8    25.1    24.4     0.0    14.34 C    46.7    17.3    27.3    97.6    36.2    73.7   0.095   0.097   0.138   0.257 -99.000    25.8    26.0    25.8    26.4 -9999.0
63831 20170928  2.422  -89.07   32.34    32.4    17.1    24.7    25.0     0.0    15.21 C    46.6    16.7    27.8    97.1    37.8    69.7   0.093   0.095   0.135   0.242 -99.000    25.7    26.1    25.8    26.5 -9999.0
63831 20170929  2.422  -89.07   32.34    30.8    18.3    24.5    23.8     0.0    15.65 C    45.4    16.7    26.6    78.3    31.9    58.1   0.090   0.093   0.132   0.220 -99.000    25.6    26.0    25.8    26.6 -9999.0
63831 20170930  2.422  -89.07   32.34    30.5    16.9    23.7    23.4     0.0    15.35 C    45.4    15.1    26.5    78.3    46.3    61.8   0.088   0.091   0.129   0.205 -99.000    25.2    25.7    25.4    26.5 -9999.0
63831 20171001  2.422  -89.07   32.34    28.9    20.6    24.7    23.9     0.0    15.34 C    43.8    19.0    26.7    87.8    43.3    61.8   0.086   0.090   0.129   0.228 -99.000    25.3    25.8    25.6    26.4 -9999.0
63831 20171002  2.422  -89.07   32.34    26.5    18.0    22.3    21.9     0.0     7.44 C    41.0    18.4    24.3    81.2    59.6    69.9   0.084   0.088   0.127   0.224 -99.000    24.6    25.1    25.0    26.3 -9999.0
63831 20171003  2.422  -89.07   32.34    29.7    17.8    23.7    23.4     0.0    15.18 C    45.1    16.4    26.1    88.5    43.5    68.0   0.084   0.086   0.125   0.220 -99.000    25.1    25.4    25.2    26.1 -9999.0
63831 20171004  2.422  -89.07   32.34    28.6    15.0    21.8    21.5     0.0    13.63 C    45.5    13.8    23.8    94.5    41.9    68.8   0.082   0.086   0.124   0.215 -99.000    24.5    25.0    24.9    26.1 -9999.0
63831 20171005  2.422  -89.07   32.34    29.1    12.4    20.8    20.1     0.0    13.82 C    47.1    11.8    23.1    96.6    40.2    73.8   0.081   0.084   0.123   0.211 -99.000    24.0    24.5    24.4    25.9 -9999.0
63831 20171006  2.422  -89.07   32.34    30.4    13.5    21.9    21.6     0.0    15.43 C    45.3    12.9    25.2    96.4    41.1    73.3   0.080   0.084   0.121   0.207 -99.000    24.2    24.6    24.4    25.7 -9999.0
63831 20171007  2.422  -89.07   32.34    31.5    18.3    24.9    24.6     4.3     9.80 C    46.8    18.1    27.0    94.5    55.1    82.2   0.079   0.084   0.121   0.204 -99.000    24.9    25.2    24.9    25.8 -9999.0
63831 20171008  2.422  -89.07   32.34    29.3    22.3    25.8    24.7     9.1     5.56 C    35.2    21.7    25.5    97.1    69.7    90.2   0.115   0.096   0.123   0.201 -99.000    25.5    25.7    25.4    26.0 -9999.0
63831 20171009  2.422  -89.07   32.34    29.3    21.1    25.2    24.6     0.0     8.69 C    40.2    21.0    26.4    97.9    68.8    89.0   0.137   0.127   0.131   0.202 -99.000    25.7    25.8    25.6    26.1 -9999.0
63831 20171010  2.422  -89.07   32.34    28.5    21.1    24.8    24.5     9.6     6.04 C    34.6    21.3    25.8    97.9    69.9    91.5   0.164   0.153   0.138   0.203 -99.000    26.2    26.0    26.0    26.4 -9999.0
63831 20171011  2.422  -89.07   32.34    29.8    18.4    24.1    23.4     0.0    13.76 C    38.3    18.5    25.8    97.9    56.7    82.3   0.174   0.184   0.154   0.203 -99.000    26.2    26.1    26.1    26.5 -9999.0
63831 20171012  2.422  -89.07   32.34    28.9    14.0    21.5    20.1     0.0    14.66 C    38.3    13.7    22.8    96.7    28.0    70.9   0.155   0.177   0.159   0.203 -99.000    25.1    25.2    25.2    26.4 -9999.0
63831 20171013  2.422  -89.07   32.34    30.5    12.0    21.2    20.8     0.0    14.16 C    41.1    12.3    23.6    97.1    37.7    77.0   0.140   0.167   0.159   0.203 -99.000    24.3    24.5    24.5    26.0 -9999.0
63831 20171014  2.422  -89.07   32.34    30.4    16.8    23.6    23.4     0.0    14.19 C    42.2    16.4    25.8    96.5    50.6    79.0   0.129   0.158   0.157   0.204 -99.000    24.9    24.9    24.9    25.9 -9999.0
63831 20171015  2.422  -89.07   32.34    29.6    16.1    22.8    22.9     2.0     7.97 C    42.7    17.3    24.8    97.4    62.7    86.1   0.122   0.150   0.154   0.205 -99.000    25.0    25.0    25.0    25.9 -9999.0
63831 20171016  2.422  -89.07   32.34    21.9     8.9    15.4    15.4     0.2    15.00 C    33.4     7.0    17.9    90.6    35.2    64.9   0.115   0.141   0.151   0.205 -99.000    23.3    23.5    23.7    25.8 -9999.0
63831 20171017  2.422  -89.07   32.34    22.6     7.9    15.2    13.9     0.0    14.96 C    36.2     6.0    16.4    97.3    41.4    72.1   0.109   0.133   0.146   0.203 -99.000    21.2    21.5    21.9    24.9 -9999.0
63831 20171018  2.422  -89.07   32.34    23.1     4.4    13.8    12.9     0.0    14.92 C    37.6     3.6    15.7    97.8    33.4    74.8   0.103   0.125   0.142   0.202 -99.000    20.4    20.9    21.1    24.1 -9999.0
63831 20171019  2.422  -89.07   32.34    25.6     5.1    15.4    15.0     0.0    13.95 C    40.2     4.8    17.9    97.7    45.8    78.8   0.098   0.116   0.139   0.201 -99.000    20.4    20.8    20.9    23.5 -9999.0
63831 20171020  2.422  -89.07   32.34    27.0     8.1    17.5    17.3     0.0    12.26 C    40.1     7.8    19.6    98.0    43.7    77.9   0.095   0.109   0.136   0.201 -99.000    20.8    21.2    21.2    23.3 -9999.0
63831 20171021  2.422  -89.07   32.34    27.1    14.0    20.5    20.6     0.0     8.76 C    37.1    12.8    21.8    94.7    63.8    80.5   0.092   0.102   0.133   0.201 -99.000    21.6    21.7    21.7    23.4 -9999.0
63831 20171022  2.422  -89.07   32.34    22.7    16.1    19.4    19.8     6.1     2.70 C    28.3    15.0    20.1    95.5    79.1    90.6   0.091   0.098   0.131   0.201 -99.000    22.0    22.0    22.1    23.6 -9999.0
63831 20171023  2.422  -89.07   32.34    20.6     8.0    14.3    14.8     0.0    11.71 C    28.9     7.5    16.4    97.1    36.5    75.8   0.095   0.097   0.131   0.201 -99.000    20.9    21.3    21.4    23.5 -9999.0
63831 20171024  2.422  -89.07   32.34    20.1     5.0    12.5    12.0     0.0    14.08 C    29.6     2.9    12.9    97.3    20.9    65.3   0.094   0.095   0.129   0.201 -99.000    18.8    19.5    19.6    22.8 -9999.0
63831 20171025  2.422  -89.07   32.34    18.1     1.3     9.7     9.0     0.0    13.97 C    30.3     0.3    10.8    96.0    21.7    64.7   0.092   0.093   0.126   0.199 -99.000    17.3    18.1    18.3    22.0 -9999.0
63831 20171026  2.422  -89.07   32.34    24.5     2.3    13.4    13.1     0.0    13.75 C    36.5     1.6    14.7    96.4    24.9    63.9   0.090   0.091   0.126   0.198 -99.000    17.5    18.0    18.1    21.3 -9999.0
63831 20171027  2.422  -89.07   32.34    25.9     7.2    16.6    15.9     8.3    11.38 C    39.1     6.0    17.9    95.1    41.8    74.0   0.088   0.090   0.126   0.195 -99.000    18.5    18.8    18.8    21.2 -9999.0
63831 20171028  2.422  -89.07   32.34    13.1     0.7     6.9     7.6     2.7    11.33 C    23.5     0.5    10.4    95.6    44.1    75.2   0.121   0.091   0.124   0.194 -99.000    17.2    17.9    18.0    21.2 -9999.0
63831 20171029  2.422  -89.07   32.34    15.3    -1.6     6.9     5.3     0.0    13.59 C    25.7    -2.1     8.0    98.2    23.2    73.0   0.123   0.098   0.124   0.193 -99.000    15.1    16.0    16.1    20.3 -9999.0
63831 20171030  2.422  -89.07   32.34    23.0     0.1    11.6    10.5     0.0    13.12 C    31.6     0.3    12.0    97.2    25.2    70.1   0.120   0.104   0.127   0.191 -99.000    15.3    15.9    15.9    19.5 -9999.0
63831 20171031  2.422  -89.07   32.34    22.9     4.6    13.8    13.6     0.0    11.50 C    36.5     4.1    15.6    97.4    44.5    78.3   0.115   0.106   0.135   0.191 -99.000    16.4    16.7    16.7    19.4 -9999.0
63831 20171101  2.422  -89.07   32.34    19.0    11.9    15.5    16.3     4.5     2.07 C    21.4    10.5    16.1    95.2    86.9    91.6   0.113   0.108   0.151   0.193 -99.000    17.4    17.5    17.6    19.7 -9999.0
63831 20171102  2.422  -89.07   32.34    25.5    16.8    21.1    21.0     0.0     5.66 C    29.8    15.9    20.9    95.0    70.5    85.1   0.118   0.110   0.154   0.193 -99.000    19.2    18.9    19.0    20.0 -9999.0
63831 20171103  2.422  -89.07   32.34    28.7    17.6    23.2    21.9     5.2     8.58 C    38.0    16.1    22.6    96.9    55.7    84.4   0.121   0.112   0.157   0.194 -99.000    20.5    20.2    20.3    20.7 -9999.0
63831 20171104  2.422  -89.07   32.34    25.4    15.8    20.6    19.4     3.8     6.67 C    30.2    15.6    20.4    98.0    67.6    90.2   0.164   0.142   0.163   0.196 -99.000    20.6    20.5    20.6    21.3 -9999.0
63831 20171105  2.422  -89.07   32.34    26.2    16.2    21.2    20.5     0.0     9.46 C    32.6    14.9    21.2    98.4    61.4    85.6   0.159   0.164   0.183   0.197 -99.000    20.8    20.7    20.8    21.5 -9999.0
63831 20171106  2.422  -89.07   32.34    27.5    17.6    22.5    21.9     0.0     7.10 C    34.2    16.5    22.2    97.8    59.4    84.5   0.151   0.163   0.190   0.197 -99.000    21.5    21.3    21.3    21.9 -9999.0
63831 20171107  2.422  -89.07   32.34    27.2    18.8    23.0    21.6     0.0     5.75 C    33.8    16.9    21.7    97.1    57.8    86.0   0.144   0.160   0.192   0.199 -99.000    21.4    21.2    21.3    22.1 -9999.0
63831 20171108  2.422  -89.07   32.34    19.3    10.5    14.9    13.8     0.8     2.15 C    20.1    11.7    15.2    95.7    78.3    87.6   0.138   0.157   0.191   0.198 -99.000    20.1    20.3    20.5    22.2 -9999.0
63831 20171109  2.422  -89.07   32.34    17.8     4.3    11.1    11.2     7.7     9.50 C    25.4     4.7    12.9    96.9    41.2    79.4   0.158   0.166   0.190   0.197 -99.000    18.0    18.5    18.7    21.5 -9999.0
63831 20171110  2.422  -89.07   32.34    18.1     2.7    10.4    10.2     0.0    12.29 C    25.2     2.6    10.7    96.7    35.4    68.3   0.159   0.175   0.197   0.195 -99.000    16.3    16.8    17.1    20.6 -9999.0
63831 20171111  2.422  -89.07   32.34    20.2     1.0    10.6    10.5     0.0    11.74 C    28.9     1.2    11.7    97.2    48.4    79.0   0.151   0.171   0.200   0.193 -99.000    15.8    16.2    16.4    19.8 -9999.0
63831 20171112  2.422  -89.07   32.34    16.1     8.9    12.5    12.9     0.0     2.49 C    20.0     8.0    13.7    97.6    82.4    93.4   0.146   0.169   0.199   0.192 -99.000    16.3    16.6    16.7    19.4 -9999.0
63831 20171113  2.422  -89.07   32.34    20.0     6.7    13.3    13.2     0.0    10.07 C    28.9     5.2    13.6    98.0    49.6    81.8   0.142   0.166   0.200   0.193 -99.000    16.7    16.9    17.0    19.4 -9999.0
63831 20171114  2.422  -89.07   32.34    19.4     2.2    10.8     9.8     0.0    11.57 C    28.6     1.4    11.3    98.3    39.1    79.7   0.137   0.162   0.197   0.193 -99.000    15.7    16.2    16.3    19.2 -9999.0
63831 20171115  2.422  -89.07   32.34    20.6     3.0    11.8    11.1     0.0    10.41 C    29.9     2.4    12.3    97.5    45.7    80.3   0.131   0.158   0.195   0.193 -99.000    15.3    15.7    15.8    18.8 -9999.0
63831 20171116  2.422  -89.07   32.34    21.3     7.2    14.2    13.7     0.0     7.54 C    30.8     6.5    14.8    97.8    56.9    83.7   0.127   0.155   0.195   0.193 -99.000    16.1    16.4    16.3    18.7 -9999.0
63831 20171117  2.422  -89.07   32.34    23.8     8.0    15.9    15.8     0.0    10.39 C    31.9     7.3    16.7    98.7    51.3    81.7   0.123   0.152   0.194   0.192 -99.000    16.8    17.0    17.0    18.8 -9999.0
63831 20171118  2.422  -89.07   32.34    25.5     9.8    17.7    18.8     5.0     4.40 C    30.9     8.2    18.1    92.3    59.7    76.9   0.121   0.151   0.192   0.193 -99.000    17.8    17.8    17.8    19.1 -9999.0
63831 20171119  2.422  -89.07   32.34    14.1     0.6     7.3     7.8     0.0    11.63 C    21.3    -0.9     8.1    85.5    27.8    60.1   0.124   0.168   0.195   0.193 -99.000    15.3    15.8    16.1    19.1 -9999.0
63831 20171120  2.422  -89.07   32.34    12.5    -2.8     4.9     3.8     0.0     8.60 C    22.9    -3.7     5.1    96.4    34.8    76.0   0.123   0.167   0.195   0.191 -99.000    13.1    13.6    14.0    18.1 -9999.0
63831 20171121  2.422  -89.07   32.34    17.7    -2.3     7.7     7.8     0.0     8.94 C    28.2    -2.7     9.1    97.8    48.7    79.6   0.121   0.165   0.196   0.190 -99.000    13.0    13.4    13.6    17.3 -9999.0
63831 20171122  2.422  -89.07   32.34    16.3     2.3     9.3     8.7     0.0    10.75 C    24.8    -0.5     8.4    96.8    35.0    62.0   0.119   0.161   0.195   0.191 -99.000    13.2    13.6    13.9    17.0 -9999.0
63831 20171123  2.422  -89.07   32.34    15.4    -3.2     6.1     4.5     0.0    11.37 C    24.3    -5.4     5.3    95.6    19.7    65.2   0.115   0.158   0.192   0.190 -99.000    11.9    12.5    12.8    16.6 -9999.0
63831 20171124  2.422  -89.07   32.34    18.6    -3.7     7.4     5.7     0.0    10.80 C    29.7    -4.6     7.2    96.4    15.2    66.7   0.113   0.155   0.191   0.189 -99.000    11.6    12.1    12.4    16.0 -9999.0
63831 20171125  2.422  -89.07   32.34    18.8     0.1     9.5     8.1     0.0     5.53 C    28.4    -0.4     8.5    97.0    42.5    77.7   0.111   0.152   0.191   0.188 -99.000    12.1    12.5    12.7    15.8 -9999.0
63831 20171126  2.422  -89.07   32.34    19.1     0.6     9.9     8.5     0.0    11.01 C    27.6    -0.9     8.6    97.6    19.8    65.7   0.107   0.150   0.189   0.189 -99.000    12.2    12.6    12.8    15.7 -9999.0
63831 20171127  2.422  -89.07   32.34    19.3    -2.2     8.6     7.0     0.0    11.05 C    29.5    -3.3     8.0    97.1    22.5    68.3   0.105   0.147   0.188   0.189 -99.000    11.8    12.3    12.5    15.6 -9999.0
63831 20171128  2.422  -89.07   32.34    21.6    -2.2     9.7     8.3     0.0    10.71 C    30.4    -3.4     9.1    96.9    22.7    67.9   0.102   0.143   0.186   0.189 -99.000    11.7    12.2    12.4    15.4 -9999.0
63831 20171129  2.422  -89.07   32.34    22.0     6.1    14.1    13.9     0.0     6.20 C    29.5     5.4    14.4    97.6    50.8    77.1   0.100   0.142   0.185   0.189 -99.000    13.3    13.5    13.5    15.5 -9999.0
63831 20171130  2.422  -89.07   32.34    22.2     7.8    15.0    14.6     0.0     3.64 C    28.4     6.3    14.7   100.0    71.7    95.2   0.100   0.140   0.177   0.191 -99.000    14.5    14.6    14.6    16.0 -9999.0
63831 20171201  2.422  -89.07   32.34    15.1     4.7     9.9    10.7     0.0     3.12 C    20.9     3.6    11.3   100.0    80.9    95.2   0.099   0.137   0.153   0.192 -99.000    13.9    14.1    14.2    16.3 -9999.0
63831 20171202  2.422  -89.07   32.34    19.3     6.7    13.0    12.7     0.0     6.44 C    30.0     5.3    14.1    99.7    58.5    89.0   0.099   0.136   0.153   0.192 -99.000    14.8    14.9    14.9    16.4 -9999.0
63831 20171203  2.422  -89.07   32.34    21.5     4.9    13.2    11.6     0.0     9.34 C    33.6     4.2    13.0   100.0    37.5    80.4   0.099   0.132   0.151   0.193 -99.000    14.4    14.6    14.7    16.5 -9999.0
63831 20171204  2.422  -89.07   32.34    17.7     5.1    11.4    12.9     0.0     3.02 C    23.7     3.8    13.2    97.3    80.7    92.1   0.098   0.130   0.150   0.193 -99.000    14.3    14.4    14.5    16.5 -9999.0
63831 20171205  2.422  -89.07   32.34    25.1     6.2    15.7    15.6    14.9     2.56 C    30.9     6.4    16.0    96.4    64.1    87.5   0.123   0.182   0.155   0.191 -99.000    15.9    15.8    15.9    16.8 -9999.0
63831 20171206  2.422  -89.07   32.34     6.3     2.7     4.5     4.9     4.6     1.28 C     9.8     4.6     6.4    91.2    62.7    79.9   0.180   0.232   0.187   0.188 -99.000    13.0    13.7    13.7    16.7 -9999.0
63831 20171207  2.422  -89.07   32.34     8.1     1.7     4.9     5.9     8.9     1.67 C    10.4     3.4     6.7    94.4    56.7    73.0   0.186   0.225   0.203   0.187 -99.000    12.0    12.5    12.6    15.9 -9999.0
63831 20171208  2.422  -89.07   32.34     2.1    -0.4     0.9     0.3    11.5     1.21 C     3.9    -1.7     0.2    97.4    89.9    94.3   0.230   0.275   0.252   0.185 -99.000    10.0    10.7    10.8    15.0 -9999.0
63831 20171209  2.422  -89.07   32.34     7.4    -4.7     1.3     0.3     0.0    10.44 C    14.0    -9.1     0.5    98.6    53.3    83.9   0.235   0.276   0.270   0.184 -99.000     9.4    10.0    10.1    14.1 -9999.0
63831 20171210  2.422  -89.07   32.34    12.8    -5.2     3.8     2.1     0.0    10.26 C    19.2    -5.0     3.3    98.1    30.0    76.4   0.233   0.266   0.271   0.184 -99.000     8.5     9.3     9.3    13.4 -9999.0
63831 20171211  2.422  -89.07   32.34    19.3    -2.4     8.4     6.8     0.0     9.94 C    23.2    -2.9     6.3    96.9    25.3    70.5   0.228   0.256   0.267   0.184 -99.000     8.9     9.4     9.4    12.9 -9999.0
63831 20171212  2.422  -89.07   32.34    14.1    -1.1     6.5     7.8     0.0    10.14 C    19.9    -2.6     6.1    90.6    37.9    60.3   0.223   0.249   0.265   0.184 -99.000     9.2     9.7     9.8    12.9 -9999.0
63831 20171213  2.422  -89.07   32.34    14.8    -4.3     5.2     5.3     0.0    10.14 C    20.4    -4.6     4.9    96.6    23.4    61.3   0.218   0.243   0.262   0.184 -99.000     8.7     9.2     9.3    12.6 -9999.0
63831 20171214  2.422  -89.07   32.34    12.5    -0.3     6.1     5.1     0.0     4.71 C    16.8    -1.0     5.0    98.3    49.7    81.0   0.214   0.239   0.260   0.185 -99.000     8.9     9.3     9.3    12.3 -9999.0
63831 20171215  2.422  -89.07   32.34     6.1    -3.6     1.2     2.8     0.0     3.02 C    10.3    -4.8     2.6    95.6    50.6    72.8   0.211   0.237   0.258   0.184 -99.000     8.5     9.0     9.1    12.2 -9999.0
63831 20171216  2.422  -89.07   32.34    12.4    -5.2     3.6     3.1     0.0     8.67 C    24.0    -5.6     4.4    96.9    30.7    71.2   0.208   0.234   0.256   0.183 -99.000     7.9     8.3     8.4    11.8 -9999.0
63831 20171217  2.422  -89.07   32.34    12.0     7.1     9.5    10.2    14.6     2.04 C    16.9     5.1    10.4   100.0    54.4    87.2   0.247   0.276   0.276   0.182 -99.000     9.6     9.5     9.7    11.8 -9999.0
63831 20171218  2.422  -89.07   32.34    16.4    10.7    13.5    13.3    12.2     2.11 C    18.8    10.8    13.6   100.0    91.2    98.1   0.296   0.292   0.304   0.271 -99.000    11.5    11.2    11.4    12.4 -9999.0
63831 20171219  2.422  -89.07   32.34    21.1    14.1    17.6    17.4     2.6     2.15 C    22.4    13.8    16.9   100.0    85.9    96.3   0.299   0.292   0.306   0.346 -99.000    13.4    12.9    13.1    13.3 -9999.0
63831 20171220  2.422  -89.07   32.34    22.7    11.0    16.9    18.4    31.5     6.96 C    26.4     9.8    17.6    95.7    51.7    82.1   0.333   0.299   0.316   0.440 -99.000    15.7    15.2    15.4    14.7 -9999.0
63831 20171221  2.422  -89.07   32.34    18.5    10.2    14.3    12.8     0.0     6.65 C    24.5    10.5    14.1    98.8    68.0    90.9   0.317   0.294   0.312   0.438 -99.000    14.8    14.7    14.8    15.3 -9999.0
63831 20171222  2.422  -89.07   32.34    23.7    13.7    18.7    18.7     0.0     4.55 C    26.8    13.7    18.3    98.5    72.1    90.2   0.307   0.288   0.309   0.396 -99.000    15.5    15.1    15.2    15.5 -9999.0
63831 20171223  2.422  -89.07   32.34    21.3     7.9    14.6    14.0     1.6     1.56 C    19.1     9.2    14.2    91.6    80.7    85.3   0.305   0.289   0.309   0.388 -99.000    15.8    15.7    15.8    16.1 -9999.0
63831 20171224  2.422  -89.07   32.34    10.8     3.0     6.9     7.7     0.0     2.77 C    14.6     1.7     8.8    90.9    65.4    79.9   0.300   0.284   0.307   0.386 -99.000    13.7    14.0    14.1    15.9 -9999.0
63831 20171225  2.422  -89.07   32.34     6.1    -2.9     1.6     1.5     0.0     9.28 C    15.0    -2.4     3.6    87.8    33.0    59.8   0.294   0.277   0.304   0.381 -99.000    11.2    11.8    11.9    15.0 -9999.0
63831 20171226  2.422  -89.07   32.34     8.5    -2.0     3.2     3.4    13.6     5.00 C    18.1    -1.8     5.5    94.4    41.7    66.8   0.299   0.279   0.305   0.382 -99.000    10.3    10.7    10.8    13.9 -9999.0
63831 20171227  2.422  -89.07   32.34     5.1     0.4     2.7     2.9     8.0     3.68 C    10.7     1.2     5.0    94.1    62.6    78.7   0.336   0.305   0.320   0.450 -99.000     9.6    10.0    10.1    13.0 -9999.0
63831 20171228  2.422  -89.07   32.34     6.8    -1.5     2.6     2.0     0.0     4.93 C    15.0    -1.5     4.5    81.1    48.1    60.4   0.319   0.299   0.314   0.436 -99.000     9.0     9.5     9.6    12.6 -9999.0
63831 20171229  2.422  -89.07   32.34    10.3    -5.1     2.6     1.2     0.0    10.23 C    18.4    -4.0     3.3    93.6    26.0    65.7   0.307   0.290   0.309   0.401 -99.000     8.3     8.9     9.0    12.2 -9999.0
63831 20171230  2.422  -89.07   32.34     9.1    -1.2     3.9     5.4     0.0     3.19 C    15.1     1.3     7.2    93.2    70.6    84.0   0.302   0.283   0.307   0.389 -99.000     8.9     9.1     9.2    11.8 -9999.0
63831 20171231  2.422  -89.07   32.34     6.4    -5.6     0.4     0.6     1.9     1.62 C     7.1    -5.1     1.9    94.3    43.3    77.1   0.305   0.290   0.308   0.379 -99.000     8.5     9.0     9.1    11.8 -9999.0
