03758 20170101  2.422  -79.09   35.97     9.3     4.4     6.9     7.7     8.5     1.80 C    10.5     4.5     7.8    93.3    39.0    80.4   0.305   0.269   0.267   0.347   0.356     7.6     7.8     7.7     8.9     9.6
03758 20170102  2.422  -79.09   35.97     9.4     7.4     8.4     8.5    32.0     1.30 C    10.4     7.5     8.8    93.4    89.0    92.0 -99.000 -99.000 -99.000 -99.000 -99.000 -9999.0 -9999.0 -9999.0 -9999.0 -9999.0
03758 20170103  2.422  -79.09   35.97    12.8     7.2    10.0     9.3     4.6     2.53 C    13.0     7.1     9.7    93.9    86.7    91.2 -99.000 -99.000 -99.000 -99.000 -99.000 -9999.0 -9999.0 -9999.0 -9999.0 -9999.0
03758 20170104  2.422  -79.09   35.97    16.0     3.5     9.8    11.2     0.0     8.88 C    19.6    -1.6     9.5    92.2    35.9    63.5   0.352   0.304   0.305   0.436   0.394     9.9    10.3     9.9     9.9    10.6
03758 20170105  2.422  -79.09   35.97     5.0    -3.1     1.0     2.2     0.0     4.31 C     9.2    -5.7     1.7    77.9    25.4    47.4   0.338   0.289   0.295   0.425   0.390     7.6     8.1     8.5     9.9     9.7
03758 20170106  2.422  -79.09   35.97     4.5    -1.0     1.7     2.2     5.6     2.93 C     8.2    -1.5     2.9    90.6    42.0    59.9   0.330   0.284   0.292   0.408   0.386     7.3     7.6     8.0     9.4     9.5
03758 20170107  2.422  -79.09   35.97    -1.0    -7.3    -4.1    -4.0    17.3     3.90 C    -1.0   -13.4    -5.4    90.6    35.2    67.7   0.339   0.299   0.300   0.409   0.388     6.1     6.4     7.1     8.9     8.9
03758 20170108  2.422  -79.09   35.97    -3.8   -10.4    -7.1    -7.8     0.0    13.06 C    -2.0   -16.5   -10.6    64.3    28.5    42.1   0.332   0.293   0.297   0.410   0.387     5.4     5.9     6.5     8.4     8.3
03758 20170109  2.422  -79.09   35.97    -1.5   -14.2    -7.8    -7.5     0.0     8.74 C    -0.3   -17.2    -8.9    78.9    31.7    52.5   0.326   0.288   0.294   0.405   0.384     4.0     5.0     5.5     7.8     7.6
03758 20170110  2.422  -79.09   35.97     9.0    -7.2     0.9     0.5     0.0    10.65 C     4.8    -8.6    -1.7    82.5    22.7    58.9   0.335   0.293   0.299   0.408   0.386     4.1     4.8     5.1     7.2     7.4
03758 20170111  2.422  -79.09   35.97    12.2     2.3     7.2     8.0     0.0     4.10 C    11.2     0.1     5.2    94.3    73.2    87.4   0.356   0.317   0.319   0.429   0.397     4.9     5.0     5.3     7.0     7.6
03758 20170112  2.422  -79.09   35.97    21.0    10.7    15.8    15.4     0.0     9.74 C    23.1     6.4    12.7    92.3    47.9    71.2   0.358   0.314   0.319   0.443   0.395     7.1     7.3     6.7     7.2     8.2
03758 20170113  2.422  -79.09   35.97    24.4     8.4    16.4    16.3     0.0    10.85 C    29.0     5.0    13.9    93.2    45.1    68.3   0.348   0.296   0.305   0.444   0.391     8.6     9.0     8.3     8.0     9.0
03758 20170114  2.422  -79.09   35.97    13.7     4.9     9.3     7.8     0.0     5.20 C    14.8     2.1     8.4    83.7    47.3    62.6   0.339   0.301   0.298   0.422   0.388     9.0     9.2     9.1     8.8     9.4
03758 20170115  2.422  -79.09   35.97    13.5     3.5     8.5     8.8     1.4     9.05 C    19.9     1.8     9.3    88.5    54.8    72.8   0.332   0.301   0.294   0.418   0.384     8.8     8.9     8.9     9.1     9.4
03758 20170116  2.422  -79.09   35.97    10.3     5.8     8.0     7.8     0.0     4.25 C    14.0     3.6     8.1    86.2    46.3    61.1   0.330   0.301   0.294   0.418   0.383     9.0     9.1     9.2     9.3     9.7
03758 20170117  2.422  -79.09   35.97    16.9     6.2    11.6    11.7     1.6     3.99 C    21.5     4.7    11.5    92.4    66.4    84.3   0.326   0.299   0.292   0.416   0.382     9.5     9.5     9.4     9.5     9.9
03758 20170118  2.422  -79.09   35.97    19.5     6.4    13.0    15.4     0.0    12.63 C    23.5     2.2    12.8    89.8    28.7    56.4   0.325   0.300   0.293   0.418   0.382    10.6    10.6    10.4     9.9    10.5
03758 20170119  2.422  -79.09   35.97    16.6     2.1     9.4     8.3     0.0    12.64 C    21.8    -0.6     6.9    88.5    37.3    67.7   0.320   0.294   0.289   0.410   0.380     9.1     9.4     9.6    10.1    10.0
03758 20170120  2.422  -79.09   35.97    13.8     5.3     9.5     9.8     4.3     2.54 C    16.2     3.1     9.5    93.5    81.3    88.3   0.336   0.305   0.297   0.414   0.387     9.3     9.4     9.5     9.9    10.2
03758 20170121  2.422  -79.09   35.97    11.9    10.7    11.3    11.3     8.1     1.90 C    14.4    10.5    11.6    99.8    92.7    95.8 -99.000 -99.000 -99.000 -99.000 -99.000 -9999.0 -9999.0 -9999.0 -9999.0 -9999.0
03758 20170122  2.422  -79.09   35.97    13.0    10.9    12.0    11.5     2.9     2.29 C    15.5    10.5    11.9    94.4    86.3    92.2 -99.000 -99.000 -99.000 -99.000 -99.000 -9999.0 -9999.0 -9999.0 -9999.0 -9999.0
03758 20170123  2.422  -79.09   35.97    15.4     5.4    10.4    10.5    17.1     6.80 C    22.0     5.6    11.1    93.7    58.9    81.4 -99.000 -99.000 -99.000 -99.000 -99.000 -9999.0 -9999.0 -9999.0 -9999.0 -9999.0
03758 20170124  2.422  -79.09   35.97    16.1     3.4     9.7     9.2     0.0    12.99 C    20.6     0.0     8.3    91.0    39.7    63.3   0.365   0.308   0.313   0.454   0.464    10.3    10.6    10.6    10.9    11.3
03758 20170125  2.422  -79.09   35.97    22.2     0.3    11.3    11.0     0.0    14.00 C    25.2    -1.7     9.0    93.0    24.7    58.9   0.346   0.292   0.302   0.431   0.464     9.4     9.8     9.8    10.6    11.4
03758 20170126  2.422  -79.09   35.97    20.4     4.7    12.5    13.9     0.3    11.82 C    24.6     0.9    11.8    82.1    12.4    45.4   0.335   0.283   0.296   0.420   0.433    10.5    10.8    10.5    10.6    11.2
03758 20170127  2.422  -79.09   35.97     9.4     0.9     5.2     4.5     0.0    11.56 C    18.7    -3.5     3.2    61.4    34.5    48.0   0.327   0.275   0.290   0.413   0.388     8.7     9.1     9.5    10.5    10.4
03758 20170128  2.422  -79.09   35.97    10.0    -3.9     3.0     3.2     0.0    14.71 C    16.3    -6.7     1.6    78.8    24.6    47.8   0.322   0.267   0.286   0.409   0.460     7.1     7.7     8.1     9.8    11.3
03758 20170129  2.422  -79.09   35.97    11.1    -2.9     4.1     4.5     0.0    10.53 C    20.1    -6.2     3.3    78.7    28.0    50.8   0.317   0.261   0.282   0.405   0.465     6.6     7.1     7.4     9.2    11.2
03758 20170130  2.422  -79.09   35.97     6.8    -3.3     1.8     1.9     0.0    14.64 C    13.2    -6.8     0.8    69.3    23.9    42.8   0.314   0.257   0.280   0.402   0.465     6.4     6.8     7.2     8.8    11.0
03758 20170131  2.422  -79.09   35.97    18.6    -3.6     7.5     8.6     0.0    11.97 C    24.6    -6.3     6.0    74.8    21.9    44.2   0.309   0.252   0.278   0.401   0.463     6.2     6.6     6.7     8.3    10.7
03758 20170201  2.422  -79.09   35.97    20.4     2.6    11.5     9.9     0.0     8.70 C    23.4    -0.7     7.9    82.8    30.7    57.2   0.307   0.249   0.275   0.396   0.462     7.4     7.8     7.6     8.4    10.5
03758 20170202  2.422  -79.09   35.97    15.4     1.9     8.6     9.2     0.0     9.73 C    22.1    -0.7     8.6    87.0    30.9    56.1   0.304   0.245   0.273   0.393   0.459     8.1     8.5     8.2     8.7    10.3
03758 20170203  2.422  -79.09   35.97     9.2    -0.4     4.4     4.1     0.8     2.43 C     7.7    -4.4     3.7    87.0    26.4    53.1   0.304   0.244   0.272   0.390   0.460     7.9     8.3     8.3     9.0    10.3
03758 20170204  2.422  -79.09   35.97     6.1    -4.6     0.8    -0.3     0.0    16.11 C    14.0    -8.0    -0.7    70.0    16.9    36.2   0.303   0.244   0.271   0.387   0.460     6.0     6.4     7.0     8.7    10.4
03758 20170205  2.422  -79.09   35.97    14.2    -4.5     4.8     4.8     0.5    14.02 C    19.8    -7.2     4.2    72.3    30.1    51.7   0.300   0.241   0.270   0.386   0.461     5.8     6.3     6.4     8.0    10.3
03758 20170206  2.422  -79.09   35.97    19.6    -0.3     9.7    10.3     0.0    15.64 C    25.3    -3.2     8.3    88.4    22.5    51.9   0.298   0.238   0.269   0.385   0.460     6.8     7.3     7.0     8.0    10.1
03758 20170207  2.422  -79.09   35.97    22.9     9.7    16.3    16.4     0.6    11.62 C    27.0     5.7    14.7    86.5    43.1    59.1   0.295   0.235   0.267   0.384   0.458     8.9     9.2     8.5     8.4    10.0
03758 20170208  2.422  -79.09   35.97    22.4    10.3    16.4    16.0     2.6    12.94 C    28.1     7.6    15.0    93.8    37.9    71.1   0.306   0.239   0.268   0.386   0.458    10.5    11.1    10.1     9.3    10.1
03758 20170209  2.422  -79.09   35.97    14.6    -1.4     6.6     7.1    14.2    14.32 C    15.7    -4.7     6.9    93.1    25.0    49.8   0.357   0.301   0.306   0.422   0.468    10.0    10.5    10.3    10.0    10.3
03758 20170210  2.422  -79.09   35.97     9.1    -4.1     2.5     2.7     0.0    10.62 C    14.7    -7.2     2.6    68.2    20.6    36.5   0.335   0.284   0.294   0.415   0.471     7.4     7.9     8.3     9.6    10.6
03758 20170211  2.422  -79.09   35.97    22.7     3.5    13.1    13.8     0.0    13.85 C    28.3     0.9    12.8    65.2    26.6    43.1   0.325   0.276   0.289   0.410   0.471     8.6     8.9     8.5     9.1    10.6
03758 20170212  2.422  -79.09   35.97    27.5    14.6    21.1    20.0     1.3    14.59 C    31.0    10.1    18.1    79.1    31.0    58.7   0.316   0.268   0.285   0.408   0.469    11.5    11.6    10.6     9.7    10.5
03758 20170213  2.422  -79.09   35.97    16.2     3.5     9.8     9.6     0.0    17.60 C    20.3    -2.5     7.8    46.9    11.1    25.1   0.308   0.264   0.282   0.408   0.468    10.4    10.9    10.8    10.5    10.7
03758 20170214  2.422  -79.09   35.97    16.8    -2.0     7.4     8.3     0.0    15.56 C    25.3    -4.8     8.0    74.9    19.8    41.2   0.300   0.256   0.279   0.405   0.467     8.9     9.4     9.3    10.2    10.9
03758 20170215  2.422  -79.09   35.97    12.6     3.5     8.0     8.3     5.8     7.67 C    17.9    -2.1     6.8    91.9    28.4    54.6   0.322   0.280   0.288   0.406   0.467     9.4     9.9     9.7    10.0    11.0
03758 20170216  2.422  -79.09   35.97    10.7    -0.1     5.3     4.8     0.0    17.80 C    17.3    -4.1     3.7    63.2    17.2    35.3   0.330   0.286   0.292   0.410   0.466     7.9     8.4     8.7     9.8    11.0
03758 20170217  2.422  -79.09   35.97    18.8     0.9     9.8     9.4     0.0    17.07 C    26.1    -1.6     8.7    72.3    21.6    42.6   0.318   0.276   0.287   0.408   0.465     8.4     8.8     8.6     9.4    10.9
03758 20170218  2.422  -79.09   35.97    22.5     1.2    11.8    12.9     0.0    14.97 C    29.1    -1.2    11.5    82.7    16.4    46.2   0.309   0.265   0.282   0.406   0.465     9.0     9.5     9.0     9.5    10.8
03758 20170219  2.422  -79.09   35.97    21.3     8.6    15.0    14.4     0.0    17.17 C    28.1     5.6    12.9    79.8    35.0    54.6   0.300   0.256   0.278   0.404   0.465    10.5    10.7    10.1     9.8    10.7
03758 20170220  2.422  -79.09   35.97    21.9     6.5    14.2    14.0     0.0    17.04 C    29.0     2.0    12.4    78.7    25.4    50.0   0.294   0.249   0.275   0.398   0.464    10.7    11.1    10.5    10.3    10.8
03758 20170221  2.422  -79.09   35.97    17.9     5.9    11.9    11.2     0.0    12.40 C    26.2     2.0    10.2    74.4    32.7    56.0   0.289   0.243   0.271   0.394   0.462    10.5    11.1    10.6    10.5    11.0
03758 20170222  2.422  -79.09   35.97    20.4     8.5    14.4    13.9     0.0     7.62 C    26.4     6.1    13.7    86.2    52.1    71.8   0.286   0.239   0.269   0.392   0.462    11.3    11.7    11.0    10.7    11.1
03758 20170223  2.422  -79.09   35.97    23.6     9.3    16.4    15.6     0.0    16.51 C    31.7     6.4    15.0    93.0    40.7    70.3   0.284   0.237   0.267   0.390   0.462    12.3    12.6    11.8    11.1    11.3
03758 20170224  2.422  -79.09   35.97    25.1     6.7    15.9    16.0     0.0    15.98 C    33.0     4.7    15.0    92.3    42.7    70.8   0.279   0.232   0.264   0.390   0.460    12.4    12.7    12.1    11.5    11.5
03758 20170225  2.422  -79.09   35.97    26.1     8.7    17.4    17.9     0.0    13.95 C    31.2     5.2    16.1    93.3    20.3    55.0   0.275   0.229   0.262   0.389   0.459    13.2    13.3    12.7    11.9    11.7
03758 20170226  2.422  -79.09   35.97    12.0    -0.3     5.9     5.6     0.0    19.62 C    20.4    -4.4     5.4    73.3    18.9    38.7   0.269   0.224   0.259   0.386   0.459    10.8    11.5    11.6    12.0    11.9
03758 20170227  2.422  -79.09   35.97    17.8    -1.8     8.0     8.4     0.0    15.47 C    25.8    -3.6     8.7    81.8    18.4    46.6   0.264   0.220   0.256   0.383   0.458     9.9    10.6    10.5    11.3    12.0
03758 20170228  2.422  -79.09   35.97    23.8     5.9    14.9    16.4     0.7    14.21 C    31.7     3.3    15.7    91.6    46.0    65.6   0.261   0.217   0.253   0.382   0.455    11.8    12.0    11.4    11.2    11.9
03758 20170301  2.422  -79.09   35.97    24.2    13.9    19.0    19.1    23.3     9.26 C    27.8    13.3    17.9    90.8    46.2    73.1   0.279   0.235   0.265   0.391   0.458    13.7    13.7    12.9    11.9    11.9
03758 20170302  2.422  -79.09   35.97    16.2     3.5     9.9    10.3     0.0    19.81 C    21.9    -1.9     9.5    87.1    15.9    39.5   0.338   0.286   0.297   0.432   0.471    12.7    13.0    12.9    12.5    12.1
03758 20170303  2.422  -79.09   35.97    11.4    -2.1     4.6     4.4     0.0    16.97 C    22.4    -5.8     3.4    84.4    15.2    43.5   0.319   0.272   0.287   0.415   0.472     9.8    10.5    10.9    12.0    12.3
03758 20170304  2.422  -79.09   35.97    11.2    -5.5     2.8     2.4     0.0    19.49 C    19.5    -7.6     2.9    81.2    18.7    48.9   0.308   0.262   0.282   0.407   0.470     8.3     9.0     9.4    11.1    12.3
03758 20170305  2.422  -79.09   35.97    10.9    -2.0     4.4     3.6     0.0    20.17 C    20.6    -4.1     4.3    78.3    24.3    44.9   0.299   0.253   0.277   0.401   0.467     8.2     8.9     9.0    10.4    12.0
03758 20170306  2.422  -79.09   35.97    18.0    -1.9     8.1     8.4     0.0    13.39 C    25.0    -3.8     7.8    90.0    45.6    65.6   0.292   0.247   0.273   0.396   0.466     8.5     9.1     8.9    10.0    11.8
03758 20170307  2.422  -79.09   35.97    22.2     8.9    15.5    16.2     0.0    14.70 C    27.6     4.6    15.1    79.7    34.3    55.3   0.287   0.241   0.270   0.394   0.466    10.7    10.9    10.2    10.2    11.6
03758 20170308  2.422  -79.09   35.97    20.4     5.8    13.1    14.6     0.9    19.98 C    27.7     0.7    13.8    85.9    10.4    42.8   0.282   0.236   0.267   0.392   0.466    12.2    12.4    11.7    11.0    11.6
03758 20170309  2.422  -79.09   35.97    23.4     3.4    13.4    14.0     0.0    20.83 C    30.2    -0.7    11.5    74.6    10.9    33.3   0.275   0.231   0.263   0.390   0.465    11.1    11.5    11.2    11.3    11.7
03758 20170310  2.422  -79.09   35.97    19.6     0.5    10.0    11.1     0.4    18.09 C    26.2    -3.3    10.1    85.1    28.5    45.7   0.270   0.226   0.260   0.388   0.463    11.3    11.7    11.4    11.4    11.8
03758 20170311  2.422  -79.09   35.97     9.1    -2.0     3.6     3.2     0.0    14.41 C    17.4    -5.1     3.2    69.5    14.8    38.1   0.266   0.222   0.257   0.385   0.461     9.1     9.8    10.1    11.2    11.9
03758 20170312  2.422  -79.09   35.97     7.8    -1.8     3.0     2.4     1.3    16.48 C    18.1    -5.4     3.8    86.9    20.6    52.5   0.263   0.219   0.255   0.382   0.462     8.7     9.3     9.4    10.6    11.9
03758 20170313  2.422  -79.09   35.97 -9999.0 -9999.0 -9999.0 -9999.0 -9999.0 -9999.00 U -9999.0 -9999.0 -9999.0 -9999.0 -9999.0 -9999.0 -99.000 -99.000 -99.000 -99.000 -99.000 -9999.0 -9999.0 -9999.0 -9999.0 -9999.0
03758 20170314 -9.000  -79.09   35.97 -9999.0 -9999.0 -9999.0 -9999.0 -9999.0 -9999.00 U -9999.0 -9999.0 -9999.0 -9999.0 -9999.0 -9999.0 -99.000 -99.000 -99.000 -99.000 -99.000 -9999.0 -9999.0 -9999.0 -9999.0 -9999.0
03758 20170315 -9.000  -79.09   35.97 -9999.0 -9999.0 -9999.0 -9999.0 -9999.0 -9999.00 U -9999.0 -9999.0 -9999.0 -9999.0 -9999.0 -9999.0 -99.000 -99.000 -99.000 -99.000 -99.000 -9999.0 -9999.0 -9999.0 -9999.0 -9999.0
03758 20170316  2.422  -79.09   35.97 -9999.0 -9999.0 -9999.0 -9999.0 -9999.0 -9999.00 U -9999.0 -9999.0 -9999.0 -9999.0 -9999.0 -9999.0 -99.000 -99.000 -99.000 -99.000 -99.000 -9999.0 -9999.0 -9999.0 -9999.0 -9999.0
03758 20170317  2.422  -79.09   35.97    13.4    -5.9     3.8     5.5     1.0    17.04 C    28.1   -10.7     6.1    84.9    14.7    38.9   0.307   0.263   0.281   0.403   0.469     6.4     7.1     6.9     8.3    10.7
03758 20170318  2.422  -79.09   35.97    18.1     5.5    11.8    10.0     5.3    11.22 C    26.5     2.3    10.3    90.9    50.1    76.7   0.329   0.289   0.293   0.404   0.467     8.6     9.1     8.4     8.6    10.5
03758 20170319  2.422  -79.09   35.97    14.2     1.6     7.9     7.7     0.0    17.16 C    26.9    -3.3     6.7    73.0    29.4    50.5   0.329   0.290   0.296   0.410   0.467     8.6     9.1     8.8     9.1    10.4
03758 20170320  2.422  -79.09   35.97    18.0    -2.0     8.0     8.9     0.0    21.77 C    31.1    -5.4    10.3    87.9    24.8    53.5   0.318   0.277   0.289   0.409   0.467     8.6     9.2     8.7     9.1    10.5
03758 20170321  2.422  -79.09   35.97    27.5     7.9    17.7    18.0     0.2    20.42 C    38.7     3.5    17.8    74.7    30.1    47.4   0.307   0.264   0.282   0.407   0.467    11.2    11.6    10.4     9.6    10.6
03758 20170322  2.422  -79.09   35.97    17.2     3.4    10.3    12.7     0.0    19.33 C    30.5    -4.9    12.0    66.7    12.6    33.9   0.296   0.253   0.276   0.403   0.467    11.7    12.2    11.4    10.6    10.7
03758 20170323  2.422  -79.09   35.97    12.8    -0.5     6.1     5.8     0.0    23.63 C    28.2    -7.1     6.2    55.6    21.6    35.9   0.286   0.243   0.271   0.394   0.467     9.6    10.4    10.2    10.6    11.1
03758 20170324  2.422  -79.09   35.97    21.4     0.0    10.7    11.6     0.0    18.91 C    31.0    -3.3    11.2    82.3    38.9    57.2   0.279   0.236   0.267   0.391   0.466    10.0    10.6    10.0    10.3    11.2
03758 20170325  2.422  -79.09   35.97    23.2     9.5    16.3    17.0     0.0    15.90 C    33.6     4.0    15.6    86.7    37.5    59.5   0.274   0.230   0.263   0.389   0.464    11.9    12.3    11.3    10.7    11.2
03758 20170326  2.422  -79.09   35.97    24.4     9.2    16.8    17.5     0.0    15.53 C    36.4     4.5    16.9    91.3    37.1    62.2   0.270   0.225   0.259   0.388   0.462    12.8    13.2    12.2    11.3    11.3
03758 20170327  2.422  -79.09   35.97    25.7    14.6    20.1    19.4     1.6    15.95 C    34.9    11.4    19.0    90.5    46.1    67.9   0.269   0.222   0.257   0.387   0.462    14.3    14.7    13.4    12.0    11.6
03758 20170328  2.422  -79.09   35.97    26.2    15.1    20.7    19.1     0.6    13.88 C    36.1     8.9    18.1    89.1    33.8    64.5   0.269   0.221   0.256   0.387   0.461    15.0    15.3    14.2    12.7    11.9
03758 20170329  2.422  -79.09   35.97    22.8    13.0    17.9    17.2     0.0    15.09 C    35.8     7.2    16.3    78.2    44.1    62.5   0.266   0.219   0.254   0.385   0.460    14.7    15.1    14.3    13.2    12.2
03758 20170330  2.422  -79.09   35.97    18.9    12.3    15.6    15.1     0.0    10.64 C    33.2     7.0    15.7    80.6    34.6    62.1   0.262   0.216   0.252   0.384   0.460    14.4    14.8    14.1    13.4    12.6
03758 20170331  2.422  -79.09   35.97    25.5    13.5    19.5    18.2    15.6    13.85 C    32.9     9.0    17.9    91.0    32.9    69.7   0.321   0.269   0.283   0.399   0.460    15.4    15.7    14.8    13.6    12.8
03758 20170401  2.422  -79.09   35.97    23.2    10.8    17.0    16.3     0.0    24.53 C    34.1     5.2    16.5    67.1    32.6    49.5   0.323   0.276   0.288   0.410   0.458    15.1    15.4    14.8    13.9    13.0
03758 20170402  2.422  -79.09   35.97    19.9     8.4    14.1    13.2     0.0    24.05 C    33.5     4.7    14.9    68.7    33.8    53.3   0.303   0.258   0.279   0.405   0.458    14.7    15.2    14.6    14.0    13.2
03758 20170403  2.422  -79.09   35.97    23.9     8.3    16.1    15.4     9.8    10.81 C    33.9     4.5    15.6    91.5    52.9    76.3   0.307   0.264   0.282   0.404   0.461    14.6    15.0    14.5    14.0    13.4
03758 20170404  2.422  -79.09   35.97    27.0    14.6    20.8    20.2     0.0    22.31 C    36.1     9.0    19.9    89.8    30.7    62.5   0.333   0.286   0.298   0.422   0.469    16.3    16.7    15.5    14.2    13.5
03758 20170405  2.422  -79.09   35.97    24.8    10.0    17.4    16.9     7.3    10.18 C    30.9     6.4    16.0    89.1    38.4    72.5   0.328   0.283   0.294   0.420   0.472    15.7    16.2    15.5    14.7    13.6
03758 20170406  2.422  -79.09   35.97    18.7     9.1    13.9    14.5     3.8    11.79 C    28.2     5.1    13.8    93.1    35.0    64.0   0.348   0.302   0.309   0.434   0.471    15.3    15.8    15.3    14.7    13.9
03758 20170407  2.422  -79.09   35.97    13.9     3.2     8.5     9.8     0.0    21.01 C    27.5    -2.0    10.3    61.6    27.8    40.1   0.328   0.282   0.295   0.425   0.472    13.5    14.1    14.1    14.4    14.0
03758 20170408  2.422  -79.09   35.97    18.2    -0.5     8.8     9.3     0.0    25.61 C    32.1    -3.9    10.1    86.1    19.5    49.5   0.308   0.264   0.285   0.414   0.473    12.7    13.4    13.2    13.8    14.0
03758 20170409  2.422  -79.09   35.97    24.0     1.6    12.8    13.9     0.0    26.01 C    35.7    -1.3    13.7    85.3    12.8    44.8   0.291   0.248   0.276   0.403   0.472    13.2    13.8    13.3    13.5    13.8
03758 20170410  2.422  -79.09   35.97    24.5     7.9    16.2    16.8     0.0    23.14 C    36.2     1.7    15.5    78.3    28.3    50.1   0.278   0.235   0.268   0.396   0.470    14.1    14.7    13.9    13.6    13.8
03758 20170411  2.422  -79.09   35.97    27.3    11.7    19.5    19.5     0.0    25.00 C    36.8     6.7    18.8    87.3    30.6    57.2   0.266   0.224   0.261   0.393   0.469    15.5    16.0    14.9    14.0    13.8
03758 20170412  2.422  -79.09   35.97    26.7    13.1    19.9    19.6     0.0    21.24 C    38.3     8.8    19.4    82.2    34.0    59.2   0.256   0.215   0.254   0.391   0.467    16.4    16.8    15.7    14.6    13.9
03758 20170413  2.422  -79.09   35.97    26.0    10.5    18.3    19.2     0.0    24.02 C    36.8     6.0    18.9    84.1    31.9    51.9   0.246   0.207   0.248   0.389   0.464    16.6    17.1    16.1    15.0    14.1
03758 20170414  2.422  -79.09   35.97    25.8     9.3    17.6    17.8     0.0    23.08 C    38.1     5.7    18.8    85.8    43.0    57.3   0.235   0.199   0.241   0.385   0.461    16.9    17.4    16.4    15.3    14.3
03758 20170415  2.422  -79.09   35.97    28.2    12.6    20.4    20.8     0.0    24.06 C    37.5     9.1    20.3    91.6    35.2    61.0   0.225   0.191   0.235   0.383   0.459    17.6    18.1    16.9    15.7    14.5
03758 20170416  2.422  -79.09   35.97    26.9    13.7    20.3    21.0     0.0    23.07 C    35.9     8.8    20.1    84.9    34.1    55.7   0.215   0.183   0.229   0.381   0.456    17.9    18.4    17.4    16.1    14.7
03758 20170417  2.422  -79.09   35.97    28.9    16.1    22.5    19.9     1.6    20.41 C    39.4    11.6    21.0    94.1    34.9    68.3   0.205   0.175   0.223   0.379   0.455    18.4    18.9    17.7    16.4    15.0
03758 20170418  2.422  -79.09   35.97    21.7    15.6    18.6    18.4     0.0    16.20 C    31.6    13.4    19.5    93.7    36.6    64.0   0.202   0.170   0.219   0.378   0.456    18.6    18.9    18.0    16.7    15.3
03758 20170419  2.422  -79.09   35.97    18.1    11.6    14.9    13.9     0.3     6.64 C    25.2     9.3    14.5    93.4    42.8    76.9   0.201   0.168   0.217   0.377   0.458    17.2    17.6    17.3    16.8    15.5
03758 20170420  2.422  -79.09   35.97    28.3    12.1    20.2    20.1     0.0    23.91 C    38.2     9.9    22.2    94.9    40.7    73.1   0.197   0.166   0.214   0.374   0.453    18.3    18.6    17.5    16.6    15.5
03758 20170421  2.422  -79.09   35.97    29.7    17.8    23.8    22.4     2.5    18.67 C    40.5    12.9    22.7    91.3    38.4    67.4   0.188   0.159   0.209   0.373   0.450    19.3    19.7    18.5    17.0    15.7
03758 20170422  2.422  -79.09   35.97    28.9    12.3    20.6    19.6     0.0    19.82 C    37.0    12.6    21.0    94.0    39.5    75.9   0.185   0.155   0.205   0.372   0.450    19.7    20.1    19.0    17.5    15.8
03758 20170423  2.422  -79.09   35.97    12.3    10.6    11.5    11.1    26.6     1.71 C    13.7    10.5    11.7    91.0    85.0    89.8   0.246   0.264   0.240   0.377   0.463    17.1    17.4    17.7    17.5    16.1
03758 20170424  2.422  -79.09   35.97    14.2    10.9    12.5    12.0    81.0     2.54 C    14.8    10.7    12.4    91.8    89.9    90.6   0.370   0.327   0.326   0.433   0.477    15.4    15.4    15.9    16.6    16.2
03758 20170425  2.422  -79.09   35.97    19.5    13.2    16.4    14.9    40.5    10.29 C    28.0    12.9    16.1    90.7    72.2    87.0   0.403   0.339   0.343   0.455   0.477    15.8    16.0    15.7    15.9    16.0
03758 20170426  2.422  -79.09   35.97    26.2    11.8    19.0    18.6     0.0    24.88 C    35.3     9.1    20.0    93.5    51.9    77.4   0.358   0.304   0.304   0.449   0.473    17.6    17.9    16.9    16.1    15.8
03758 20170427  2.422  -79.09   35.97    26.5    14.5    20.5    21.0     0.0    20.29 C    35.0    10.9    21.2    93.7    38.7    68.7   0.323   0.277   0.288   0.419   0.473    18.5    18.9    17.8    16.7    15.8
03758 20170428  2.422  -79.09   35.97    29.8    18.0    23.9    23.9     0.0    21.47 C    37.0    15.1    24.0    89.0    48.7    70.1   0.299   0.255   0.277   0.411   0.474    19.9    20.2    18.9    17.3    16.0
03758 20170429  2.422  -79.09   35.97    30.7    21.4    26.0    25.2     0.0    22.98 C    36.9    17.4    25.5    87.8    53.2    73.2   0.278   0.236   0.267   0.402   0.473    21.3    21.5    20.0    18.0    16.2
03758 20170430  2.422  -79.09   35.97    28.6    19.0    23.8    22.8     0.0    19.79 C    36.4    15.4    23.2    91.1    50.0    76.8   0.261   0.222   0.258   0.398   0.473    21.5    21.9    20.6    18.7    16.6
03758 20170501  2.422  -79.09   35.97    28.0    19.7    23.8    22.9    10.7    16.12 C    39.3    18.1    23.8    90.4    51.8    73.5   0.260   0.218   0.252   0.397   0.472    21.4    21.6    20.7    18.9    16.9
03758 20170502  2.422  -79.09   35.97    23.8    13.7    18.7    18.5     0.0    28.58 C    37.7     9.0    20.4    89.8    27.5    59.4   0.310   0.250   0.266   0.397   0.465    20.8    21.1    20.5    19.1    17.2
03758 20170503  2.422  -79.09   35.97    25.0    11.0    18.0    18.2     0.0    28.19 C    39.3     6.1    20.1    84.5    29.1    54.6   0.279   0.230   0.261   0.392   0.459    19.6    20.0    19.6    18.9    17.3
03758 20170504  2.422  -79.09   35.97    25.1    12.0    18.5    18.3     8.5    17.54 C    39.3     9.8    20.0    89.4    48.1    70.5   0.264   0.231   0.254   0.387   0.460    19.6    19.5    19.4    18.8    17.5
03758 20170505  2.422  -79.09   35.97    24.1    12.9    18.5    18.7    24.0    20.06 C    35.7    11.3    20.4    91.3    47.3    70.6   0.361   0.319   0.307   0.443   0.474    20.3    20.0    19.9    18.8    17.6
03758 20170506  2.422  -79.09   35.97    18.7    10.4    14.6    13.7     0.4    19.05 C    32.8     7.5    16.3    87.9    31.3    61.8   0.328   0.297   0.290   0.428   0.474    19.0    19.0    19.2    18.8    17.5
03758 20170507  2.422  -79.09   35.97    19.8     6.7    13.2    12.9     0.0    26.86 C    36.4     3.7    15.4    79.0    24.8    54.0   0.302   0.256   0.278   0.411   0.474    18.0    18.4    18.4    18.4    17.6
03758 20170508  2.422  -79.09   35.97    21.0     4.5    12.8    12.9     0.0    29.85 C    35.8     1.8    15.3    89.0    14.5    51.1   0.279   0.234   0.268   0.400   0.474    17.2    17.6    17.7    18.0    17.5
03758 20170509  2.422  -79.09   35.97    16.6     4.9    10.8    11.3     0.6     7.01 C    27.2     1.3    12.8    91.5    68.2    80.7   0.269   0.225   0.262   0.396   0.476    16.3    16.6    16.9    17.5    17.3
03758 20170510  2.422  -79.09   35.97    28.0    12.8    20.4    19.8     6.5    25.02 C    41.3    12.2    22.6    93.2    47.8    76.7   0.306   0.267   0.267   0.392   0.471    18.5    18.1    17.8    17.3    17.2
03758 20170511  2.422  -79.09   35.97    28.1    15.1    21.6    20.8     0.0    17.59 C    38.4    12.8    22.3    93.0    46.3    77.5   0.288   0.265   0.265   0.392   0.466    19.6    19.2    18.9    17.8    17.0
03758 20170512  2.422  -79.09   35.97    15.4    11.7    13.5    12.8     2.3     3.44 C    16.1    12.3    14.2    91.7    87.8    90.2   0.279   0.258   0.262   0.390   0.468    18.4    18.4    18.7    18.2    17.2
03758 20170513  2.422  -79.09   35.97    18.9    10.4    14.6    13.8     6.8    17.63 C    31.4     7.6    16.6    93.3    62.5    81.7   0.338   0.304   0.288   0.391   0.466    17.8    17.6    17.9    17.8    17.2
03758 20170514  2.422  -79.09   35.97    27.1     8.9    18.0    18.7     0.0    28.42 C    39.1     5.5    20.6    93.6    37.5    64.4   0.309   0.283   0.281   0.390   0.459    18.3    18.0    18.0    17.6    17.2
03758 20170515  2.422  -79.09   35.97    28.5    15.1    21.8    21.9     0.0    26.44 C    41.3    10.8    23.2    92.1    39.2    62.5   0.281   0.262   0.268   0.389   0.457    19.7    19.3    19.1    18.0    17.2
03758 20170516  2.422  -79.09   35.97    29.0    12.0    20.5    21.0     0.0    28.57 C    41.0     9.1    23.2    92.1    34.1    65.2   0.260   0.246   0.257   0.389   0.455    20.2    19.8    19.6    18.4    17.2
03758 20170517  2.422  -79.09   35.97    30.6    16.4    23.5    23.8     0.0    28.12 C    41.1    13.4    24.7    92.2    35.4    60.3   0.241   0.232   0.246   0.392   0.452    21.1    20.7    20.3    18.8    17.4
03758 20170518  2.422  -79.09   35.97    29.2    18.2    23.7    23.7     0.0    27.01 C    40.9    15.5    25.1    82.2    48.5    64.2   0.225   0.220   0.236   0.391   0.451    22.0    21.5    21.1    19.2    17.6
03758 20170519  2.422  -79.09   35.97    30.8    17.9    24.3    23.2     0.0    23.64 C    41.8    15.3    25.1    90.8    49.3    71.3   0.210   0.208   0.226   0.389   0.448    22.6    22.1    21.8    19.8    17.8
03758 20170520  2.422  -79.09   35.97    31.2    17.5    24.3    24.6     0.0    27.19 C    42.3    15.2    26.9    91.4    39.4    64.8   0.196   0.196   0.218   0.387   0.446    22.8    22.4    22.0    20.2    18.1
03758 20170521  2.422  -79.09   35.97    22.3    15.0    18.6    18.1     6.5    11.36 C    32.0    16.1    20.3    91.8    70.7    83.0   0.192   0.195   0.211   0.385   0.448    21.7    21.5    21.7    20.5    18.3
03758 20170522  2.422  -79.09   35.97    26.1    18.5    22.3    21.1    18.7    14.19 C    36.5    18.8    22.7    92.0    61.2    84.9   0.251   0.251   0.220   0.384   0.452    21.8    21.4    21.3    20.3    18.6
03758 20170523  2.422  -79.09   35.97    21.0    17.3    19.2    19.0    16.8     4.28 C    24.8    17.7    19.8    93.7    85.0    91.2   0.345   0.317   0.282   0.403   0.462    21.3    21.2    21.2    20.4    18.8
03758 20170524  2.422  -79.09   35.97    22.0    17.0    19.5    19.0    14.2     6.31 C    25.2    16.8    19.9    93.5    80.0    89.7   0.360   0.323   0.308   0.440   0.476    20.9    20.7    20.8    20.2    18.8
03758 20170525  2.422  -79.09   35.97    22.3    14.4    18.4    18.0    13.4    22.36 C    33.0    11.6    19.5    92.8    54.8    77.4   0.382   0.341   0.326   0.449   0.475    21.1    20.9    20.8    20.2    18.8
03758 20170526  2.422  -79.09   35.97    25.9    13.2    19.6    19.5     0.0    28.01 C    36.8    11.6    20.9    89.3    41.8    64.9   0.339   0.305   0.295   0.442   0.473    21.0    20.9    20.8    20.1    18.8
03758 20170527  2.422  -79.09   35.97    30.3    13.6    22.0    22.7     1.0    25.91 C    39.6    11.6    23.8    92.7    43.8    70.2   0.304   0.277   0.279   0.425   0.473    21.7    21.4    21.1    20.1    18.8
03758 20170528  2.422  -79.09   35.97    28.4    18.3    23.4    22.9     2.6    22.41 C    37.7    17.1    24.4    92.0    50.6    75.8   0.300   0.268   0.271   0.414   0.473    22.9    22.5    22.1    20.5    18.9
03758 20170529  2.422  -79.09   35.97    29.5    16.0    22.8    23.1     3.9    26.36 C    38.0    13.3    24.6    92.2    41.8    70.3   0.281   0.256   0.264   0.407   0.472    22.9    22.7    22.4    20.9    19.0
03758 20170530  2.422  -79.09   35.97    26.4    18.4    22.4    21.8     0.0    16.13 C    32.5    16.2    22.7    93.3    61.7    82.5   0.282   0.254   0.259   0.403   0.473    23.0    22.8    22.6    21.2    19.2
03758 20170531  2.422  -79.09   35.97    28.4    17.0    22.7    22.7     0.0    24.78 C    37.2    15.1    24.1    92.8    38.1    70.0   0.268   0.247   0.256   0.400   0.467    22.9    22.6    22.4    21.2    19.4
03758 20170601  2.422  -79.09   35.97    28.6    15.5    22.0    21.8     0.6    25.26 C    37.1    13.8    23.1    92.9    35.3    72.0   0.252   0.236   0.247   0.396   0.461    22.8    22.6    22.4    21.3    19.5
03758 20170602  2.422  -79.09   35.97    28.0    15.6    21.8    21.8     0.0    29.18 C    37.2    12.6    23.0    90.1    31.8    60.8   0.234   0.223   0.238   0.394   0.457    22.6    22.5    22.4    21.3    19.6
03758 20170603  2.422  -79.09   35.97    29.3    13.4    21.4    21.3     0.0    26.93 C    38.1    11.4    22.4    91.7    38.5    68.3   0.216   0.210   0.229   0.392   0.454    22.3    22.2    22.1    21.3    19.7
03758 20170604  2.422  -79.09   35.97    30.6    14.5    22.5    21.9     6.2    24.82 C    39.2    11.7    23.3    93.2    48.4    77.5   0.207   0.203   0.221   0.390   0.452    22.6    22.4    22.2    21.2    19.7
03758 20170605  2.422  -79.09   35.97    27.3    17.6    22.4    21.3    34.3    10.78 C    33.0    16.5    22.2    92.8    73.6    89.0   0.282   0.261   0.256   0.402   0.467    22.9    22.7    22.6    21.4    19.8
03758 20170606  2.422  -79.09   35.97    27.5    17.0    22.2    21.8     0.0    25.84 C    35.7    15.6    23.3    93.2    45.3    71.8   0.333   0.300   0.291   0.442   0.474    22.8    22.7    22.5    21.5    19.9
03758 20170607  2.422  -79.09   35.97    23.7    14.9    19.3    19.5     0.0    20.53 C    33.0    13.8    20.9    75.4    50.6    62.8   0.298   0.272   0.275   0.424   0.474    22.5    22.4    22.4    21.6    19.9
03758 20170608  2.422  -79.09   35.97    21.8    11.3    16.5    15.8     0.0    23.33 C    32.2     9.4    17.8    92.1    50.0    72.3   0.277   0.256   0.265   0.409   0.473    21.4    21.4    21.7    21.3    20.0
03758 20170609  2.422  -79.09   35.97    26.9    10.3    18.6    18.9     0.0    27.97 C    35.7     8.5    20.0    92.7    38.3    69.7   0.257   0.242   0.256   0.402   0.469    21.1    21.0    21.1    20.9    19.9
03758 20170610  2.422  -79.09   35.97    30.1    14.7    22.4    22.6     0.0    27.74 C    37.0    11.9    22.9    93.0    37.7    70.0   0.240   0.228   0.245   0.396   0.461    22.0    21.7    21.6    20.8    19.9
03758 20170611  2.422  -79.09   35.97    30.7    17.3    24.0    23.9     0.0    26.12 C    38.5    14.2    23.8    92.0    41.6    69.5   0.223   0.215   0.235   0.393   0.455    22.8    22.6    22.3    21.1    19.9
03758 20170612  2.422  -79.09   35.97    30.3    17.7    24.0    24.2     0.0    24.18 C    37.9    14.7    24.2    89.2    47.6    70.9   0.207   0.203   0.226   0.392   0.453    23.1    22.9    22.6    21.4    19.9
03758 20170613  2.422  -79.09   35.97    29.7    18.3    24.0    23.3     0.0    20.63 C    37.5    15.3    23.6    90.5    49.7    73.7   0.194   0.194   0.218   0.390   0.451    23.4    23.2    22.9    21.6    20.0
03758 20170614  2.422  -79.09   35.97    31.3    18.8    25.1    25.3     0.0    27.51 C    38.9    16.8    26.6    89.3    50.2    69.1   0.182   0.184   0.210   0.387   0.449    24.0    23.6    23.3    21.8    20.2
03758 20170615  2.422  -79.09   35.97    31.7    19.3    25.5    24.9     0.0    24.57 C    40.1    17.7    26.1    90.5    48.2    72.9   0.167   0.172   0.201   0.385   0.446    24.4    24.1    23.8    22.2    20.3
03758 20170616  2.422  -79.09   35.97    30.3    19.8    25.1    23.7    15.1    19.63 C    38.0    17.9    24.9    92.4    51.6    80.8   0.169   0.179   0.203   0.385   0.454    24.3    24.0    23.8    22.5    20.5
03758 20170617  2.422  -79.09   35.97    28.6    20.1    24.3    23.6     1.8    16.02 C    36.8    19.1    24.6    93.7    66.6    86.0   0.203   0.206   0.223   0.382   0.474    24.5    24.2    23.9    22.6    20.7
03758 20170618  2.422  -79.09   35.97    30.6    20.9    25.8    25.4     0.6    21.91 C    36.4    18.9    26.1    93.3    56.4    78.4   0.204   0.202   0.220   0.379   0.464    25.0    24.6    24.3    22.8    20.7
03758 20170619  2.422  -79.09   35.97    31.9    19.6    25.8    25.3    27.5    23.68 C    37.3    19.3    26.3    90.5    51.9    77.3   0.204   0.202   0.220   0.380   0.456    25.6    25.1    24.8    23.2    20.9
03758 20170620  2.422  -79.09   35.97    27.4    18.2    22.8    21.9    42.1    17.11 C    33.0    17.8    23.1    92.5    49.8    81.0   0.361   0.325   0.305   0.448   0.477    23.8    23.6    23.6    23.1    21.5
03758 20170621  2.422  -79.09   35.97    28.2    18.3    23.3    22.5     2.0    18.55 C    32.7    18.5    23.4    92.1    59.3    81.7   0.349   0.319   0.301   0.449   0.474    24.2    24.0    23.9    23.0    21.3
03758 20170622  2.422  -79.09   35.97    27.0    20.4    23.7    23.3     0.0    12.30 C    29.5    18.6    23.7    92.2    70.1    84.4   0.324   0.297   0.286   0.423   0.474    24.3    24.1    24.0    23.0    21.3
03758 20170623  2.422  -79.09   35.97    31.4    21.6    26.5    26.2     1.5    23.70 C    35.7    21.4    26.5    91.9    50.8    74.2   0.308   0.284   0.279   0.415   0.474    25.1    24.7    24.4    23.1    21.3
03758 20170624  2.422  -79.09   35.97    30.6    20.6    25.6    24.9     7.1    20.47 C    37.4    19.4    25.8    93.2    58.2    79.4   0.313   0.283   0.277   0.407   0.474    25.6    25.3    25.0    23.5    21.3
03758 20170625  2.422  -79.09   35.97    27.8    17.7    22.7    22.4     3.0    21.65 C    33.9    15.4    23.3    93.7    49.5    78.0   0.329   0.300   0.291   0.404   0.471    24.7    24.7    24.6    23.6    21.5
03758 20170626  2.422  -79.09   35.97    27.6    14.5    21.1    21.5     0.0    29.49 C    34.4    12.9    23.2    88.7    30.9    61.9   0.295   0.274   0.276   0.402   0.464    23.8    23.9    23.9    23.4    21.5
03758 20170627  2.422  -79.09   35.97    26.9    13.5    20.2    20.3     0.0    27.17 C    33.9    11.5    21.8    92.0    35.3    67.7   0.269   0.252   0.263   0.399   0.457    23.4    23.5    23.5    23.1    21.6
03758 20170628  2.422  -79.09   35.97    27.3    12.6    20.0    20.1     0.0    30.09 C    34.3    11.1    22.1    92.3    35.2    63.8   0.248   0.237   0.251   0.393   0.455    22.8    22.9    22.9    22.8    21.6
03758 20170629  2.422  -79.09   35.97    29.1    14.0    21.6    21.8     0.0    27.21 C    35.0    12.3    22.8    92.7    41.3    68.3   0.231   0.224   0.240   0.390   0.453    23.0    23.0    22.9    22.5    21.5
03758 20170630  2.422  -79.09   35.97    27.6    17.6    22.6    22.8    16.5    14.19 C    34.2    15.5    23.3    91.4    67.2    83.5   0.275   0.255   0.256   0.391   0.457    23.4    23.2    23.1    22.5    21.3
03758 20170701  2.422  -79.09   35.97    31.0    22.0    26.5    25.0     0.0    19.17 C    36.2    21.2    26.1    90.2    59.5    79.5   0.311   0.285   0.279   0.394   0.458    24.7    24.3    23.9    22.7    21.3
03758 20170702  2.422  -79.09   35.97    31.6    20.9    26.3    25.8     0.0    26.35 C    38.3    19.3    27.4    92.5    49.5    74.8   0.282   0.263   0.266   0.393   0.455    25.1    24.9    24.5    23.1    21.3
03758 20170703  2.422  -79.09   35.97    31.4    20.6    26.0    25.4     0.0    24.45 C    37.9    19.4    27.0    93.4    46.1    72.2   0.257   0.245   0.255   0.390   0.453    25.2    25.0    24.7    23.4    21.5
03758 20170704  2.422  -79.09   35.97    31.3    20.5    25.9    25.5     3.0    25.34 C    38.1    19.5    27.5    93.7    54.6    77.6   0.238   0.232   0.244   0.388   0.452    25.6    25.3    25.0    23.6    21.6
03758 20170705  2.422  -79.09   35.97    31.0    20.5    25.8    24.7     1.4    21.14 C    36.7    19.8    26.4    93.5    57.4    80.9   0.229   0.226   0.238   0.386   0.453    25.7    25.5    25.2    23.8    21.8
03758 20170706  2.422  -79.09   35.97    32.7    19.0    25.9    25.8     0.0    27.37 C    37.6    18.0    27.2    93.4    49.8    73.4   0.221   0.217   0.231   0.384   0.453    25.8    25.6    25.3    24.0    21.9
03758 20170707  2.422  -79.09   35.97    31.2    21.3    26.3    25.9     0.0    27.33 C    36.3    19.5    26.8    89.1    48.3    69.8   0.205   0.207   0.222   0.382   0.449    26.0    25.8    25.6    24.2    22.0
03758 20170708  2.422  -79.09   35.97    32.8    19.9    26.4    25.3     6.4    24.40 C    38.1    19.1    26.5    92.2    44.6    75.7   0.193   0.198   0.217   0.379   0.447    25.9    25.7    25.5    24.2    22.1
03758 20170709  2.422  -79.09   35.97    29.9    19.7    24.8    24.0     0.0    27.76 C    35.9    18.8    25.8    93.1    46.4    73.6   0.196   0.198   0.216   0.377   0.449    25.6    25.5    25.3    24.3    22.3
03758 20170710  2.422  -79.09   35.97    31.5    18.4    25.0    24.9     0.0    25.15 C    39.2    18.0    26.5    93.6    49.0    76.2   0.184   0.190   0.207   0.374   0.447    25.5    25.3    25.1    24.2    22.4
03758 20170711  2.422  -79.09   35.97    33.0    20.1    26.5    26.2     0.0    25.56 C    38.1    18.6    27.3    93.9    43.9    75.4   0.171   0.180   0.199   0.372   0.443    25.9    25.7    25.4    24.2    22.5
03758 20170712  2.422  -79.09   35.97    33.2    22.2    27.7    27.4     0.0    26.21 C    38.8    20.6    28.4    92.1    47.8    73.3   0.154   0.168   0.190   0.369   0.440    26.4    26.1    25.8    24.5    22.5
03758 20170713  2.422  -79.09   35.97    34.1    22.4    28.3    27.2     0.3    24.93 C    39.5    21.7    28.5    91.7    47.1    73.9   0.139   0.156   0.180   0.366   0.437    26.8    26.5    26.2    24.7    22.6
03758 20170714  2.422  -79.09   35.97    34.3    22.2    28.2    28.2     0.0    26.12 C    40.0    20.9    29.3    89.2    45.1    69.4   0.127   0.146   0.172   0.362   0.435    26.9    26.6    26.3    24.9    22.7
03758 20170715  2.422  -79.09   35.97    32.4    22.2    27.3    27.1     0.0    26.31 C    39.1    20.7    28.8    87.1    46.2    68.5   0.117   0.135   0.164   0.358   0.431    26.9    26.7    26.4    25.0    22.8
03758 20170716  2.422  -79.09   35.97    31.7    20.7    26.2    25.2     6.7    23.43 C    39.9    20.1    27.2    92.5    40.4    73.0   0.114   0.136   0.162   0.353   0.428    26.5    26.3    26.2    25.1    22.9
03758 20170717  2.422  -79.09   35.97    30.0    20.5    25.2    23.9     0.0    15.35 C    36.8    19.8    25.2    93.5    59.8    82.1   0.121   0.147   0.166   0.350   0.435    25.9    25.9    25.8    24.9    23.0
03758 20170718  2.422  -79.09   35.97    31.0    19.3    25.1    23.5     1.3    15.88 C    38.2    18.7    24.9    92.3    54.6    82.5   0.118   0.140   0.160   0.348   0.435    25.7    25.6    25.5    24.8    23.0
03758 20170719  2.422  -79.09   35.97    32.6    17.7    25.1    25.0     0.0    28.05 C    39.2    16.8    26.9    93.8    35.9    71.3   0.115   0.134   0.156   0.346   0.432    25.6    25.5    25.3    24.6    23.0
03758 20170720  2.422  -79.09   35.97    34.6    19.4    27.0    26.9     0.0    25.41 C    42.0    18.4    28.5    93.7    35.8    70.7   0.110   0.127   0.151   0.345   0.427    26.0    25.9    25.5    24.6    22.9
03758 20170721  2.422  -79.09   35.97    33.4    21.6    27.5    27.7     0.0    21.53 C    39.3    20.7    28.9    92.3    44.4    69.4   0.105   0.120   0.146   0.343   0.424    26.4    26.2    25.8    24.7    22.9
03758 20170722  2.422  -79.09   35.97    35.7    22.2    29.0    29.1     0.0    23.97 C    42.4    21.2    30.3    90.7    40.1    65.3   0.101   0.115   0.142   0.340   0.420    26.8    26.5    26.2    24.9    23.0
03758 20170723  2.422  -79.09   35.97    36.3    20.9    28.6    27.2    23.4    23.24 C    42.8    20.4    28.8    89.5    36.9    69.9   0.114   0.136   0.161   0.347   0.435    26.8    26.5    26.3    25.1    23.1
03758 20170724  2.422  -79.09   35.97    31.6    20.3    25.9    25.1     0.0    22.68 C    37.3    19.8    26.6    92.2    47.5    77.4   0.168   0.188   0.203   0.359   0.471    26.3    26.1    25.9    25.0    23.3
03758 20170725  2.422  -79.09   35.97    31.0    21.0    26.0    25.9     0.0    25.76 C    38.5    19.8    27.5    93.8    40.7    69.6   0.163   0.178   0.193   0.354   0.446    26.4    26.3    26.1    25.0    23.3
03758 20170726  2.422  -79.09   35.97    30.6    20.8    25.7    25.2     0.0    23.86 C    39.0    19.6    27.2    89.9    45.5    69.3   0.152   0.168   0.184   0.350   0.434    26.2    26.2    26.0    25.1    23.3
03758 20170727  2.422  -79.09   35.97    31.1    20.9    26.0    25.5     3.0    17.90 C    37.4    19.6    26.8    92.5    52.9    74.7   0.143   0.160   0.178   0.349   0.431    26.2    26.0    25.9    25.0    23.3
03758 20170728  2.422  -79.09   35.97    31.7    22.7    27.2    25.8     0.7    16.87 C    37.7    22.5    27.0    92.9    55.6    81.3   0.142   0.158   0.174   0.347   0.434    26.5    26.3    26.1    25.0    23.3
03758 20170729  2.422  -79.09   35.97    27.8    20.5    24.2    23.6     0.0    17.61 C    36.3    19.7    25.1    90.9    53.0    74.0   0.140   0.155   0.171   0.346   0.434    25.7    25.8    25.7    25.1    23.3
03758 20170730  2.422  -79.09   35.97    28.0    16.3    22.1    21.8     0.0    28.36 C    34.9    13.4    23.4    84.8    32.8    59.6   0.133   0.148   0.165   0.344   0.428    24.6    24.8    24.9    24.7    23.4
03758 20170731  2.422  -79.09   35.97    29.3    13.2    21.2    21.3     0.0    28.08 C    36.3    12.0    22.9    90.8    31.4    63.5   0.123   0.139   0.158   0.341   0.426    24.0    24.3    24.3    24.3    23.3
03758 20170801  2.422  -79.09   35.97    30.5    13.8    22.1    22.2     0.0    22.72 C    39.1    12.6    24.2    92.9    34.5    69.5   0.115   0.129   0.152   0.339   0.425    24.1    24.1    24.1    24.0    23.1
03758 20170802  2.422  -79.09   35.97    30.6    16.8    23.7    23.0     0.0    16.99 C    39.7    15.7    24.4    92.8    35.4    73.9   0.109   0.123   0.147   0.337   0.423    24.3    24.3    24.2    23.9    23.0
03758 20170803  2.422  -79.09   35.97    32.5    18.3    25.4    24.6     0.0    20.23 C    43.7    17.3    26.1    93.8    35.3    67.8   0.105   0.118   0.142   0.335   0.422    24.6    24.5    24.4    23.9    22.8
03758 20170804  2.422  -79.09   35.97    32.1    17.8    24.9    25.0     0.9    21.63 C    43.5    16.5    27.0    91.4    35.4    66.1   0.101   0.111   0.136   0.333   0.419    24.7    24.6    24.5    23.9    22.8
03758 20170805  2.422  -79.09   35.97    31.0    16.9    23.9    23.8     0.0    25.51 C    37.8    14.3    25.3    91.5    24.7    63.7   0.098   0.107   0.133   0.331   0.419    25.0    24.9    24.7    24.0    22.8
03758 20170806  2.422  -79.09   35.97    31.3    15.8    23.5    23.9     0.0    23.07 C    43.3    13.9    25.8    89.5    42.3    64.6   0.094   0.103   0.128   0.328   0.417    24.5    24.5    24.4    24.0    22.8
03758 20170807  2.422  -79.09   35.97    30.3    21.0    25.6    24.5     6.3    12.06 C    36.1    19.4    24.9    91.2    56.7    81.9   0.095   0.114   0.127   0.326   0.424    24.9    24.7    24.6    24.0    22.8
03758 20170808  2.422  -79.09   35.97    24.7    17.8    21.3    22.0    18.3     9.63 C    29.8    17.2    22.8    91.9    74.3    85.4   0.135   0.158   0.171   0.338   0.462    24.4    24.6    24.5    24.0    22.8
03758 20170809  2.422  -79.09   35.97    28.6    17.2    22.9    21.9     0.0    24.25 C    37.4    16.0    23.9    92.2    39.9    71.3   0.162   0.172   0.182   0.335   0.443    24.1    24.3    24.1    23.8    22.8
03758 20170810  2.422  -79.09   35.97    29.5    15.7    22.6    22.1     0.0    25.80 C    37.4    14.5    24.1    93.6    33.9    68.7   0.156   0.164   0.178   0.331   0.428    24.0    24.2    24.0    23.7    22.8
03758 20170811  2.422  -79.09   35.97    30.4    19.0    24.7    24.1     3.1    18.31 C    38.2    17.9    25.9    92.9    52.2    79.3   0.147   0.156   0.171   0.330   0.426    24.9    24.8    24.5    23.8    22.6
03758 20170812  2.422  -79.09   35.97    30.7    22.7    26.7    25.0    10.7    15.45 C    35.7    22.0    26.0    92.9    60.9    86.7   0.171   0.186   0.194   0.335   0.431    25.5    25.3    25.0    24.0    22.7
03758 20170813  2.422  -79.09   35.97    26.6    20.2    23.4    23.2    13.7    11.79 C    33.0    19.3    24.0    92.7    59.7    81.0   0.217   0.220   0.238   0.352   0.467    25.0    25.1    24.9    24.3    22.8
03758 20170814  2.422  -79.09   35.97    29.6    21.1    25.3    24.1     3.4    11.46 C    35.0    21.0    25.0    92.7    65.2    85.2   0.222   0.224   0.236   0.346   0.456    25.0    25.0    24.7    24.1    22.8
03758 20170815  2.422  -79.09   35.97    31.6    22.2    26.9    25.9     3.2    18.68 C    37.9    21.5    26.8    93.8    57.6    83.5   0.226   0.225   0.236   0.343   0.440    25.9    25.7    25.4    24.3    22.8
03758 20170816  2.422  -79.09   35.97    32.2    22.3    27.2    26.2     0.0    21.72 C    38.4    21.0    27.4    93.6    47.3    76.9   0.222   0.221   0.232   0.343   0.433    26.3    26.2    25.8    24.6    22.9
03758 20170817  2.422  -79.09   35.97    33.8    21.8    27.8    26.9     0.0    22.28 C    39.5    21.0    28.1    93.5    48.6    76.6   0.210   0.211   0.224   0.343   0.430    26.8    26.5    26.2    24.9    23.0
03758 20170818  2.422  -79.09   35.97    35.0    22.8    28.9    27.9     0.0    22.71 C    40.0    21.8    29.1    93.3    40.5    73.1   0.199   0.200   0.215   0.342   0.428    27.1    26.9    26.5    25.2    23.2
03758 20170819  2.422  -79.09   35.97    31.8    20.7    26.2    25.8     0.0    24.08 C    38.1    19.2    26.9    93.2    42.4    72.0   0.184   0.188   0.205   0.342   0.426    26.8    26.8    26.5    25.4    23.3
03758 20170820  2.422  -79.09   35.97    34.1    19.0    26.5    26.1     0.0    24.15 C    40.1    18.0    26.8    93.5    32.1    67.1   0.169   0.176   0.195   0.340   0.425    26.2    26.3    26.0    25.3    23.5
03758 20170821  2.422  -79.09   35.97    32.3    19.6    25.9    25.5     0.0    19.89 C    39.5    18.4    26.0    93.7    44.8    72.9   0.156   0.164   0.186   0.339   0.425    26.1    26.1    25.9    25.2    23.5
03758 20170822  2.422  -79.09   35.97    33.6    20.4    27.0    26.6     0.0    22.30 C    40.5    18.8    27.3    93.8    40.0    70.1   0.144   0.155   0.178   0.338   0.423    26.0    26.0    25.7    25.1    23.5
03758 20170823  2.422  -79.09   35.97    33.1    22.1    27.6    26.0     0.0    17.68 C    43.3    20.4    27.0    90.7    46.9    75.9   0.135   0.145   0.170   0.337   0.424    26.1    26.1    25.9    25.1    23.5
03758 20170824  2.422  -79.09   35.97    27.7    19.2    23.4    23.7     0.0    13.06 C    35.3    17.7    24.6    91.4    51.3    74.1   0.129   0.141   0.165   0.335   0.424    25.6    25.7    25.6    25.1    23.5
03758 20170825  2.422  -79.09   35.97    29.1    18.0    23.5    22.9     0.0    17.88 C    40.3    16.7    24.5    92.5    45.1    73.2   0.123   0.135   0.159   0.334   0.423    24.9    25.0    25.0    24.8    23.5
03758 20170826  2.422  -79.09   35.97    28.7    18.9    23.8    23.1     0.0    19.73 C    38.5    17.4    24.5    89.4    39.6    68.9   0.118   0.130   0.154   0.332   0.423    25.0    25.2    25.0    24.6    23.5
03758 20170827  2.422  -79.09   35.97    27.9    16.8    22.3    21.7     0.0    22.52 C    38.5    13.5    23.0    89.6    36.2    64.0   0.112   0.123   0.147   0.330   0.421    24.3    24.6    24.5    24.4    23.5
03758 20170828  2.422  -79.09   35.97    26.0    16.1    21.1    20.8     0.0    16.36 C    38.0    13.3    22.4    83.6    39.6    66.0   0.107   0.117   0.142   0.328   0.421    23.4    23.9    23.8    24.1    23.3
03758 20170829  2.422  -79.09   35.97    20.2    16.2    18.2    18.2     6.1     3.71 C    21.8    14.3    18.7    91.8    80.7    87.5   0.134   0.120   0.143   0.327   0.429    22.5    23.0    23.1    23.7    23.2
03758 20170830  2.422  -79.09   35.97    27.6    13.9    20.8    20.5     0.0    20.08 C    35.9    12.7    22.0    93.8    51.7    78.4   0.131   0.124   0.143   0.326   0.425    22.6    22.7    22.7    23.1    23.0
03758 20170831  2.422  -79.09   35.97    29.2    19.6    24.4    23.0     0.0    13.08 C    37.1    19.2    24.0    92.6    51.9    78.6   0.124   0.123   0.142   0.325   0.424    23.6    23.5    23.4    23.2    22.8
03758 20170901  2.422  -79.09   35.97    24.3    17.2    20.7    20.2    38.1     4.75 C    27.1    17.4    20.6    93.3    81.3    90.4   0.176   0.169   0.192   0.342   0.444    22.8    22.9    23.0    23.2    22.6
03758 20170902  2.422  -79.09   35.97    27.8    14.9    21.3    18.8     0.5    11.73 C    31.6    15.8    20.2    93.8    61.8    87.5   0.250   0.240   0.255   0.362   0.478    22.2    22.3    22.4    22.8    22.6
03758 20170903  2.422  -79.09   35.97    26.6    15.3    21.0    20.2     0.0    23.49 C    34.4    13.8    21.9    94.0    42.9    74.7   0.234   0.227   0.244   0.354   0.459    22.8    22.9    22.8    22.7    22.5
03758 20170904  2.422  -79.09   35.97    29.4    13.5    21.5    21.1     0.0    22.31 C    35.3    12.6    21.9    93.4    42.6    73.6   0.215   0.214   0.232   0.352   0.442    22.6    22.7    22.7    22.7    22.4
03758 20170905  2.422  -79.09   35.97    31.1    15.1    23.1    22.9     0.0    20.97 C    36.0    13.4    23.1    93.5    44.5    72.1   0.201   0.203   0.221   0.349   0.436    22.8    22.8    22.8    22.7    22.1
03758 20170906  2.422  -79.09   35.97    25.7    14.0    19.8    18.9     8.2     7.88 C    33.3    12.1    19.5    92.8    61.9    85.9   0.209   0.210   0.226   0.348   0.438    22.5    22.7    22.8    22.8    22.1
03758 20170907  2.422  -79.09   35.97    23.3    10.9    17.1    16.5     0.0    24.44 C    30.3     9.4    17.6    93.1    34.8    71.7   0.219   0.221   0.231   0.347   0.437    21.2    21.5    21.8    22.4    22.1
03758 20170908  2.422  -79.09   35.97    24.1     9.1    16.6    16.3     0.0    23.79 C    31.7     8.2    17.6    92.7    33.9    70.0   0.208   0.208   0.223   0.344   0.434    20.6    21.0    21.1    21.9    22.0
03758 20170909  2.422  -79.09   35.97    24.2     9.8    17.0    16.8     0.0    22.31 C    33.4     8.7    17.6    92.8    38.3    67.5   0.196   0.200   0.215   0.343   0.433    20.4    20.8    20.9    21.6    21.9
03758 20170910  2.422  -79.09   35.97    21.1    10.1    15.6    15.7     0.0    17.43 C    27.8     8.0    16.3    87.5    42.6    67.0   0.187   0.193   0.208   0.342   0.432    19.7    20.2    20.4    21.3    21.6
03758 20170911  2.422  -79.09   35.97    18.6    14.1    16.4    16.5     0.6     3.71 C    19.8    13.0    16.2    82.2    69.4    76.0   0.182   0.189   0.205   0.341   0.435    19.4    19.7    20.0    20.9    21.4
03758 20170912  2.422  -79.09   35.97    25.2    16.8    21.0    20.0    14.6     4.38 C    27.2    16.4    20.1    93.5    76.2    88.7   0.225   0.240   0.218   0.340   0.437    20.1    20.0    20.1    20.6    21.2
03758 20170913  2.422  -79.09   35.97    27.5    15.1    21.3    21.2     0.0    19.41 C    33.6    13.6    21.6    94.2    51.5    78.7   0.244   0.259   0.238   0.341   0.434    21.1    21.0    20.9    20.8    21.1
03758 20170914  2.422  -79.09   35.97    27.4    17.4    22.4    21.6     0.0    15.60 C    33.8    16.0    22.3    93.0    47.1    77.9   0.231   0.234   0.234   0.340   0.432    21.8    21.7    21.5    21.2    20.9
03758 20170915  2.422  -79.09   35.97    28.1    16.9    22.5    21.6     0.0    19.28 C    35.6    15.5    22.5    93.2    46.4    76.8   0.218   0.219   0.227   0.341   0.429    22.0    21.9    21.8    21.4    21.0
03758 20170916  2.422  -79.09   35.97    29.1    16.6    22.8    22.2     0.0    20.36 C    37.9    15.5    23.1    93.2    42.5    75.1   0.204   0.208   0.219   0.341   0.429    22.2    22.2    22.0    21.5    21.1
03758 20170917  2.422  -79.09   35.97    29.0    16.9    22.9    22.0     0.0    21.14 C    36.5    15.5    22.8    93.6    44.1    76.4   0.192   0.198   0.212   0.341   0.428    22.4    22.4    22.2    21.8    21.1
03758 20170918  2.422  -79.09   35.97    28.1    16.7    22.4    21.9     0.0    19.50 C    35.8    15.3    23.0    93.8    49.0    77.6   0.181   0.189   0.204   0.340   0.427    22.5    22.5    22.3    21.9    21.2
03758 20170919  2.422  -79.09   35.97    28.2    17.3    22.8    21.7     0.0    20.24 C    36.2    15.6    22.6    93.2    45.7    77.2   0.171   0.181   0.198   0.340   0.426    22.5    22.5    22.3    22.0    21.3
03758 20170920  2.422  -79.09   35.97    31.4    16.6    24.0    23.0     0.0    19.19 C    38.3    15.3    23.6    93.9    39.3    75.3   0.161   0.174   0.191   0.338   0.425    22.5    22.4    22.3    22.0    21.3
03758 20170921  2.422  -79.09   35.97    31.1    17.5    24.3    23.0     0.0    20.11 C    39.0    16.3    24.1    92.8    42.1    75.4   0.151   0.165   0.184   0.337   0.424    22.9    22.9    22.6    22.1    21.3
03758 20170922  2.422  -79.09   35.97    30.8    16.9    23.9    22.8     0.0    19.09 C    38.7    15.4    23.5    93.4    36.4    73.2   0.140   0.158   0.177   0.335   0.423    22.7    22.7    22.6    22.2    21.4
03758 20170923  2.422  -79.09   35.97    30.3    15.7    23.0    22.4     0.0    20.79 C    38.2    14.5    23.3    93.5    33.2    70.3   0.131   0.150   0.170   0.334   0.422    22.6    22.6    22.5    22.2    21.5
03758 20170924  2.422  -79.09   35.97    30.4    16.3    23.3    22.2     0.0    18.31 C    38.6    15.1    23.0    91.5    34.3    69.8   0.124   0.141   0.164   0.332   0.422    22.5    22.5    22.4    22.2    21.5
03758 20170925  2.422  -79.09   35.97    29.0    17.2    23.1    22.7     0.0    16.06 C    38.8    15.4    23.0    85.7    41.8    66.6   0.119   0.136   0.159   0.331   0.422    22.4    22.4    22.3    22.1    21.5
03758 20170926  2.422  -79.09   35.97    28.7    19.3    24.0    23.3     0.0    12.62 C    36.4    18.2    23.9    88.0    59.9    76.6   0.117   0.132   0.155   0.330   0.421    22.7    22.7    22.5    22.1    21.5
03758 20170927  2.422  -79.09   35.97    32.3    19.8    26.1    24.9     0.0    19.89 C    40.7    17.9    26.0    87.6    41.7    69.2   0.113   0.128   0.150   0.328   0.421    23.2    23.2    22.9    22.2    21.5
03758 20170928  2.422  -79.09   35.97    32.7    20.0    26.3    25.3     0.0    17.42 C    41.6    16.9    25.3    81.3    34.8    59.0   0.108   0.123   0.145   0.326   0.420    23.1    23.0    22.9    22.4    21.5
03758 20170929  2.422  -79.09   35.97    22.8    14.2    18.5    18.9     0.0     8.45 C    32.4    12.3    19.0    91.5    49.9    63.1   0.106   0.120   0.142   0.325   0.422    22.0    22.0    22.3    22.4    21.5
03758 20170930  2.422  -79.09   35.97    24.7    12.3    18.5    17.7     0.0    20.22 C    35.7     7.5    18.4    93.3    23.5    56.7   0.102   0.117   0.139   0.323   0.420    20.9    20.9    21.4    21.9    21.5
03758 20171001  2.422  -79.09   35.97    21.9     8.3    15.1    14.0     0.0    20.96 C    31.8     5.6    15.3    87.5    37.2    63.1   0.099   0.112   0.135   0.321   0.421    19.6    19.8    20.4    21.4    21.5
03758 20171002  2.422  -79.09   35.97    24.6     8.0    16.3    15.7     0.0    19.96 C    34.5     5.8    16.7    92.5    38.6    70.5   0.097   0.110   0.132   0.318   0.420    19.3    19.3    19.9    20.8    21.2
03758 20171003  2.422  -79.09   35.97    25.4     8.8    17.1    16.1     0.0    20.36 C    34.8     6.3    16.9    92.9    28.0    67.1   0.094   0.107   0.130   0.316   0.419    19.1    19.1    19.6    20.5    21.0
03758 20171004  2.422  -79.09   35.97    26.6     9.4    18.0    16.0     0.0    18.08 C    34.7     7.1    17.0    92.8    25.4    71.6   0.093   0.106   0.127   0.314   0.419    19.0    18.9    19.4    20.2    20.8
03758 20171005  2.422  -79.09   35.97    28.7    10.6    19.7    18.5     0.0    19.23 C    37.9     8.7    19.4    91.9    33.1    70.1   0.091   0.103   0.125   0.312   0.418    19.4    19.3    19.6    20.1    20.6
03758 20171006  2.422  -79.09   35.97    28.8    12.3    20.5    19.6     0.0    19.24 C    38.6    10.2    20.6    92.5    35.2    70.9   0.091   0.102   0.123   0.311   0.418    19.8    19.6    19.8    20.1    20.4
03758 20171007  2.422  -79.09   35.97    29.7    13.1    21.4    21.2     2.9     9.40 C    37.4    11.8    21.9    92.8    55.8    83.6   0.091   0.101   0.121   0.309   0.418    20.4    20.2    20.2    20.2    20.3
03758 20171008  2.422  -79.09   35.97    29.3    22.9    26.1    24.7     2.4     9.67 C    34.4    22.0    25.1    91.9    62.9    83.6   0.096   0.105   0.123   0.310   0.422    22.3    22.0    21.5    20.7    20.3
03758 20171009  2.422  -79.09   35.97    29.0    22.9    25.9    25.2     0.7     7.17 C    33.4    21.1    25.0    90.9    61.9    81.5   0.100   0.108   0.124   0.310   0.423    22.9    22.6    22.2    21.2    20.4
03758 20171010  2.422  -79.09   35.97    30.2    23.4    26.8    25.6     0.0     7.66 C    38.9    22.0    25.9    91.6    60.2    82.5   0.104   0.110   0.125   0.311   0.422    23.3    23.1    22.7    21.6    20.6
03758 20171011  2.422  -79.09   35.97    31.4    23.0    27.2    25.3     3.9    10.60 C    39.5    21.5    25.9    92.4    53.1    82.8   0.105   0.115   0.126   0.311   0.422    23.7    23.5    23.1    22.0    20.8
03758 20171012  2.422  -79.09   35.97    23.2    18.1    20.6    21.6     0.0     3.30 C    24.9    18.2    21.6    92.9    77.5    86.4   0.108   0.125   0.129   0.312   0.424    22.8    22.8    22.8    22.2    21.0
03758 20171013  2.422  -79.09   35.97    20.1    16.5    18.3    17.8     0.0     4.20 C    23.0    16.1    18.5    91.4    72.0    84.3   0.109   0.126   0.130   0.311   0.425    21.5    21.7    21.9    22.0    21.1
03758 20171014  2.422  -79.09   35.97    25.9    16.0    20.9    18.8     0.0    14.74 C    31.5    13.8    20.0    93.2    50.8    77.4   0.109   0.124   0.129   0.310   0.423    21.2    21.2    21.4    21.6    21.1
03758 20171015  2.422  -79.09   35.97    27.5    15.8    21.7    20.8     0.0    13.28 C    33.9    13.8    21.6    96.7    54.2    80.7   0.108   0.123   0.128   0.310   0.422    21.3    21.2    21.3    21.4    21.1
03758 20171016  2.422  -79.09   35.97    20.8     9.7    15.3    16.2     4.8     6.55 C    23.1     6.6    15.6    89.7    47.6    72.0   0.118   0.126   0.132   0.310   0.424    20.3    20.6    20.9    21.3    20.9
03758 20171017  2.422  -79.09   35.97    17.8     4.3    11.0    10.6     0.0    18.50 C    25.3     2.2    11.1    88.6    30.0    60.3   0.119   0.127   0.134   0.309   0.424    17.6    18.1    18.9    20.5    20.9
03758 20171018  2.422  -79.09   35.97    19.9     1.3    10.6     9.7     0.0    18.50 C    27.8     0.4    10.5    91.9    22.5    66.7   0.115   0.126   0.131   0.307   0.421    16.2    16.6    17.5    19.5    20.6
03758 20171019  2.422  -79.09   35.97    23.8     3.6    13.7    12.2     0.0    18.15 C    30.6     1.9    12.6    91.8    21.5    67.4   0.111   0.125   0.130   0.305   0.420    16.0    16.3    16.9    18.7    20.2
03758 20171020  2.422  -79.09   35.97    26.0     6.9    16.4    15.2     0.0    17.39 C    33.4     4.4    15.1    90.2    27.6    65.3   0.107   0.122   0.128   0.305   0.419    16.3    16.5    16.9    18.3    19.8
03758 20171021  2.422  -79.09   35.97    25.6     8.5    17.1    16.0     0.0    15.65 C    33.4     6.5    16.2    92.0    30.6    70.7   0.105   0.120   0.126   0.304   0.417    16.8    16.9    17.2    18.1    19.5
03758 20171022  2.422  -79.09   35.97    25.9     9.2    17.6    17.1     0.0    16.48 C    33.3     7.7    17.5    93.1    39.5    73.2   0.102   0.118   0.125   0.303   0.417    17.3    17.4    17.5    18.2    19.2
03758 20171023  2.422  -79.09   35.97    23.7    14.1    18.9    19.0    25.3     3.94 C    24.4    11.6    18.2    92.3    59.2    81.8   0.114   0.142   0.145   0.311   0.427    18.0    18.0    18.0    18.3    19.1
03758 20171024  2.422  -79.09   35.97    21.4    10.3    15.8    15.6     0.0     9.64 C    25.2     7.6    15.4    93.5    50.5    83.4   0.172   0.228   0.220   0.338   0.470    18.2    18.3    18.4    18.6    19.0
03758 20171025  2.422  -79.09   35.97    17.8     5.7    11.8    11.8     0.0    15.96 C    25.0     2.9    11.9    85.9    27.7    56.2   0.176   0.208   0.209   0.330   0.453    16.2    16.6    17.1    18.3    19.0
03758 20171026  2.422  -79.09   35.97    16.2     3.6     9.9     9.4     0.0    16.84 C    23.4     1.5     9.9    86.9    25.4    58.9   0.172   0.199   0.202   0.326   0.439    15.3    15.7    16.3    17.7    18.9
03758 20171027  2.422  -79.09   35.97    22.3     2.4    12.4    12.4     0.0    16.31 C    28.7     0.7    12.0    91.2    34.3    63.5   0.168   0.194   0.196   0.323   0.433    14.7    14.9    15.5    17.1    18.8
03758 20171028  2.422  -79.09   35.97    23.1     5.2    14.2    14.9     5.5    14.32 C    30.4     3.5    14.9    91.9    48.2    73.5   0.164   0.192   0.192   0.321   0.429    15.4    15.5    15.7    16.9    18.4
03758 20171029  2.422  -79.09   35.97    18.5     4.9    11.7    13.1     3.5     3.78 C    20.4     3.3    13.1    92.5    57.0    80.0   0.175   0.237   0.198   0.321   0.431    16.3    16.4    16.5    17.0    18.1
03758 20171030  2.422  -79.09   35.97    14.3     1.9     8.1     7.1     0.0    16.22 C    19.8     0.2     7.5    84.5    29.0    58.7   0.184   0.220   0.204   0.321   0.428    13.9    14.3    15.1    16.8    18.0
03758 20171031  2.422  -79.09   35.97    21.0     2.0    11.5    10.3     0.0    15.56 C    26.7     0.8    10.5    92.0    33.6    70.1   0.182   0.210   0.202   0.319   0.426    13.6    13.8    14.4    16.1    17.9
03758 20171101  2.422  -79.09   35.97    22.5     5.0    13.8    13.0     0.0    11.46 C    28.6     3.5    12.9    92.8    37.8    75.8   0.179   0.204   0.199   0.318   0.426    14.1    14.2    14.5    15.8    17.6
03758 20171102  2.422  -79.09   35.97    24.8    12.2    18.5    17.2     0.0    11.20 C    30.9    10.0    17.1    92.4    45.6    76.7   0.177   0.200   0.197   0.318   0.425    15.7    15.7    15.6    16.0    17.4
03758 20171103  2.422  -79.09   35.97    27.2     9.7    18.4    17.8     0.0    14.40 C    32.1     7.8    17.6    93.5    41.8    75.0   0.174   0.195   0.194   0.319   0.424    15.9    15.9    15.9    16.3    17.3
03758 20171104  2.422  -79.09   35.97    18.3    11.7    15.0    15.4     0.0     2.11 C    18.2    12.3    15.3    90.9    79.1    83.0   0.171   0.193   0.192   0.318   0.426    16.3    16.4    16.4    16.6    17.3
03758 20171105  2.422  -79.09   35.97    19.5     9.9    14.7    13.0     0.0     5.97 C    24.1     8.9    13.6    94.3    70.4    89.1   0.169   0.190   0.191   0.319   0.426    16.1    16.2    16.3    16.7    17.3
03758 20171106  2.422  -79.09   35.97    22.7    10.7    16.7    16.5     0.0     9.03 C    29.7     9.0    16.4    97.9    63.7    86.5   0.167   0.187   0.189   0.319   0.425    16.2    16.2    16.2    16.7    17.3
03758 20171107  2.422  -79.09   35.97    16.5     6.3    11.4    13.6     0.6     0.93 C    17.0     7.4    13.6    92.5    88.7    91.0   0.165   0.186   0.187   0.319   0.427    16.2    16.3    16.4    16.8    17.3
03758 20171108  2.422  -79.09   35.97     7.0     6.1     6.5     6.4     3.4     1.19 C     9.4     6.9     7.5    90.6    85.4    87.8   0.164   0.185   0.186   0.318   0.428    14.4    14.8    15.4    16.6    17.3
03758 20171109  2.422  -79.09   35.97     9.9     6.6     8.2     8.2     7.2     2.37 C    12.6     7.2     9.3    91.5    89.9    90.8   0.229   0.250   0.204   0.317   0.426    13.7    14.0    14.5    15.9    17.3
03758 20171110  2.422  -79.09   35.97    14.2     1.4     7.8     8.4     0.0    14.59 C    19.6    -0.5     8.1    91.9    38.8    65.0   0.220   0.238   0.213   0.317   0.425    13.3    13.6    14.1    15.6    17.1
03758 20171111  2.422  -79.09   35.97     7.7    -2.6     2.5     1.5     0.0    14.12 C    14.6    -4.0     2.3    80.2    32.0    53.2   0.211   0.224   0.211   0.316   0.425    11.4    11.9    12.8    15.0    16.8
03758 20171112  2.422  -79.09   35.97     8.7    -3.0     2.8     3.4     1.8     4.10 C    13.8    -4.5     4.4    91.0    43.2    74.8   0.203   0.217   0.209   0.314   0.425    10.6    10.9    11.7    14.1    16.6
03758 20171113  2.422  -79.09   35.97    15.7     5.2    10.4     9.3    11.7    10.06 C    21.2     4.6    10.1    92.9    50.2    80.1   0.270   0.283   0.259   0.322   0.423    11.8    11.9    12.2    13.7    16.2
03758 20171114  2.422  -79.09   35.97    12.1     6.2     9.2     8.4     0.0     6.63 C    20.0     4.3     9.0    76.5    52.2    65.8   0.253   0.266   0.255   0.324   0.423    12.2    12.4    12.7    13.8    15.8
03758 20171115  2.422  -79.09   35.97    12.5     0.8     6.6     5.7     0.0    13.46 C    19.0    -1.5     6.2    89.4    38.7    67.8   0.241   0.251   0.247   0.323   0.422    11.5    11.7    12.3    13.7    15.7
03758 20171116  2.422  -79.09   35.97    19.1     1.1    10.1     9.5     0.0    14.07 C    23.7    -0.2     8.5    91.7    25.0    61.2   0.232   0.239   0.240   0.321   0.422    11.3    11.5    11.9    13.4    15.5
03758 20171117  2.422  -79.09   35.97    14.2     0.7     7.4     6.8     0.0    13.63 C    21.2    -2.0     5.8    85.3    27.6    53.9   0.224   0.230   0.235   0.320   0.423    10.7    11.0    11.6    13.2    15.4
03758 20171118  2.422  -79.09   35.97    19.6     0.2     9.9    11.6     0.0    11.60 C    23.9    -2.0    11.0    87.3    43.0    64.1   0.218   0.223   0.231   0.319   0.422    10.8    10.9    11.3    12.8    15.1
03758 20171119  2.422  -79.09   35.97    18.1    -0.7     8.7    10.7     3.4    13.86 C    19.4    -3.4     9.8    86.2    30.0    51.5   0.226   0.224   0.230   0.319   0.422    12.0    12.2    12.3    13.0    14.9
03758 20171120  2.422  -79.09   35.97    13.8    -3.1     5.3     4.0     0.0    13.69 C    19.1    -5.2     3.3    86.6    22.2    60.5   0.223   0.224   0.230   0.316   0.422     9.8    10.2    11.0    12.9    14.8
03758 20171121  2.422  -79.09   35.97    16.6    -0.8     7.9     8.2     0.0     8.14 C    22.5    -3.7     7.4    82.6    45.8    68.1   0.218   0.221   0.228   0.304   0.422     9.8     9.9    10.5    12.3    14.7
03758 20171122  2.422  -79.09   35.97    16.5     4.8    10.6    11.7     2.2    12.47 C    21.4     1.9    10.8    92.0    31.1    56.8   0.221   0.221   0.228   0.305   0.422    11.4    11.5    11.5    12.3    14.4
03758 20171123  2.422  -79.09   35.97    10.3    -2.3     4.0     3.4     0.0    10.77 C    16.6    -4.2     3.3    87.1    35.7    60.7   0.219   0.220   0.227   0.304   0.422    10.0    10.2    10.9    12.4    14.3
03758 20171124  2.422  -79.09   35.97    15.2    -3.9     5.7     3.8     0.0    13.45 C    19.8    -5.2     3.3    90.6    19.4    62.8   0.215   0.217   0.226   0.304   0.422     8.8     9.1     9.9    11.9    14.2
03758 20171125  2.422  -79.09   35.97    20.2    -1.7     9.3     9.1     0.0    11.53 C    24.5    -3.5     7.4    81.7    31.3    57.1   0.211   0.214   0.224   0.304   0.421     9.0     9.1     9.7    11.4    14.0
03758 20171126  2.422  -79.09   35.97    15.6     0.5     8.1     8.5     0.0    13.26 C    20.9    -2.6     6.1    71.8    21.9    48.5   0.208   0.211   0.222   0.304   0.420     9.3     9.4     9.9    11.4    13.7
03758 20171127  2.422  -79.09   35.97    16.8    -1.9     7.5     6.8     0.0    13.07 C    21.9    -4.7     4.8    77.0    17.3    45.1   0.205   0.207   0.220   0.304   0.420     8.5     8.7     9.4    11.2    13.6
03758 20171128  2.422  -79.09   35.97    17.3    -1.9     7.7     6.7     0.0    13.00 C    22.4    -3.9     5.5    82.3    21.5    57.1   0.201   0.204   0.218   0.303   0.420     8.4     8.5     9.1    10.9    13.4
03758 20171129  2.422  -79.09   35.97    20.7     2.9    11.8    10.8     0.0    12.75 C    25.4     0.4     8.8    75.7    19.1    49.2   0.199   0.202   0.215   0.303   0.420     9.0     9.1     9.5    10.8    13.3
03758 20171130  2.422  -79.09   35.97    19.8     1.0    10.4     9.7     0.0    11.07 C    24.5    -1.3     8.9    81.3    25.6    57.3   0.196   0.199   0.213   0.303   0.419     9.3     9.3     9.6    10.8    13.1
03758 20171201  2.422  -79.09   35.97    17.5     5.6    11.5    11.8     0.0    11.90 C    23.7     2.8    10.8    84.8    39.2    59.4   0.194   0.196   0.212   0.304   0.419    10.2    10.1    10.3    11.0    13.0
03758 20171202  2.422  -79.09   35.97    11.0     7.2     9.1     8.8     0.5     2.93 C    15.4     2.9     8.7    84.5    59.4    73.7   0.192   0.195   0.211   0.305   0.421    10.3    10.4    10.6    11.2    13.0
03758 20171203  2.422  -79.09   35.97    18.3     3.8    11.1    10.8     0.0    11.72 C    23.2     0.3     9.9    91.4    27.2    67.2   0.192   0.194   0.210   0.304   0.420    10.8    10.8    10.9    11.4    13.0
03758 20171204  2.422  -79.09   35.97    15.6     0.2     7.9     6.8     0.0    12.11 C    20.9    -1.5     6.0    90.8    33.7    70.2   0.188   0.192   0.208   0.304   0.419     9.6     9.8    10.3    11.4    13.1
03758 20171205  2.422  -79.09   35.97    20.0     2.7    11.3    12.4     6.7     6.57 C    23.2     1.4    12.3    90.8    56.2    74.5   0.190   0.190   0.208   0.305   0.420    10.4    10.3    10.4    11.2    13.0
03758 20171206  2.422  -79.09   35.97    13.9     4.8     9.4     8.8     1.3     2.96 C    13.2     4.4     8.9    92.2    29.6    62.1   0.222   0.214   0.225   0.305   0.420    11.2    11.2    11.3    11.6    13.0
03758 20171207  2.422  -79.09   35.97     9.5     3.7     6.6     6.2     0.0     4.51 C    13.8     1.9     6.0    74.6    33.0    49.2   0.219   0.214   0.225   0.305   0.420    10.1    10.3    10.7    11.6    13.1
03758 20171208  2.422  -79.09   35.97     4.6     0.2     2.4     2.2    26.1     1.40 C     5.8    -0.1     2.5    91.1    67.1    83.6   0.254   0.243   0.242   0.315   0.426     9.0     9.3    10.0    11.4    13.1
03758 20171209  2.422  -79.09   35.97     0.5    -0.1     0.2     0.3     6.4     1.40 C     2.6    -1.1     0.7    91.6    89.5    90.5   0.319   0.308   0.298   0.382   0.461     7.4     7.8     8.5    10.6    13.0
03758 20171210  2.422  -79.09   35.97     5.3    -3.6     0.9     0.0     0.0    12.42 C    10.2    -5.5    -0.2    90.0    44.4    73.6   0.306   0.293   0.290   0.378   0.464     6.9     7.3     8.0    10.0    12.7
03758 20171211  2.422  -79.09   35.97    12.3    -4.4     4.0     3.7     0.0    12.10 C    16.9    -5.7     2.4    88.1    31.6    62.8   0.296   0.283   0.284   0.376   0.466     6.4     6.7     7.4     9.5    12.4
03758 20171212  2.422  -79.09   35.97    11.9    -1.8     5.1     4.8     0.0     6.53 C    16.9    -4.9     3.9    82.9    32.4    55.6   0.289   0.276   0.279   0.374   0.467     7.0     7.2     7.6     9.2    12.0
03758 20171213  2.422  -79.09   35.97 -9999.0 -9999.0 -9999.0 -9999.0 -9999.0 -9999.00 U -9999.0 -9999.0 -9999.0 -9999.0 -9999.0 -9999.0 -99.000 -99.000 -99.000 -99.000 -99.000 -9999.0 -9999.0 -9999.0 -9999.0 -9999.0
03758 20171214  2.422  -79.09   35.97    13.0    -0.9     6.1     5.3     0.0     9.98 C    19.0    -5.0     3.0    59.0    26.3    42.7   0.280   0.261   0.271   0.369   0.466     6.2     6.4     6.8     8.6    11.6
03758 20171215  2.422  -79.09   35.97     5.2    -2.5     1.3     1.6     0.0     5.87 C    13.3    -7.7     0.8    76.6    48.6    62.1   0.276   0.256   0.268   0.368   0.462     6.3     6.6     7.0     8.6    11.4
03758 20171216  2.422  -79.09   35.97     9.7    -4.0     2.8     2.1     0.0    10.86 C    17.0    -8.1     0.3    77.8    31.3    55.0   0.273   0.250   0.266   0.367   0.460     5.6     5.9     6.5     8.4    11.2
03758 20171217  2.422  -79.09   35.97    11.1    -2.3     4.4     4.6     0.0     5.01 C    18.6    -6.5     3.9    81.4    37.4    64.3   0.270   0.246   0.263   0.365   0.457     5.9     6.0     6.4     8.1    11.1
03758 20171218  2.422  -79.09   35.97    15.5     0.7     8.1     7.8     0.0     9.71 C    23.4    -1.8     6.5    89.8    49.6    74.3   0.268   0.244   0.261   0.365   0.455     7.2     7.2     7.4     8.3    10.8
03758 20171219  2.422  -79.09   35.97    22.3     2.4    12.4    12.2     0.0    10.21 C    26.6    -0.2    10.1    93.6    25.5    62.6   0.266   0.240   0.260   0.364   0.452     7.8     7.8     7.8     8.6    10.8
03758 20171220  2.422  -79.09   35.97    15.6     8.3    11.9    11.4     8.2     1.08 C    13.4     7.1    10.4    93.0    45.8    79.5   0.291   0.267   0.274   0.366   0.453     9.1     9.0     8.9     9.1    10.8
03758 20171221  2.422  -79.09   35.97    11.3     2.2     6.7     6.5     0.0    11.29 C    17.9    -1.3     6.4    92.8    37.4    67.7   0.308   0.289   0.290   0.375   0.451     8.7     8.8     9.0     9.4    10.9
03758 20171222  2.422  -79.09   35.97    16.3    -0.5     7.9     8.2     0.0     9.81 C    22.0    -2.4     7.9    90.3    47.8    71.6   0.299   0.280   0.284   0.377   0.451     8.4     8.5     8.7     9.4    11.1
03758 20171223  2.422  -79.09   35.97    21.1     8.9    15.0    15.6     0.0     5.45 C    25.6     7.0    14.5    85.9    57.9    71.6   0.294   0.273   0.280   0.377   0.452    10.0     9.9     9.6     9.6    11.1
03758 20171224  2.422  -79.09   35.97    14.5     5.9    10.2     8.5     0.0     1.95 C    12.7     5.7     8.6    90.2    57.0    69.9   0.291   0.269   0.277   0.378   0.453    10.3    10.3    10.3    10.3    11.2
03758 20171225  2.422  -79.09   35.97     7.8    -1.7     3.1     2.6     0.0     5.42 C     8.4    -4.8     2.2    91.0    25.8    43.3   0.286 -99.000   0.274   0.376   0.454     8.7     8.9     9.4    10.3    11.3
03758 20171226  2.422  -79.09   35.97     6.4    -3.8     1.3     0.2     0.0     9.88 C    15.5    -7.3     0.3    66.8    24.1    43.0   0.281 -99.000   0.271   0.375   0.455     7.1     7.5     8.1     9.7    11.4
03758 20171227  2.422  -79.09   35.97     6.4    -3.7     1.4     1.7     0.0     5.99 C    12.9    -5.7     1.8    71.1    30.3    48.2   0.277 -99.000   0.268   0.373   0.454     6.7     7.1     7.5     9.2    11.3
03758 20171228  2.422  -79.09   35.97    -1.4    -8.7    -5.0    -4.5     0.0    11.73 C     8.3   -11.9    -3.7    60.1    19.8    39.8   0.273 -99.000   0.266   0.371   0.455     5.5     6.0     6.8     8.8    11.1
03758 20171229  2.422  -79.09   35.97     5.6   -10.9    -2.7    -3.4     0.0    10.85 C    12.7   -12.4    -2.9    71.8    27.3    49.6   0.270 -99.000   0.263   0.369   0.455     4.3     4.7     5.5     8.0    10.9
03758 20171230  2.422  -79.09   35.97    10.1    -2.6     3.7     3.0     0.0     9.59 C    18.1    -5.5     2.3    61.6    33.2    49.5   0.268 -99.000   0.262   0.368   0.454     5.2     5.4     5.8     7.5    10.6
03758 20171231  2.422  -79.09   35.97     1.2    -5.1    -1.9    -3.5     0.0     3.24 C     2.9    -7.0    -2.9    57.5    19.2    30.1   0.265 -99.000   0.260   0.367   0.453     4.5     4.9     5.5     7.5    10.3
