94084 20170101  2.422 -102.17   48.97    -7.8   -15.8   -11.8   -12.6     0.6     2.88 C    -8.6   -17.0   -13.2    85.1    75.1    81.7 -99.000 -99.000 -99.000   0.269   0.268    -0.5    -0.2     0.1     1.5     2.5
94084 20170102  2.422 -102.17   48.97   -14.5   -19.0   -16.8   -16.2     1.8     2.31 C   -14.7   -20.0   -16.4    84.1    76.3    81.5 -99.000 -99.000 -99.000   0.269   0.268    -0.5    -0.2     0.1     1.5     2.5
94084 20170103  2.422 -102.17   48.97   -19.0   -28.7   -23.8   -24.6     0.9     4.59 C   -19.4   -31.5   -26.2    79.0    74.6    76.5 -99.000 -99.000 -99.000   0.268   0.267    -0.5    -0.1     0.1     1.5     2.4
94084 20170104  2.422 -102.17   48.97   -19.7   -27.7   -23.7   -22.1     1.0     4.02 C   -19.9   -31.0   -23.3    79.3    76.1    77.6 -99.000 -99.000 -99.000   0.268   0.267    -0.6    -0.2     0.1     1.5     2.4
94084 20170105  2.422 -102.17   48.97   -16.2   -31.0   -23.6   -23.4     1.3     4.58 C   -17.1   -34.1   -25.5    82.9    74.3    78.0 -99.000 -99.000 -99.000   0.269   0.267    -0.6    -0.3     0.1     1.4     2.4
94084 20170106  2.422 -102.17   48.97   -18.0   -28.4   -23.2   -22.9     0.3     4.41 C   -18.2   -31.3   -25.2    83.0    74.3    79.0 -99.000 -99.000 -99.000   0.269   0.267    -0.7    -0.3     0.0     1.4     2.3
94084 20170107  2.422 -102.17   48.97   -23.2   -30.4   -26.8   -27.0     0.8     6.01 C   -23.8   -33.0   -29.6    78.0    71.8    74.7 -99.000 -99.000 -99.000   0.268   0.266    -0.8    -0.4     0.0     1.4     2.3
94084 20170108  2.422 -102.17   48.97   -19.8   -26.5   -23.1   -23.2     0.2     5.18 C   -20.9   -29.4   -24.6    79.9    74.6    77.5 -99.000 -99.000 -99.000   0.269   0.266    -0.9    -0.5    -0.1     1.4     2.3
94084 20170109  2.422 -102.17   48.97   -16.5   -26.0   -21.3   -19.3     6.6     2.43 C   -16.1   -26.9   -19.3    82.7    75.2    80.4 -99.000 -99.000 -99.000   0.269   0.266    -0.9    -0.5    -0.1     1.3     2.2
94084 20170110  2.422 -102.17   48.97   -15.9   -24.0   -19.9   -20.1     0.4     5.68 C   -15.8   -27.5   -21.0    82.9    75.2    77.9 -99.000 -99.000 -99.000   0.269   0.267    -0.9    -0.5    -0.1     1.3     2.2
94084 20170111  2.422 -102.17   48.97   -16.6   -30.5   -23.6   -24.6     2.4     6.44 C   -16.9   -33.7   -27.1    79.2    67.4    74.0 -99.000 -99.000 -99.000   0.268   0.266    -0.9    -0.5    -0.2     1.3     2.2
94084 20170112  2.422 -102.17   48.97   -14.7   -34.9   -24.8   -26.7     1.7     6.25 C   -15.9   -36.5   -27.9    83.6    64.1    71.8 -99.000 -99.000 -99.000   0.268   0.265    -1.0    -0.6    -0.2     1.2     2.1
94084 20170113  2.422 -102.17   48.97   -14.3   -34.4   -24.3   -22.7     0.0     6.26 C   -17.9   -36.0   -25.2    75.9    68.6    71.9 -99.000 -99.000 -99.000   0.268   0.265    -1.2    -0.7    -0.3     1.2     2.1
94084 20170114  2.422 -102.17   48.97   -12.0   -22.8   -17.4   -17.8     0.0     6.17 C   -14.5   -25.5   -20.6    82.8    70.3    76.1 -99.000 -99.000 -99.000   0.267   0.265    -1.2    -0.8    -0.3     1.2     2.0
94084 20170115  2.422 -102.17   48.97    -7.0   -18.1   -12.6   -12.1     0.2     6.27 C    -9.5   -21.9   -15.7    77.7    68.8    73.8 -99.000 -99.000 -99.000   0.266   0.265    -1.2    -0.8    -0.3     1.1     2.0
94084 20170116  2.422 -102.17   48.97    -7.6   -13.1   -10.4   -10.4     0.5     6.28 C    -9.1   -15.4   -12.8    85.1    74.2    82.0 -99.000 -99.000 -99.000   0.266   0.264    -1.0    -0.7    -0.4     1.1     2.0
94084 20170117  2.422 -102.17   48.97     1.3   -15.0    -6.8    -4.8     0.0     5.78 C    -1.7   -17.4    -7.9    88.5    65.9    75.6 -99.000 -99.000 -99.000   0.265   0.264    -1.0    -0.6    -0.3     1.0     1.9
94084 20170118  2.422 -102.17   48.97     3.3    -4.1    -0.4     0.5     0.0     6.16 C     0.2    -7.5    -3.1    85.5    63.3    75.3 -99.000 -99.000 -99.000   0.266   0.264    -0.8    -0.5    -0.3     1.0     1.9
94084 20170119  2.422 -102.17   48.97     0.3    -9.8    -4.8    -4.6     0.0     6.03 C    -0.8   -11.9    -7.4    91.2    76.2    85.4 -99.000 -99.000 -99.000   0.266   0.264    -0.7    -0.5    -0.3     1.0     1.9
94084 20170120  2.422 -102.17   48.97    -6.3   -14.8   -10.5   -10.8     0.0     4.90 C    -4.6   -16.3   -12.2    92.3    84.6    88.8 -99.000 -99.000 -99.000   0.266   0.264    -0.7    -0.4    -0.2     1.0     1.9
94084 20170121  2.422 -102.17   48.97    -2.6   -11.9    -7.3    -6.8     0.0     3.45 C    -2.8   -12.1    -6.8    93.6    86.6    90.3 -99.000 -99.000 -99.000   0.267   0.263    -0.7    -0.4    -0.2     1.0     1.9
94084 20170122  2.422 -102.17   48.97    -1.3    -3.7    -2.5    -2.6     0.0     3.28 C    -1.4    -4.8    -3.0    93.8    84.9    90.1 -99.000 -99.000 -99.000   0.266   0.264    -0.6    -0.4    -0.2     1.0     1.8
94084 20170123  2.422 -102.17   48.97    -3.5    -6.4    -5.0    -5.6     0.0     3.77 C    -4.0    -6.8    -5.9    89.9    80.1    84.9 -99.000 -99.000 -99.000   0.266   0.263    -0.6    -0.4    -0.2     1.0     1.8
94084 20170124  2.422 -102.17   48.97    -6.4    -8.4    -7.4    -8.0     0.0     3.74 C    -6.8    -8.6    -8.0    88.8    83.6    86.1 -99.000 -99.000 -99.000   0.266   0.263    -0.6    -0.4    -0.2     1.0     1.8
94084 20170125  2.422 -102.17   48.97    -8.3   -14.4   -11.3   -10.1     0.9     4.49 C    -7.9   -16.5   -10.5    88.0    82.6    85.6 -99.000 -99.000 -99.000   0.266   0.263    -0.6    -0.4    -0.2     1.0     1.8
94084 20170126  2.422 -102.17   48.97    -7.0   -16.0   -11.5   -11.3     1.0     7.09 C    -8.2   -18.4   -12.7    86.9    77.6    81.9 -99.000 -99.000 -99.000   0.265   0.263    -0.6    -0.4    -0.2     1.0     1.8
94084 20170127  2.422 -102.17   48.97    -1.8   -10.1    -6.0    -5.6     0.5     7.27 C    -3.5   -11.8    -7.7    88.8    80.2    85.4 -99.000 -99.000 -99.000   0.265   0.263    -0.7    -0.4    -0.2     1.0     1.8
94084 20170128  2.422 -102.17   48.97     1.4    -2.6    -0.6    -0.8     0.0     6.81 C    -0.6    -5.1    -2.3    93.0    79.5    86.2 -99.000 -99.000 -99.000   0.265   0.263    -0.6    -0.4    -0.2     1.0     1.7
94084 20170129  2.422 -102.17   48.97     1.5    -7.2    -2.9    -1.1     0.3     7.54 C     0.0    -9.1    -3.3    91.6    76.7    84.8 -99.000 -99.000 -99.000   0.265   0.263    -0.5    -0.3    -0.1     1.0     1.7
94084 20170130  2.422 -102.17   48.97     3.0    -0.5     1.3     1.0     0.0     4.29 C     0.2    -3.8    -0.7    91.7    64.6    82.7 -99.000 -99.000 -99.000   0.265   0.263    -0.5    -0.3    -0.1     1.0     1.7
94084 20170131  2.422 -102.17   48.97    -0.1   -20.0   -10.0    -7.4     0.6     6.25 C    -0.7   -22.5    -8.3    90.4    70.5    79.8 -99.000 -99.000 -99.000   0.265   0.262    -0.4    -0.2    -0.1     1.0     1.7
94084 20170201  2.422 -102.17   48.97   -12.4   -24.4   -18.4   -18.3     1.2     7.25 C   -12.9   -26.9   -20.6    80.3    71.5    76.2 -99.000 -99.000 -99.000   0.265   0.262    -0.5    -0.3    -0.1     1.0     1.7
94084 20170202  2.422 -102.17   48.97   -14.9   -22.2   -18.5   -18.3     0.6     8.83 C   -16.2   -25.0   -20.7    77.8    67.8    72.8 -99.000 -99.000 -99.000   0.265   0.261    -0.9    -0.4    -0.1     1.0     1.7
94084 20170203  2.422 -102.17   48.97   -11.8   -21.1   -16.4   -15.6     0.0     8.86 C   -12.1   -24.3   -17.9    82.8    73.3    78.0 -99.000 -99.000 -99.000   0.265   0.261    -1.0    -0.5    -0.2     1.0     1.7
94084 20170204  2.422 -102.17   48.97   -11.2   -18.7   -14.9   -14.5     0.0     6.17 C   -10.9   -20.4   -14.8    84.0    75.7    80.9 -99.000 -99.000 -99.000   0.265   0.261    -1.0    -0.5    -0.2     1.0     1.7
94084 20170205  2.422 -102.17   48.97   -16.2   -25.5   -20.9   -19.0     3.1     5.27 C   -15.2   -27.1   -19.3    83.7    78.2    81.6 -99.000 -99.000 -99.000   0.265   0.261    -1.0    -0.5    -0.2     1.0     1.6
94084 20170206  2.422 -102.17   48.97   -15.5   -18.8   -17.1   -16.7     4.0     5.38 C   -14.7   -18.4   -16.3    82.0    77.4    80.0 -99.000 -99.000 -99.000   0.265   0.261    -1.0    -0.6    -0.2     0.9     1.6
94084 20170207  2.422 -102.17   48.97   -18.8   -29.3   -24.1   -23.4     2.1     9.23 C   -18.4   -31.7   -24.3    84.3    74.4    78.8 -99.000 -99.000 -99.000   0.265   0.261    -0.9    -0.6    -0.2     0.9     1.6
94084 20170208  2.422 -102.17   48.97   -20.1   -32.1   -26.1   -25.2     0.3     9.91 C   -21.3   -33.8   -27.0    75.3    70.5    73.5 -99.000 -99.000 -99.000   0.264   0.261    -1.0    -0.6    -0.3     0.9     1.6
94084 20170209  2.422 -102.17   48.97    -8.3   -26.2   -17.2   -16.9     0.6     7.12 C    -8.7   -29.5   -18.5    86.9    69.5    76.2 -99.000 -99.000 -99.000   0.264   0.261    -1.2    -0.7    -0.4     0.9     1.6
94084 20170210  2.422 -102.17   48.97     5.4    -9.1    -1.8    -2.5     0.0     7.67 C     0.2    -9.2    -3.7    94.4    69.2    85.0 -99.000 -99.000 -99.000   0.269   0.261    -1.1    -0.7    -0.4     0.8     1.6
94084 20170211  2.422 -102.17   48.97     2.2   -10.3    -4.1    -4.8     0.4     9.70 C    -0.9   -13.5    -6.8    93.6    67.5    81.4 -99.000 -99.000 -99.000   0.273   0.261    -0.9    -0.6    -0.3     0.8     1.5
94084 20170212  2.422 -102.17   48.97    -0.3    -9.5    -4.9    -4.4     0.0    10.24 C    -2.8   -12.7    -7.1    81.4    64.8    75.7 -99.000 -99.000 -99.000   0.272   0.260    -0.7    -0.5    -0.3     0.8     1.5
94084 20170213  2.422 -102.17   48.97     1.6    -5.1    -1.7    -1.9     0.0     9.64 C    -0.7    -8.2    -4.5    86.5    71.7    77.2 -99.000 -99.000 -99.000   0.273   0.260    -0.7    -0.4    -0.3     0.8     1.5
94084 20170214  2.422 -102.17   48.97    -1.1   -10.0    -5.6    -5.5     0.2     9.92 C    -1.8   -11.9    -7.8    93.2    81.4    86.5 -99.000 -99.000 -99.000   0.271   0.260    -0.6    -0.4    -0.3     0.8     1.5
94084 20170215  2.422 -102.17   48.97     3.2    -9.7    -3.2    -1.0     0.0    10.61 C     0.2   -11.7    -4.1    90.4    70.8    82.3 -99.000 -99.000 -99.000   0.272   0.260    -0.6    -0.4    -0.2     0.8     1.5
94084 20170216  2.422 -102.17   48.97     4.7     1.7     3.2     3.1     0.0     9.90 C     1.2    -0.7     0.0    82.2    64.2    74.9 -99.000 -99.000 -99.000   0.270   0.259    -0.6    -0.3    -0.2     0.8     1.5
94084 20170217  2.422 -102.17   48.97     5.3     1.5     3.4     3.0     0.0     9.27 C     0.4    -1.2    -0.1    87.6    65.4    79.6 -99.000 -99.000 -99.000   0.271   0.259    -0.4    -0.2    -0.2     0.8     1.5
94084 20170218  2.422 -102.17   48.97     2.4    -4.7    -1.1    -0.3     0.0     9.44 C     1.3    -6.2    -1.5    95.9    79.2    88.1 -99.000 -99.000 -99.000   0.271   0.260    -0.4    -0.2    -0.1     0.8     1.5
94084 20170219  2.422 -102.17   48.97     0.6    -1.9    -0.7    -0.1     0.0     5.87 C     0.1    -3.5    -0.8    97.4    85.0    92.2 -99.000 -99.000 -99.000   0.270   0.260    -0.4    -0.2    -0.1     0.8     1.5
94084 20170220  2.422 -102.17   48.97     3.0    -3.1    -0.1     0.5     0.0    10.49 C     0.8    -4.2    -0.7    97.7    79.7    91.5 -99.000 -99.000 -99.000   0.273   0.262    -0.4    -0.2    -0.1     0.8     1.5
94084 20170221  2.422 -102.17   48.97     2.6    -3.5    -0.4     0.0     1.2     8.40 C     0.6    -4.1    -0.6    97.8    77.5    92.9 -99.000 -99.000 -99.000   0.273   0.262    -0.3    -0.2    -0.1     0.8     1.5
94084 20170222  2.422 -102.17   48.97     0.1    -1.7    -0.8    -0.7     0.0     8.75 C    -0.1    -2.7    -1.2    96.7    71.9    83.9 -99.000 -99.000 -99.000   0.269   0.262    -0.3    -0.2    -0.1     0.8     1.5
94084 20170223  2.422 -102.17   48.97    -1.0    -9.1    -5.1    -4.9     0.0    11.91 C    -1.9   -10.7    -5.2    90.2    60.3    78.3 -99.000 -99.000 -99.000   0.268   0.263    -0.3    -0.2    -0.1     0.8     1.5
94084 20170224  2.422 -102.17   48.97    -3.2   -12.5    -7.9    -6.5     0.5    11.94 C    -2.6   -14.7    -7.7    90.4    64.9    79.3 -99.000 -99.000 -99.000   0.267   0.264    -0.3    -0.2    -0.1     0.8     1.4
94084 20170225  2.422 -102.17   48.97    -5.0   -18.4   -11.7   -10.0     0.0    10.66 C    -6.1   -20.4   -10.0    94.3    70.2    83.9 -99.000 -99.000 -99.000   0.267   0.265    -0.3    -0.1    -0.1     0.8     1.4
94084 20170226  2.422 -102.17   48.97    -6.0   -19.5   -12.7   -12.7     0.0    12.29 C    -6.6   -22.1   -14.6    89.1    65.2    80.3 -99.000 -99.000 -99.000   0.267   0.265    -0.3    -0.1    -0.1     0.8     1.4
94084 20170227  2.422 -102.17   48.97   -10.6   -19.7   -15.1   -14.4     0.5    11.70 C    -7.0   -21.9   -14.6    86.1    65.6    78.2 -99.000 -99.000 -99.000   0.269   0.267    -0.3    -0.1     0.0     0.8     1.4
94084 20170228  2.422 -102.17   48.97   -10.0   -21.0   -15.5   -14.0     0.4     8.71 C    -8.9   -23.8   -14.3    87.0    81.2    84.3 -99.000 -99.000 -99.000   0.269   0.267    -0.4    -0.1     0.0     0.8     1.5
94084 20170301  2.422 -102.17   48.97    -8.8   -17.3   -13.1   -13.1     0.4    13.89 C    -6.1   -19.2   -13.6    88.7    76.3    84.9 -99.000 -99.000 -99.000   0.268   0.267    -0.4    -0.2     0.0     0.8     1.5
94084 20170302  2.422 -102.17   48.97    -8.1   -19.0   -13.5   -14.1     1.2    11.70 C    -6.6   -21.3   -13.5    89.0    77.6    83.7 -99.000 -99.000 -99.000   0.268   0.267    -0.6    -0.2     0.0     0.9     1.5
94084 20170303  2.422 -102.17   48.97    -1.0   -16.3    -8.7    -8.2     0.0    11.63 C    -1.2   -17.6    -9.2    89.9    75.7    85.0 -99.000 -99.000 -99.000   0.268   0.267    -0.6    -0.3     0.0     0.9     1.5
94084 20170304  2.422 -102.17   48.97     2.6    -7.7    -2.6    -1.9     0.0    11.00 C     0.4    -9.2    -4.3    89.4    72.5    82.6 -99.000 -99.000 -99.000   0.268   0.268    -0.6    -0.3    -0.1     0.9     1.4
94084 20170305  2.422 -102.17   48.97     2.8    -2.0     0.4     0.6     0.0    12.78 C     0.4    -4.6    -1.4    93.9    78.9    86.0 -99.000 -99.000 -99.000   0.268   0.268    -0.5    -0.2     0.0     0.9     1.5
94084 20170306  2.422 -102.17   48.97     0.9   -11.4    -5.2    -5.1     4.5     4.09 C     0.1   -10.8    -4.8    98.1    85.6    91.5 -99.000 -99.000 -99.000   0.268   0.269    -0.4    -0.2     0.0     0.9     1.4
94084 20170307  2.422 -102.17   48.97    -9.8   -13.9   -11.8   -11.9     1.5    12.73 C    -9.1   -14.0   -11.7    88.3    81.0    84.4 -99.000 -99.000 -99.000   0.269   0.269    -0.5    -0.2     0.0     0.9     1.4
94084 20170308  2.422 -102.17   48.97   -11.2   -15.9   -13.5   -13.6     0.6    13.12 C    -9.5   -17.4   -13.7    84.0    66.1    75.7 -99.000 -99.000 -99.000   0.268   0.268    -0.7    -0.4    -0.1     0.9     1.4
94084 20170309  2.422 -102.17   48.97   -13.3   -22.3   -17.8   -17.2     0.2    14.48 C   -11.1   -25.0   -16.5    74.1    58.8    66.3 -99.000 -99.000 -99.000   0.268   0.267    -0.9    -0.5    -0.1     0.8     1.4
94084 20170310  2.422 -102.17   48.97   -17.9   -24.2   -21.1   -20.7     0.3    11.15 C   -15.4   -26.1   -19.9    77.4    56.2    66.0 -99.000 -99.000 -99.000   0.271   0.266    -1.3    -0.7    -0.2     0.8     1.4
94084 20170311  2.422 -102.17   48.97   -16.3   -21.0   -18.6   -18.3     0.3    14.01 C   -13.1   -21.7   -17.1    81.0    71.2    76.4 -99.000 -99.000 -99.000   0.277   0.267    -1.5    -0.9    -0.4     0.8     1.4
94084 20170312  2.422 -102.17   48.97   -14.7   -20.7   -17.7   -16.3     0.5    12.25 C   -13.2   -22.9   -16.2    82.1    77.0    80.1 -99.000 -99.000 -99.000   0.277   0.267    -1.5    -1.0    -0.5     0.7     1.4
94084 20170313  2.422 -102.17   48.97   -13.1   -25.0   -19.0   -17.8     0.8    14.13 C   -11.4   -25.7   -18.0    83.0    72.2    78.7 -99.000 -99.000 -99.000   0.277   0.267    -1.7    -1.1    -0.6     0.7     1.3
94084 20170314  2.422 -102.17   48.97    -5.8   -13.5    -9.6    -9.0     0.0    15.06 C    -4.8   -14.2    -9.0    88.3    76.2    81.9 -99.000 -99.000 -99.000   0.277   0.267    -1.6    -1.1    -0.6     0.6     1.3
94084 20170315  2.422 -102.17   48.97    -0.3    -9.0    -4.7    -4.4     0.0    14.28 C    -0.6   -10.2    -4.9    92.2    84.0    87.8 -99.000 -99.000 -99.000   0.277   0.266    -1.2    -0.9    -0.6     0.6     1.3
94084 20170316  2.422 -102.17   48.97     3.7    -3.8     0.0     0.3     1.4     8.11 C     0.8    -5.1    -1.0    94.5    84.5    90.5 -99.000 -99.000 -99.000   0.277   0.266    -0.8    -0.6    -0.5     0.6     1.2
94084 20170317  2.422 -102.17   48.97     1.0    -7.6    -3.3    -2.0     0.9    17.09 C     0.1    -9.4    -2.9    90.2    66.2    80.1 -99.000 -99.000 -99.000   0.277   0.266    -0.5    -0.4    -0.4     0.6     1.2
94084 20170318  2.422 -102.17   48.97     3.8    -9.3    -2.8    -2.1     0.0    15.42 C     0.6   -10.0    -3.5    91.0    69.2    81.8 -99.000 -99.000 -99.000   0.276   0.265    -0.4    -0.3    -0.3     0.6     1.2
94084 20170319  2.422 -102.17   48.97     5.4    -1.9     1.7     2.8     0.0    16.31 C     0.6    -5.0    -0.5    84.3    65.3    76.0 -99.000 -99.000 -99.000   0.278   0.268    -0.4    -0.3    -0.2     0.6     1.2
94084 20170320  2.422 -102.17   48.97     2.3   -10.0    -3.8    -2.2     0.0    18.19 C     0.4   -13.2    -4.6    86.0    60.7    75.0 -99.000 -99.000 -99.000   0.282   0.278    -0.4    -0.3    -0.2     0.6     1.2
94084 20170321  2.422 -102.17   48.97    -7.3   -14.4   -10.9   -10.4     0.0    18.74 C    -5.0   -18.3   -11.1    85.9    64.4    73.8 -99.000 -99.000 -99.000   0.284   0.280    -0.4    -0.2    -0.2     0.5     1.1
94084 20170322  2.422 -102.17   48.97     2.1   -10.4    -4.1    -3.1     0.2     7.48 C     0.3   -11.0    -3.8    92.6    77.9    84.2 -99.000 -99.000 -99.000   0.286   0.283    -0.4    -0.3    -0.2     0.5     1.1
94084 20170323  2.422 -102.17   48.97     5.2    -3.6     0.8     0.5     0.0    14.20 C     1.8    -5.6    -1.8    96.6    71.8    87.1 -99.000 -99.000 -99.000   0.289   0.287    -0.4    -0.3    -0.2     0.6     1.1
94084 20170324  2.422 -102.17   48.97     2.0    -5.9    -2.0    -1.8     0.0    18.05 C     0.3    -8.2    -3.1    96.7    77.0    86.1 -99.000 -99.000 -99.000   0.292   0.292    -0.4    -0.2    -0.2     0.6     1.1
94084 20170325  2.422 -102.17   48.97    10.8    -1.5     4.7     3.1     0.0    12.85 C     4.0    -1.9     0.3    95.1    53.2    80.9 -99.000 -99.000 -99.000   0.311   0.306    -0.4    -0.2    -0.2     0.5     1.1
94084 20170326  2.422 -102.17   48.97    10.7    -1.3     4.7     3.7     0.0    17.09 C     6.9    -3.1     1.0    94.8    59.3    81.9 -99.000 -99.000 -99.000   0.339   0.327    -0.4    -0.2    -0.2     0.5     1.0
94084 20170327  2.422 -102.17   48.97     2.4    -4.0    -0.8    -0.1     0.0     7.98 C     5.9    -4.0     0.4    98.2    92.5    95.9 -99.000 -99.000 -99.000   0.356   0.362    -0.4    -0.2    -0.2     0.5     1.0
94084 20170328  2.422 -102.17   48.97     5.4    -0.1     2.6     1.4     2.3     5.12 C     5.1    -0.2     1.5    98.1    90.1    93.8 -99.000 -99.000 -99.000   0.376   0.397    -0.4    -0.2    -0.2     0.5     1.0
94084 20170329  2.422 -102.17   48.97    14.1    -0.7     6.7     5.5     0.0    13.76 C    16.3    -1.6     4.3    99.0    39.9    81.1 -99.000 -99.000 -99.000   0.412   0.410    -0.4    -0.2    -0.2     0.5     1.0
94084 20170330  2.422 -102.17   48.97    10.4     1.4     5.9     5.9     0.0     9.19 C    16.6    -1.0     5.2    93.6    62.6    78.8 -99.000 -99.000 -99.000   0.414   0.411    -0.2    -0.2    -0.2     0.5     1.0
94084 20170331  2.422 -102.17   48.97     5.0    -0.2     2.4     2.4     0.0     4.16 C     7.4    -0.2     2.5    98.0    83.2    93.1 -99.000 -99.000 -99.000   0.413   0.413    -0.2    -0.2    -0.1     0.5     1.0
94084 20170401  2.422 -102.17   48.97    11.5     1.6     6.6     5.8     0.0     7.69 C    11.7     0.8     5.0    96.3    67.5    83.6 -99.000 -99.000 -99.000   0.413   0.414     0.3    -0.1    -0.1     0.5     1.0
94084 20170402  2.422 -102.17   48.97    13.4     0.7     7.0     7.7     0.0    15.59 C    14.6    -2.8     6.0    86.8    37.9    66.3   0.447   0.413   0.428   0.413   0.413     2.4     1.4     1.0     0.7     1.1
94084 20170403  2.422 -102.17   48.97    13.0    -2.7     5.2     5.2     0.0    16.48 C    20.7    -4.6     4.9    94.5    35.5    68.6   0.436   0.414   0.431   0.415   0.414     2.9     2.3     1.8     1.2     1.4
94084 20170404  2.422 -102.17   48.97    12.8     0.0     6.4     6.1     0.0    15.45 C    21.9    -1.2     6.3    93.7    31.2    66.5   0.422   0.407   0.433   0.417   0.413     3.9     3.3     2.4     1.6     1.7
94084 20170405  2.422 -102.17   48.97     8.7    -3.6     2.5     2.3     0.0    13.77 C    18.7    -4.8     3.2    96.6    45.7    79.6   0.414   0.402   0.433   0.430   0.414     3.4     3.3     2.6     2.0     1.9
94084 20170406  2.422 -102.17   48.97    13.4    -4.0     4.7     5.3     0.0    18.89 C    16.0    -5.8     4.4    92.4    35.7    63.4   0.406   0.401   0.427   0.436   0.415     3.1     3.0     2.6     2.1     2.1
94084 20170407  2.422 -102.17   48.97    21.8     4.2    13.0    11.5     0.0    18.68 C    25.0     1.9    10.4    82.4    29.4    51.5   0.402   0.402   0.427   0.436   0.415     5.4     4.6     3.7     2.4     2.2
94084 20170408  2.422 -102.17   48.97    19.7     3.9    11.8    12.1     0.0    14.83 C    20.7     1.0     9.9    82.3    18.2    50.6   0.402   0.401   0.419   0.437   0.414     6.7     6.1     5.2     3.1     2.6
94084 20170409  2.422 -102.17   48.97     6.4    -4.1     1.2     1.3     0.0    15.45 C    14.4    -4.7     2.9    92.5    48.7    73.4   0.395   0.398   0.404   0.438   0.415     4.9     5.0     4.8     3.7     3.0
94084 20170410  2.422 -102.17   48.97     6.0    -6.9    -0.4    -0.6     0.0    19.70 C    19.1    -7.8     2.5    89.4    23.3    58.4   0.386   0.390   0.390   0.439   0.416     3.8     4.0     3.9     3.7     3.2
94084 20170411  2.422 -102.17   48.97    12.9    -5.2     3.8     4.3     0.2    14.50 C    23.4    -5.7     4.4    85.0    29.1    61.7   0.380   0.386   0.383   0.439   0.416     4.3     4.2     4.0     3.6     3.3
94084 20170412  2.422 -102.17   48.97    14.5    -3.1     5.7     6.2     0.0    20.67 C    24.9    -5.5     7.6    97.4    29.4    65.7   0.377   0.383   0.373   0.441   0.417     5.3     4.9     4.5     3.6     3.3
94084 20170413  2.422 -102.17   48.97    18.7     0.9     9.8    10.3     0.0    21.14 C    23.2    -0.8    10.3    87.8    27.7    57.8   0.374   0.378   0.369   0.440   0.418     6.5     6.0     5.4     4.0     3.5
94084 20170414  2.422 -102.17   48.97    20.8     4.1    12.5    12.6     0.5    20.90 C    25.1     1.4    12.4    92.6    41.4    66.7   0.375   0.379   0.370   0.440   0.417     8.3     7.5     6.6     4.5     3.7
94084 20170415  2.422 -102.17   48.97    13.9    -0.7     6.6     5.4     2.6     9.66 C    19.6    -2.8     5.3    90.9    35.3    77.2   0.371   0.377   0.367   0.441   0.418     6.6     6.7     6.4     5.0     4.1
94084 20170416  2.422 -102.17   48.97     3.7    -6.1    -1.2    -0.2     0.0    11.31 C     9.3    -6.5     1.0    92.3    52.5    70.5   0.369   0.375   0.363   0.442   0.419     4.8     5.2     5.4     5.0     4.4
94084 20170417  2.422 -102.17   48.97     7.2    -8.4    -0.6    -0.1     1.6    17.20 C    17.1    -9.6     2.0    93.3    39.4    69.7   0.363   0.370   0.356   0.442   0.421     3.5     3.8     4.1     4.6     4.4
94084 20170418  2.422 -102.17   48.97     8.1     0.8     4.4     4.0     0.2     7.27 C    17.9    -0.3     5.5    96.6    68.9    87.1   0.362   0.369   0.355   0.442   0.420     4.9     4.8     4.5     4.3     4.2
94084 20170419  2.422 -102.17   48.97    11.8     0.2     6.0     6.3     1.0    11.06 C    15.4    -0.9     6.8    95.7    51.5    78.6   0.360   0.365   0.348   0.442   0.420     5.2     5.1     4.8     4.4     4.2
94084 20170420  2.422 -102.17   48.97    13.4     1.6     7.5     7.9     2.5    16.64 C    27.2    -1.0     9.8    95.4    46.3    79.1   0.362   0.363   0.351   0.443   0.423     7.2     6.7     6.0     4.6     4.3
94084 20170421  2.422 -102.17   48.97    17.7    -0.8     8.4     8.7     0.0    22.42 C    31.1    -3.2    10.6    98.3    31.7    68.8   0.358   0.359   0.346   0.443   0.422     7.6     7.1     6.5     5.0     4.5
94084 20170422  2.422 -102.17   48.97     8.4     0.4     4.4     4.4     0.0     6.24 C    11.5     0.6     5.5    96.8    63.9    80.3   0.354   0.354   0.339   0.445   0.422     7.0     7.1     6.8     5.5     4.7
94084 20170423  2.422 -102.17   48.97     0.8    -2.0    -0.6    -0.6     0.3     7.58 C     4.4    -2.5     0.5    87.3    49.4    71.7   0.351   0.350   0.336   0.445   0.423     4.4     5.0     5.3     5.4     4.9
94084 20170424  2.422 -102.17   48.97     0.0    -3.0    -1.5    -1.5     2.8     7.80 C     0.0    -2.6    -1.3    90.7    51.9    79.2   0.349   0.348   0.334   0.444   0.422     2.9     3.6     4.0     4.9     4.8
94084 20170425  2.422 -102.17   48.97     6.0    -2.3     1.8     0.6     0.0    16.55 C    12.1    -3.9     1.7    82.6    44.0    65.4   0.351   0.349   0.334   0.444   0.423     3.4     3.6     3.6     4.4     4.5
94084 20170426  2.422 -102.17   48.97     8.9    -6.0     1.4     1.4     0.0    25.45 C    21.4    -7.3     4.5    84.1    26.7    58.7   0.349   0.347   0.333   0.444   0.424     4.3     4.1     4.0     4.2     4.3
94084 20170427  2.422 -102.17   48.97    10.2    -5.4     2.4     2.7     0.0    26.39 C    23.3    -8.5     5.1    86.4    19.9    53.2   0.346   0.344   0.329   0.444   0.424     5.0     4.8     4.6     4.2     4.2
94084 20170428  2.422 -102.17   48.97    13.5    -4.7     4.4     5.3     0.0    26.04 C    27.9    -7.7     8.0    96.4    20.9    53.3   0.342   0.339   0.324   0.438   0.426     6.1     5.7     5.2     4.4     4.3
94084 20170429  2.422 -102.17   48.97    17.1    -0.7     8.2     8.6     0.0    22.88 C    29.8    -3.5    10.1    88.6    24.2    54.8   0.338   0.335   0.319   0.426   0.425     7.4     6.9     6.2     4.8     4.5
94084 20170430  2.422 -102.17   48.97    19.3     2.2    10.7    11.3     0.0    23.58 C    31.0     0.2    12.2    84.6    17.3    44.7   0.334   0.331   0.316   0.417   0.424     8.4     7.8     7.1     5.3     4.7
94084 20170501  2.422 -102.17   48.97    13.8     5.7     9.7     8.9     7.2     9.19 C    29.8     3.5     9.6    94.0    38.5    74.3   0.342   0.337   0.320   0.425   0.424     8.5     8.2     7.6     5.8     5.1
94084 20170502  2.422 -102.17   48.97    15.1     2.8     8.9     8.4     0.2    12.61 C    22.9     0.8     9.1    94.6    53.0    81.3   0.342   0.338   0.321   0.434   0.426     8.4     8.2     7.7     6.1     5.3
94084 20170503  2.422 -102.17   48.97    17.3     2.3     9.8     9.4     0.0    21.53 C    26.8     1.0    10.3    92.5    29.1    64.7   0.338   0.334   0.318   0.425   0.425     8.7     8.3     7.8     6.3     5.6
94084 20170504  2.422 -102.17   48.97    24.7     2.6    13.7    14.8     0.0    25.00 C    32.1    -0.3    14.8    82.3    22.2    48.3   0.333   0.329   0.313   0.413   0.425    10.0     9.2     8.4     6.5     5.8
94084 20170505  2.422 -102.17   48.97    26.4     8.9    17.6    18.3     0.0    25.94 C    35.8     4.8    18.8    79.2    20.0    43.7   0.327   0.323   0.309   0.400   0.423    12.4    11.3    10.1     7.1     6.0
94084 20170506  2.422 -102.17   48.97    27.8     8.9    18.3    18.2     0.0    25.36 C    31.9     7.5    18.0    69.5    20.1    41.1   0.318   0.316   0.305   0.389   0.411    12.6    12.0    11.0     7.9     6.5
94084 20170507  2.422 -102.17   48.97    24.4     8.8    16.6    16.6     0.0    17.82 C    30.5     7.5    16.1    69.2    29.6    46.3   0.309   0.310   0.300   0.379   0.410    12.0    11.7    10.9     8.4     6.9
94084 20170508  2.422 -102.17   48.97    15.8     4.7    10.3    11.7     0.0    13.80 C    20.8     3.6    12.0    91.8    44.5    66.9   0.304   0.307   0.296   0.372   0.410    11.4    11.3    10.8     8.6     7.3
94084 20170509  2.422 -102.17   48.97    20.8     1.3    11.1    11.4     0.0    22.34 C    29.0     0.7    11.9    93.2    22.3    57.2   0.298   0.301   0.293   0.368   0.408    10.8    10.5    10.0     8.6     7.5
94084 20170510  2.422 -102.17   48.97    18.2     0.8     9.5     9.7     0.0    26.47 C    28.3     0.1    11.8    92.0    35.8    63.4   0.293   0.295   0.290   0.363   0.409    11.1    10.7    10.1     8.6     7.6
94084 20170511  2.422 -102.17   48.97    21.6     4.3    13.0    13.3     0.0    25.39 C    33.2     3.0    16.2    89.7    30.6    59.1   0.288   0.290   0.287   0.358   0.409    12.6    11.8    10.8     8.7     7.6
94084 20170512  2.422 -102.17   48.97    20.2     6.0    13.1    12.6     0.0    26.14 C    28.9     5.5    14.9    82.2    37.4    58.1   0.280   0.285   0.283   0.354   0.409    12.9    12.3    11.6     9.1     7.9
94084 20170513  2.422 -102.17   48.97    24.0     5.3    14.6    15.0     0.0    24.52 C    30.2     4.6    15.6    69.5    32.1    46.3   0.273   0.279   0.280   0.351   0.406    12.3    12.0    11.4     9.3     8.1
94084 20170514  2.422 -102.17   48.97    20.6     5.3    13.0    14.1     4.0    26.57 C    27.2     2.3    14.8    93.7    18.1    54.5   0.277   0.282   0.278   0.347   0.405    13.1    12.6    11.8     9.5     8.3
94084 20170515  2.422 -102.17   48.97    19.7     3.2    11.4    11.8    18.0    13.81 C    31.4     1.6    12.4    93.2    31.5    66.0   0.282   0.284   0.277   0.345   0.403    11.9    11.8    11.4     9.7     8.4
94084 20170516  2.422 -102.17   48.97    18.4     6.0    12.2    12.5     0.3    22.41 C    29.3     4.6    14.1    96.7    35.3    71.6   0.324   0.322   0.295   0.358   0.409    13.0    12.4    11.7     9.7     8.6
94084 20170517  2.422 -102.17   48.97    11.2     2.8     7.0     7.5     0.0    10.84 C    14.9     2.3     8.6    92.3    50.1    76.4   0.309   0.307   0.290   0.357   0.409    11.2    11.4    11.3     9.9     8.7
94084 20170518  2.422 -102.17   48.97    14.1    -1.0     6.5     6.5     0.0    28.44 C    26.3    -1.1     9.9    84.3    26.8    53.6   0.302   0.298   0.286   0.353   0.409    10.9    10.7    10.3     9.6     8.8
94084 20170519  2.422 -102.17   48.97    15.9    -0.4     7.7     8.5     0.0    24.60 C    27.1    -2.5    10.5    83.1    22.1    51.8   0.293   0.291   0.282   0.350   0.408    10.9    10.8    10.4     9.4     8.6
94084 20170520  2.422 -102.17   48.97    18.0     4.2    11.1    11.4     0.0    25.90 C    31.0     2.9    14.1    84.4    21.5    49.1   0.287   0.283   0.279   0.346   0.408    12.5    11.9    11.1     9.5     8.6
94084 20170521  2.422 -102.17   48.97    20.9     1.6    11.3    12.2     0.0    25.04 C    31.1     1.2    14.6    93.2    23.7    55.3   0.280   0.276   0.277   0.344   0.407    13.0    12.4    11.7     9.7     8.8
94084 20170522  2.422 -102.17   48.97    18.4     4.6    11.5    11.9     0.3    15.70 C    26.8     2.1    12.1    93.4    28.6    57.2   0.274   0.272   0.274   0.342   0.400    12.5    12.3    11.9    10.0     8.9
94084 20170523  2.422 -102.17   48.97    19.8     0.5    10.1    11.6     0.0    27.33 C    31.7     0.3    14.8    92.9    26.1    56.4   0.268   0.267   0.270   0.340   0.389    12.9    12.3    11.6    10.0     9.1
94084 20170524  2.422 -102.17   48.97    22.5     9.6    16.0    15.2     3.8    22.68 C    28.7     8.1    15.7    92.2    27.1    48.4   0.260   0.260   0.268   0.338   0.387    13.2    12.9    12.3    10.3     9.2
94084 20170525  2.422 -102.17   48.97    17.6     8.5    13.0    13.1     0.5    17.00 C    24.0     8.0    13.4    94.9    43.3    70.3   0.266   0.266   0.267   0.337   0.381    13.0    12.8    12.3    10.4     9.3
94084 20170526  2.422 -102.17   48.97    18.9     8.9    13.9    12.6     0.0    15.26 C    24.1     8.0    12.9    91.2    31.5    63.4   0.261   0.260   0.265   0.334   0.378    12.3    12.2    11.9    10.5     9.5
94084 20170527  2.422 -102.17   48.97    21.1     7.7    14.4    12.9     2.6    21.73 C    30.0     6.3    13.9    89.4    30.9    65.6   0.259   0.258   0.263   0.332   0.372    12.8    12.4    11.9    10.4     9.5
94084 20170528  2.422 -102.17   48.97    19.2     7.0    13.1    12.7     0.4    24.96 C    26.0     6.4    14.1    88.2    35.9    64.6   0.256   0.257   0.261   0.330   0.367    13.1    12.7    12.2    10.5     9.6
94084 20170529  2.422 -102.17   48.97    18.1     4.1    11.1    11.4     0.0    17.54 C    24.9     2.5    12.0    92.1    31.6    65.0   0.251   0.251   0.257   0.329   0.362    12.5    12.4    12.0    10.6     9.7
94084 20170530  2.422 -102.17   48.97    18.6     2.4    10.5    11.0     0.0    27.40 C    30.8     1.5    13.5    92.3    26.4    59.7   0.244   0.244   0.254   0.327   0.359    12.8    12.4    11.8    10.6     9.7
94084 20170531  2.422 -102.17   48.97    22.5     3.1    12.8    14.4     0.0    29.26 C    32.5     1.6    15.9    83.0    23.0    47.6   0.236   0.234   0.248   0.325   0.355    13.7    13.2    12.5    10.7     9.7
94084 20170601  2.422 -102.17   48.97    29.7     5.9    17.8    19.7     0.0    27.71 C    36.8     5.1    19.9    78.1    26.1    49.7   0.225   0.224   0.242   0.324   0.352    15.4    14.5    13.4    11.0     9.8
94084 20170602  2.422 -102.17   48.97    30.0    14.3    22.1    22.0     0.0    21.48 C    37.9    12.4    21.6    81.8    29.9    53.7   0.215   0.213   0.234   0.323   0.348    17.0    16.0    14.8    11.5    10.1
94084 20170603  2.422 -102.17   48.97    27.0    11.2    19.1    18.9     0.0    29.44 C    33.8     7.7    19.4    74.5    17.4    45.0   0.202   0.205   0.226   0.320   0.343    16.6    15.9    15.0    12.1    10.5
94084 20170604  2.422 -102.17   48.97    29.2     7.3    18.3    19.7     0.0    28.46 C    39.0     4.8    21.0    85.0    22.1    48.5   0.189   0.195   0.219   0.318   0.339    17.1    16.2    15.2    12.3    10.8
94084 20170605  2.422 -102.17   48.97    30.0    10.9    20.4    21.5     0.0    27.02 C    38.3    10.3    23.0    91.0    31.4    57.0   0.177   0.186   0.214   0.317   0.336    18.1    17.0    15.9    12.7    11.0
94084 20170606  2.422 -102.17   48.97    19.6    12.2    15.9    15.4     0.0    15.93 C    29.3    12.1    17.3    84.9    53.4    70.5   0.166   0.178   0.210   0.315   0.331    17.3    16.8    16.0    13.1    11.3
94084 20170607  2.422 -102.17   48.97    24.8     9.8    17.3    18.1     0.0    27.75 C    37.7     8.7    20.8    92.7    30.5    57.6   0.159   0.172   0.207   0.313   0.328    18.0    17.1    16.0    13.2    11.5
94084 20170608  2.422 -102.17   48.97    26.0     8.3    17.1    19.1     0.0    28.48 C    38.5     6.4    21.4    92.1    30.0    54.2   0.148   0.161   0.201   0.311   0.325    18.0    17.2    16.2    13.4    11.7
94084 20170609  2.422 -102.17   48.97    23.6    15.1    19.3    19.1     0.2    19.88 C    33.2    13.9    20.5    91.0    55.5    69.4   0.139   0.153   0.196   0.309   0.322    18.1    17.4    16.5    13.6    11.9
94084 20170610  2.422 -102.17   48.97    25.8    12.6    19.2    18.8     2.2    26.86 C    33.1    11.2    19.9    92.7    17.6    53.3   0.135   0.147   0.193   0.308   0.319    18.2    17.5    16.6    13.7    12.1
94084 20170611  2.422 -102.17   48.97    24.1     9.0    16.6    17.5     0.0    28.78 C    35.6     7.5    19.4    82.0    22.2    47.3   0.131   0.138   0.187   0.305   0.315    17.7    17.1    16.3    13.8    12.2
94084 20170612  2.422 -102.17   48.97    25.4     7.1    16.2    17.7     0.0    25.84 C    40.6     5.6    21.0    90.8    31.8    56.1   0.127   0.130   0.179   0.303   0.311    17.8    17.1    16.2    13.8    12.4
94084 20170613  2.422 -102.17   48.97    17.6    13.1    15.3    15.3     0.0     7.19 C    22.2    13.9    16.3    91.9    60.1    74.0   0.123   0.125   0.175   0.302   0.309    16.6    16.5    16.1    14.0    12.4
94084 20170614  2.422 -102.17   48.97    15.2    11.4    13.3    13.5    24.7     7.30 C    15.9    10.9    13.8    95.6    74.6    88.5   0.242   0.212   0.180   0.302   0.307    15.4    15.5    15.2    13.7    12.4
94084 20170615  2.422 -102.17   48.97    21.9    10.9    16.4    15.5     0.5    20.39 C    26.7    10.5    16.0    90.7    55.0    74.6   0.268   0.257   0.186   0.301   0.307    15.6    15.3    14.9    13.5    12.4
94084 20170616  2.422 -102.17   48.97    21.0    10.7    15.8    15.7     0.0    15.57 C    25.2     9.9    16.6    91.5    50.8    75.6   0.252   0.245   0.188   0.301   0.305    16.2    15.9    15.3    13.4    12.3
94084 20170617  2.422 -102.17   48.97    18.8     9.6    14.2    13.6     1.8    12.01 C    26.5     9.2    14.8    97.2    65.6    86.0   0.244   0.235   0.190   0.302   0.304    16.1    15.9    15.4    13.5    12.3
94084 20170618  2.422 -102.17   48.97    21.5     8.7    15.1    15.0     4.2    22.45 C    28.9     8.7    16.6    95.0    42.9    76.7   0.242   0.232   0.190   0.301   0.303    16.9    16.5    15.8    13.6    12.4
94084 20170619  2.422 -102.17   48.97    21.9     7.3    14.6    14.6     2.0    25.12 C    29.9     6.9    15.6    94.5    37.0    70.3   0.253   0.238   0.190   0.300   0.303    16.9    16.6    15.9    13.8    12.5
94084 20170620  2.422 -102.17   48.97    21.9     5.3    13.6    15.3     0.0    28.27 C    31.3     5.5    17.4    93.8    37.2    62.8   0.241   0.233   0.189   0.299   0.302    16.9    16.5    15.9    13.9    12.6
94084 20170621  2.422 -102.17   48.97    23.4    11.1    17.2    18.2     0.0    28.23 C    29.0     9.8    18.9    79.1    23.1    52.7   0.221   0.217   0.187   0.299   0.301    17.7    17.3    16.5    14.0    12.7
94084 20170622  2.422 -102.17   48.97    20.4    10.6    15.5    14.7     0.0    22.85 C    26.1    10.3    15.8    82.1    28.2    60.1   0.201   0.202   0.183   0.298   0.299    16.4    16.4    16.1    14.2    12.9
94084 20170623  2.422 -102.17   48.97    16.3     6.6    11.4    11.8     0.0    22.49 C    22.0     6.4    13.2    83.0    36.7    59.8   0.188   0.190   0.181   0.296   0.296    15.4    15.5    15.3    14.0    12.9
94084 20170624  2.422 -102.17   48.97    16.7     4.3    10.5    10.4     0.0    21.08 C    24.9     4.7    12.1    89.9    39.9    67.4   0.178   0.180   0.178   0.295   0.295    14.7    14.8    14.6    13.8    12.8
94084 20170625  2.422 -102.17   48.97    19.7     6.0    12.9    13.2     0.0    22.59 C    32.6     4.1    15.3    92.2    40.0    65.9   0.169   0.171   0.175   0.293   0.293    15.5    15.2    14.7    13.5    12.7
94084 20170626  2.422 -102.17   48.97 -9999.0 -9999.0 -9999.0 -9999.0     0.0 -9999.00 U -9999.0 -9999.0 -9999.0 -9999.0 -9999.0 -9999.0 -99.000 -99.000 -99.000 -99.000 -99.000 -9999.0 -9999.0 -9999.0 -9999.0 -9999.0
94084 20170627  2.422 -102.17   48.97    26.9    12.6    19.7    19.8     0.0    19.62 C    42.5    10.8    22.3    85.6    40.2    54.9   0.147   0.148   0.161   0.292   0.290    17.3    16.6    15.8    13.7    12.6
94084 20170628  2.422 -102.17   48.97    25.4     8.7    17.0    18.0     0.0    28.02 C    42.3     7.5    21.7    91.1    33.4    62.8   0.140   0.140   0.155   0.291   0.288    18.2    17.3    16.4    14.0    12.8
94084 20170629  2.422 -102.17   48.97    25.1     8.1    16.6    16.3     0.0    19.19 C    43.4     7.0    19.4    93.1    40.0    70.1   0.134   0.132   0.150   0.290   0.287    17.7    17.2    16.5    14.3    12.9
94084 20170630  2.422 -102.17   48.97    23.2     5.1    14.1    15.6     0.3    24.56 C    38.8     3.7    19.6    91.6    33.1    64.0   0.129   0.126   0.145   0.287   0.285    17.6    17.0    16.3    14.3    13.1
94084 20170701  2.422 -102.17   48.97    23.2    10.8    17.0    17.6     0.0    24.57 C    43.6     7.4    22.7    93.6    41.3    70.3   0.128   0.122   0.140   0.285   0.284    18.8    18.0    17.0    14.4    13.2
94084 20170702  2.422 -102.17   48.97    24.7     7.5    16.1    17.4     0.0    26.58 C    41.3     4.5    21.6    96.8    43.2    67.2   0.123   0.119   0.134   0.284   0.282    18.3    17.7    17.0    14.7    13.3
94084 20170703  2.422 -102.17   48.97    32.1    13.4    22.7    22.0     0.0    22.28 C    44.2    12.5    24.9    87.5    33.2    65.3   0.122   0.116   0.129   0.282   0.281    19.3    18.4    17.4    14.8    13.4
94084 20170704  2.422 -102.17   48.97    31.1    15.2    23.2    23.5     0.0    28.13 C    47.7    11.4    27.1    87.3    39.2    58.4   0.120   0.114   0.125   0.281   0.278    21.0    19.7    18.4    15.1    13.6
94084 20170705  2.422 -102.17   48.97    31.7    12.8    22.2    23.1     0.0    27.56 C    46.8    10.7    27.2    88.9    44.6    63.6   0.117   0.112   0.121   0.278   0.277    21.2    20.1    18.9    15.5    13.9
94084 20170706  2.422 -102.17   48.97    27.5    12.4    19.9    20.4     0.0    28.72 C    44.3    11.0    25.0    93.5    26.4    60.6   0.115   0.109   0.117   0.276   0.276    21.5    20.5    19.4    15.9    14.1
94084 20170707  2.422 -102.17   48.97    27.9    11.2    19.5    20.2     0.0    27.81 C    46.5     9.8    25.5    91.4    32.0    62.2   0.111   0.107   0.114   0.274   0.273    21.1    20.3    19.2    16.1    14.3
94084 20170708  2.422 -102.17   48.97    29.7    11.3    20.5    21.7     0.9    23.94 C    48.4     8.8    26.0    91.5    36.5    62.7   0.107   0.104   0.112   0.272   0.271    21.1    20.3    19.2    16.2    14.5
94084 20170709  2.422 -102.17   48.97    27.5    14.9    21.2    21.9     0.0    26.55 C    43.9    12.6    26.2    90.0    40.0    64.7   0.106   0.103   0.110   0.270   0.271    21.8    20.8    19.6    16.4    14.6
94084 20170710  2.422 -102.17   48.97    31.3    13.0    22.2    22.3     4.0    23.28 C    44.4    11.0    25.8    91.9    39.3    68.0   0.103   0.102   0.109   0.268   0.269    21.4    20.6    19.6    16.5    14.8
94084 20170711  2.422 -102.17   48.97    25.0    14.0    19.5    19.8     3.3    13.86 C    36.9    14.8    21.2    94.0    63.1    78.3   0.109   0.103   0.109   0.266   0.268    20.7    20.3    19.5    16.6    15.0
94084 20170712  2.422 -102.17   48.97    23.0    10.3    16.7    16.9     0.0    24.88 C    40.0    10.1    21.2    94.4    43.4    71.7   0.111   0.105   0.109   0.265   0.266    20.1    19.7    18.9    16.6    15.0
94084 20170713  2.422 -102.17   48.97    24.5     8.3    16.4    17.2     0.0    28.05 C    39.4     6.5    21.6    97.1    40.2    68.5   0.110   0.105   0.108   0.264   0.266    19.3    19.1    18.4    16.5    15.0
94084 20170714  2.422 -102.17   48.97    33.7    13.2    23.5    23.3     0.0    25.92 C    47.9    12.0    26.2    91.1    25.1    58.4   0.110   0.106   0.108   0.260   0.264    20.6    19.8    18.8    16.4    15.0
94084 20170715  2.422 -102.17   48.97    26.0    10.9    18.4    19.1     0.0    27.69 C    44.6     9.8    25.0    95.9    42.0    71.2   0.109   0.105   0.108   0.258   0.263    21.0    20.3    19.3    16.5    15.1
94084 20170716  2.422 -102.17   48.97    32.5    13.5    23.0    22.1     0.0    20.69 C    43.7    12.7    24.8    91.0    40.2    70.0   0.106   0.104   0.107   0.255   0.262    20.8    20.1    19.3    16.6    15.2
94084 20170717  2.422 -102.17   48.97    25.4    11.0    18.2    20.1     0.0    22.32 C    39.5     8.9    23.0    87.8    26.3    55.3   0.102   0.103   0.107   0.254   0.259    20.9    20.3    19.5    16.7    15.2
94084 20170718  2.422 -102.17   48.97    25.3     7.6    16.5    17.5     0.0    25.19 C    41.9     5.9    22.1    93.2    34.5    62.7   0.097   0.100   0.105   0.252   0.259    20.0    19.5    18.8    16.7    15.3
94084 20170719  2.422 -102.17   48.97    28.3    13.6    21.0    20.2     0.0    20.90 C    43.7    12.6    23.6    91.7    35.7    70.7   0.095   0.099   0.105   0.250   0.258    20.7    20.0    19.1    16.6    15.3
94084 20170720  2.422 -102.17   48.97    26.4    11.2    18.8    19.7     0.4    14.73 C    41.8    10.0    21.0    92.5    50.5    72.9   0.091   0.098   0.104   0.249   0.257    20.0    19.6    19.0    16.7    15.3
94084 20170721  2.422 -102.17   48.97    29.4    12.5    21.0    20.7     4.9    17.33 C    41.5    11.7    22.4    91.9    42.5    73.5   0.093   0.099   0.104   0.250   0.257    20.4    19.7    18.9    16.7    15.4
94084 20170722  2.422 -102.17   48.97    24.7    11.6    18.2    18.0     0.0    24.17 C    35.6    10.2    20.2    90.6    43.0    69.8   0.096   0.100   0.104   0.248   0.255    19.7    19.4    18.8    16.7    15.4
94084 20170723  2.422 -102.17   48.97    28.0     7.5    17.7    19.3     0.0    26.30 C    44.4     6.7    23.9    96.9    39.2    67.0   0.098   0.100   0.104   0.246   0.254    19.7    19.2    18.4    16.6    15.4
94084 20170724  2.422 -102.17   48.97    33.5    11.8    22.7    23.5     0.0    22.61 C    47.8    10.5    25.8    86.6    30.6    55.5   0.100   0.101   0.105   0.242   0.252    21.1    20.3    19.2    16.7    15.4
94084 20170725  2.422 -102.17   48.97    26.8    10.4    18.6    18.7     0.0    25.91 C    38.7     9.8    21.6    89.1    34.3    61.0   0.095   0.100   0.104   0.239   0.250    20.4    19.9    19.2    16.8    15.5
94084 20170726  2.422 -102.17   48.97    27.1    10.0    18.5    19.2     0.0    26.54 C    47.1     8.5    24.8    93.5    33.3    64.4   0.092   0.099   0.103   0.236   0.248    20.7    20.0    19.1    16.8    15.5
94084 20170727  2.422 -102.17   48.97    26.1    10.5    18.3    19.6     0.0    18.93 C    39.0     8.9    22.5    91.9    49.8    71.5   0.087   0.097   0.102   0.233   0.247    20.3    19.9    19.2    16.9    15.5
94084 20170728  2.422 -102.17   48.97    31.7    12.9    22.3    22.9     0.0    24.92 C    46.0    11.8    26.8    94.9    30.4    62.1   0.088   0.097   0.102   0.229   0.245    21.4    20.5    19.4    16.9    15.6
94084 20170729  2.422 -102.17   48.97    30.6    14.4    22.5    21.9     0.0    18.03 C    47.9    13.5    25.0    93.9    48.3    71.5   0.085   0.096   0.101   0.225   0.243    21.8    21.1    20.1    17.1    15.7
94084 20170730  2.422 -102.17   48.97    32.8    13.2    23.0    23.3     0.0    25.46 C    46.6    11.8    27.2    98.2    28.7    65.5   0.083   0.095   0.101   0.221   0.242    22.0    21.1    20.1    17.3    15.9
94084 20170731  2.422 -102.17   48.97    30.9    12.2    21.5    23.4     0.0    24.23 C    42.6    10.4    26.1    83.7    25.7    56.8   0.081   0.094   0.100   0.214   0.239    22.5    21.7    20.6    17.5    16.0
94084 20170801  2.422 -102.17   48.97    25.5     9.8    17.7    17.6     0.0    15.25 C    41.3     8.3    20.7    90.7    37.5    68.4   0.074   0.093   0.100   0.210   0.237    20.5    20.3    19.9    17.6    16.1
94084 20170802  2.422 -102.17   48.97    16.4     7.6    12.0    13.9     7.4     8.29 C    20.5     6.7    14.9    96.2    76.5    89.7   0.070   0.091   0.099   0.211   0.238    18.7    19.0    18.9    17.4    16.1
94084 20170803  2.422 -102.17   48.97    23.8     5.0    14.4    14.5     0.0    21.52 C    38.0     4.1    17.3    97.5    33.7    70.1   0.074   0.091   0.097   0.215   0.238    17.4    17.5    17.4    16.9    16.0
94084 20170804  2.422 -102.17   48.97    25.5     6.7    16.1    17.2     0.0    20.76 C    43.1     5.4    20.4    96.1    31.1    63.0   0.078   0.092   0.098   0.214   0.236    17.9    17.7    17.4    16.5    15.7
94084 20170805  2.422 -102.17   48.97    23.3    11.2    17.2    15.7     4.0    10.34 C    37.1    10.7    17.3    94.9    42.7    79.8   0.082   0.095   0.098   0.214   0.235    17.9    18.0    17.6    16.4    15.6
94084 20170806  2.422 -102.17   48.97    24.1     9.1    16.6    16.6     0.0    22.09 C    40.2     7.1    19.7    95.1    34.3    67.1   0.086   0.098   0.098   0.214   0.235    17.8    17.7    17.2    16.2    15.5
94084 20170807  2.422 -102.17   48.97    26.9     8.7    17.8    18.2     0.0    23.60 C    43.2     6.7    21.1    91.0    28.2    59.8   0.091   0.101   0.099   0.212   0.233    18.2    17.9    17.4    16.1    15.4
94084 20170808  2.422 -102.17   48.97    27.6     8.4    18.0    18.3     4.2    14.28 C    43.3     7.3    19.7    92.6    33.1    67.2   0.094   0.102   0.099   0.209   0.232    18.3    18.1    17.6    16.2    15.3
94084 20170809  2.422 -102.17   48.97    18.4     9.6    14.0    14.9     1.8    10.58 C    25.6     8.6    16.3    94.8    75.4    88.6   0.096   0.102   0.100   0.211   0.233    17.9    17.9    17.5    16.2    15.3
94084 20170810  2.422 -102.17   48.97    23.6     6.6    15.1    15.5     0.0    23.37 C    39.5     5.9    18.9    97.0    34.5    69.5   0.097   0.101   0.099   0.213   0.232    17.4    17.4    17.0    16.0    15.3
94084 20170811  2.422 -102.17   48.97    25.5     8.2    16.9    18.0     0.0    22.05 C    41.0     7.5    20.9    89.8    31.5    61.7   0.102   0.103   0.099   0.210   0.231    17.9    17.7    17.2    16.0    15.2
94084 20170812  2.422 -102.17   48.97    21.3    10.6    15.9    16.6     0.0    15.51 C    32.6    10.5    19.2    95.5    50.8    75.4   0.104   0.103   0.100   0.207   0.231    18.1    17.9    17.5    16.0    15.2
94084 20170813  2.422 -102.17   48.97    25.1     7.2    16.1    17.1     0.0    24.04 C    40.3     5.7    20.7    97.8    37.5    69.6   0.104   0.103   0.100   0.206   0.229    18.1    17.9    17.3    16.0    15.2
94084 20170814  2.422 -102.17   48.97    26.1     7.0    16.5    17.6     0.0    17.93 C    40.1     5.8    19.7    97.6    35.8    69.0   0.101   0.102   0.099   0.202   0.227    17.8    17.7    17.3    16.0    15.2
94084 20170815  2.422 -102.17   48.97    22.4    12.0    17.2    17.6     1.2    10.06 C    34.3    10.9    19.2    97.5    61.7    84.2   0.101   0.102   0.100   0.202   0.227    18.3    18.1    17.5    16.0    15.2
94084 20170816  2.422 -102.17   48.97    26.2     9.2    17.7    17.6     0.0    22.10 C    41.2     8.3    21.3    97.5    29.3    66.5   0.100   0.102   0.099   0.201   0.226    18.4    18.1    17.5    16.0    15.2
94084 20170817  2.422 -102.17   48.97    28.1    10.3    19.2    19.6     0.4    19.04 C    38.6     8.7    21.8    90.2    32.5    63.8   0.098   0.101   0.100   0.199   0.224    18.7    18.3    17.7    16.1    15.2
94084 20170818  2.422 -102.17   48.97    27.8     8.8    18.3    18.8     0.0    22.24 C    40.4     7.2    21.3    94.5    24.8    60.3   0.095   0.100   0.099   0.197   0.221    19.0    18.6    17.9    16.1    15.3
94084 20170819  2.422 -102.17   48.97    31.0    13.6    22.3    21.4     0.0    20.41 C    40.5    11.5    22.9    77.8    22.3    48.4   0.091   0.098   0.099   0.195   0.219    19.2    18.8    18.0    16.2    15.3
94084 20170820  2.422 -102.17   48.97    24.5     4.0    14.3    15.3     0.0    20.69 C    40.8     2.9    19.2    87.6    18.6    51.0   0.082   0.095   0.097   0.193   0.216    18.1    18.0    17.6    16.3    15.3
94084 20170821  2.422 -102.17   48.97    23.0     6.9    14.9    16.7     0.0    18.30 C    34.9     3.8    17.8    74.6    22.6    50.0   0.079   0.094   0.097   0.192   0.215    17.9    17.9    17.5    16.2    15.3
94084 20170822  2.422 -102.17   48.97    25.1     3.3    14.2    15.0     0.0    22.17 C    40.2     1.9    18.2    85.2    23.6    51.7   0.075   0.092   0.096   0.190   0.213    17.1    17.0    16.7    16.0    15.2
94084 20170823  2.422 -102.17   48.97    30.2     5.7    17.9    17.8     0.0    20.61 C    45.1     4.0    21.0    92.1    23.2    58.8   0.074   0.091   0.096   0.189   0.212    18.1    17.7    17.1    15.9    15.1
94084 20170824  2.422 -102.17   48.97    28.6     8.8    18.7    17.4     0.0    16.30 C    39.0     8.3    20.1    96.4    39.2    73.1   0.072   0.091   0.096   0.189   0.210    18.3    18.0    17.4    15.9    15.1
94084 20170825  2.422 -102.17   48.97    25.0    13.1    19.1    18.3     0.0    13.31 C    39.4    11.9    20.1    94.8    49.2    76.9   0.071   0.092   0.096   0.189   0.208    18.8    18.4    17.8    16.0    15.2
94084 20170826  2.422 -102.17   48.97    26.5     8.6    17.5    16.8     0.0    17.57 C    43.2     6.8    20.5    97.7    44.7    79.8   0.072   0.091   0.095   0.187   0.207    18.7    18.3    17.7    16.1    15.2
94084 20170827  2.422 -102.17   48.97    31.5     7.8    19.6    19.8     0.0    20.73 C    46.1     5.7    21.6    96.1    17.8    56.3   0.071   0.089   0.095   0.186   0.208    18.6    18.3    17.7    16.1    15.3
94084 20170828  2.422 -102.17   48.97    31.8     8.2    20.0    20.1     0.0    20.65 C    46.9     6.3    22.7    87.7    20.0    53.5   0.071   0.088   0.095   0.185   0.205    19.1    18.6    17.9    16.1    15.3
94084 20170829  2.422 -102.17   48.97    32.0    11.5    21.7    21.4     0.0    19.56 C    44.9     8.0    23.3    82.3    22.8    51.7   0.070   0.087   0.095   0.184   0.203    19.5    19.0    18.2    16.3    15.3
94084 20170830  2.422 -102.17   48.97    25.8    10.7    18.2    18.5     0.0    17.21 C    35.7     9.2    20.1    79.8    27.7    49.0   0.069   0.086   0.094   0.183   0.201    19.0    18.8    18.2    16.4    15.4
94084 20170831  2.422 -102.17   48.97    31.4    11.7    21.6    21.5     3.4    15.90 C    37.9    10.5    22.4    87.6    31.9    61.0   0.069   0.084   0.094   0.182   0.201    19.2    18.6    18.0    16.4    15.4
94084 20170901  2.422 -102.17   48.97    26.8    12.4    19.6    19.5     2.4    16.20 C    30.9     8.7    19.0    92.2    20.9    57.9   0.070   0.087   0.094   0.182   0.200    19.0    18.9    18.3    16.4    15.5
94084 20170902  2.422 -102.17   48.97    28.6     7.4    18.0    18.4     0.0    19.13 C    36.4     6.9    19.2    87.1    19.2    50.0   0.071   0.087   0.093   0.183   0.200    17.8    17.8    17.4    16.4    15.5
94084 20170903  2.422 -102.17   48.97    28.7    12.7    20.7    19.6     0.0    17.74 C    36.6    10.4    20.3    70.2    23.3    47.1   0.074   0.089   0.094   0.182   0.200    17.9    17.8    17.4    16.2    15.4
94084 20170904  2.422 -102.17   48.97    21.8     6.8    14.3    14.3     0.0    17.96 C    30.7     5.5    15.2    83.6    25.5    55.2   0.072   0.089   0.093   0.181   0.198    16.7    17.0    16.9    16.1    15.4
94084 20170905  2.422 -102.17   48.97    20.4     3.4    11.9    11.9     0.0    19.75 C    31.9     2.8    14.0    88.4    25.8    56.0   0.072   0.086   0.092   0.181   0.198    15.5    15.8    15.9    15.8    15.2
94084 20170906  2.422 -102.17   48.97    25.4     3.1    14.2    14.5     0.0    18.94 C    39.0     1.5    16.5    86.5    15.8    49.4   0.072   0.086   0.092   0.180   0.198    15.7    15.8    15.6    15.5    15.0
94084 20170907  2.422 -102.17   48.97    27.0     4.5    15.7    16.0     0.0    18.32 C    40.4     2.3    17.5    80.6    23.6    51.8   0.072   0.087   0.092   0.180   0.197    16.3    16.1    15.8    15.3    14.8
94084 20170908  2.422 -102.17   48.97    25.0     5.7    15.3    14.8     0.0    17.34 C    34.0     4.5    16.3    94.9    32.0    64.4   0.070   0.088   0.092   0.179   0.198    16.4    16.3    16.0    15.3    14.8
94084 20170909  2.422 -102.17   48.97    31.8     7.9    19.8    19.8     0.0    17.64 C    40.1     6.1    21.1    94.9    25.6    60.8   0.071   0.087   0.092   0.179   0.196    17.2    16.7    16.2    15.3    14.7
94084 20170910  2.422 -102.17   48.97    30.6     8.5    19.5    20.5     0.0    13.53 C    37.6     5.9    20.8    89.1    19.9    53.7   0.071   0.090   0.094   0.178   0.196    18.7    18.1    17.3    15.5    14.8
94084 20170911  2.422 -102.17   48.97    28.4     4.2    16.3    17.7     0.0    16.19 C    37.8     3.1    18.3    84.9    18.9    45.9   0.069   0.087   0.093   0.179   0.195    17.2    17.1    16.7    15.6    14.9
94084 20170912  2.422 -102.17   48.97    28.4     9.5    18.9    18.5     0.0    10.94 C    33.7     6.8    17.4    75.7    16.6    46.6   0.068   0.085   0.092   0.179   0.196    17.3    17.1    16.8    15.6    14.9
94084 20170913  2.422 -102.17   48.97    19.9     5.5    12.7    13.8     0.0     6.82 C    27.6     4.1    13.6    92.2    47.4    67.1   0.067   0.079   0.091   0.179   0.196    15.4    15.8    15.8    15.5    14.9
94084 20170914  2.422 -102.17   48.97    12.4     9.4    10.9    10.5     2.0     1.82 C    14.9     7.5    10.5    93.2    72.6    85.0   0.065   0.074   0.090   0.179   0.197    14.0    14.7    15.0    15.2    14.7
94084 20170915  2.422 -102.17   48.97     9.5     5.4     7.5     7.9    22.2     1.60 C    10.7     5.7     8.3    94.2    80.3    90.0   0.123   0.083   0.089   0.178   0.197    12.0    13.0    13.7    14.7    14.5
94084 20170916  2.422 -102.17   48.97     8.9     5.1     7.0     6.7     7.7     2.07 C    10.3     5.5     7.1    94.0    72.6    88.3   0.258   0.223   0.088   0.177   0.197    10.1    11.0    11.8    13.9    14.2
94084 20170917  2.422 -102.17   48.97    16.4     1.9     9.2     8.3     0.0    12.37 C    22.8     1.2     9.1    94.6    41.9    76.5   0.264   0.255   0.091   0.177   0.197    10.5    10.9    11.3    13.2    13.7
94084 20170918  2.422 -102.17   48.97    22.0     2.2    12.1    12.6     0.0    16.13 C    30.7     1.4    13.1    96.3    34.4    69.9   0.249   0.242   0.113   0.176   0.197    11.8    11.9    11.9    12.9    13.3
94084 20170919  2.422 -102.17   48.97    17.4     9.5    13.4    13.5     3.1     3.43 C    18.2     9.3    12.9    94.3    58.8    79.7   0.242   0.234   0.127   0.177   0.198    12.9    13.0    12.9    13.0    13.2
94084 20170920  2.422 -102.17   48.97    18.9     3.6    11.2    10.8     0.0    14.90 C    24.2     1.9    10.8    90.0    26.0    64.0   0.255   0.247   0.137   0.178   0.198    12.3    12.6    12.7    13.1    13.2
94084 20170921  2.422 -102.17   48.97    18.6     3.6    11.1    11.0     0.0     6.93 C    29.1     2.1    10.8    84.6    35.8    62.1   0.245   0.239   0.143   0.177   0.198    11.6    12.0    12.1    12.9    13.1
94084 20170922  2.422 -102.17   48.97     9.7     4.8     7.2     7.6     1.9     1.95 C    13.0     3.8     7.7    92.8    65.0    83.7   0.242   0.235   0.146   0.177   0.197    10.6    11.3    11.6    12.7    12.9
94084 20170923  2.422 -102.17   48.97    10.9     4.8     7.9     8.0     0.7     5.31 C    18.7     5.4     9.0    95.9    62.7    82.6   0.243   0.236   0.149   0.177   0.198    10.6    11.0    11.2    12.4    12.7
94084 20170924  2.422 -102.17   48.97     9.6     6.3     8.0     7.7     5.1     2.83 C    12.9     6.8     8.4    94.5    75.5    88.5   0.271   0.263   0.159   0.177   0.199    10.3    10.8    11.0    12.1    12.5
94084 20170925  2.422 -102.17   48.97    12.7     3.2     7.9     8.5     0.0     6.52 C    19.4     1.5     9.6    93.3    52.6    80.2   0.268   0.261   0.185   0.177   0.200    10.5    10.8    10.9    11.9    12.3
94084 20170926  2.422 -102.17   48.97    12.4     4.4     8.4     8.5     0.0     6.40 C    21.4     4.0     9.9    94.1    57.4    81.8   0.260   0.253   0.191   0.177   0.199    10.9    11.2    11.2    11.8    12.2
94084 20170927  2.422 -102.17   48.97    20.9     3.2    12.0    12.0     0.0    13.46 C    27.0     1.7    11.6    91.0    28.8    64.0   0.253   0.245   0.192   0.177   0.200    11.2    11.3    11.3    11.8    12.1
94084 20170928  2.422 -102.17   48.97    20.4     6.5    13.4    13.3     0.0    14.64 C    28.8     5.5    13.7    91.4    31.3    62.0   0.247   0.239   0.191   0.177   0.201    12.5    12.4    12.1    11.9    12.1
94084 20170929  2.422 -102.17   48.97    19.7     3.9    11.8    11.2     0.0    14.37 C    24.9     3.3    11.4    94.4    37.8    68.8   0.238   0.231   0.190   0.178   0.201    11.8    12.1    12.1    12.1    12.1
94084 20170930  2.422 -102.17   48.97    21.0     6.1    13.5    13.0     0.0    10.91 C    24.2     5.1    12.6    95.5    52.6    74.6   0.232   0.225   0.187   0.178   0.203    11.9    12.0    11.9    12.1    12.1
94084 20171001  2.422 -102.17   48.97    16.7     4.8    10.8    11.0     2.9     5.61 C    22.0     4.4    11.2    96.8    61.2    85.3   0.234   0.223   0.186   0.179   0.202    12.1    12.3    12.2    12.1    12.1
94084 20171002  2.422 -102.17   48.97    11.1    -0.7     5.2     6.6     0.0    10.44 C    17.3    -1.3     7.2    91.9    45.5    72.9   0.241   0.230   0.185   0.179   0.202    10.8    11.4    11.6    12.1    12.1
94084 20171003  2.422 -102.17   48.97     6.4    -3.0     1.7     3.2     0.0     3.89 C    14.6    -3.7     4.4    92.3    65.3    79.8   0.234   0.225   0.184   0.178   0.203     8.3     9.2     9.8    11.7    12.0
94084 20171004  2.422 -102.17   48.97    13.0    -2.0     5.5     5.1     0.0     9.45 C    16.7    -3.0     5.7    89.7    40.8    74.4   0.230   0.222   0.184   0.177   0.203     8.5     9.0     9.4    11.1    11.6
94084 20171005  2.422 -102.17   48.97    13.8    -4.6     4.6     4.0     0.0    13.34 C    21.6    -4.8     4.9    91.4    39.8    71.4   0.226   0.218   0.182   0.177   0.202     7.7     8.3     8.7    10.7    11.4
94084 20171006  2.422 -102.17   48.97    19.4    -1.8     8.8     8.9     0.0    13.20 C    22.6    -2.4     8.0    89.7    33.3    63.1   0.223   0.214   0.181   0.177   0.203     8.1     8.5     8.8    10.4    11.1
94084 20171007  2.422 -102.17   48.97    19.0     4.5    11.8    11.7     0.0    11.33 C    23.0     2.6    10.5    60.9    29.2    47.4   0.219   0.212   0.180   0.177   0.202     9.3     9.5     9.5    10.3    10.9
94084 20171008  2.422 -102.17   48.97    10.8    -1.8     4.5     5.0     0.0    10.70 C    17.4    -2.9     4.9    83.8    42.6    60.9   0.213   0.207   0.178   0.178   0.202     8.0     8.7     9.1    10.3    10.9
94084 20171009  2.422 -102.17   48.97     9.7     0.9     5.3     4.0     0.0    11.34 C    15.2    -1.6     4.6    73.8    34.9    53.4   0.208   0.203   0.175   0.177   0.202     7.1     7.7     8.2    10.0    10.7
94084 20171010  2.422 -102.17   48.97    19.1    -0.5     9.3     8.2     0.0    11.89 C    23.2    -2.0     7.2    79.7    23.4    53.1   0.205   0.200   0.174   0.177   0.202     7.2     7.6     7.9     9.7    10.4
94084 20171011  2.422 -102.17   48.97    15.5    -1.3     7.1     6.8     0.0    10.53 C    22.4    -2.6     5.8    86.9    35.8    58.8   0.201   0.197   0.172   0.178   0.203     7.5     8.0     8.2     9.6    10.3
94084 20171012  2.422 -102.17   48.97     8.2    -2.8     2.7     3.1     0.0     5.03 C    10.6    -3.8     2.7    90.8    50.6    74.1   0.198   0.194   0.170   0.179   0.202     6.4     7.2     7.7     9.5    10.1
94084 20171013  2.422 -102.17   48.97     6.4    -5.4     0.5     1.0     5.6     5.77 C    14.5    -6.3     1.9    96.4    52.5    80.9   0.204   0.191   0.169   0.180   0.203     5.1     5.9     6.6     9.1     9.9
94084 20171014  2.422 -102.17   48.97     7.5    -3.6     1.9     2.1     0.0    10.39 C    14.5    -2.9     3.1    97.4    46.2    77.0   0.230   0.206   0.168   0.181   0.202     5.8     6.3     6.7     8.7     9.6
94084 20171015  2.422 -102.17   48.97    12.0     0.4     6.2     5.5     0.0    11.37 C    13.7    -2.2     4.5    80.7    36.9    61.8   0.224   0.208   0.169   0.181   0.203     5.8     6.3     6.6     8.6     9.5
94084 20171016  2.422 -102.17   48.97    18.1     1.2     9.7     9.5     0.0    10.87 C    20.6    -0.4     7.3    79.9    31.0    54.6   0.220   0.207   0.169   0.182   0.202     6.4     6.7     6.8     8.4     9.3
94084 20171017  2.422 -102.17   48.97    22.8     5.2    14.0    13.9     0.0    10.88 C    23.0     2.8    11.0    69.3    18.5    39.1   0.216   0.204   0.169   0.183   0.203     7.6     7.7     7.6     8.5     9.2
94084 20171018  2.422 -102.17   48.97    18.4    -1.7     8.3     7.7     0.0    11.13 C    14.5    -2.9     6.3    75.3    17.6    41.3   0.211   0.202   0.169   0.185   0.203     7.3     7.8     8.0     8.8     9.3
94084 20171019  2.422 -102.17   48.97    25.5    -2.2    11.6    11.0     0.0     9.44 C    26.6    -2.6     8.3    80.3    17.3    49.7   0.206   0.198   0.167   0.186   0.203     7.0     7.2     7.4     8.7     9.3
94084 20171020  2.422 -102.17   48.97    23.9     0.8    12.3    10.3     0.0     9.96 C    25.0    -1.4     8.2    90.5    26.3    59.3   0.202   0.196   0.167   0.186   0.203     7.7     8.0     7.9     8.7     9.2
94084 20171021  2.422 -102.17   48.97    12.5     2.9     7.7     7.7     0.0     2.30 C    11.4     0.7     6.7    85.3    45.1    67.9   0.198   0.194   0.166   0.187   0.203     7.5     7.9     8.1     8.8     9.2
94084 20171022  2.422 -102.17   48.97    11.3    -2.0     4.6     5.6     1.2     3.95 C    11.6    -3.3     4.1    85.5    42.7    69.9   0.195   0.191   0.165   0.188   0.204     6.1     6.8     7.2     8.7     9.2
94084 20171023  2.422 -102.17   48.97    10.5    -0.5     5.0     5.2     0.0     5.88 C    12.1    -2.8     4.4    86.6    46.1    71.0   0.195   0.189   0.164   0.187   0.203     6.2     6.7     7.1     8.5     9.0
94084 20171024  2.422 -102.17   48.97    15.0    -5.4     4.8     5.5     0.0     8.60 C    17.0    -5.7     4.3    91.6    26.4    62.5   0.194   0.188   0.161   0.187   0.202     5.2     5.8     6.3     8.2     8.9
94084 20171025  2.422 -102.17   48.97    15.6    -1.1     7.3     7.1     0.0     5.37 C    17.1    -3.2     5.9    89.1    40.0    64.6   0.192   0.187   0.161   0.188   0.202     5.9     6.3     6.5     8.0     8.8
94084 20171026  2.422 -102.17   48.97     4.9   -12.2    -3.7    -2.2     0.0     4.04 C     4.7   -13.3    -2.1    90.3    47.8    71.7   0.189   0.185   0.160   0.188   0.203     4.4     5.5     6.2     7.9     8.7
94084 20171027  2.422 -102.17   48.97     6.8   -14.4    -3.8    -4.4     0.0     8.78 C    10.3   -14.8    -4.2    91.8    24.8    69.2   0.186   0.183   0.157   0.188   0.203     1.8     3.0     4.1     7.4     8.5
94084 20171028  2.422 -102.17   48.97    12.3    -9.3     1.5     2.8     0.0     7.19 C    14.4   -10.0     2.5    90.4    36.7    66.0   0.185   0.181   0.156   0.187   0.202     2.5     3.1     3.6     6.7     8.0
94084 20171029  2.422 -102.17   48.97    11.4    -2.1     4.6     4.2     0.0     3.95 C    10.2    -2.3     3.8    81.7    42.5    61.1   0.187   0.184   0.157   0.187   0.202     4.4     4.8     5.0     6.6     7.8
94084 20171030  2.422 -102.17   48.97    -0.8    -8.8    -4.8    -4.5     0.0     5.43 C     5.5   -10.0    -4.0    84.6    50.8    69.6   0.183   0.181   0.155   0.187   0.203     2.2     3.3     4.1     6.6     7.7
94084 20171031  2.422 -102.17   48.97     2.9   -10.1    -3.6    -3.2     0.0     7.22 C     8.0    -9.7    -2.5    89.8    42.7    68.1   0.184   0.179   0.154   0.187   0.202     1.2     2.2     3.0     6.1     7.4
94084 20171101  2.422 -102.17   48.97    -2.7    -6.2    -4.5    -3.9     1.2     2.72 C    -1.6    -7.1    -3.7    90.8    74.4    86.3   0.181   0.179   0.153   0.186   0.202     1.2     2.0     2.8     5.7     7.1
94084 20171102  2.422 -102.17   48.97    -2.0    -7.3    -4.6    -4.0     0.3     2.49 C    -0.6   -10.3    -4.3    93.9    83.6    89.4   0.181   0.178   0.152   0.186   0.202     1.7     2.4     2.9     5.5     6.9
94084 20171103  2.422 -102.17   48.97    -4.1    -5.7    -4.9    -4.7     0.0     2.69 C    -3.2    -6.3    -4.6    88.9    80.7    85.3   0.179   0.178   0.152   0.187   0.203     1.2     2.0     2.7     5.4     6.7
94084 20171104  2.422 -102.17   48.97    -2.4    -7.8    -5.1    -4.5     3.9     3.57 C    -2.1    -7.8    -4.6    93.4    77.7    86.0   0.179   0.177   0.152   0.187   0.201     1.2     1.9     2.4     5.1     6.5
94084 20171105  2.422 -102.17   48.97    -7.8   -17.5   -12.7   -11.1     0.0     6.72 C    -7.8   -22.5   -12.5    85.3    69.6    79.3   0.182   0.177   0.151   0.188   0.200     1.1     1.9     2.5     5.0     6.3
94084 20171106  2.422 -102.17   48.97    -8.0   -18.5   -13.2   -14.1     0.0     7.01 C    -8.6   -23.0   -16.3    86.1    69.7    80.7   0.184   0.175   0.150   0.186   0.201     0.4     1.3     2.1     4.8     6.1
94084 20171107  2.422 -102.17   48.97    -5.3   -17.8   -11.6   -12.1     0.0     7.61 C    -6.0   -21.5   -14.6    85.0    64.4    78.4 -99.000   0.175   0.149   0.187   0.201     0.0     0.9     1.7     4.5     5.9
94084 20171108  2.422 -102.17   48.97    -9.6   -22.1   -15.8   -13.6     1.7     3.36 C    -8.6   -26.0   -14.2    86.8    72.6    83.1 -99.000   0.168   0.149   0.186   0.202    -0.2     0.7     1.4     4.3     5.7
94084 20171109  2.422 -102.17   48.97   -10.8   -22.1   -16.5   -15.7     0.0     7.33 C   -10.7   -24.5   -16.9    87.3    68.4    80.1 -99.000   0.180   0.149   0.186   0.201    -0.3     0.5     1.2     4.1     5.5
94084 20171110  2.422 -102.17   48.97    -0.7   -11.3    -6.0    -6.4     0.2     4.52 C    -1.4   -11.2    -6.8    88.4    70.0    77.8 -99.000   0.184   0.148   0.186   0.200    -0.3     0.4     1.0     3.9     5.3
94084 20171111  2.422 -102.17   48.97    -4.4   -15.9   -10.2    -9.3     0.0     6.46 C    -5.0   -20.5   -11.2    88.1    75.4    83.0 -99.000   0.167   0.148   0.187   0.201    -0.1     0.5     1.1     3.7     5.1
94084 20171112  2.422 -102.17   48.97    -3.2   -18.8   -11.0    -9.2     0.0     6.39 C    -3.3   -21.7   -11.0    95.7    75.0    86.1 -99.000   0.171   0.147   0.185   0.200    -0.2     0.5     1.1     3.6     5.0
94084 20171113  2.422 -102.17   48.97     0.8    -9.2    -4.2    -4.5     0.0     6.83 C    -0.7   -10.3    -5.5    95.9    85.7    92.6 -99.000   0.166   0.147   0.185   0.200     0.0     0.6     1.1     3.5     4.9
94084 20171114  2.422 -102.17   48.97     4.5    -8.7    -2.1    -1.7     0.0     5.26 C     1.2   -10.9    -4.4    91.6    61.7    77.4 -99.000   0.171   0.146   0.185   0.199     0.1     0.7     1.2     3.5     4.8
94084 20171115  2.422 -102.17   48.97    -7.8   -16.0   -11.9   -11.2     0.0     5.69 C    -4.6   -15.9    -9.8    87.1    69.6    80.0 -99.000   0.177   0.147   0.186   0.198    -0.1     0.6     1.1     3.4     4.7
94084 20171116  2.422 -102.17   48.97     1.7    -9.6    -4.0    -5.8     0.0     1.17 C    -1.0    -9.0    -6.2    91.8    71.5    85.8 -99.000 -99.000   0.147   0.187   0.199    -0.5     0.2     0.8     3.3     4.6
94084 20171117  2.422 -102.17   48.97    -4.7   -14.7    -9.7   -10.4     0.0     6.12 C    -5.0   -15.4   -10.8    85.4    65.5    78.1 -99.000 -99.000   0.146   0.187   0.200    -0.7     0.0     0.7     3.2     4.5
94084 20171118  2.422 -102.17   48.97    -6.1   -14.4   -10.2   -10.9     0.0     5.27 C    -6.0   -16.2   -12.3    86.0    65.3    77.9 -99.000 -99.000 -99.000   0.186   0.199    -1.2    -0.3     0.4     3.0     4.4
94084 20171119  2.422 -102.17   48.97     3.0   -11.0    -4.0    -2.0     0.0     5.26 C     1.4   -14.3    -4.6    85.5    60.0    73.1 -99.000 -99.000 -99.000   0.186   0.199    -1.1    -0.5     0.1     2.8     4.2
94084 20171120  2.422 -102.17   48.97     4.9   -13.8    -4.4    -2.3     0.0     4.34 C     1.9   -13.7    -4.0    77.0    52.3    66.1 -99.000 -99.000 -99.000   0.186   0.200    -0.7    -0.3     0.2     2.6     4.1
94084 20171121  2.422 -102.17   48.97   -12.0   -18.1   -15.1   -14.9     0.0     4.55 C    -7.9   -18.0   -13.6    81.7    64.8    76.4 -99.000 -99.000 -99.000   0.186   0.198    -2.4    -1.0     0.0     2.6     3.9
94084 20171122  2.422 -102.17   48.97     1.3   -15.3    -7.0    -5.4     0.0     5.05 C     2.7   -14.6    -5.2    95.4    60.8    75.5 -99.000 -99.000 -99.000   0.186   0.200    -2.2    -1.5    -0.6     2.3     3.8
94084 20171123  2.422 -102.17   48.97    15.7    -8.0     3.8     3.6     0.0     5.25 C    10.7    -8.5     0.4    94.0    47.4    73.6 -99.000 -99.000 -99.000   0.186   0.200    -1.3    -0.9    -0.5     2.1     3.6
94084 20171124  2.422 -102.17   48.97     8.1    -3.8     2.1     3.2     0.0     5.46 C     6.8    -5.4     1.3    91.0    55.3    78.2 -99.000 -99.000 -99.000   0.185   0.199    -0.4    -0.4    -0.2     2.1     3.5
94084 20171125  2.422 -102.17   48.97     8.1    -8.6    -0.3    -0.6     0.0     4.75 C     7.4    -8.0    -2.2    94.1    49.2    79.0 -99.000 -99.000 -99.000   0.186   0.199    -0.4    -0.3    -0.1     2.1     3.5
94084 20171126  2.422 -102.17   48.97     3.1    -2.3     0.4     0.2     0.0     2.65 C     5.6    -4.0    -0.4    93.8    69.3    81.5 -99.000 -99.000 -99.000   0.187   0.199    -0.4    -0.2     0.1     2.1     3.4
94084 20171127  2.422 -102.17   48.97    11.5    -0.9     5.3     3.5     0.0     1.65 C    10.4    -1.8     1.8    92.8    44.3    71.8 -99.000 -99.000 -99.000   0.187   0.199    -0.4    -0.1     0.2     2.2     3.4
94084 20171128  2.422 -102.17   48.97     5.3    -4.6     0.4     0.5     0.0     5.41 C     4.0    -6.5    -1.5    72.8    35.0    52.6 -99.000 -99.000 -99.000   0.187   0.199    -0.4     0.0     0.3     2.2     3.4
94084 20171129  2.422 -102.17   48.97     5.5    -1.8     1.9     1.3     0.7     0.92 C     4.9    -4.0    -0.4    94.3    45.7    68.1 -99.000 -99.000 -99.000   0.187   0.199    -0.4     0.0     0.4     2.3     3.4
94084 20171130  2.422 -102.17   48.97     4.4    -6.6    -1.1    -0.9     0.0     4.07 C     3.7    -7.9    -2.5    85.6    56.4    72.7 -99.000 -99.000 -99.000   0.187   0.199    -0.4     0.0     0.4     2.2     3.4
94084 20171201  2.422 -102.17   48.97     2.4    -9.1    -3.3    -2.5     0.0     2.82 C     3.3   -10.0    -3.7    92.1    62.8    79.9 -99.000 -99.000 -99.000   0.186   0.198    -0.5     0.0     0.4     2.2     3.3
94084 20171202  2.422 -102.17   48.97     8.5    -9.4    -0.4    -0.4     0.0     4.37 C     6.2   -10.1    -2.9    88.4    40.3    69.8 -99.000 -99.000 -99.000   0.187   0.198    -0.8    -0.2     0.2     2.2     3.3
94084 20171203  2.422 -102.17   48.97     0.2    -9.1    -4.4    -2.8     0.0     1.05 C     2.1    -9.8    -3.3    88.5    74.3    82.9 -99.000 -99.000 -99.000   0.187   0.199    -0.9    -0.3     0.2     2.1     3.3
94084 20171204  2.422 -102.17   48.97    -1.1   -13.3    -7.2    -7.1     0.5     4.72 C    -1.3   -15.6    -7.6    93.5    73.1    81.8 -99.000 -99.000 -99.000   0.186   0.199    -0.9    -0.4     0.1     2.1     3.2
94084 20171205  2.422 -102.17   48.97    -7.7   -14.8   -11.2   -10.4     0.5     2.70 C    -5.7   -16.6   -10.5    86.4    73.5    80.5 -99.000 -99.000 -99.000   0.187   0.200    -1.6    -0.7    -0.1     2.0     3.1
94084 20171206  2.422 -102.17   48.97    -9.1   -18.4   -13.7   -14.6     0.4     4.89 C    -9.4   -20.7   -15.7    86.9    70.3    78.2 -99.000 -99.000 -99.000   0.187   0.200    -2.0    -1.1    -0.4     1.9     3.0
94084 20171207  2.422 -102.17   48.97    -2.2   -14.0    -8.1    -6.0     0.2     3.55 C    -2.2   -13.1    -6.9    89.5    74.6    82.9 -99.000 -99.000 -99.000   0.187   0.199    -2.0    -1.4    -0.7     1.7     3.0
94084 20171208  2.422 -102.17   48.97    -0.1    -9.0    -4.6    -4.0     0.0     2.69 C    -0.7   -10.7    -5.5    88.0    71.5    80.6 -99.000 -99.000 -99.000   0.187   0.198    -1.9    -1.4    -0.8     1.6     2.8
94084 20171209  2.422 -102.17   48.97     3.8   -12.3    -4.3    -3.3     0.0     4.55 C     0.7   -15.1    -5.7    91.7    55.6    74.4 -99.000 -99.000 -99.000   0.187   0.198    -1.9    -1.4    -0.8     1.5     2.7
94084 20171210  2.422 -102.17   48.97     5.1    -4.1     0.5     1.3     0.0     2.55 C     5.0    -6.3    -0.5    81.7    54.0    68.1 -99.000 -99.000 -99.000   0.186   0.199    -1.3    -1.0    -0.7     1.4     2.6
94084 20171211  2.422 -102.17   48.97     3.7    -5.0    -0.7    -0.2     0.0     3.35 C     3.8    -7.0    -0.7    89.5    59.8    76.6 -99.000 -99.000 -99.000   0.186   0.199    -0.7    -0.5    -0.4     1.4     2.6
94084 20171212  2.422 -102.17   48.97     8.9    -3.1     2.9     2.5     0.0     3.77 C     7.0    -4.7     0.5    89.7    36.9    63.7 -99.000 -99.000 -99.000   0.187   0.199    -0.9    -0.6    -0.3     1.4     2.6
94084 20171213  2.422 -102.17   48.97     3.1    -5.2    -1.0    -0.2     0.0     0.42 C     1.6    -6.2    -1.1    91.4    68.0    79.1 -99.000 -99.000 -99.000   0.187   0.199    -0.6    -0.4    -0.3     1.5     2.6
94084 20171214  2.422 -102.17   48.97     0.5    -3.2    -1.4    -1.1     0.0     1.30 C     0.7    -4.4    -1.4    88.9    69.1    78.8 -99.000 -99.000 -99.000   0.187   0.199    -0.8    -0.5    -0.2     1.5     2.5
94084 20171215  2.422 -102.17   48.97     4.7    -3.6     0.6     0.8     0.0     1.00 C     3.4    -4.1     0.2    86.0    56.4    73.8 -99.000 -99.000 -99.000   0.187   0.200    -0.7    -0.5    -0.2     1.5     2.6
94084 20171216  2.422 -102.17   48.97     3.1    -6.2    -1.6    -0.8     0.0     4.49 C     2.0    -7.8    -2.3    89.4    50.7    75.0 -99.000 -99.000 -99.000   0.187   0.200    -0.6    -0.3    -0.1     1.5     2.6
94084 20171217  2.422 -102.17   48.97     3.4    -9.7    -3.1    -2.8     0.0     3.73 C     2.8   -11.6    -4.3    83.9    49.0    70.0 -99.000 -99.000 -99.000   0.187   0.199    -1.4    -0.7    -0.2     1.5     2.6
94084 20171218  2.422 -102.17   48.97     1.9    -4.4    -1.2    -0.3     0.5     1.65 C     2.7    -6.0    -1.5    92.7    66.9    77.3 -99.000 -99.000 -99.000   0.187   0.199    -1.0    -0.6    -0.3     1.5     2.5
94084 20171219  2.422 -102.17   48.97    -3.7   -12.0    -7.9    -7.3     0.0     4.17 C    -2.9   -13.5    -7.9    79.6    56.0    71.6 -99.000 -99.000 -99.000   0.187   0.199    -2.1    -1.1    -0.4     1.5     2.5
94084 20171220  2.422 -102.17   48.97   -12.0   -23.1   -17.5   -14.0     3.6     1.40 C   -10.4   -29.9   -14.0    85.9    72.9    80.1 -99.000 -99.000 -99.000   0.187   0.200    -2.8    -2.0    -1.1     1.3     2.4
94084 20171221  2.422 -102.17   48.97    -8.1   -29.0   -18.5   -17.4     0.0     4.45 C    -9.1   -34.3   -20.6    84.5    68.4    78.0 -99.000 -99.000 -99.000   0.187   0.198    -2.5    -1.9    -1.2     1.1     2.3
94084 20171222  2.422 -102.17   48.97    -7.4   -14.0   -10.7   -10.0     0.0     3.55 C    -7.8   -16.7   -11.0    83.0    65.8    76.9 -99.000 -99.000 -99.000   0.187   0.197    -2.3    -1.8    -1.2     1.0     2.2
94084 20171223  2.422 -102.17   48.97    -8.4   -20.2   -14.3   -10.3     0.0     2.31 C    -8.8   -24.5   -11.3    83.8    72.2    78.2 -99.000 -99.000 -99.000   0.187   0.198    -2.4    -1.9    -1.3     0.9     2.1
94084 20171224  2.422 -102.17   48.97   -16.5   -28.0   -22.2   -20.6     0.0     4.14 C   -16.3   -30.8   -22.0    83.4    64.5    73.9 -99.000 -99.000 -99.000   0.187   0.198    -2.9    -2.2    -1.5     0.8     1.9
94084 20171225  2.422 -102.17   48.97   -24.2   -29.4   -26.8   -26.8     0.8     4.71 C   -24.8   -32.0   -28.4    72.5    63.6    69.2 -99.000 -99.000 -99.000   0.196   0.198    -4.4    -3.4    -2.3     0.6     1.9
94084 20171226  2.422 -102.17   48.97   -24.3   -32.5   -28.4   -28.4     0.4     4.80 C   -24.8   -38.5   -30.7    74.4    67.1    72.5 -99.000 -99.000 -99.000 -99.000   0.198    -5.2    -4.2    -3.1     0.4     1.7
94084 20171227  2.422 -102.17   48.97   -19.6   -34.9   -27.3   -26.3     0.6     2.89 C   -18.6   -38.9   -27.6    79.0    71.6    75.0 -99.000 -99.000 -99.000 -99.000   0.198    -5.6    -4.7    -3.6     0.2     1.6
94084 20171228  2.422 -102.17   48.97   -20.2   -28.3   -24.3   -24.8     0.6     4.97 C   -21.1   -33.0   -26.4    80.5    66.8    74.4 -99.000 -99.000 -99.000 -99.000   0.197    -5.4    -4.5    -3.6     0.0     1.4
94084 20171229  2.422 -102.17   48.97   -19.6   -32.4   -26.0   -24.5     0.5     4.48 C   -19.6   -34.2   -25.1    78.9    62.5    71.4 -99.000 -99.000 -99.000 -99.000   0.205    -5.3    -4.5    -3.5    -0.1     1.3
94084 20171230  2.422 -102.17   48.97   -29.1   -37.8   -33.4   -33.0     0.3     3.25 C   -26.0   -40.2   -33.7    72.0    67.1    70.4 -99.000 -99.000 -99.000 -99.000   0.223    -5.8    -4.9    -3.8    -0.2     1.2
94084 20171231  2.422 -102.17   48.97   -23.8   -33.8   -28.8   -29.2     0.0     3.94 C   -23.0   -35.1   -30.0    75.0    69.8    71.5 -99.000 -99.000 -99.000 -99.000   0.226    -6.2    -5.3    -4.1    -0.3     1.1
