53968 20170101  2.422  -95.72   31.78    20.4    12.5    16.4    16.8     0.8     6.09 C    27.7    14.6    17.6    93.7    72.8    88.3 -99.000 -99.000 -99.000 -99.000 -99.000 -9999.0 -9999.0 -9999.0 -9999.0 -9999.0
53968 20170102  2.422  -95.72   31.78    22.6    11.7    17.1    17.1    17.0    11.63 C    25.9    10.5    17.2    92.1    40.3    73.3 -99.000 -99.000 -99.000 -99.000 -99.000 -9999.0 -9999.0 -9999.0 -9999.0 -9999.0
53968 20170103  2.422  -95.72   31.78    20.4     5.2    12.8    11.8     0.2    11.81 C    23.9     7.6    13.2    85.3    32.1    65.5 -99.000 -99.000 -99.000 -99.000 -99.000 -9999.0 -9999.0 -9999.0 -9999.0 -9999.0
53968 20170104  2.422  -95.72   31.78     5.7     1.9     3.8     4.0     0.0     4.70 C    14.1     4.7     7.6    78.6    53.6    61.6 -99.000 -99.000 -99.000 -99.000 -99.000 -9999.0 -9999.0 -9999.0 -9999.0 -9999.0
53968 20170105  2.422  -95.72   31.78    11.8     0.0     5.9     5.5     0.3     6.45 C    21.2     3.2     8.4    84.6    55.0    69.9 -99.000 -99.000 -99.000 -99.000 -99.000 -9999.0 -9999.0 -9999.0 -9999.0 -9999.0
53968 20170106  2.422  -95.72   31.78     0.0    -7.2    -3.6    -2.8     0.0     3.09 C     5.8    -5.9     1.2    67.1    53.1    58.4 -99.000 -99.000 -99.000 -99.000 -99.000 -9999.0 -9999.0 -9999.0 -9999.0 -9999.0
53968 20170107  2.422  -95.72   31.78     4.4   -10.5    -3.1    -3.7     0.0    14.44 C    16.8    -8.4     0.1    74.8    22.5    49.4 -99.000 -99.000 -99.000 -99.000 -99.000 -9999.0 -9999.0 -9999.0 -9999.0 -9999.0
53968 20170108  2.422  -95.72   31.78     8.9    -7.5     0.7     1.1     0.0    14.13 C    17.8    -6.8     2.7    75.5    15.7    44.1 -99.000 -99.000 -99.000 -99.000 -99.000 -9999.0 -9999.0 -9999.0 -9999.0 -9999.0
53968 20170109  2.422  -95.72   31.78    17.8     2.0     9.9    10.8     0.3     6.88 C    21.9     1.2    10.7    81.1    54.7    67.7 -99.000 -99.000 -99.000 -99.000 -99.000 -9999.0 -9999.0 -9999.0 -9999.0 -9999.0
53968 20170110  2.422  -95.72   31.78    25.3    15.2    20.2    20.0     0.0     8.61 C    29.3    13.2    18.5    81.3    45.2    67.1 -99.000 -99.000 -99.000 -99.000 -99.000 -9999.0 -9999.0 -9999.0 -9999.0 -9999.0
53968 20170111  2.422  -95.72   31.78    26.1    18.5    22.3    21.7     0.0     7.96 C    29.4    15.8    20.3    82.7    45.1    65.0 -99.000 -99.000 -99.000 -99.000 -99.000 -9999.0 -9999.0 -9999.0 -9999.0 -9999.0
53968 20170112  2.422  -95.72   31.78    25.8    19.0    22.4    22.3     0.0     6.72 C    32.4    16.3    21.0    81.3    53.1    67.9 -99.000 -99.000 -99.000 -99.000 -99.000 -9999.0 -9999.0 -9999.0 -9999.0 -9999.0
53968 20170113  2.422  -95.72   31.78    25.5    11.4    18.4    19.9     0.0     8.43 C    33.7    12.8    20.0    88.0    46.2    74.5 -99.000 -99.000 -99.000 -99.000 -99.000 -9999.0 -9999.0 -9999.0 -9999.0 -9999.0
53968 20170114  2.422  -95.72   31.78    17.0     9.9    13.5    12.5     1.9     6.09 C    24.3    11.8    14.9    93.5    80.5    89.0 -99.000 -99.000 -99.000 -99.000 -99.000 -9999.0 -9999.0 -9999.0 -9999.0 -9999.0
53968 20170115  2.422  -95.72   31.78    20.7    11.8    16.2    16.8    12.5     2.99 C    22.2    11.7    17.0    93.1    80.4    89.1 -99.000 -99.000 -99.000 -99.000 -99.000 -9999.0 -9999.0 -9999.0 -9999.0 -9999.0
53968 20170116  2.422  -95.72   31.78    20.0    13.2    16.6    16.7    59.6     3.35 C    24.4    14.7    17.7    92.1    61.8    87.6 -99.000 -99.000 -99.000 -99.000 -99.000 -9999.0 -9999.0 -9999.0 -9999.0 -9999.0
53968 20170117  2.422  -95.72   31.78    13.2     9.5    11.3    11.0    25.4     1.43 C    15.3    10.7    13.3    89.6    80.9    86.7 -99.000 -99.000 -99.000 -99.000 -99.000 -9999.0 -9999.0 -9999.0 -9999.0 -9999.0
53968 20170118  2.422  -95.72   31.78    12.9     9.2    11.0    10.6    39.3     1.07 C    15.5    10.7    12.3    92.6    88.6    91.2 -99.000 -99.000 -99.000 -99.000 -99.000 -9999.0 -9999.0 -9999.0 -9999.0 -9999.0
53968 20170119  2.422  -95.72   31.78    14.3    10.3    12.3    11.9     0.2     3.27 C    16.4    11.8    13.3    93.7    79.8    90.4 -99.000 -99.000 -99.000 -99.000 -99.000 -9999.0 -9999.0 -9999.0 -9999.0 -9999.0
53968 20170120  2.422  -95.72   31.78    22.7    12.2    17.5    16.7     0.0    13.44 C    26.3    11.0    16.5    91.6    37.8    71.6 -99.000 -99.000 -99.000 -99.000 -99.000 -9999.0 -9999.0 -9999.0 -9999.0 -9999.0
53968 20170121  2.422  -95.72   31.78    21.6    12.1    16.8    16.4     0.9     4.83 C    24.8    10.9    16.1    93.5    46.3    80.8 -99.000 -99.000 -99.000 -99.000 -99.000 -9999.0 -9999.0 -9999.0 -9999.0 -9999.0
53968 20170122  2.422  -95.72   31.78    17.0    10.3    13.7    14.0     0.0     9.22 C    20.2     7.0    12.7    68.2    36.6    48.6 -99.000 -99.000 -99.000 -99.000 -99.000 -9999.0 -9999.0 -9999.0 -9999.0 -9999.0
53968 20170123  2.422  -95.72   31.78    19.6     5.0    12.3    11.9     0.0    15.23 C    25.3     4.0    11.9    65.3    22.4    45.8 -99.000 -99.000 -99.000 -99.000 -99.000 -9999.0 -9999.0 -9999.0 -9999.0 -9999.0
53968 20170124  2.424  -95.72   31.78 -9999.0 -9999.0 -9999.0 -9999.0 -9999.0 -9999.00 U -9999.0 -9999.0 -9999.0 -9999.0 -9999.0 -9999.0 -99.000 -99.000 -99.000 -99.000 -99.000 -9999.0 -9999.0 -9999.0 -9999.0 -9999.0
53968 20170125  2.424  -95.72   31.78    20.8     6.2    13.5    14.0     0.0    10.81 C    25.1     5.5    14.4    90.1    34.4    48.8 -99.000 -99.000 -99.000 -99.000 -99.000 -9999.0 -9999.0 -9999.0 -9999.0 -9999.0
53968 20170126  2.424  -95.72   31.78    12.8     1.4     7.1     6.1     0.0    15.41 C    25.0     1.4     8.6    70.4    26.1    50.6 -99.000 -99.000 -99.000 -99.000 -99.000 -9999.0 -9999.0 -9999.0 -9999.0 -9999.0
53968 20170127  2.424  -95.72   31.78    13.3    -1.3     6.0     6.3     0.0    13.29 C    22.3     0.1     8.4    79.3    18.0    45.1 -99.000 -99.000 -99.000 -99.000 -99.000 -9999.0 -9999.0 -9999.0 -9999.0 -9999.0
53968 20170128  2.424  -95.72   31.78    13.8     1.7     7.7     7.1     0.0    14.68 C    23.7     1.9     9.2    70.8    26.9    49.8 -99.000 -99.000 -99.000 -99.000 -99.000 -9999.0 -9999.0 -9999.0 -9999.0 -9999.0
53968 20170129  2.424  -95.72   31.78    18.5    -0.2     9.2     8.8     0.0    15.17 C    25.8     0.5     9.4    75.9    23.9    49.2 -99.000 -99.000 -99.000 -99.000 -99.000 -9999.0 -9999.0 -9999.0 -9999.0 -9999.0
53968 20170130  2.424  -95.72   31.78    25.4     3.3    14.4    13.9     0.0    15.35 C    30.1     2.4    12.4    69.0    12.3    38.2 -99.000 -99.000 -99.000 -99.000 -99.000 -9999.0 -9999.0 -9999.0 -9999.0 -9999.0
53968 20170131  2.424  -95.72   31.78    24.1     8.0    16.1    15.8     0.0    15.55 C    29.9     4.2    13.9    62.3    17.3    37.5 -99.000 -99.000 -99.000 -99.000 -99.000 -9999.0 -9999.0 -9999.0 -9999.0 -9999.0
53968 20170201  2.424  -95.72   31.78    25.0    12.8    18.9    18.4     0.0    12.12 C    31.1    10.6    18.0    87.6    46.2    70.1 -99.000 -99.000 -99.000 -99.000 -99.000 -9999.0 -9999.0 -9999.0 -9999.0 -9999.0
53968 20170202  2.424  -95.72   31.78    19.1     7.4    13.3    11.8     0.0    12.36 C    28.0     8.3    15.0    82.9    47.4    65.4 -99.000 -99.000 -99.000 -99.000 -99.000 -9999.0 -9999.0 -9999.0 -9999.0 -9999.0
53968 20170203  2.424  -95.72   31.78    13.5     6.3     9.9     8.7     0.0     9.37 C    25.8     5.9    11.6    75.4    41.0    56.2 -99.000 -99.000 -99.000 -99.000 -99.000 -9999.0 -9999.0 -9999.0 -9999.0 -9999.0
53968 20170204  2.424  -95.72   31.78    10.7     5.6     8.1     8.0     0.0     4.15 C    18.4     6.2    10.5    78.5    46.7    57.5 -99.000 -99.000 -99.000 -99.000 -99.000 -9999.0 -9999.0 -9999.0 -9999.0 -9999.0
53968 20170205  2.424  -95.72   31.78    23.4     9.4    16.4    15.8     0.8     6.28 C    28.0    10.9    16.6    92.2    62.8    82.5 -99.000 -99.000 -99.000 -99.000 -99.000 -9999.0 -9999.0 -9999.0 -9999.0 -9999.0
53968 20170206  2.424  -95.72   31.78    24.5    18.0    21.3    20.9     0.0     3.26 C    24.8    17.7    19.9    89.9    60.5    77.5 -99.000 -99.000 -99.000 -99.000 -99.000 -9999.0 -9999.0 -9999.0 -9999.0 -9999.0
53968 20170207  2.424  -95.72   31.78    27.1    13.7    20.4    21.4     0.0    13.65 C    31.3    10.4    19.9    85.6    18.3    52.2 -99.000 -99.000 -99.000 -99.000 -99.000 -9999.0 -9999.0 -9999.0 -9999.0 -9999.0
53968 20170208  2.424  -95.72   31.78    26.0    10.2    18.1    17.5     0.0    15.00 C    33.7     7.6    16.7    88.6    25.3    48.4 -99.000 -99.000 -99.000 -99.000 -99.000 -9999.0 -9999.0 -9999.0 -9999.0 -9999.0
53968 20170209  2.424  -95.72   31.78    18.4     3.5    10.9    10.7     0.0    16.75 C    30.2     3.6    13.0    58.5    26.0    42.8 -99.000 -99.000 -99.000 -99.000 -99.000 -9999.0 -9999.0 -9999.0 -9999.0 -9999.0
53968 20170210  2.424  -95.72   31.78    22.8     7.1    14.9    15.2     0.0     9.14 C    26.4     5.1    15.2    82.6    47.0    64.1 -99.000 -99.000 -99.000 -99.000 -99.000 -9999.0 -9999.0 -9999.0 -9999.0 -9999.0
53968 20170211  2.424  -95.72   31.78    29.4    19.9    24.7    23.3     0.0    12.43 C    34.2    18.3    23.0    83.7    43.1    68.4 -99.000 -99.000 -99.000 -99.000 -99.000 -9999.0 -9999.0 -9999.0 -9999.0 -9999.0
53968 20170212  2.424  -95.72   31.78    23.7    18.8    21.2    20.8     0.0     4.75 C    27.4    17.3    20.3    89.6    61.0    74.1 -99.000 -99.000 -99.000 -99.000 -99.000 -9999.0 -9999.0 -9999.0 -9999.0 -9999.0
53968 20170213  2.424  -95.72   31.78    22.3    15.9    19.1    18.0     0.0    11.39 C    31.2    14.1    19.0    65.4    37.0    48.8 -99.000 -99.000 -99.000 -99.000 -99.000 -9999.0 -9999.0 -9999.0 -9999.0 -9999.0
53968 20170214  2.424  -95.72   31.78    17.9     6.4    12.1    11.3    24.7     2.87 C    19.7     8.5    13.2    90.5    65.7    81.4 -99.000 -99.000 -99.000 -99.000 -99.000 -9999.0 -9999.0 -9999.0 -9999.0 -9999.0
53968 20170215  2.424  -95.72   31.78    16.1     3.7     9.9     9.5     0.0    17.29 C    25.2     3.2    11.8    84.1    28.2    58.3 -99.000 -99.000 -99.000 -99.000 -99.000 -9999.0 -9999.0 -9999.0 -9999.0 -9999.0
53968 20170216  2.424  -95.72   31.78    18.8    -0.3     9.3     9.3     0.0    17.89 C    28.6     0.8    11.0    89.0    23.2    55.7 -99.000 -99.000 -99.000 -99.000 -99.000 -9999.0 -9999.0 -9999.0 -9999.0 -9999.0
53968 20170217  2.424  -95.72   31.78    19.9     7.2    13.5    13.5     0.0    12.09 C    27.3     5.6    14.1    84.5    47.4    65.0 -99.000 -99.000 -99.000 -99.000 -99.000 -9999.0 -9999.0 -9999.0 -9999.0 -9999.0
53968 20170218  2.424  -95.72   31.78    27.7    12.8    20.2    19.3     0.3    14.60 C    32.5    11.8    19.3    92.4    32.9    68.8 -99.000 -99.000 -99.000 -99.000 -99.000 -9999.0 -9999.0 -9999.0 -9999.0 -9999.0
53968 20170219  2.424  -95.72   31.78    22.6    17.6    20.1    20.3     0.6     4.40 C    24.8    16.0    20.1    88.1    75.4    82.9 -99.000 -99.000 -99.000 -99.000 -99.000 -9999.0 -9999.0 -9999.0 -9999.0 -9999.0
53968 20170220  2.424  -95.72   31.78    21.1    12.9    17.0    15.3    53.8     1.54 C    20.5    12.0    15.9    93.0    79.8    89.3 -99.000 -99.000 -99.000 -99.000 -99.000 -9999.0 -9999.0 -9999.0 -9999.0 -9999.0
53968 20170221  2.424  -95.72   31.78    22.5    11.0    16.7    16.2     0.0    15.13 C    29.0    10.4    17.5    93.5    39.0    74.8 -99.000 -99.000 -99.000 -99.000 -99.000 -9999.0 -9999.0 -9999.0 -9999.0 -9999.0
53968 20170222  2.424  -95.72   31.78    27.3     7.4    17.4    17.2     0.0    18.92 C    31.8     7.8    17.3    91.5    26.2    60.7 -99.000 -99.000 -99.000 -99.000 -99.000 -9999.0 -9999.0 -9999.0 -9999.0 -9999.0
53968 20170223  2.424  -95.72   31.78    28.9    13.4    21.1    20.8     0.0    18.79 C    30.9    11.4    19.3    71.7    26.1    51.4 -99.000 -99.000 -99.000 -99.000 -99.000 -9999.0 -9999.0 -9999.0 -9999.0 -9999.0
53968 20170224  2.424  -95.72   31.78    19.3    10.9    15.1    15.8     0.0    17.18 C    28.8     8.5    17.1    91.2    38.2    62.5 -99.000 -99.000 -99.000 -99.000 -99.000 -9999.0 -9999.0 -9999.0 -9999.0 -9999.0
53968 20170225  2.424  -95.72   31.78    14.7     3.1     8.9     8.8     0.0    19.63 C    27.3     3.3    12.1    65.2    24.8    42.6 -99.000 -99.000 -99.000 -99.000 -99.000 -9999.0 -9999.0 -9999.0 -9999.0 -9999.0
53968 20170226  2.424  -95.72   31.78    19.5     6.0    12.8    13.7     0.0     7.50 C    26.4     5.2    13.6    78.2    42.5    58.5 -99.000 -99.000 -99.000 -99.000 -99.000 -9999.0 -9999.0 -9999.0 -9999.0 -9999.0
53968 20170227  2.424  -95.72   31.78    27.9    17.6    22.7    22.0     0.0    12.11 C    32.7    16.1    21.8    88.4    45.5    71.2 -99.000 -99.000 -99.000 -99.000 -99.000 -9999.0 -9999.0 -9999.0 -9999.0 -9999.0
53968 20170228  2.424  -95.72   31.78    27.8    20.7    24.2    23.5     0.0     9.35 C    29.4    19.6    22.7    87.6    49.3    72.0 -99.000 -99.000 -99.000 -99.000 -99.000 -9999.0 -9999.0 -9999.0 -9999.0 -9999.0
53968 20170301  2.424  -95.72   31.78    21.9    11.0    16.4    18.0     0.0    19.27 C    29.0     5.8    18.1    89.7    17.4    46.3 -99.000 -99.000 -99.000 -99.000 -99.000 -9999.0 -9999.0 -9999.0 -9999.0 -9999.0
53968 20170302  2.424  -95.72   31.78    18.8     6.4    12.6    12.1     0.0    20.00 C    29.7     2.4    12.4    56.8    13.5    28.1 -99.000 -99.000 -99.000 -99.000 -99.000 -9999.0 -9999.0 -9999.0 -9999.0 -9999.0
53968 20170303  2.424  -95.72   31.78    20.6     3.0    11.8    12.9     0.0    19.71 C    30.1     2.3    13.2    69.5    16.5    37.6 -99.000 -99.000 -99.000 -99.000 -99.000 -9999.0 -9999.0 -9999.0 -9999.0 -9999.0
53968 20170304  2.424  -95.72   31.78    14.4     9.4    11.9    11.3     9.8     2.92 C    18.5     6.9    12.2    89.4    37.8    69.1 -99.000 -99.000 -99.000 -99.000 -99.000 -9999.0 -9999.0 -9999.0 -9999.0 -9999.0
53968 20170305  2.424  -95.72   31.78    18.5    11.0    14.8    14.7     1.9     2.15 C    18.5    12.5    15.7    91.1    82.1    88.0 -99.000 -99.000 -99.000 -99.000 -99.000 -9999.0 -9999.0 -9999.0 -9999.0 -9999.0
53968 20170306  2.424  -95.72   31.78    27.5    18.3    22.9    22.2     0.0    11.27 C    29.5    18.5    22.1    89.5    52.5    75.9 -99.000 -99.000 -99.000 -99.000 -99.000 -9999.0 -9999.0 -9999.0 -9999.0 -9999.0
53968 20170307  2.424  -95.72   31.78    22.0    10.3    16.1    17.4     1.4    14.79 C    26.3     9.9    18.5    87.2    18.3    57.7 -99.000 -99.000 -99.000 -99.000 -99.000 -9999.0 -9999.0 -9999.0 -9999.0 -9999.0
53968 20170308  2.424  -95.72   31.78    22.8     9.3    16.0    16.6     0.0    15.37 C    30.5     9.1    16.9    77.0    24.3    48.2 -99.000 -99.000 -99.000 -99.000 -99.000 -9999.0 -9999.0 -9999.0 -9999.0 -9999.0
53968 20170309  2.424  -95.72   31.78    24.7    17.9    21.3    20.8     0.0     8.74 C    29.5    18.1    21.2    91.7    60.5    77.5 -99.000 -99.000 -99.000 -99.000 -99.000 -9999.0 -9999.0 -9999.0 -9999.0 -9999.0
53968 20170310  2.424  -95.72   31.78    27.8    17.5    22.6    21.5    34.2    14.35 C    34.6    16.4    22.5    92.4    47.0    76.8 -99.000 -99.000 -99.000 -99.000 -99.000 -9999.0 -9999.0 -9999.0 -9999.0 -9999.0
53968 20170311  2.424  -95.72   31.78    22.7     7.7    15.2    16.8    13.9    12.03 C    30.2    11.0    19.4    90.5    61.1    80.5 -99.000 -99.000 -99.000 -99.000 -99.000 -9999.0 -9999.0 -9999.0 -9999.0 -9999.0
53968 20170312  2.424  -95.72   31.78    10.5     4.9     7.7     7.4     0.0     7.39 C    18.4     7.8    11.5    90.2    67.1    79.4 -99.000 -99.000 -99.000 -99.000 -99.000 -9999.0 -9999.0 -9999.0 -9999.0 -9999.0
53968 20170313  2.424  -95.72   31.78    16.6     5.6    11.1    11.0     0.2    11.83 C    24.7     5.7    13.4    90.6    41.1    68.9 -99.000 -99.000 -99.000 -99.000 -99.000 -9999.0 -9999.0 -9999.0 -9999.0 -9999.0
53968 20170314  2.424  -95.72   31.78    17.8     1.3     9.5     9.7     0.0    21.85 C    27.6     3.3    13.1    82.6    30.5    53.5 -99.000 -99.000 -99.000 -99.000 -99.000 -9999.0 -9999.0 -9999.0 -9999.0 -9999.0
53968 20170315  2.424  -95.72   31.78    18.2     7.6    12.9    12.7     0.0    19.24 C    27.7     8.3    15.0    74.0    43.0    57.1 -99.000 -99.000 -99.000 -99.000 -99.000 -9999.0 -9999.0 -9999.0 -9999.0 -9999.0
53968 20170316  2.424  -95.72   31.78    22.0    10.2    16.1    16.0     0.0    11.22 C    27.4    10.4    17.0    82.6    60.5    73.8 -99.000 -99.000 -99.000 -99.000 -99.000 -9999.0 -9999.0 -9999.0 -9999.0 -9999.0
53968 20170317  2.424  -95.72   31.78    26.2    18.5    22.3    21.2     0.0    11.15 C    29.0    17.7    20.7    83.9    46.8    69.4 -99.000 -99.000 -99.000 -99.000 -99.000 -9999.0 -9999.0 -9999.0 -9999.0 -9999.0
53968 20170318  2.424  -95.72   31.78    26.9    15.8    21.3    20.8     0.0    13.27 C    31.9    14.9    20.8    90.7    48.0    72.9 -99.000 -99.000 -99.000 -99.000 -99.000 -9999.0 -9999.0 -9999.0 -9999.0 -9999.0
53968 20170319  2.424  -95.72   31.78    27.6    17.0    22.3    21.6     0.0    19.00 C    33.2    15.6    21.7    92.0    45.2    69.3 -99.000 -99.000 -99.000 -99.000 -99.000 -9999.0 -9999.0 -9999.0 -9999.0 -9999.0
53968 20170320  2.424  -95.72   31.78    29.0    19.0    24.0    22.8     0.0    22.35 C    32.9    16.5    22.7    84.8    29.6    59.1 -99.000 -99.000 -99.000 -99.000 -99.000 -9999.0 -9999.0 -9999.0 -9999.0 -9999.0
53968 20170321  2.424  -95.72   31.78    28.2    15.3    21.8    21.2     0.0    22.58 C    33.8    14.8    21.2    89.3    30.7    60.5 -99.000 -99.000 -99.000 -99.000 -99.000 -9999.0 -9999.0 -9999.0 -9999.0 -9999.0
53968 20170322  2.424  -95.72   31.78    27.1    17.2    22.1    21.2     0.0    12.71 C    32.2    15.2    21.2    85.5    43.4    68.1 -99.000 -99.000 -99.000 -99.000 -99.000 -9999.0 -9999.0 -9999.0 -9999.0 -9999.0
53968 20170323  2.424  -95.72   31.78    28.8    17.4    23.1    22.4     0.0    20.62 C    32.7    16.9    22.5    89.8    24.7    58.8 -99.000 -99.000 -99.000 -99.000 -99.000 -9999.0 -9999.0 -9999.0 -9999.0 -9999.0
53968 20170324  2.424  -95.72   31.78    24.2    17.9    21.0    19.9    30.3     6.76 C    27.6    16.7    20.0    90.4    56.5    79.0 -99.000 -99.000 -99.000 -99.000 -99.000 -9999.0 -9999.0 -9999.0 -9999.0 -9999.0
53968 20170325  2.424  -95.72   31.78    21.9    11.3    16.6    16.6     0.0    23.53 C    30.1    11.1    18.6    89.5    40.8    65.5 -99.000 -99.000 -99.000 -99.000 -99.000 -9999.0 -9999.0 -9999.0 -9999.0 -9999.0
53968 20170326  2.424  -95.72   31.78    28.5    10.2    19.3    20.2     0.0    21.30 C    32.1    10.7    20.5    87.1    36.1    66.0 -99.000 -99.000 -99.000 -99.000 -99.000 -9999.0 -9999.0 -9999.0 -9999.0 -9999.0
53968 20170327  2.424  -95.72   31.78    27.2    18.4    22.8    21.9     0.0    12.58 C    33.5    17.5    22.3    89.9    56.4    77.1 -99.000 -99.000 -99.000 -99.000 -99.000 -9999.0 -9999.0 -9999.0 -9999.0 -9999.0
53968 20170328  2.424  -95.72   31.78    28.7    19.4    24.0    23.4     0.0    15.02 C    32.1    18.6    23.2    90.6    44.5    70.3 -99.000 -99.000 -99.000 -99.000 -99.000 -9999.0 -9999.0 -9999.0 -9999.0 -9999.0
53968 20170329  2.424  -95.72   31.78    25.9    15.2    20.5    20.3    26.9    16.91 C    29.7    14.9    20.8    90.6    48.4    72.5 -99.000 -99.000 -99.000 -99.000 -99.000 -9999.0 -9999.0 -9999.0 -9999.0 -9999.0
53968 20170330  2.424  -95.72   31.78    22.7    10.4    16.6    16.7     0.0    24.43 C    30.0    10.6    18.1    81.8    36.1    58.0 -99.000 -99.000 -99.000 -99.000 -99.000 -9999.0 -9999.0 -9999.0 -9999.0 -9999.0
53968 20170331  2.424  -95.72   31.78    28.2    12.7    20.4    20.3     0.0    24.65 C    31.8    11.4    19.8    75.0    26.7    53.2 -99.000 -99.000 -99.000 -99.000 -99.000 -9999.0 -9999.0 -9999.0 -9999.0 -9999.0
53968 20170401  2.424  -95.72   31.78    27.6    15.9    21.7    20.6     0.0    16.04 C    31.2    14.8    19.8    86.3    37.3    62.5 -99.000 -99.000 -99.000 -99.000 -99.000 -9999.0 -9999.0 -9999.0 -9999.0 -9999.0
53968 20170402  2.424  -95.72   31.78    21.6    15.1    18.4    18.0    21.2     8.47 C    27.7    14.8    18.5    92.1    56.4    77.5 -99.000 -99.000 -99.000 -99.000 -99.000 -9999.0 -9999.0 -9999.0 -9999.0 -9999.0
53968 20170403  2.424  -95.72   31.78    26.4    12.2    19.3    18.7     0.0    25.20 C    30.5    12.2    19.4    89.7    36.5    65.3 -99.000 -99.000 -99.000 -99.000 -99.000 -9999.0 -9999.0 -9999.0 -9999.0 -9999.0
53968 20170404  2.424  -95.72   31.78    29.6    16.3    23.0    22.4     0.0    23.93 C    31.4    14.7    21.3    80.5    30.7    56.6 -99.000 -99.000 -99.000 -99.000 -99.000 -9999.0 -9999.0 -9999.0 -9999.0 -9999.0
53968 20170405  2.424  -95.72   31.78    20.8     8.9    14.9    15.0     0.0    21.98 C    27.9     7.4    16.0    76.5    30.0    53.1 -99.000 -99.000 -99.000 -99.000 -99.000 -9999.0 -9999.0 -9999.0 -9999.0 -9999.0
53968 20170406  2.424  -95.72   31.78    23.5     5.8    14.6    14.7     0.0    26.02 C    31.8     4.9    15.8    87.9    20.4    55.7 -99.000 -99.000 -99.000 -99.000 -99.000 -9999.0 -9999.0 -9999.0 -9999.0 -9999.0
53968 20170407  2.424  -95.72   31.78    24.5     8.2    16.3    16.9     0.0    25.11 C    30.2     7.2    17.2    83.9    29.3    53.8 -99.000 -99.000 -99.000 -99.000 -99.000 -9999.0 -9999.0 -9999.0 -9999.0 -9999.0
53968 20170408  2.424  -95.72   31.78    26.0    12.5    19.3    19.5     0.0    21.84 C    29.4    11.1    19.1    81.1    44.3    61.0 -99.000 -99.000 -99.000 -99.000 -99.000 -9999.0 -9999.0 -9999.0 -9999.0 -9999.0
53968 20170409  2.424  -95.72   31.78    27.6    15.6    21.6    21.6     0.0    22.93 C    31.7    14.6    21.5    84.0    42.3    64.3 -99.000 -99.000 -99.000 -99.000 -99.000 -9999.0 -9999.0 -9999.0 -9999.0 -9999.0
53968 20170410  2.424  -95.72   31.78    26.1    19.5    22.8    22.1     6.5    12.98 C    32.1    18.1    22.3    89.5    66.2    78.5 -99.000 -99.000 -99.000 -99.000 -99.000 -9999.0 -9999.0 -9999.0 -9999.0 -9999.0
53968 20170411  2.424  -95.72   31.78    21.1    15.3    18.2    18.0    31.5     6.63 C    25.6    14.6    18.6    92.7    71.9    87.8 -99.000 -99.000 -99.000 -99.000 -99.000 -9999.0 -9999.0 -9999.0 -9999.0 -9999.0
53968 20170412  2.424  -95.72   31.78    25.2    15.8    20.5    19.8     0.0    18.85 C    30.6    15.5    21.0    92.8    55.3    77.9 -99.000 -99.000 -99.000 -99.000 -99.000 -9999.0 -9999.0 -9999.0 -9999.0 -9999.0
53968 20170413  2.424  -95.72   31.78    26.8    17.6    22.2    21.4     0.0    21.20 C    31.0    16.6    21.7    92.0    32.7    69.1 -99.000 -99.000 -99.000 -99.000 -99.000 -9999.0 -9999.0 -9999.0 -9999.0 -9999.0
53968 20170414  2.424  -95.72   31.78    27.1    14.0    20.5    21.0     0.0    23.00 C    31.4    13.7    21.0    90.7    37.3    65.6 -99.000 -99.000 -99.000 -99.000 -99.000 -9999.0 -9999.0 -9999.0 -9999.0 -9999.0
53968 20170415  2.424  -95.72   31.78    27.1    17.5    22.3    21.6     0.0    22.55 C    31.6    16.6    22.1    90.6    46.5    71.4 -99.000 -99.000 -99.000 -99.000 -99.000 -9999.0 -9999.0 -9999.0 -9999.0 -9999.0
53968 20170416  2.424  -95.72   31.78    28.6    19.3    24.0    23.2     0.0    19.55 C    34.2    18.2    23.6    87.7    50.5    72.1 -99.000 -99.000 -99.000 -99.000 -99.000 -9999.0 -9999.0 -9999.0 -9999.0 -9999.0
53968 20170417  2.424  -95.72   31.78    27.6    17.9    22.8    22.0     4.6    18.16 C    32.7    18.6    23.0    92.1    48.5    77.1 -99.000 -99.000 -99.000 -99.000 -99.000 -9999.0 -9999.0 -9999.0 -9999.0 -9999.0
53968 20170418  2.424  -95.72   31.78    25.9    17.8    21.8    20.8     0.6    15.86 C    30.8    18.2    21.6    92.1    58.0    80.2 -99.000 -99.000 -99.000 -99.000 -99.000 -9999.0 -9999.0 -9999.0 -9999.0 -9999.0
53968 20170419  2.424  -95.72   31.78    27.7    18.7    23.2    22.4     0.0    19.34 C    36.9    18.2    23.6    90.3    56.2    77.8 -99.000 -99.000 -99.000 -99.000 -99.000 -9999.0 -9999.0 -9999.0 -9999.0 -9999.0
53968 20170420  2.424  -95.72   31.78    27.4    20.4    23.9    23.3     0.0    16.96 C    43.8    19.3    25.5    88.4    56.0    74.0 -99.000 -99.000 -99.000 -99.000 -99.000 -9999.0 -9999.0 -9999.0 -9999.0 -9999.0
53968 20170421  2.424  -95.72   31.78    28.6    19.5    24.0    23.6     0.0    21.30 C    43.8    18.3    26.1    89.5    47.9    70.5 -99.000 -99.000 -99.000 -99.000 -99.000 -9999.0 -9999.0 -9999.0 -9999.0 -9999.0
53968 20170422  2.424  -95.72   31.78    22.2    10.4    16.3    15.6     2.8     8.60 C    26.2     9.3    17.3    89.4    59.9    75.0 -99.000 -99.000 -99.000 -99.000 -99.000 -9999.0 -9999.0 -9999.0 -9999.0 -9999.0
53968 20170423  2.424  -95.72   31.78    22.0     6.6    14.3    14.1     0.0    27.91 C    38.3     7.0    18.2    87.6    32.0    60.9 -99.000 -99.000 -99.000 -99.000 -99.000 -9999.0 -9999.0 -9999.0 -9999.0 -9999.0
53968 20170424  2.424  -95.72   31.78    24.8     7.1    15.9    16.8     0.0    27.01 C    43.9     6.5    21.3    88.9    33.9    59.8 -99.000 -99.000 -99.000 -99.000 -99.000 -9999.0 -9999.0 -9999.0 -9999.0 -9999.0
53968 20170425  2.424  -95.72   31.78    28.3    15.7    22.0    22.1     0.0    18.33 C    40.8    13.9    24.0    83.2    56.5    68.9 -99.000 -99.000 -99.000 -99.000 -99.000 -9999.0 -9999.0 -9999.0 -9999.0 -9999.0
53968 20170426  2.424  -95.72   31.78    28.7    10.0    19.3    20.2     8.2    15.66 C    42.7     9.9    21.6    89.9    58.9    74.9 -99.000 -99.000 -99.000 -99.000 -99.000 -9999.0 -9999.0 -9999.0 -9999.0 -9999.0
53968 20170427  2.424  -95.72   31.78    25.0     6.9    16.0    16.7     0.0    27.91 C    40.4     7.5    21.0    90.3    37.9    63.0 -99.000 -99.000 -99.000 -99.000 -99.000 -9999.0 -9999.0 -9999.0 -9999.0 -9999.0
53968 20170428  2.424  -95.72   31.78    32.1    18.2    25.1    25.5     0.0    21.52 C    45.0    15.7    28.0    83.8    49.5    68.0 -99.000 -99.000 -99.000 -99.000 -99.000 -9999.0 -9999.0 -9999.0 -9999.0 -9999.0
53968 20170429  2.424  -95.72   31.78    30.7    13.6    22.1    24.6     4.2     9.86 C    40.9    15.5    25.5    86.1    61.9    76.4 -99.000 -99.000 -99.000 -99.000 -99.000 -9999.0 -9999.0 -9999.0 -9999.0 -9999.0
53968 20170430  2.424  -95.72   31.78    21.5     9.6    15.6    15.2     1.3    26.28 C    34.0     9.2    18.9    87.7    26.0    55.7 -99.000 -99.000 -99.000 -99.000 -99.000 -9999.0 -9999.0 -9999.0 -9999.0 -9999.0
53968 20170501  2.424  -95.72   31.78    27.6     6.1    16.8    17.7     0.0    28.38 C    43.6     6.9    22.5    86.4    34.4    57.1 -99.000 -99.000 -99.000 -99.000 -99.000 -9999.0 -9999.0 -9999.0 -9999.0 -9999.0
53968 20170502  2.424  -95.72   31.78    30.0    14.7    22.4    22.4     0.0    27.31 C    45.4    13.1    25.6    73.7    29.6    52.1 -99.000 -99.000 -99.000 -99.000 -99.000 -9999.0 -9999.0 -9999.0 -9999.0 -9999.0
53968 20170503  2.424  -95.72   31.78    30.0    13.8    21.9    21.1     0.4    12.17 C    46.2    12.5    22.6    86.1    54.6    73.7 -99.000 -99.000 -99.000 -99.000 -99.000 -9999.0 -9999.0 -9999.0 -9999.0 -9999.0
53968 20170504  2.424  -95.72   31.78    22.2    10.2    16.2    16.2     0.0    28.00 C    40.1     9.5    20.1    79.8    27.2    50.4 -99.000 -99.000 -99.000 -99.000 -99.000 -9999.0 -9999.0 -9999.0 -9999.0 -9999.0
53968 20170505  2.424  -95.72   31.78    24.9     7.0    16.0    16.6     0.0    28.89 C    42.2     6.9    21.1    87.9    25.1    56.2 -99.000 -99.000 -99.000 -99.000 -99.000 -9999.0 -9999.0 -9999.0 -9999.0 -9999.0
53968 20170506  2.424  -95.72   31.78    27.5     8.2    17.8    18.5     0.0    28.67 C    46.0     8.5    23.6    86.3    25.4    56.3 -99.000 -99.000 -99.000 -99.000 -99.000 -9999.0 -9999.0 -9999.0 -9999.0 -9999.0
53968 20170507  2.424  -95.72   31.78    28.4    12.6    20.5    21.0     0.0    27.84 C    46.3    11.6    25.1    80.7    37.9    59.5 -99.000 -99.000 -99.000 -99.000 -99.000 -9999.0 -9999.0 -9999.0 -9999.0 -9999.0
53968 20170508  2.424  -95.72   31.78    27.3    15.1    21.2    21.6     0.0    23.56 C    46.2    13.1    24.8    82.8    43.6    61.4 -99.000 -99.000 -99.000 -99.000 -99.000 -9999.0 -9999.0 -9999.0 -9999.0 -9999.0
53968 20170509  2.424  -95.72   31.78    28.0    16.6    22.3    22.2     0.2    16.33 C    44.4    15.1    24.5    87.7    56.0    73.3 -99.000 -99.000 -99.000 -99.000 -99.000 -9999.0 -9999.0 -9999.0 -9999.0 -9999.0
53968 20170510  2.424  -95.72   31.78    27.8    19.2    23.5    23.2     0.3    13.63 C    41.8    18.1    24.8    88.8    57.4    73.4 -99.000 -99.000 -99.000 -99.000 -99.000 -9999.0 -9999.0 -9999.0 -9999.0 -9999.0
53968 20170511  2.424  -95.72   31.78    28.4    16.3    22.4    22.1    19.2    11.59 C    42.2    16.8    23.9    90.7    57.3    81.3 -99.000 -99.000 -99.000 -99.000 -99.000 -9999.0 -9999.0 -9999.0 -9999.0 -9999.0
53968 20170512  2.424  -95.72   31.78    25.5    14.6    20.0    19.5     0.0    21.58 C    36.1    14.6    21.7    92.7    47.6    71.2 -99.000 -99.000 -99.000 -99.000 -99.000 -9999.0 -9999.0 -9999.0 -9999.0 -9999.0
53968 20170513  2.424  -95.72   31.78    27.6    13.9    20.8    20.5     0.0    28.64 C    44.5    13.7    24.9    91.0    37.9    65.5 -99.000 -99.000 -99.000 -99.000 -99.000 -9999.0 -9999.0 -9999.0 -9999.0 -9999.0
53968 20170514  2.424  -95.72   31.78    29.0    14.6    21.8    22.5     0.0    25.13 C    47.9    13.9    26.1    83.5    46.1    64.2 -99.000 -99.000 -99.000 -99.000 -99.000 -9999.0 -9999.0 -9999.0 -9999.0 -9999.0
53968 20170515  2.424  -95.72   31.78    29.5    17.8    23.6    23.7     0.0    28.77 C    46.8    16.7    28.1    90.1    36.9    61.1 -99.000 -99.000 -99.000 -99.000 -99.000 -9999.0 -9999.0 -9999.0 -9999.0 -9999.0
53968 20170516  2.424  -95.72   31.78    29.1    18.7    23.9    23.7     0.0    20.01 C    43.8    17.4    26.6    89.8    47.8    66.5 -99.000 -99.000 -99.000 -99.000 -99.000 -9999.0 -9999.0 -9999.0 -9999.0 -9999.0
53968 20170517  2.424  -95.72   31.78    26.8    20.9    23.8    23.3     0.3    11.01 C    39.6    20.6    25.4    87.9    65.9    79.0 -99.000 -99.000 -99.000 -99.000 -99.000 -9999.0 -9999.0 -9999.0 -9999.0 -9999.0
53968 20170518  2.424  -95.72   31.78    30.6    23.6    27.1    26.3     0.0    17.24 C    44.5    22.7    28.9    86.2    48.4    71.0 -99.000 -99.000 -99.000 -99.000 -99.000 -9999.0 -9999.0 -9999.0 -9999.0 -9999.0
53968 20170519  2.424  -95.72   31.78    31.8    22.9    27.4    26.8     0.0    21.67 C    47.7    21.9    30.0    86.9    49.1    68.6 -99.000 -99.000 -99.000 -99.000 -99.000 -9999.0 -9999.0 -9999.0 -9999.0 -9999.0
53968 20170520  2.424  -95.72   31.78    27.5    19.7    23.6    23.4     9.0    15.93 C    36.5    20.3    25.8    90.1    62.9    78.2 -99.000 -99.000 -99.000 -99.000 -99.000 -9999.0 -9999.0 -9999.0 -9999.0 -9999.0
53968 20170521  2.424  -95.72   31.78    23.4    15.6    19.5    19.3    12.5    12.10 C    34.0    14.7    21.2    86.6    58.3    71.3 -99.000 -99.000 -99.000 -99.000 -99.000 -9999.0 -9999.0 -9999.0 -9999.0 -9999.0
53968 20170522  2.424  -95.72   31.78    20.1    16.0    18.1    17.8    18.0     7.57 C    25.7    16.7    19.5    90.3    80.2    86.5 -99.000 -99.000 -99.000 -99.000 -99.000 -9999.0 -9999.0 -9999.0 -9999.0 -9999.0
53968 20170523  2.424  -95.72   31.78    24.9    13.6    19.3    18.3    13.9    15.29 C    36.6    13.7    20.8    92.0    61.7    84.2 -99.000 -99.000 -99.000 -99.000 -99.000 -9999.0 -9999.0 -9999.0 -9999.0 -9999.0
53968 20170524  2.424  -95.72   31.78    24.9    10.8    17.8    17.6     0.0    28.74 C    35.2    10.6    20.7    92.9    32.1    65.0 -99.000 -99.000 -99.000 -99.000 -99.000 -9999.0 -9999.0 -9999.0 -9999.0 -9999.0
53968 20170525  2.424  -95.72   31.78    30.6    14.7    22.6    23.2     0.0    28.42 C    45.7    13.5    25.6    70.7    40.2    54.3 -99.000 -99.000 -99.000 -99.000 -99.000 -9999.0 -9999.0 -9999.0 -9999.0 -9999.0
53968 20170526  2.424  -95.72   31.78    31.2    21.1    26.2    26.3     0.0    21.15 C    50.1    18.6    30.2    84.7    56.9    70.2 -99.000 -99.000 -99.000 -99.000 -99.000 -9999.0 -9999.0 -9999.0 -9999.0 -9999.0
53968 20170527  2.424  -95.72   31.78    32.4    24.4    28.4    27.6     0.0    17.02 C    48.6    22.3    30.8    89.6    57.3    75.1 -99.000 -99.000 -99.000 -99.000 -99.000 -9999.0 -9999.0 -9999.0 -9999.0 -9999.0
53968 20170528  2.424  -95.72   31.78    30.7    20.7    25.7    24.7    36.2    16.61 C    49.0    20.5    28.4    91.6    60.0    78.9 -99.000 -99.000 -99.000 -99.000 -99.000 -9999.0 -9999.0 -9999.0 -9999.0 -9999.0
53968 20170529  2.424  -95.72   31.78    28.0    19.6    23.8    23.0     0.0    17.39 C    38.4    19.4    25.7    92.8    55.7    81.0 -99.000 -99.000 -99.000 -99.000 -99.000 -9999.0 -9999.0 -9999.0 -9999.0 -9999.0
53968 20170530  2.424  -95.72   31.78    29.7    19.4    24.6    24.5     0.0    21.86 C    48.0    19.0    28.3    92.6    51.8    74.2 -99.000 -99.000 -99.000 -99.000 -99.000 -9999.0 -9999.0 -9999.0 -9999.0 -9999.0
53968 20170531  2.424  -95.72   31.78    29.2    20.1    24.6    24.5     0.0    21.40 C    52.2    19.3    29.6    91.4    51.6    75.4 -99.000 -99.000 -99.000 -99.000 -99.000 -9999.0 -9999.0 -9999.0 -9999.0 -9999.0
53968 20170601  2.424  -95.72   31.78    28.5    19.2    23.9    24.4     1.5    25.13 C    48.9    19.8    29.9    91.2    57.2    74.9 -99.000 -99.000 -99.000 -99.000 -99.000 -9999.0 -9999.0 -9999.0 -9999.0 -9999.0
53968 20170602  2.424  -95.72   31.78    30.6    21.0    25.8    24.8     0.7    20.53 C    49.7    20.7    30.0    92.2    53.6    77.3 -99.000 -99.000 -99.000 -99.000 -99.000 -9999.0 -9999.0 -9999.0 -9999.0 -9999.0
53968 20170603  2.424  -95.72   31.78    29.7    20.5    25.1    23.4     4.4    18.70 C    51.5    20.6    28.6    92.8    54.9    80.7 -99.000 -99.000 -99.000 -99.000 -99.000 -9999.0 -9999.0 -9999.0 -9999.0 -9999.0
53968 20170604  2.424  -95.72   31.78    27.9    20.8    24.3    23.1     0.2    14.02 C    41.8    21.5    26.1    93.0    64.9    85.1 -99.000 -99.000 -99.000 -99.000 -99.000 -9999.0 -9999.0 -9999.0 -9999.0 -9999.0
53968 20170605  2.424  -95.72   31.78    28.0    20.3    24.1    22.8     0.9    14.14 C    45.6    20.7    26.2    92.0    68.4    84.6 -99.000 -99.000 -99.000 -99.000 -99.000 -9999.0 -9999.0 -9999.0 -9999.0 -9999.0
53968 20170606  2.424  -95.72   31.78    31.2    20.6    25.9    24.9     0.0    23.30 C    49.0    20.6    29.5    93.0    44.3    73.7 -99.000 -99.000 -99.000 -99.000 -99.000 -9999.0 -9999.0 -9999.0 -9999.0 -9999.0
53968 20170607  2.424  -95.72   31.78    31.2    20.2    25.7    25.8     0.0    26.26 C    52.7    19.8    31.0    87.3    43.2    63.6 -99.000 -99.000 -99.000 -99.000 -99.000 -9999.0 -9999.0 -9999.0 -9999.0 -9999.0
53968 20170608  2.424  -95.72   31.78    29.6    18.4    24.0    24.1     0.0    26.52 C    51.6    18.2    29.8    76.9    37.6    55.6 -99.000 -99.000 -99.000 -99.000 -99.000 -9999.0 -9999.0 -9999.0 -9999.0 -9999.0
53968 20170609  2.424  -95.72   31.78    24.4    19.2    21.8    21.7     6.2    10.11 C    31.9    18.5    23.5    89.9    61.3    75.1 -99.000 -99.000 -99.000 -99.000 -99.000 -9999.0 -9999.0 -9999.0 -9999.0 -9999.0
53968 20170610  2.424  -95.72   31.78    29.9    20.1    25.0    24.9     0.0    25.24 C    43.8    19.7    28.1    85.3    46.5    66.8 -99.000 -99.000 -99.000 -99.000 -99.000 -9999.0 -9999.0 -9999.0 -9999.0 -9999.0
53968 20170611  2.424  -95.72   31.78    31.7    21.3    26.5    26.4     0.0    27.29 C    49.6    20.8    31.3    90.0    47.4    68.3 -99.000 -99.000 -99.000 -99.000 -99.000 -9999.0 -9999.0 -9999.0 -9999.0 -9999.0
53968 20170612  2.424  -95.72   31.78    32.2    23.8    28.0    27.4     0.0    25.00 C    50.4    23.2    32.6    90.0    49.0    73.1 -99.000 -99.000 -99.000 -99.000 -99.000 -9999.0 -9999.0 -9999.0 -9999.0 -9999.0
53968 20170613  2.424  -95.72   31.78    32.4    24.6    28.5    27.6     0.0    21.66 C    49.2    24.2    31.7    86.0    49.9    71.5 -99.000 -99.000 -99.000 -99.000 -99.000 -9999.0 -9999.0 -9999.0 -9999.0 -9999.0
53968 20170614  2.424  -95.72   31.78    32.6    24.4    28.5    28.1     0.0    21.05 C    50.8    24.1    32.3    90.1    47.1    70.8 -99.000 -99.000 -99.000 -99.000 -99.000 -9999.0 -9999.0 -9999.0 -9999.0 -9999.0
53968 20170615  2.424  -95.72   31.78    32.6    23.7    28.1    27.8     0.0    24.49 C    50.8    23.1    32.7    89.3    51.0    71.4 -99.000 -99.000 -99.000 -99.000 -99.000 -9999.0 -9999.0 -9999.0 -9999.0 -9999.0
53968 20170616  2.424  -95.72   31.78    32.6    23.9    28.2    27.8     0.0    23.82 C    51.3    23.5    32.1    86.6    49.7    69.0 -99.000 -99.000 -99.000 -99.000 -99.000 -9999.0 -9999.0 -9999.0 -9999.0 -9999.0
53968 20170617  2.424  -95.72   31.78    32.5    24.2    28.3    27.8     0.0    20.06 C    50.0    23.2    31.2    85.2    54.0    71.3 -99.000 -99.000 -99.000 -99.000 -99.000 -9999.0 -9999.0 -9999.0 -9999.0 -9999.0
53968 20170618  2.424  -95.72   31.78    33.0    24.3    28.6    28.4     0.0    24.10 C    50.2    22.8    32.1    86.3    52.9    70.0 -99.000 -99.000 -99.000 -99.000 -99.000 -9999.0 -9999.0 -9999.0 -9999.0 -9999.0
53968 20170619  2.424  -95.72   31.78    31.9    24.2    28.0    26.9     0.0    16.44 C    49.2    22.9    29.7    88.5    50.7    75.5 -99.000 -99.000 -99.000 -99.000 -99.000 -9999.0 -9999.0 -9999.0 -9999.0 -9999.0
53968 20170620  2.424  -95.72   31.78    32.8    23.1    28.0    27.5     0.0    24.50 C    53.4    21.9    32.2    90.1    45.5    68.9 -99.000 -99.000 -99.000 -99.000 -99.000 -9999.0 -9999.0 -9999.0 -9999.0 -9999.0
53968 20170621  2.424  -95.72   31.78    31.2    21.5    26.3    26.5     0.8    20.97 C    50.2    19.4    30.1    85.9    48.4    66.8 -99.000 -99.000 -99.000 -99.000 -99.000 -9999.0 -9999.0 -9999.0 -9999.0 -9999.0
53968 20170622  2.424  -95.72   31.78    27.0    23.4    25.2    25.0     2.1     6.81 C    29.3    23.2    25.6    89.8    78.4    86.1 -99.000 -99.000 -99.000 -99.000 -99.000 -9999.0 -9999.0 -9999.0 -9999.0 -9999.0
53968 20170623  2.424  -95.72   31.78    34.2    24.1    29.2    28.7     0.0    23.19 C    48.6    23.1    31.2    91.7    50.6    74.2 -99.000 -99.000 -99.000 -99.000 -99.000 -9999.0 -9999.0 -9999.0 -9999.0 -9999.0
53968 20170624  2.424  -95.72   31.78    28.1    20.2    24.2    24.3    27.2    13.10 C    34.6    20.3    25.9    91.8    64.1    80.4 -99.000 -99.000 -99.000 -99.000 -99.000 -9999.0 -9999.0 -9999.0 -9999.0 -9999.0
53968 20170625  2.424  -95.72   31.78    28.9    22.6    25.7    24.8     0.0    20.48 C    41.6    21.5    27.4    82.8    57.8    72.7 -99.000 -99.000 -99.000 -99.000 -99.000 -9999.0 -9999.0 -9999.0 -9999.0 -9999.0
53968 20170626  2.424  -95.72   31.78    31.7    20.8    26.3    25.8     0.0    20.88 C    48.6    19.8    29.7    83.4    47.2    69.6 -99.000 -99.000 -99.000 -99.000 -99.000 -9999.0 -9999.0 -9999.0 -9999.0 -9999.0
53968 20170627  2.424  -95.72   31.78    32.4    22.2    27.3    26.5     1.3    25.86 C    53.1    21.2    31.9    89.6    47.3    72.1 -99.000 -99.000 -99.000 -99.000 -99.000 -9999.0 -9999.0 -9999.0 -9999.0 -9999.0
53968 20170628  2.424  -95.72   31.78    31.7    20.9    26.3    26.3     0.0    25.69 C    48.9    20.4    30.5    91.3    47.8    70.4 -99.000 -99.000 -99.000 -99.000 -99.000 -9999.0 -9999.0 -9999.0 -9999.0 -9999.0
53968 20170629  2.424  -95.72   31.78    32.8    21.8    27.3    26.9     0.0    22.80 C    52.7    20.8    31.7    91.1    52.4    74.0 -99.000 -99.000 -99.000 -99.000 -99.000 -9999.0 -9999.0 -9999.0 -9999.0 -9999.0
53968 20170630  2.424  -95.72   31.78    34.8    25.3    30.1    29.5     0.0    27.28 C    54.2    25.2    35.1    84.7    46.4    68.2 -99.000 -99.000 -99.000 -99.000 -99.000 -9999.0 -9999.0 -9999.0 -9999.0 -9999.0
53968 20170701  2.424  -95.72   31.78    31.3    22.8    27.1    27.2     0.0    15.04 C    44.6    24.4    30.8    90.1    57.6    77.2 -99.000 -99.000 -99.000 -99.000 -99.000 -9999.0 -9999.0 -9999.0 -9999.0 -9999.0
53968 20170702  2.424  -95.72   31.78    34.5    23.2    28.9    28.7     0.0    25.01 C    53.7    22.6    33.7    89.5    44.4    67.5 -99.000 -99.000 -99.000 -99.000 -99.000 -9999.0 -9999.0 -9999.0 -9999.0 -9999.0
53968 20170703  2.424  -95.72   31.78    34.5    25.2    29.8    29.1     0.0    26.80 C    55.8    25.0    35.1    84.8    41.2    65.1 -99.000 -99.000 -99.000 -99.000 -99.000 -9999.0 -9999.0 -9999.0 -9999.0 -9999.0
53968 20170704  2.424  -95.72   31.78    32.8    21.1    27.0    27.2     7.7    19.97 C    40.0    21.9    28.9    92.0    54.4    74.6 -99.000 -99.000 -99.000 -99.000 -99.000 -9999.0 -9999.0 -9999.0 -9999.0 -9999.0
53968 20170705  2.424  -95.72   31.78    33.5    24.3    28.9    28.4     0.0    26.37 C    51.0    23.3    32.7    88.1    44.0    67.5 -99.000 -99.000 -99.000 -99.000 -99.000 -9999.0 -9999.0 -9999.0 -9999.0 -9999.0
53968 20170706  2.424  -95.72   31.78    33.8    22.4    28.1    27.1     0.0    22.44 C    54.9    22.5    32.2    87.8    46.5    71.3 -99.000 -99.000 -99.000 -99.000 -99.000 -9999.0 -9999.0 -9999.0 -9999.0 -9999.0
53968 20170707  2.424  -95.72   31.78    34.7    23.1    28.9    28.5     0.0    25.38 C    56.8    22.3    33.8    90.1    44.0    68.7 -99.000 -99.000 -99.000 -99.000 -99.000 -9999.0 -9999.0 -9999.0 -9999.0 -9999.0
53968 20170708  2.424  -95.72   31.78    34.7    22.9    28.8    27.1     8.7    20.56 C    57.3    22.1    30.7    87.0    46.6    71.1 -99.000 -99.000 -99.000 -99.000 -99.000 -9999.0 -9999.0 -9999.0 -9999.0 -9999.0
53968 20170709  2.424  -95.72   31.78    32.8    21.4    27.1    24.5    39.0    13.04 C    42.9    20.2    25.3    91.6    53.5    80.9 -99.000 -99.000 -99.000 -99.000 -99.000 -9999.0 -9999.0 -9999.0 -9999.0 -9999.0
53968 20170710  2.424  -95.72   31.78    31.2    20.7    25.9    25.6     0.0    24.29 C    40.2    19.6    27.2    92.3    46.4    74.2 -99.000 -99.000 -99.000 -99.000 -99.000 -9999.0 -9999.0 -9999.0 -9999.0 -9999.0
53968 20170711  2.424  -95.72   31.78    33.6    22.7    28.2    27.5     0.6    26.76 C    49.9    21.7    31.5    90.4    45.5    71.6 -99.000 -99.000 -99.000 -99.000 -99.000 -9999.0 -9999.0 -9999.0 -9999.0 -9999.0
53968 20170712  2.424  -95.72   31.78    33.6    24.0    28.8    27.9     0.0    26.88 C    57.6    23.3    34.3    89.9    45.4    71.6 -99.000 -99.000 -99.000 -99.000 -99.000 -9999.0 -9999.0 -9999.0 -9999.0 -9999.0
53968 20170713  2.424  -95.72   31.78    34.6    23.6    29.1    28.6     0.0    27.57 C    60.5    22.5    36.1    90.9    40.8    68.0 -99.000 -99.000 -99.000 -99.000 -99.000 -9999.0 -9999.0 -9999.0 -9999.0 -9999.0
53968 20170714  2.424  -95.72   31.78    34.9    23.5    29.2    28.9     0.0    23.35 C    59.2    23.1    35.6    88.4    42.9    67.7 -99.000 -99.000 -99.000 -99.000 -99.000 -9999.0 -9999.0 -9999.0 -9999.0 -9999.0
53968 20170715  2.424  -95.72   31.78    31.4    22.7    27.1    25.5     4.2    10.28 C    47.7    23.3    28.4    92.6    62.1    84.3 -99.000 -99.000 -99.000 -99.000 -99.000 -9999.0 -9999.0 -9999.0 -9999.0 -9999.0
53968 20170716  2.424  -95.72   31.78    33.2    21.8    27.5    25.5     0.0    12.93 C    47.2    22.3    28.4    93.4    51.3    83.2 -99.000 -99.000 -99.000 -99.000 -99.000 -9999.0 -9999.0 -9999.0 -9999.0 -9999.0
53968 20170717  2.424  -95.72   31.78    33.8    22.3    28.1    28.0     0.0    25.96 C    56.8    22.2    34.7    92.5    48.4    71.9 -99.000 -99.000 -99.000 -99.000 -99.000 -9999.0 -9999.0 -9999.0 -9999.0 -9999.0
53968 20170718  2.424  -95.72   31.78    33.9    23.4    28.7    28.6     0.0    23.58 C    60.8    23.7    35.4    89.2    46.2    69.4 -99.000 -99.000 -99.000 -99.000 -99.000 -9999.0 -9999.0 -9999.0 -9999.0 -9999.0
53968 20170719  2.424  -95.72   31.78    34.5    23.9    29.2    29.0     0.0    26.90 C    60.6    23.0    36.5    91.1    44.4    68.1 -99.000 -99.000 -99.000 -99.000 -99.000 -9999.0 -9999.0 -9999.0 -9999.0 -9999.0
53968 20170720  2.424  -95.72   31.78    35.5    23.9    29.7    29.6     0.0    26.74 C    60.9    23.0    36.6    88.7    40.0    63.4 -99.000 -99.000 -99.000 -99.000 -99.000 -9999.0 -9999.0 -9999.0 -9999.0 -9999.0
53968 20170721  2.424  -95.72   31.78    35.6    23.9    29.7    29.6     0.0    26.06 C    59.1    22.2    35.8    86.6    39.2    63.0 -99.000 -99.000 -99.000 -99.000 -99.000 -9999.0 -9999.0 -9999.0 -9999.0 -9999.0
53968 20170722  2.424  -95.72   31.78    35.8    23.9    29.9    29.2     0.0    26.06 C    60.5    22.6    35.7    89.4    41.4    65.6 -99.000 -99.000 -99.000 -99.000 -99.000 -9999.0 -9999.0 -9999.0 -9999.0 -9999.0
53968 20170723  2.424  -95.72   31.78    35.7    24.0    29.9    29.0     0.0    25.85 C    59.0    23.0    35.7    89.4    40.4    66.1 -99.000 -99.000 -99.000 -99.000 -99.000 -9999.0 -9999.0 -9999.0 -9999.0 -9999.0
53968 20170724  2.424  -95.72   31.78    28.3    24.2    26.3    26.2     0.0     8.69 C    36.2    24.1    28.4    86.7    67.8    78.8 -99.000 -99.000 -99.000 -99.000 -99.000 -9999.0 -9999.0 -9999.0 -9999.0 -9999.0
53968 20170725  2.424  -95.72   31.78    35.1    23.0    29.0    29.0     0.0    25.02 C    56.0    21.2    34.4    89.4    36.8    65.6 -99.000 -99.000 -99.000 -99.000 -99.000 -9999.0 -9999.0 -9999.0 -9999.0 -9999.0
53968 20170726  2.424  -95.72   31.78    35.8    24.1    29.9    29.7     0.0    23.94 C    58.4    21.9    35.1    91.5    38.0    65.0 -99.000 -99.000 -99.000 -99.000 -99.000 -9999.0 -9999.0 -9999.0 -9999.0 -9999.0
53968 20170727  2.424  -95.72   31.78    36.2    23.7    30.0    29.8     0.0    26.90 C    58.4    22.4    35.9    89.2    36.2    61.0 -99.000 -99.000 -99.000 -99.000 -99.000 -9999.0 -9999.0 -9999.0 -9999.0 -9999.0
53968 20170728  2.424  -95.72   31.78    37.4    23.8    30.6    30.4     0.0    26.73 C    59.9    22.1    36.5    86.4    30.3    57.4 -99.000 -99.000 -99.000 -99.000 -99.000 -9999.0 -9999.0 -9999.0 -9999.0 -9999.0
53968 20170729  2.424  -95.72   31.78    35.8    24.9    30.3    29.7     0.0    18.29 C    58.7    23.6    34.0    79.9    41.9    62.6 -99.000 -99.000 -99.000 -99.000 -99.000 -9999.0 -9999.0 -9999.0 -9999.0 -9999.0
53968 20170730  2.424  -95.72   31.78    34.5    23.7    29.1    28.5     0.0    25.83 C    59.2    20.8    34.4    81.4    30.2    52.9 -99.000 -99.000 -99.000 -99.000 -99.000 -9999.0 -9999.0 -9999.0 -9999.0 -9999.0
53968 20170731  2.424  -95.72   31.78    33.8    19.9    26.9    26.8     0.0    25.39 C    59.8    17.6    32.9    75.5    33.3    55.0 -99.000 -99.000 -99.000 -99.000 -99.000 -9999.0 -9999.0 -9999.0 -9999.0 -9999.0
53968 20170801  2.424  -95.72   31.78    34.7    21.3    28.0    28.3     0.0    19.16 C    59.9    20.6    33.6    84.0    31.5    56.7 -99.000 -99.000 -99.000 -99.000 -99.000 -9999.0 -9999.0 -9999.0 -9999.0 -9999.0
53968 20170802  2.424  -95.72   31.78    26.0    22.5    24.2    23.5    48.7     5.32 C    28.8    22.9    24.5    91.8    68.7    88.3 -99.000 -99.000 -99.000 -99.000 -99.000 -9999.0 -9999.0 -9999.0 -9999.0 -9999.0
53968 20170803  2.424  -95.72   31.78    31.5    22.6    27.0    25.9     0.0    18.77 C    45.7    22.7    29.2    92.3    46.9    75.7 -99.000 -99.000 -99.000 -99.000 -99.000 -9999.0 -9999.0 -9999.0 -9999.0 -9999.0
53968 20170804  2.424  -95.72   31.78    33.9    21.8    27.8    27.6     0.0    23.73 C    53.2    21.1    32.3    91.7    41.3    68.6 -99.000 -99.000 -99.000 -99.000 -99.000 -9999.0 -9999.0 -9999.0 -9999.0 -9999.0
53968 20170805  2.424  -95.72   31.78    34.4    23.3    28.9    28.1     0.0    24.19 C    56.1    22.7    34.0    90.1    44.3    70.2 -99.000 -99.000 -99.000 -99.000 -99.000 -9999.0 -9999.0 -9999.0 -9999.0 -9999.0
53968 20170806  2.424  -95.72   31.78    35.6    24.9    30.2    29.0     0.0    22.66 C    57.4    24.4    34.5    90.0    38.3    69.3 -99.000 -99.000 -99.000 -99.000 -99.000 -9999.0 -9999.0 -9999.0 -9999.0 -9999.0
53968 20170807  2.424  -95.72   31.78    28.8    24.5    26.6    26.5     0.0    10.16 C    40.0    24.7    30.1    88.7    63.8    78.5 -99.000 -99.000 -99.000 -99.000 -99.000 -9999.0 -9999.0 -9999.0 -9999.0 -9999.0
53968 20170808  2.424  -95.72   31.78    31.1    23.3    27.2    26.2     0.0    17.07 C    57.5    21.8    30.6    90.5    55.5    76.1 -99.000 -99.000 -99.000 -99.000 -99.000 -9999.0 -9999.0 -9999.0 -9999.0 -9999.0
53968 20170809  2.424  -95.72   31.78    29.1    23.2    26.1    25.1     1.4    12.68 C    43.1    21.4    26.5    90.0    67.7    84.5 -99.000 -99.000 -99.000 -99.000 -99.000 -9999.0 -9999.0 -9999.0 -9999.0 -9999.0
53968 20170810  2.424  -95.72   31.78    33.4    24.2    28.8    28.3     0.0    19.21 C    52.3    21.9    31.6    93.1    47.6    74.0 -99.000 -99.000 -99.000 -99.000 -99.000 -9999.0 -9999.0 -9999.0 -9999.0 -9999.0
53968 20170811  2.424  -95.72   31.78    35.3    24.5    29.9    29.5     0.0    22.32 C    57.3    21.9    33.5    89.3    42.1    66.8 -99.000 -99.000 -99.000 -99.000 -99.000 -9999.0 -9999.0 -9999.0 -9999.0 -9999.0
53968 20170812  2.424  -95.72   31.78    36.8    24.6    30.7    30.2     0.0    26.01 C    60.2    22.4    35.6    87.4    38.0    64.4 -99.000 -99.000 -99.000 -99.000 -99.000 -9999.0 -9999.0 -9999.0 -9999.0 -9999.0
53968 20170813  2.424  -95.72   31.78    34.5    25.6    30.0    28.3     0.0    16.90 C    56.4    23.8    31.9    86.8    46.8    72.0 -99.000 -99.000 -99.000 -99.000 -99.000 -9999.0 -9999.0 -9999.0 -9999.0 -9999.0
53968 20170814  2.424  -95.72   31.78    35.6    25.6    30.6    29.8     0.0    19.20 C    55.5    23.5    33.1    85.7    35.9    62.8 -99.000 -99.000 -99.000 -99.000 -99.000 -9999.0 -9999.0 -9999.0 -9999.0 -9999.0
53968 20170815  2.424  -95.72   31.78    36.0    25.6    30.8    30.0     0.0    24.45 C    57.7    23.3    34.9    84.1    35.9    61.1 -99.000 -99.000 -99.000 -99.000 -99.000 -9999.0 -9999.0 -9999.0 -9999.0 -9999.0
53968 20170816  2.424  -95.72   31.78    36.7    24.9    30.8    30.3     0.0    22.69 C    57.9    22.9    34.5    89.6    36.3    63.5 -99.000 -99.000 -99.000 -99.000 -99.000 -9999.0 -9999.0 -9999.0 -9999.0 -9999.0
53968 20170817  2.424  -95.72   31.78    33.1    24.0    28.5    28.4     0.0    13.86 C    51.7    25.0    31.2    83.2    55.5    73.0 -99.000 -99.000 -99.000 -99.000 -99.000 -9999.0 -9999.0 -9999.0 -9999.0 -9999.0
53968 20170818  2.424  -95.72   31.78    36.8    24.3    30.6    30.0     0.0    23.21 C    61.1    22.5    35.1    84.2    33.8    60.6 -99.000 -99.000 -99.000 -99.000 -99.000 -9999.0 -9999.0 -9999.0 -9999.0 -9999.0
53968 20170819  2.424  -95.72   31.78    36.9    24.0    30.5    30.3     0.0    20.51 C    62.4    22.3    34.6    85.5    33.7    59.2 -99.000 -99.000 -99.000 -99.000 -99.000 -9999.0 -9999.0 -9999.0 -9999.0 -9999.0
53968 20170820  2.424  -95.72   31.78    36.9    23.7    30.3    29.9     0.0    22.96 C    62.0    22.0    35.2    86.3    33.8    60.1 -99.000 -99.000 -99.000 -99.000 -99.000 -9999.0 -9999.0 -9999.0 -9999.0 -9999.0
53968 20170821  2.424  -95.72   31.78    35.1    23.7    29.4    28.9     0.0    18.73 C    55.8    22.1    32.9    89.6    34.9    65.0 -99.000 -99.000 -99.000 -99.000 -99.000 -9999.0 -9999.0 -9999.0 -9999.0 -9999.0
53968 20170822  2.424  -95.72   31.78    36.3    22.2    29.2    29.0     0.0    21.65 C    61.2    20.6    33.9    90.8    33.2    61.2 -99.000 -99.000 -99.000 -99.000 -99.000 -9999.0 -9999.0 -9999.0 -9999.0 -9999.0
53968 20170823  2.424  -95.72   31.78    36.1    23.2    29.6    28.2     0.0    18.28 C    60.5    21.9    33.0    83.4    37.2    63.8 -99.000 -99.000 -99.000 -99.000 -99.000 -9999.0 -9999.0 -9999.0 -9999.0 -9999.0
53968 20170824  2.424  -95.72   31.78    34.7    23.4    29.0    27.6     0.0    19.35 C    56.8    23.4    32.4    83.6    43.0    67.9 -99.000 -99.000 -99.000 -99.000 -99.000 -9999.0 -9999.0 -9999.0 -9999.0 -9999.0
53968 20170825  2.424  -95.72   31.78    32.2    23.6    27.9    26.7     0.0    14.02 C    48.9    22.4    29.3    80.3    51.7    65.2 -99.000 -99.000 -99.000 -99.000 -99.000 -9999.0 -9999.0 -9999.0 -9999.0 -9999.0
53968 20170826  2.424  -95.72   31.78    24.7    22.9    23.8    23.9    12.6     2.23 C    24.6    21.7    23.3    90.1    65.0    83.4 -99.000 -99.000 -99.000 -99.000 -99.000 -9999.0 -9999.0 -9999.0 -9999.0 -9999.0
53968 20170827  2.424  -95.72   31.78    24.1    19.7    21.9    22.3    20.2     2.47 C    23.6    19.4    21.7    90.0    83.5    87.5 -99.000 -99.000 -99.000 -99.000 -99.000 -9999.0 -9999.0 -9999.0 -9999.0 -9999.0
53968 20170828  2.424  -95.72   31.78    24.8    19.8    22.3    22.0     9.2     6.20 C    26.6    19.4    21.4    89.8    68.6    82.1 -99.000 -99.000 -99.000 -99.000 -99.000 -9999.0 -9999.0 -9999.0 -9999.0 -9999.0
53968 20170829  2.424  -95.72   31.78    29.3    21.0    25.1    24.3     0.0    15.05 C    36.2    19.3    23.6    83.4    50.4    69.0 -99.000 -99.000 -99.000 -99.000 -99.000 -9999.0 -9999.0 -9999.0 -9999.0 -9999.0
53968 20170830  2.424  -95.72   31.78    27.8    21.5    24.6    24.6     0.0     8.59 C    32.0    19.4    23.5    77.8    54.8    66.4 -99.000 -99.000 -99.000 -99.000 -99.000 -9999.0 -9999.0 -9999.0 -9999.0 -9999.0
53968 20170831  2.424  -95.72   31.78    32.5    20.9    26.7    26.2     0.0    22.62 C    50.5    18.6    28.9    85.2    36.7    61.3 -99.000 -99.000 -99.000 -99.000 -99.000 -9999.0 -9999.0 -9999.0 -9999.0 -9999.0
53968 20170901  2.424  -95.72   31.78    32.0    19.2    25.6    25.6     0.0    21.30 C    54.4    18.2    30.0    89.3    38.2    65.3 -99.000 -99.000 -99.000 -99.000 -99.000 -9999.0 -9999.0 -9999.0 -9999.0 -9999.0
53968 20170902  2.424  -95.72   31.78    32.8    20.9    26.9    26.7     0.0    21.32 C    53.7    19.2    31.0    86.4    39.5    64.6 -99.000 -99.000 -99.000 -99.000 -99.000 -9999.0 -9999.0 -9999.0 -9999.0 -9999.0
53968 20170903  2.424  -95.72   31.78    32.9    21.6    27.2    27.1     0.0    22.27 C    54.6    20.1    31.8    80.5    40.0    61.9 -99.000 -99.000 -99.000 -99.000 -99.000 -9999.0 -9999.0 -9999.0 -9999.0 -9999.0
53968 20170904  2.424  -95.72   31.78    32.6    21.0    26.8    26.2     0.0    21.92 C    54.1    20.1    31.2    89.0    40.1    65.8 -99.000 -99.000 -99.000 -99.000 -99.000 -9999.0 -9999.0 -9999.0 -9999.0 -9999.0
53968 20170905  2.424  -95.72   31.78    34.3    20.8    27.5    26.7     4.1    19.65 C    56.3    19.7    31.1    91.3    39.6    66.9 -99.000 -99.000 -99.000 -99.000 -99.000 -9999.0 -9999.0 -9999.0 -9999.0 -9999.0
53968 20170906  2.424  -95.72   31.78    29.1    16.1    22.6    23.1     0.0    24.46 C    43.7    14.9    25.7    75.0    18.4    45.3 -99.000 -99.000 -99.000 -99.000 -99.000 -9999.0 -9999.0 -9999.0 -9999.0 -9999.0
53968 20170907  2.424  -95.72   31.78    27.9    13.1    20.5    20.5     0.0    24.21 C    49.5    12.4    25.6    75.2    30.0    51.2 -99.000 -99.000 -99.000 -99.000 -99.000 -9999.0 -9999.0 -9999.0 -9999.0 -9999.0
53968 20170908  2.424  -95.72   31.78    28.1    13.0    20.5    20.9     0.0    23.85 C    50.0    12.7    26.2    83.9    33.5    57.1 -99.000 -99.000 -99.000 -99.000 -99.000 -9999.0 -9999.0 -9999.0 -9999.0 -9999.0
53968 20170909  2.424  -95.72   31.78    29.4    14.0    21.7    22.0     0.0    22.79 C    49.8    13.8    26.6    83.9    32.6    56.8 -99.000 -99.000 -99.000 -99.000 -99.000 -9999.0 -9999.0 -9999.0 -9999.0 -9999.0
53968 20170910  2.424  -95.72   31.78    29.1    16.4    22.7    22.8     0.0    19.89 C    51.6    15.6    26.3    77.9    32.8    54.7 -99.000 -99.000 -99.000 -99.000 -99.000 -9999.0 -9999.0 -9999.0 -9999.0 -9999.0
53968 20170911  2.424  -95.72   31.78    28.5    15.1    21.8    22.1     0.0    23.44 C    48.8    14.7    26.4    77.5    29.7    51.9 -99.000 -99.000 -99.000 -99.000 -99.000 -9999.0 -9999.0 -9999.0 -9999.0 -9999.0
53968 20170912  2.424  -95.72   31.78    30.0    11.0    20.5    20.5     0.0    20.00 C    48.7    11.6    24.7    89.1    22.0    60.0 -99.000 -99.000 -99.000 -99.000 -99.000 -9999.0 -9999.0 -9999.0 -9999.0 -9999.0
53968 20170913  2.424  -95.72   31.78    30.6    15.3    23.0    22.6     0.0    17.19 C    50.8    14.8    25.8    85.0    24.4    54.5 -99.000 -99.000 -99.000 -99.000 -99.000 -9999.0 -9999.0 -9999.0 -9999.0 -9999.0
53968 20170914  2.424  -95.72   31.78    33.4    19.4    26.4    25.6     0.0    21.94 C    51.6    17.5    29.8    90.4    34.0    63.2 -99.000 -99.000 -99.000 -99.000 -99.000 -9999.0 -9999.0 -9999.0 -9999.0 -9999.0
53968 20170915  2.424  -95.72   31.78    32.3    20.9    26.6    25.9     0.0    20.64 C    51.5    19.9    30.2    90.7    42.0    67.1 -99.000 -99.000 -99.000 -99.000 -99.000 -9999.0 -9999.0 -9999.0 -9999.0 -9999.0
53968 20170916  2.424  -95.72   31.78    32.7    20.8    26.8    26.2     0.0    19.27 C    53.7    19.4    30.2    91.4    41.9    68.0 -99.000 -99.000 -99.000 -99.000 -99.000 -9999.0 -9999.0 -9999.0 -9999.0 -9999.0
53968 20170917  2.424  -95.72   31.78    33.4    20.9    27.1    26.4     0.0    19.21 C    52.5    20.0    30.1    88.4    35.0    62.4 -99.000 -99.000 -99.000 -99.000 -99.000 -9999.0 -9999.0 -9999.0 -9999.0 -9999.0
53968 20170918  2.424  -95.72   31.78    32.5    22.7    27.6    26.1     0.0    15.61 C    54.1    21.8    30.4    93.4    50.0    76.7 -99.000 -99.000 -99.000 -99.000 -99.000 -9999.0 -9999.0 -9999.0 -9999.0 -9999.0
53968 20170919  2.424  -95.72   31.78    33.8    22.7    28.2    27.2     0.0    14.39 C    50.7    22.3    30.8    91.6    46.0    73.6 -99.000 -99.000 -99.000 -99.000 -99.000 -9999.0 -9999.0 -9999.0 -9999.0 -9999.0
53968 20170920  2.424  -95.72   31.78    34.8    24.4    29.6    28.4     0.0    18.11 C    52.0    23.5    32.1    89.0    40.7    68.3 -99.000 -99.000 -99.000 -99.000 -99.000 -9999.0 -9999.0 -9999.0 -9999.0 -9999.0
53968 20170921  2.424  -95.72   31.78    34.7    23.6    29.2    27.4     0.0    18.32 C    55.5    23.0    32.3    88.2    40.9    73.1 -99.000 -99.000 -99.000 -99.000 -99.000 -9999.0 -9999.0 -9999.0 -9999.0 -9999.0
53968 20170922  2.424  -95.72   31.78    33.4    22.6    28.0    26.6     0.0    17.12 C    52.4    21.7    30.8    92.9    41.2    71.1 -99.000 -99.000 -99.000 -99.000 -99.000 -9999.0 -9999.0 -9999.0 -9999.0 -9999.0
53968 20170923  2.424  -95.72   31.78    34.3    20.0    27.1    26.9     0.0    19.85 C    54.4    19.5    31.1    91.0    37.0    66.0 -99.000 -99.000 -99.000 -99.000 -99.000 -9999.0 -9999.0 -9999.0 -9999.0 -9999.0
53968 20170924  2.424  -95.72   31.78    33.2    21.1    27.1    26.5     0.0    17.20 C    51.0    20.0    30.1    91.5    38.4    65.9 -99.000 -99.000 -99.000 -99.000 -99.000 -9999.0 -9999.0 -9999.0 -9999.0 -9999.0
53968 20170925  2.424  -95.72   31.78    33.3    20.0    26.6    26.0     0.0    17.25 C    52.4    19.5    29.4    91.3    39.2    67.0 -99.000 -99.000 -99.000 -99.000 -99.000 -9999.0 -9999.0 -9999.0 -9999.0 -9999.0
53968 20170926  2.424  -95.72   31.78    33.1    19.7    26.4    26.4     0.0    16.14 C    54.3    19.6    29.9    89.7    40.0    64.2 -99.000 -99.000 -99.000 -99.000 -99.000 -9999.0 -9999.0 -9999.0 -9999.0 -9999.0
53968 20170927  2.424  -95.72   31.78    32.8    23.4    28.1    27.4     0.0    13.15 C    53.8    23.6    30.9    74.6    40.6    60.5 -99.000 -99.000 -99.000 -99.000 -99.000 -9999.0 -9999.0 -9999.0 -9999.0 -9999.0
53968 20170928  2.424  -95.72   31.78    33.8    22.5    28.2    25.4    10.1    10.59 C    53.7    22.9    28.2    92.1    40.6    77.1 -99.000 -99.000 -99.000 -99.000 -99.000 -9999.0 -9999.0 -9999.0 -9999.0 -9999.0
53968 20170929  2.424  -95.72   31.78    30.8    20.6    25.7    24.5     0.0    17.19 C    39.3    20.0    25.8    92.0    30.2    57.4 -99.000 -99.000 -99.000 -99.000 -99.000 -9999.0 -9999.0 -9999.0 -9999.0 -9999.0
53968 20170930  2.424  -95.72   31.78    31.0    17.8    24.4    23.8     0.0    20.57 C    46.7    16.7    26.3    69.8    22.3    46.7 -99.000 -99.000 -99.000 -99.000 -99.000 -9999.0 -9999.0 -9999.0 -9999.0 -9999.0
53968 20171001  2.424  -95.72   31.78    31.7    16.0    23.9    24.1     0.0    18.72 C    50.4    15.1    26.8    73.7    36.5    53.5 -99.000 -99.000 -99.000 -99.000 -99.000 -9999.0 -9999.0 -9999.0 -9999.0 -9999.0
53968 20171002  2.424  -95.72   31.78    31.4    21.8    26.6    25.9     0.0    17.81 C    49.7    20.2    29.4    87.3    43.2    67.4 -99.000 -99.000 -99.000 -99.000 -99.000 -9999.0 -9999.0 -9999.0 -9999.0 -9999.0
53968 20171003  2.424  -95.72   31.78    27.6    23.4    25.5    24.7    32.0     5.51 C    33.1    23.3    25.4    90.8    79.7    87.4 -99.000 -99.000 -99.000 -99.000 -99.000 -9999.0 -9999.0 -9999.0 -9999.0 -9999.0
53968 20171004  2.424  -95.72   31.78    31.4    22.2    26.8    25.8     0.0    19.78 C    38.1    20.4    26.9    90.4    36.5    65.6 -99.000 -99.000 -99.000 -99.000 -99.000 -9999.0 -9999.0 -9999.0 -9999.0 -9999.0
53968 20171005  2.424  -95.72   31.78    30.2    20.0    25.1    24.6     0.0    19.19 C    44.8    19.0    26.9    80.7    39.1    60.7 -99.000 -99.000 -99.000 -99.000 -99.000 -9999.0 -9999.0 -9999.0 -9999.0 -9999.0
53968 20171006  2.424  -95.72   31.78    30.3    17.2    23.7    23.6     0.0    19.13 C    47.3    16.9    26.9    89.1    39.1    64.0 -99.000 -99.000 -99.000 -99.000 -99.000 -9999.0 -9999.0 -9999.0 -9999.0 -9999.0
53968 20171007  2.424  -95.72   31.78    32.4    17.1    24.8    24.2     0.0    17.96 C    51.6    16.5    27.6    89.0    39.4    66.7 -99.000 -99.000 -99.000 -99.000 -99.000 -9999.0 -9999.0 -9999.0 -9999.0 -9999.0
53968 20171008  2.424  -95.72   31.78    31.6    18.4    25.0    24.6     0.0    18.64 C    50.6    18.0    28.6    91.6    36.7    68.9 -99.000 -99.000 -99.000 -99.000 -99.000 -9999.0 -9999.0 -9999.0 -9999.0 -9999.0
53968 20171009  2.424  -95.72   31.78    32.7    21.3    27.0    26.1     0.0    16.61 C    49.4    19.3    29.3    87.7    45.4    72.0 -99.000 -99.000 -99.000 -99.000 -99.000 -9999.0 -9999.0 -9999.0 -9999.0 -9999.0
53968 20171010  2.424  -95.72   31.78    25.1    15.1    20.1    19.2     0.0    18.25 C    43.3    15.2    24.4    85.8    43.5    60.0 -99.000 -99.000 -99.000 -99.000 -99.000 -9999.0 -9999.0 -9999.0 -9999.0 -9999.0
53968 20171011  2.424  -95.72   31.78    25.7    10.4    18.0    17.5     0.0    18.71 C    44.9    11.8    22.8    76.3    31.9    55.2 -99.000 -99.000 -99.000 -99.000 -99.000 -9999.0 -9999.0 -9999.0 -9999.0 -9999.0
53968 20171012  2.424  -95.72   31.78    30.3    13.0    21.7    22.0     0.0    18.08 C    48.6    13.9    26.1    84.5    36.7    62.2 -99.000 -99.000 -99.000 -99.000 -99.000 -9999.0 -9999.0 -9999.0 -9999.0 -9999.0
53968 20171013  2.424  -95.72   31.78    32.1    20.7    26.4    25.7     0.0    17.81 C    49.0    19.0    28.5    88.7    42.2    68.2 -99.000 -99.000 -99.000 -99.000 -99.000 -9999.0 -9999.0 -9999.0 -9999.0 -9999.0
53968 20171014  2.424  -95.72   31.78    31.7    20.8    26.3    25.8     0.0    17.22 C    48.0    18.8    28.5    91.1    45.0    71.4 -99.000 -99.000 -99.000 -99.000 -99.000 -9999.0 -9999.0 -9999.0 -9999.0 -9999.0
53968 20171015  2.424  -95.72   31.78    25.3    15.2    20.2    21.2     0.0    11.44 C    39.2    12.9    23.0    90.9    30.5    63.7 -99.000 -99.000 -99.000 -99.000 -99.000 -9999.0 -9999.0 -9999.0 -9999.0 -9999.0
53968 20171016  2.424  -95.72   31.78    23.6     9.5    16.6    16.4     0.0    19.09 C    43.0     7.8    19.6    68.8    24.1    46.3 -99.000 -99.000 -99.000 -99.000 -99.000 -9999.0 -9999.0 -9999.0 -9999.0 -9999.0
53968 20171017  2.424  -95.72   31.78    25.2     6.9    16.0    15.6     0.0    19.17 C    43.7     5.4    18.6    76.9    20.4    48.5 -99.000 -99.000 -99.000 -99.000 -99.000 -9999.0 -9999.0 -9999.0 -9999.0 -9999.0
53968 20171018  2.424  -95.72   31.78    27.1     5.9    16.5    16.8     0.0    18.50 C    43.5     5.3    19.4    86.5    26.8    56.9 -99.000 -99.000 -99.000 -99.000 -99.000 -9999.0 -9999.0 -9999.0 -9999.0 -9999.0
53968 20171019  2.424  -95.72   31.78    27.9    12.5    20.2    20.3     0.0    15.63 C    46.0    10.6    22.6    91.6    34.8    64.0 -99.000 -99.000 -99.000 -99.000 -99.000 -9999.0 -9999.0 -9999.0 -9999.0 -9999.0
53968 20171020  2.424  -95.72   31.78    27.4    18.3    22.9    22.2     0.0    10.85 C    43.7    16.1    23.9    81.9    54.2    69.6 -99.000 -99.000 -99.000 -99.000 -99.000 -9999.0 -9999.0 -9999.0 -9999.0 -9999.0
53968 20171021  2.424  -95.72   31.78    31.1    21.0    26.1    25.2     0.0    10.14 C    43.7    20.2    26.5    90.0    47.8    72.6 -99.000 -99.000 -99.000 -99.000 -99.000 -9999.0 -9999.0 -9999.0 -9999.0 -9999.0
53968 20171022  2.424  -95.72   31.78    24.8    10.4    17.6    18.3    39.5    11.99 C    29.7     9.7    18.3    89.6    35.2    71.4 -99.000 -99.000 -99.000 -99.000 -99.000 -9999.0 -9999.0 -9999.0 -9999.0 -9999.0
53968 20171023  2.424  -95.72   31.78    26.5     6.9    16.7    15.8     0.0    17.59 C    33.7     7.6    16.9    90.4    22.0    62.2 -99.000 -99.000 -99.000 -99.000 -99.000 -9999.0 -9999.0 -9999.0 -9999.0 -9999.0
53968 20171024  2.424  -95.72   31.78    22.6     6.9    14.8    16.1     0.0    17.85 C    32.7     5.2    15.6    65.5    13.0    36.2 -99.000 -99.000 -99.000 -99.000 -99.000 -9999.0 -9999.0 -9999.0 -9999.0 -9999.0
53968 20171025  2.424  -95.72   31.78    24.5     3.6    14.0    13.7     0.0    17.64 C    38.7     3.2    15.7    82.7    15.1    48.3 -99.000 -99.000 -99.000 -99.000 -99.000 -9999.0 -9999.0 -9999.0 -9999.0 -9999.0
53968 20171026  2.424  -95.72   31.78    27.3    10.6    18.9    18.9     0.0    17.29 C    39.2     8.1    19.3    62.6    22.8    43.9 -99.000 -99.000 -99.000 -99.000 -99.000 -9999.0 -9999.0 -9999.0 -9999.0 -9999.0
53968 20171027  2.424  -95.72   31.78    18.7     2.6    10.6    11.9     0.0    11.84 C    29.5     2.1    13.8    81.2    29.3    55.9 -99.000 -99.000 -99.000 -99.000 -99.000 -9999.0 -9999.0 -9999.0 -9999.0 -9999.0
53968 20171028  2.424  -95.72   31.78    14.5    -0.3     7.1     6.2     0.0    16.33 C    30.4     0.0     9.3    82.8    21.8    53.4 -99.000 -99.000 -99.000 -99.000 -99.000 -9999.0 -9999.0 -9999.0 -9999.0 -9999.0
53968 20171029  2.424  -95.72   31.78    22.7    -0.9    10.9    10.9     0.0    16.87 C    34.8    -0.4    12.8    81.1    12.9    42.6 -99.000 -99.000 -99.000 -99.000 -99.000 -9999.0 -9999.0 -9999.0 -9999.0 -9999.0
53968 20171030  2.424  -95.72   31.78    24.7     7.2    15.9    15.7     0.0    16.57 C    39.3     4.6    17.0    66.1    20.5    45.4 -99.000 -99.000 -99.000 -99.000 -99.000 -9999.0 -9999.0 -9999.0 -9999.0 -9999.0
53968 20171031  2.424  -95.72   31.78    17.2    11.3    14.2    13.7     7.6     5.43 C    27.7     9.4    15.4    92.0    47.2    66.4 -99.000 -99.000 -99.000 -99.000 -99.000 -9999.0 -9999.0 -9999.0 -9999.0 -9999.0
53968 20171101  2.424  -95.72   31.78    23.2    13.2    18.2    17.9    18.2     9.81 C    28.1    14.8    18.4    93.4    62.8    85.7 -99.000 -99.000 -99.000 -99.000 -99.000 -9999.0 -9999.0 -9999.0 -9999.0 -9999.0
53968 20171102  2.424  -95.72   31.78    29.0    20.5    24.7    24.2     0.0    12.16 C    32.1    18.4    23.0    91.0    53.8    76.6 -99.000 -99.000 -99.000 -99.000 -99.000 -9999.0 -9999.0 -9999.0 -9999.0 -9999.0
53968 20171103  2.424  -95.72   31.78    30.2    19.2    24.7    23.9     0.0    10.75 C    39.2    18.0    23.7    92.0    51.3    78.3 -99.000 -99.000 -99.000 -99.000 -99.000 -9999.0 -9999.0 -9999.0 -9999.0 -9999.0
53968 20171104  2.424  -95.72   31.78    28.8    21.0    24.9    24.0     0.0     8.13 C    36.0    19.2    23.6    88.1    52.5    76.1 -99.000 -99.000 -99.000 -99.000 -99.000 -9999.0 -9999.0 -9999.0 -9999.0 -9999.0
53968 20171105  2.424  -95.72   31.78    28.3    21.5    24.9    23.9     0.0     8.94 C    37.0    18.9    23.6    86.8    57.7    76.6 -99.000 -99.000 -99.000 -99.000 -99.000 -9999.0 -9999.0 -9999.0 -9999.0 -9999.0
53968 20171106  2.424  -95.72   31.78    30.0    20.0    25.0    24.3     0.0    13.87 C    42.4    17.9    25.3    85.2    47.8    71.0 -99.000 -99.000 -99.000 -99.000 -99.000 -9999.0 -9999.0 -9999.0 -9999.0 -9999.0
53968 20171107  2.424  -95.72   31.78    20.5    11.1    15.8    17.0     0.0     5.78 C    31.8    12.4    19.8    88.1    60.3    75.3 -99.000 -99.000 -99.000 -99.000 -99.000 -9999.0 -9999.0 -9999.0 -9999.0 -9999.0
53968 20171108  2.424  -95.72   31.78    11.1     9.6    10.3    10.1    23.2     1.46 C    14.2    11.6    12.7    91.0    69.7    84.7 -99.000 -99.000 -99.000 -99.000 -99.000 -9999.0 -9999.0 -9999.0 -9999.0 -9999.0
53968 20171109  2.424  -95.72   31.78    15.4     7.1    11.2    10.8     0.0     7.89 C    22.8     7.7    13.1    90.3    56.9    79.5 -99.000 -99.000 -99.000 -99.000 -99.000 -9999.0 -9999.0 -9999.0 -9999.0 -9999.0
53968 20171110  2.424  -95.72   31.78    19.1     3.8    11.4    11.9     0.0    14.17 C    26.9     5.6    13.7    92.3    35.6    67.1 -99.000 -99.000 -99.000 -99.000 -99.000 -9999.0 -9999.0 -9999.0 -9999.0 -9999.0
53968 20171111  2.424  -95.72   31.78    19.8    12.5    16.1    15.5     0.0     7.33 C    26.2    12.2    16.0    66.5    47.3    58.9 -99.000 -99.000 -99.000 -99.000 -99.000 -9999.0 -9999.0 -9999.0 -9999.0 -9999.0
53968 20171112  2.424  -95.72   31.78    23.4    15.0    19.2    18.2     0.0     7.93 C    33.6    12.7    19.3    85.9    46.7    65.5 -99.000 -99.000 -99.000 -99.000 -99.000 -9999.0 -9999.0 -9999.0 -9999.0 -9999.0
53968 20171113  2.424  -95.72   31.78    20.9    15.3    18.1    17.1     0.0     6.36 C    32.6    14.1    18.0    88.1    66.4    81.6 -99.000 -99.000 -99.000 -99.000 -99.000 -9999.0 -9999.0 -9999.0 -9999.0 -9999.0
53968 20171114  2.424  -95.72   31.78    24.5    14.8    19.6    18.7     0.0    11.56 C    36.9    13.1    20.6    86.8    51.3    71.7 -99.000 -99.000 -99.000 -99.000 -99.000 -9999.0 -9999.0 -9999.0 -9999.0 -9999.0
53968 20171115  2.424  -95.72   31.78    20.9    16.7    18.8    18.7     0.0     3.54 C    24.4    16.4    19.3    88.2    74.7    82.1 -99.000 -99.000 -99.000 -99.000 -99.000 -9999.0 -9999.0 -9999.0 -9999.0 -9999.0
53968 20171116  2.424  -95.72   31.78    23.3    18.0    20.6    20.3     3.2     5.36 C    35.4    17.1    20.3    87.8    72.2    82.4 -99.000 -99.000 -99.000 -99.000 -99.000 -9999.0 -9999.0 -9999.0 -9999.0 -9999.0
53968 20171117  2.424  -95.72   31.78    26.9    19.2    23.0    22.3     0.0     6.62 C    28.2    17.1    20.7    88.4    55.8    74.7 -99.000 -99.000 -99.000 -99.000 -99.000 -9999.0 -9999.0 -9999.0 -9999.0 -9999.0
53968 20171118  2.424  -95.72   31.78    26.6     9.3    17.9    19.6     0.0    10.81 C    31.4     7.1    19.2    80.8    33.4    58.2 -99.000 -99.000 -99.000 -99.000 -99.000 -9999.0 -9999.0 -9999.0 -9999.0 -9999.0
53968 20171119  2.424  -95.72   31.78    17.2     3.4    10.3     9.2     0.0    13.30 C    31.7     3.5    11.3    79.5    22.0    57.0 -99.000 -99.000 -99.000 -99.000 -99.000 -9999.0 -9999.0 -9999.0 -9999.0 -9999.0
53968 20171120  2.424  -95.72   31.78    17.4     1.7     9.5     9.8     0.0    13.37 C    29.0     2.3    11.7    84.7    27.1    58.3 -99.000 -99.000 -99.000 -99.000 -99.000 -9999.0 -9999.0 -9999.0 -9999.0 -9999.0
53968 20171121  2.424  -95.72   31.78    20.3     8.3    14.3    13.8     0.0     6.77 C    30.5     7.1    14.3    88.0    63.7    78.3 -99.000 -99.000 -99.000 -99.000 -99.000 -9999.0 -9999.0 -9999.0 -9999.0 -9999.0
53968 20171122  2.424  -95.72   31.78    15.6     2.1     8.9    10.3     0.0    13.79 C    30.5     1.8    12.7    88.2    33.2    54.5 -99.000 -99.000 -99.000 -99.000 -99.000 -9999.0 -9999.0 -9999.0 -9999.0 -9999.0
53968 20171123  2.424  -95.72   31.78    17.9    -0.6     8.6     8.0     0.0    13.69 C    32.3     0.4    11.2    85.1    22.5    57.1 -99.000 -99.000 -99.000 -99.000 -99.000 -9999.0 -9999.0 -9999.0 -9999.0 -9999.0
53968 20171124  2.424  -95.72   31.78    22.0     4.9    13.5    13.0     0.0    12.36 C    33.9     3.3    13.2    70.4    28.0    48.6 -99.000 -99.000 -99.000 -99.000 -99.000 -9999.0 -9999.0 -9999.0 -9999.0 -9999.0
53968 20171125  2.424  -95.72   31.78    24.7    10.2    17.4    17.0     0.0    12.73 C    36.9     6.8    17.2    78.6    38.4    62.8 -99.000 -99.000 -99.000 -99.000 -99.000 -9999.0 -9999.0 -9999.0 -9999.0 -9999.0
53968 20171126  2.424  -95.72   31.78    22.1    11.6    16.8    15.9     0.0    12.73 C    35.2     7.8    16.1    77.4    31.0    52.0 -99.000 -99.000 -99.000 -99.000 -99.000 -9999.0 -9999.0 -9999.0 -9999.0 -9999.0
53968 20171127  2.424  -95.72   31.78    22.0     7.1    14.6    14.8     0.0    12.92 C    33.9     5.2    15.3    67.9    29.4    44.3 -99.000 -99.000 -99.000 -99.000 -99.000 -9999.0 -9999.0 -9999.0 -9999.0 -9999.0
53968 20171128  2.424  -95.72   31.78    24.5    10.2    17.4    17.0     0.0    13.15 C    33.8     7.4    17.0    81.5    32.5    59.2 -99.000 -99.000 -99.000 -99.000 -99.000 -9999.0 -9999.0 -9999.0 -9999.0 -9999.0
53968 20171129  2.424  -95.72   31.78    20.0     7.0    13.5    15.1     0.0    12.68 C    32.2     5.9    17.1    92.0    32.4    64.8 -99.000 -99.000 -99.000 -99.000 -99.000 -9999.0 -9999.0 -9999.0 -9999.0 -9999.0
53968 20171130  2.424  -95.72   31.78    21.1     2.9    12.0    12.2     0.0    12.81 C    34.0     3.3    13.8    87.4    36.0    63.5 -99.000 -99.000 -99.000 -99.000 -99.000 -9999.0 -9999.0 -9999.0 -9999.0 -9999.0
53968 20171201  2.424  -95.72   31.78    21.8     4.9    13.4    13.2     0.0    12.05 C    33.7     4.6    14.9    89.4    38.6    69.3 -99.000 -99.000 -99.000 -99.000 -99.000 -9999.0 -9999.0 -9999.0 -9999.0 -9999.0
53968 20171202  2.424  -95.72   31.78    24.6    10.6    17.6    16.5     0.0    11.38 C    35.6     8.4    16.6    85.7    42.1    67.2 -99.000 -99.000 -99.000 -99.000 -99.000 -9999.0 -9999.0 -9999.0 -9999.0 -9999.0
53968 20171203  2.424  -95.72   31.78    24.0    12.7    18.4    17.7     0.0     8.24 C    36.0    10.5    18.1    87.8    43.7    71.6 -99.000 -99.000 -99.000 -99.000 -99.000 -9999.0 -9999.0 -9999.0 -9999.0 -9999.0
53968 20171204  2.424  -95.72   31.78    26.8    17.9    22.3    21.5     0.0     6.55 C    34.2    15.9    21.0    88.3    53.2    77.6 -99.000 -99.000 -99.000 -99.000 -99.000 -9999.0 -9999.0 -9999.0 -9999.0 -9999.0
53968 20171205  2.424  -95.72   31.78    21.7     7.6    14.6    12.5    21.6     4.71 C    20.5     8.3    13.1    86.8    31.2    57.5 -99.000 -99.000 -99.000 -99.000 -99.000 -9999.0 -9999.0 -9999.0 -9999.0 -9999.0
53968 20171206  2.424  -95.72   31.78     7.6     4.7     6.2     5.8     2.4     2.19 C    11.1     7.4     8.7    88.8    55.4    76.6 -99.000 -99.000 -99.000 -99.000 -99.000 -9999.0 -9999.0 -9999.0 -9999.0 -9999.0
53968 20171207  2.424  -95.72   31.78     8.9     1.8     5.4     4.9     0.0     4.08 C    11.0     3.1     6.6    89.5    38.0    56.7 -99.000 -99.000 -99.000 -99.000 -99.000 -9999.0 -9999.0 -9999.0 -9999.0 -9999.0
53968 20171208  2.424  -95.72   31.78     6.7    -2.6     2.1     1.5     0.0    12.70 C    17.6    -1.3     4.8    65.2    19.2    43.8 -99.000 -99.000 -99.000 -99.000 -99.000 -9999.0 -9999.0 -9999.0 -9999.0 -9999.0
53968 20171209  2.424  -95.72   31.78    15.6    -3.1     6.2     5.2     0.0    12.62 C    22.6    -1.9     6.4    80.6    23.4    52.9 -99.000 -99.000 -99.000 -99.000 -99.000 -9999.0 -9999.0 -9999.0 -9999.0 -9999.0
53968 20171210  2.424  -95.72   31.78    18.9    -2.5     8.2     7.7     0.0    12.81 C    27.9    -1.7     8.2    85.3    18.5    51.8 -99.000 -99.000 -99.000 -99.000 -99.000 -9999.0 -9999.0 -9999.0 -9999.0 -9999.0
53968 20171211  2.424  -95.72   31.78    24.5     0.8    12.7    11.1     0.0    10.76 C    31.0    -0.1     9.6    80.7    10.0    45.9 -99.000 -99.000 -99.000 -99.000 -99.000 -9999.0 -9999.0 -9999.0 -9999.0 -9999.0
53968 20171212  2.424  -95.72   31.78    14.0     0.0     7.0     8.3     0.0    13.01 C    25.6     0.0     8.2    69.4    19.6    41.3 -99.000 -99.000 -99.000 -99.000 -99.000 -9999.0 -9999.0 -9999.0 -9999.0 -9999.0
53968 20171213  2.424  -95.72   31.78    17.9    -1.4     8.3     7.4     0.0    12.06 C    27.4    -1.0     8.5    76.9    25.0    53.0 -99.000 -99.000 -99.000 -99.000 -99.000 -9999.0 -9999.0 -9999.0 -9999.0 -9999.0
53968 20171214  2.424  -95.72   31.78    17.1     5.2    11.2    10.5     0.0     8.60 C    28.9     3.5    11.0    75.1    28.0    49.2 -99.000 -99.000 -99.000 -99.000 -99.000 -9999.0 -9999.0 -9999.0 -9999.0 -9999.0
53968 20171215  2.424  -95.72   31.78    13.3     1.6     7.5     6.9     0.0    10.67 C    27.7     1.2     9.2    70.5    29.0    49.9 -99.000 -99.000 -99.000 -99.000 -99.000 -9999.0 -9999.0 -9999.0 -9999.0 -9999.0
53968 20171216  2.424  -95.72   31.78    11.5     1.9     6.7     6.8    34.0     4.43 C    17.9     0.5     8.2    90.2    46.1    69.2 -99.000 -99.000 -99.000 -99.000 -99.000 -9999.0 -9999.0 -9999.0 -9999.0 -9999.0
53968 20171217  2.424  -95.72   31.78     9.4     2.8     6.1     6.8     0.0     4.67 C    15.1     4.9     9.5    98.9    87.2    95.2 -99.000 -99.000 -99.000 -99.000 -99.000 -9999.0 -9999.0 -9999.0 -9999.0 -9999.0
53968 20171218  2.424  -95.72   31.78    16.3     9.3    12.8    12.4     0.0     3.77 C    19.7    10.8    13.9   100.0    81.8    92.4 -99.000 -99.000 -99.000 -99.000 -99.000 -9999.0 -9999.0 -9999.0 -9999.0 -9999.0
53968 20171219  2.424  -95.72   31.78    21.4    15.8    18.6    18.2    32.7     2.27 C    22.4    15.6    18.0    93.7    88.9    91.6 -99.000 -99.000 -99.000 -99.000 -99.000 -9999.0 -9999.0 -9999.0 -9999.0 -9999.0
53968 20171220  2.424  -95.72   31.78    21.1    10.1    15.6    15.6     0.0    10.10 C    26.8     9.7    17.0    91.5    53.7    82.5 -99.000 -99.000 -99.000 -99.000 -99.000 -9999.0 -9999.0 -9999.0 -9999.0 -9999.0
53968 20171221  2.424  -95.72   31.78    24.2     9.6    16.9    17.4     0.0    11.76 C    26.7     7.9    16.5    87.7    51.5    72.1 -99.000 -99.000 -99.000 -99.000 -99.000 -9999.0 -9999.0 -9999.0 -9999.0 -9999.0
53968 20171222  2.424  -95.72   31.78    21.8     3.2    12.5    12.9     2.6     1.69 C    21.4     6.5    14.5    90.7    84.6    88.6 -99.000 -99.000 -99.000 -99.000 -99.000 -9999.0 -9999.0 -9999.0 -9999.0 -9999.0
53968 20171223  2.424  -95.72   31.78    10.9     0.5     5.7     4.7     0.0    10.77 C    18.4     2.3     7.7    86.0    50.8    72.1 -99.000 -99.000 -99.000 -99.000 -99.000 -9999.0 -9999.0 -9999.0 -9999.0 -9999.0
53968 20171224  2.424  -95.72   31.78    10.8     0.1     5.5     4.9     0.0     6.58 C    17.1     0.9     6.4    91.3    56.6    75.6 -99.000 -99.000 -99.000 -99.000 -99.000 -9999.0 -9999.0 -9999.0 -9999.0 -9999.0
53968 20171225  2.424  -95.72   31.78    10.2    -1.5     4.4     4.3     0.0    12.23 C    19.0    -0.4     6.5    72.9    25.2    51.3 -99.000 -99.000 -99.000 -99.000 -99.000 -9999.0 -9999.0 -9999.0 -9999.0 -9999.0
53968 20171226  2.424  -95.72   31.78     6.7     3.1     4.9     4.5     3.6     1.64 C     8.8     5.6     7.0    89.3    47.9    78.1 -99.000 -99.000 -99.000 -99.000 -99.000 -9999.0 -9999.0 -9999.0 -9999.0 -9999.0
53968 20171227  2.424  -95.72   31.78     6.4     3.2     4.8     4.4     0.0     3.86 C    11.0     4.9     6.5    88.8    43.0    61.1 -99.000 -99.000 -99.000 -99.000 -99.000 -9999.0 -9999.0 -9999.0 -9999.0 -9999.0
53968 20171228  2.424  -95.72   31.78     6.0     2.0     4.0     3.6     0.0     3.90 C    13.2     4.5     6.7    62.2    52.8    56.2 -99.000 -99.000 -99.000 -99.000 -99.000 -9999.0 -9999.0 -9999.0 -9999.0 -9999.0
53968 20171229  2.424  -95.72   31.78     8.6     3.3     6.0     5.9     0.0     3.84 C    12.9     5.3     8.4    74.0    51.8    59.2 -99.000 -99.000 -99.000 -99.000 -99.000 -9999.0 -9999.0 -9999.0 -9999.0 -9999.0
53968 20171230  2.424  -95.72   31.78     9.3     6.2     7.8     7.7     0.5     1.95 C    12.9     7.9     9.7    91.4    74.3    87.2 -99.000 -99.000 -99.000 -99.000 -99.000 -9999.0 -9999.0 -9999.0 -9999.0 -9999.0
53968 20171231  2.424  -95.72   31.78     6.3    -2.9     1.7     2.6     0.0     1.52 C     9.2    -1.4     5.3    88.4    57.3    80.2 -99.000 -99.000 -99.000 -99.000 -99.000 -9999.0 -9999.0 -9999.0 -9999.0 -9999.0
