03072 20170101  2.422 -100.25   32.04    22.8     3.8    13.3    12.4     0.3    12.32 C    25.6     3.0    12.1    87.2    31.7    60.0 -99.000 -99.000 -99.000 -99.000 -99.000 -9999.0 -9999.0 -9999.0 -9999.0 -9999.0
03072 20170102  2.422 -100.25   32.04    20.0     4.2    12.1    12.3     2.4    12.84 C    23.1     3.9    11.2    92.6    27.0    62.1 -99.000 -99.000 -99.000 -99.000 -99.000 -9999.0 -9999.0 -9999.0 -9999.0 -9999.0
03072 20170103  2.422 -100.25   32.04    13.6     0.1     6.9     8.0     0.0    11.97 C    17.6     0.2     7.7    72.3    36.5    53.9 -99.000 -99.000 -99.000 -99.000 -99.000 -9999.0 -9999.0 -9999.0 -9999.0 -9999.0
03072 20170104  2.422 -100.25   32.04     7.7    -1.4     3.1     1.9     0.0    10.09 C    13.8    -1.3     3.6    84.3    37.3    53.0 -99.000 -99.000 -99.000 -99.000 -99.000 -9999.0 -9999.0 -9999.0 -9999.0 -9999.0
03072 20170105  2.422 -100.25   32.04     4.6    -7.3    -1.3    -0.7     0.0    11.16 C     9.9    -6.2     0.7    88.7    36.3    61.7 -99.000 -99.000 -99.000 -99.000 -99.000 -9999.0 -9999.0 -9999.0 -9999.0 -9999.0
03072 20170106  2.422 -100.25   32.04    -3.9   -10.8    -7.3    -6.9     0.0     8.30 C     3.8   -10.3    -4.5    79.1    49.1    58.0 -99.000 -99.000 -99.000 -99.000 -99.000 -9999.0 -9999.0 -9999.0 -9999.0 -9999.0
03072 20170107  2.422 -100.25   32.04     5.1   -12.3    -3.6    -4.2     0.0    13.79 C    12.0   -11.8    -3.0    81.8    18.9    52.7 -99.000 -99.000 -99.000 -99.000 -99.000 -9999.0 -9999.0 -9999.0 -9999.0 -9999.0
03072 20170108  2.422 -100.25   32.04    11.9    -8.2     1.8     2.3     0.0    13.06 C    14.8    -8.4     2.0    69.7    19.0    39.5 -99.000 -99.000 -99.000 -99.000 -99.000 -9999.0 -9999.0 -9999.0 -9999.0 -9999.0
03072 20170109  2.422 -100.25   32.04    21.4    -2.3     9.6     9.5     0.0    12.97 C    23.0    -2.7     8.1    82.8    25.9    52.2 -99.000 -99.000 -99.000 -99.000 -99.000 -9999.0 -9999.0 -9999.0 -9999.0 -9999.0
03072 20170110  2.422 -100.25   32.04    24.5     6.2    15.3    15.4     0.0    11.64 C    26.5     3.9    13.0    73.0    12.3    44.2 -99.000 -99.000 -99.000 -99.000 -99.000 -9999.0 -9999.0 -9999.0 -9999.0 -9999.0
03072 20170111  2.422 -100.25   32.04    28.5     2.9    15.7    15.6     0.0    12.68 C    28.4     1.4    13.4    87.4    19.4    56.2 -99.000 -99.000 -99.000 -99.000 -99.000 -9999.0 -9999.0 -9999.0 -9999.0 -9999.0
03072 20170112  2.422 -100.25   32.04    21.4     5.3    13.4    12.8     0.0     7.78 C    28.2     3.5    12.4    89.9    45.7    67.7 -99.000 -99.000 -99.000 -99.000 -99.000 -9999.0 -9999.0 -9999.0 -9999.0 -9999.0
03072 20170113  2.422 -100.25   32.04     9.5     1.9     5.7     5.4     0.0     3.30 C    10.6     3.3     6.9    83.4    47.8    64.2 -99.000 -99.000 -99.000 -99.000 -99.000 -9999.0 -9999.0 -9999.0 -9999.0 -9999.0
03072 20170114  2.422 -100.25   32.04     4.7     1.0     2.9     2.6     2.0     2.38 C     6.5     2.1     3.9    92.5    82.3    90.6 -99.000 -99.000 -99.000 -99.000 -99.000 -9999.0 -9999.0 -9999.0 -9999.0 -9999.0
03072 20170115  2.422 -100.25   32.04    13.9     2.7     8.3     7.6    26.7     1.21 C    13.1     3.2     7.4    96.3    87.5    91.9 -99.000 -99.000 -99.000 -99.000 -99.000 -9999.0 -9999.0 -9999.0 -9999.0 -9999.0
03072 20170116  2.422 -100.25   32.04    18.5    -0.6     9.0     8.7     0.0    13.87 C    22.0    -0.1     8.6    98.5    40.1    75.1 -99.000 -99.000 -99.000 -99.000 -99.000 -9999.0 -9999.0 -9999.0 -9999.0 -9999.0
03072 20170117  2.422 -100.25   32.04     9.4     4.5     6.9     5.8    21.0     1.71 C     8.1     2.6     5.8    91.3    65.4    79.2 -99.000 -99.000 -99.000 -99.000 -99.000 -9999.0 -9999.0 -9999.0 -9999.0 -9999.0
03072 20170118  2.422 -100.25   32.04    12.6     2.0     7.3     7.5     0.0     5.05 C    14.5     1.3     7.4    92.4    65.2    85.2 -99.000 -99.000 -99.000 -99.000 -99.000 -9999.0 -9999.0 -9999.0 -9999.0 -9999.0
03072 20170119  2.422 -100.25   32.04    20.9     1.3    11.1    11.7     0.0    14.20 C    21.6     0.6    10.2    97.0    24.7    60.3 -99.000 -99.000 -99.000 -99.000 -99.000 -9999.0 -9999.0 -9999.0 -9999.0 -9999.0
03072 20170120  2.422 -100.25   32.04    21.2     3.8    12.5    13.8     0.0    11.77 C    22.5     2.5    10.9    80.3    20.2    39.8 -99.000 -99.000 -99.000 -99.000 -99.000 -9999.0 -9999.0 -9999.0 -9999.0 -9999.0
03072 20170121  2.422 -100.25   32.04    21.6     2.2    11.9    11.1     0.0     7.36 C    26.4     1.5    10.4    85.1    25.6    56.0 -99.000 -99.000 -99.000 -99.000 -99.000 -9999.0 -9999.0 -9999.0 -9999.0 -9999.0
03072 20170122  2.422 -100.25   32.04    17.5     2.6    10.1    11.2     0.0    14.36 C    21.4     1.2    10.1    79.2    24.3    45.0 -99.000 -99.000 -99.000 -99.000 -99.000 -9999.0 -9999.0 -9999.0 -9999.0 -9999.0
03072 20170123  2.422 -100.25   32.04    25.3    -1.5    11.9    10.3     0.0    14.69 C    26.3    -1.7     9.1    88.9    17.4    55.7 -99.000 -99.000 -99.000 -99.000 -99.000 -9999.0 -9999.0 -9999.0 -9999.0 -9999.0
03072 20170124  2.422 -100.25   32.04    25.9     3.8    14.8    15.3     0.0    11.90 C    28.1     2.0    12.8    77.1    17.8    39.1 -99.000 -99.000 -99.000 -99.000 -99.000 -9999.0 -9999.0 -9999.0 -9999.0 -9999.0
03072 20170125  2.422 -100.25   32.04    12.7    -1.3     5.7     7.0     0.0     9.10 C    19.8    -2.1     6.7    84.0    31.2    49.4 -99.000 -99.000 -99.000 -99.000 -99.000 -9999.0 -9999.0 -9999.0 -9999.0 -9999.0
03072 20170126  2.422 -100.25   32.04    11.8    -5.4     3.2     2.8     0.0    15.23 C    18.8    -5.2     3.7    88.5    26.3    60.0 -99.000 -99.000 -99.000 -99.000 -99.000 -9999.0 -9999.0 -9999.0 -9999.0 -9999.0
03072 20170127  2.422 -100.25   32.04    10.0    -1.0     4.5     3.5     0.0     7.97 C    16.5    -2.0     4.1    84.3    26.5    50.8 -99.000 -99.000 -99.000 -99.000 -99.000 -9999.0 -9999.0 -9999.0 -9999.0 -9999.0
03072 20170128  2.422 -100.25   32.04    12.2    -2.1     5.0     4.1     0.0    15.42 C    19.4    -2.9     4.3    88.4    22.3    59.7 -99.000 -99.000 -99.000 -99.000 -99.000 -9999.0 -9999.0 -9999.0 -9999.0 -9999.0
03072 20170129  2.422 -100.25   32.04    19.2     0.0     9.6     8.1     0.0    15.61 C    23.4    -2.5     7.1    69.6    16.2    39.9 -99.000 -99.000 -99.000 -99.000 -99.000 -9999.0 -9999.0 -9999.0 -9999.0 -9999.0
03072 20170130  2.422 -100.25   32.04    23.2    -0.9    11.1    10.5     0.0    15.72 C    27.5    -2.1     8.8    77.0    11.5    38.3 -99.000 -99.000 -99.000 -99.000 -99.000 -9999.0 -9999.0 -9999.0 -9999.0 -9999.0
03072 20170131  2.422 -100.25   32.04    24.2    -2.1    11.1    10.2     0.0    16.13 C    27.7    -2.4     9.1    81.0    11.1    43.8 -99.000 -99.000 -99.000 -99.000 -99.000 -9999.0 -9999.0 -9999.0 -9999.0 -9999.0
03072 20170201  2.422 -100.25   32.04    22.7    -1.3    10.7    11.2     0.0    16.17 C    27.3    -2.2    10.5    81.0    17.0    42.6 -99.000 -99.000 -99.000 -99.000 -99.000 -9999.0 -9999.0 -9999.0 -9999.0 -9999.0
03072 20170202  2.422 -100.25   32.04    10.4    -1.5     4.5     4.0     0.0    15.64 C    18.2    -2.7     5.2    73.4    34.0    51.8 -99.000 -99.000 -99.000 -99.000 -99.000 -9999.0 -9999.0 -9999.0 -9999.0 -9999.0
03072 20170203  2.422 -100.25   32.04     6.9    -3.2     1.9     2.7     0.0     6.22 C    10.9    -4.1     3.8    83.8    49.0    62.8 -99.000 -99.000 -99.000 -99.000 -99.000 -9999.0 -9999.0 -9999.0 -9999.0 -9999.0
03072 20170204  2.422 -100.25   32.04    12.3     5.4     8.9     8.2     0.0     4.39 C    14.7     4.7     8.4    92.2    58.7    73.6 -99.000 -99.000 -99.000 -99.000 -99.000 -9999.0 -9999.0 -9999.0 -9999.0 -9999.0
03072 20170205  2.422 -100.25   32.04    22.2     4.0    13.1    13.1     0.0    11.69 C    27.7     3.8    12.9    98.0    43.1    76.4 -99.000 -99.000 -99.000 -99.000 -99.000 -9999.0 -9999.0 -9999.0 -9999.0 -9999.0
03072 20170206  2.422 -100.25   32.04    26.7    13.2    20.0    18.5     0.0    12.89 C    30.4     9.8    17.3    85.4    15.2    56.4 -99.000 -99.000 -99.000 -99.000 -99.000 -9999.0 -9999.0 -9999.0 -9999.0 -9999.0
03072 20170207  2.422 -100.25   32.04    26.4     5.4    15.9    16.8     0.0    14.44 C    29.6     3.6    14.5    68.0    13.7    31.5 -99.000 -99.000 -99.000 -99.000 -99.000 -9999.0 -9999.0 -9999.0 -9999.0 -9999.0
03072 20170208  2.422 -100.25   32.04    27.3     5.3    16.3    15.3     0.0    15.62 C    32.1     2.0    13.8    73.4    17.6    37.9 -99.000 -99.000 -99.000 -99.000 -99.000 -9999.0 -9999.0 -9999.0 -9999.0 -9999.0
03072 20170209  2.422 -100.25   32.04    19.1    -0.8     9.2     8.9     0.0    16.25 C    24.0    -0.9     9.4    79.7    22.0    46.0 -99.000 -99.000 -99.000 -99.000 -99.000 -9999.0 -9999.0 -9999.0 -9999.0 -9999.0
03072 20170210  2.422 -100.25   32.04    27.5     1.8    14.7    14.8     0.0    16.58 C    31.2     1.1    13.6    77.6    26.6    51.7 -99.000 -99.000 -99.000 -99.000 -99.000 -9999.0 -9999.0 -9999.0 -9999.0 -9999.0
03072 20170211  2.422 -100.25   32.04    33.2     5.9    19.6    19.2     0.0    17.23 C    36.4     5.0    17.3    92.4    13.4    55.6 -99.000 -99.000 -99.000 -99.000 -99.000 -9999.0 -9999.0 -9999.0 -9999.0 -9999.0
03072 20170212  2.422 -100.25   32.04    20.7     9.8    15.3    14.4     0.0    16.69 C    23.8     8.3    13.9    80.4    28.4    46.1 -99.000 -99.000 -99.000 -99.000 -99.000 -9999.0 -9999.0 -9999.0 -9999.0 -9999.0
03072 20170213  2.422 -100.25   32.04     9.8     3.2     6.5     6.5    29.7     1.00 C    11.0     4.0     7.0    89.8    36.0    65.4 -99.000 -99.000 -99.000 -99.000 -99.000 -9999.0 -9999.0 -9999.0 -9999.0 -9999.0
03072 20170214  2.422 -100.25   32.04     6.7     3.7     5.2     4.8    17.5     3.40 C     8.9     4.0     5.4    90.5    70.2    82.6 -99.000 -99.000 -99.000 -99.000 -99.000 -9999.0 -9999.0 -9999.0 -9999.0 -9999.0
03072 20170215  2.422 -100.25   32.04    14.2    -0.1     7.0     6.3     0.0    17.97 C    21.2    -0.7     7.3    88.9    28.7    61.3 -99.000 -99.000 -99.000 -99.000 -99.000 -9999.0 -9999.0 -9999.0 -9999.0 -9999.0
03072 20170216  2.422 -100.25   32.04    19.5    -2.5     8.5     8.2     0.0    17.60 C    25.7    -2.5     8.8    90.1    24.6    59.7 -99.000 -99.000 -99.000 -99.000 -99.000 -9999.0 -9999.0 -9999.0 -9999.0 -9999.0
03072 20170217  2.422 -100.25   32.04    23.6     6.1    14.8    14.0     0.0    17.78 C    28.2     4.7    13.4    82.4    19.4    49.9 -99.000 -99.000 -99.000 -99.000 -99.000 -9999.0 -9999.0 -9999.0 -9999.0 -9999.0
03072 20170218  2.422 -100.25   32.04    25.9     3.4    14.7    14.2     0.0    15.73 C    31.3     2.8    13.2    82.1    20.7    50.1 -99.000 -99.000 -99.000 -99.000 -99.000 -9999.0 -9999.0 -9999.0 -9999.0 -9999.0
03072 20170219  2.422 -100.25   32.04    23.5     7.8    15.7    15.6     1.3     7.66 C    30.2     7.0    14.9    87.9    35.4    70.6 -99.000 -99.000 -99.000 -99.000 -99.000 -9999.0 -9999.0 -9999.0 -9999.0 -9999.0
03072 20170220  2.422 -100.25   32.04    22.5     8.5    15.5    14.6     0.0    18.23 C    28.6     6.4    14.4    92.5    20.9    56.1 -99.000 -99.000 -99.000 -99.000 -99.000 -9999.0 -9999.0 -9999.0 -9999.0 -9999.0
03072 20170221  2.422 -100.25   32.04    26.5     4.1    15.3    14.5     0.0    19.42 C    31.6     1.6    13.7    77.7    10.2    40.5 -99.000 -99.000 -99.000 -99.000 -99.000 -9999.0 -9999.0 -9999.0 -9999.0 -9999.0
03072 20170222  2.422 -100.25   32.04    31.0     4.3    17.6    16.6     0.0    19.28 C    35.1     2.9    15.5    85.2    14.5    50.4 -99.000 -99.000 -99.000 -99.000 -99.000 -9999.0 -9999.0 -9999.0 -9999.0 -9999.0
03072 20170223  2.422 -100.25   32.04    32.5     5.4    18.9    18.9     0.0    19.26 C    35.8     4.1    17.3    82.6     8.9    39.4 -99.000 -99.000 -99.000 -99.000 -99.000 -9999.0 -9999.0 -9999.0 -9999.0 -9999.0
03072 20170224  2.422 -100.25   32.04    18.0     4.4    11.2    11.1     0.0    19.81 C    25.5     2.3    11.9    69.1    19.4    41.6 -99.000 -99.000 -99.000 -99.000 -99.000 -9999.0 -9999.0 -9999.0 -9999.0 -9999.0
03072 20170225  2.422 -100.25   32.04    13.3    -1.7     5.8     6.2     0.0    19.84 C    22.8    -2.8     8.1    74.8    26.6    45.6 -99.000 -99.000 -99.000 -99.000 -99.000 -9999.0 -9999.0 -9999.0 -9999.0 -9999.0
03072 20170226  2.422 -100.25   32.04    23.1    -0.4    11.3    11.5     0.0    15.82 C    30.4    -1.0    11.3    80.6    16.4    51.2 -99.000 -99.000 -99.000 -99.000 -99.000 -9999.0 -9999.0 -9999.0 -9999.0 -9999.0
03072 20170227  2.422 -100.25   32.04    27.3     3.9    15.6    14.1     0.0    16.33 C    31.7     3.7    14.1    92.1    15.9    61.0 -99.000 -99.000 -99.000 -99.000 -99.000 -9999.0 -9999.0 -9999.0 -9999.0 -9999.0
03072 20170228  2.422 -100.25   32.04    28.2     8.5    18.3    19.1     0.0    10.77 C    33.1     7.4    17.3    84.9    12.9    47.2 -99.000 -99.000 -99.000 -99.000 -99.000 -9999.0 -9999.0 -9999.0 -9999.0 -9999.0
03072 20170301  2.422 -100.25   32.04    20.9     3.3    12.1    11.3     0.0    20.64 C    23.7     0.1    11.3    51.3    14.8    29.7 -99.000 -99.000 -99.000 -99.000 -99.000 -9999.0 -9999.0 -9999.0 -9999.0 -9999.0
03072 20170302  2.422 -100.25   32.04    17.8    -1.9     7.9     8.4     0.0    19.58 C    27.4    -2.6     8.8    82.8    13.1    38.6 -99.000 -99.000 -99.000 -99.000 -99.000 -9999.0 -9999.0 -9999.0 -9999.0 -9999.0
03072 20170303  2.422 -100.25   32.04 -9999.0 -9999.0 -9999.0 -9999.0 -9999.0 -9999.00 U -9999.0 -9999.0 -9999.0 -9999.0 -9999.0 -9999.0 -99.000 -99.000 -99.000 -99.000 -99.000 -9999.0 -9999.0 -9999.0 -9999.0 -9999.0
03072 20170304  2.422 -100.25   32.04    14.5     4.9     9.7    11.5     0.0     2.03 C    15.2     2.0    11.2    87.8    39.7    68.3   0.114   0.150   0.169   0.346   0.198    11.9    12.4    12.5    13.3    13.4
03072 20170305  2.422 -100.25   32.04    24.0    12.8    18.4    16.9     0.2    15.71 C    33.1    11.1    17.7    92.0    44.7    73.0   0.116   0.150   0.168   0.347   0.196    15.1    14.5    13.8    13.4    13.4
03072 20170306  2.422 -100.25   32.04    27.3    12.9    20.1    20.3     0.0    14.10 C    35.4    10.9    19.4    87.1    31.2    61.3   0.113   0.149   0.169   0.347   0.195    16.6    16.1    15.4    14.2    14.0
03072 20170307  2.422 -100.25   32.04    19.8     5.5    12.6    14.0     0.0    21.75 C    30.0     0.7    13.6    84.3    11.2    30.2   0.108   0.147   0.167   0.346   0.195    15.6    15.9    15.5    14.8    14.5
03072 20170308  2.422 -100.25   32.04    26.1     0.9    13.5    14.4     0.0    15.52 C    33.7    -0.9    14.7    78.6    38.2    55.0   0.104   0.143   0.165   0.346   0.195    14.6    14.7    14.5    14.6    14.5
03072 20170309  2.422 -100.25   32.04    29.3    16.2    22.7    21.3     0.0    13.16 C    38.3    12.0    21.1    86.5    34.1    66.2   0.103   0.143   0.165   0.346   0.194    18.0    17.3    16.4    15.0    14.8
03072 20170310  2.422 -100.25   32.04    22.4    11.2    16.8    15.6     0.0    16.48 C    30.6     8.7    16.4    92.2    50.7    72.6   0.100   0.141   0.163   0.347   0.194    17.4    17.4    16.8    15.7    15.3
03072 20170311  2.422 -100.25   32.04    23.5     6.8    15.2    13.8     0.0    14.96 C    35.4     5.2    15.9    85.9    46.4    68.3   0.098   0.137   0.162   0.346   0.193    16.8    16.9    16.5    15.9    15.6
03072 20170312  2.422 -100.25   32.04    11.3     5.3     8.3     7.9     0.0     5.43 C    18.0     5.9     9.8    89.6    68.2    80.3   0.095   0.134   0.159   0.346   0.193    14.2    15.1    15.3    15.8    15.6
03072 20170313  2.422 -100.25   32.04    19.3     6.0    12.6    12.6     0.0    18.09 C    28.4     2.4    13.7    87.2    25.7    58.0   0.094   0.132   0.158   0.344   0.192    15.2    15.3    15.0    15.2    15.2
03072 20170314  2.422 -100.25   32.04    25.8     0.5    13.1    13.3     0.0    21.62 C    33.4    -0.4    13.9    86.3    32.5    59.6   0.092   0.129   0.156   0.343   0.191    15.1    15.2    15.0    15.2    15.1
03072 20170315  2.422 -100.25   32.04    21.9     7.4    14.6    14.5     0.0    19.69 C    33.3     5.4    15.8    83.8    46.9    64.4   0.090   0.127   0.155   0.343   0.189    16.2    16.2    15.7    15.4    15.2
03072 20170316  2.422 -100.25   32.04    27.9    11.5    19.7    19.8     0.0    20.15 C    35.0    10.2    20.5    81.9    37.8    63.3   0.088   0.125   0.154   0.343   0.189    18.2    17.6    16.8    15.8    15.5
03072 20170317  2.422 -100.25   32.04    28.9    14.2    21.5    21.3     0.0    21.39 C    37.4    11.0    21.2    86.1    36.1    61.4   0.086   0.122   0.152   0.343   0.188    19.4    18.9    18.0    16.5    16.1
03072 20170318  2.422 -100.25   32.04    28.4     9.8    19.1    19.9     0.0    19.29 C    37.5     8.1    20.5    90.4    37.8    65.9   0.083   0.117   0.150   0.342   0.188    19.4    19.1    18.4    17.0    16.5
03072 20170319  2.422 -100.25   32.04    31.2    11.8    21.5    20.9     0.0    21.58 C    38.6     8.9    20.2    91.8    18.5    58.1   0.081   0.113   0.147   0.341   0.186    19.9    19.6    18.8    17.4    16.9
03072 20170320  2.422 -100.25   32.04    31.5     9.0    20.2    21.4     0.0    22.74 C    38.9     7.1    21.0    89.5    23.1    54.0   0.078   0.108   0.143   0.340   0.186    19.8    19.5    18.8    17.6    17.2
03072 20170321  2.422 -100.25   32.04    33.3    11.0    22.2    22.0     1.7    21.54 C    40.3     8.4    22.0    83.4    10.8    53.5   0.077   0.103   0.138   0.338   0.184    20.5    20.1    19.4    17.9    17.5
03072 20170322  2.422 -100.25   32.04    28.9    10.9    19.9    19.8     0.0    22.72 C    36.2     9.3    20.7    91.0    35.8    63.9   0.075   0.098   0.134   0.337   0.182    19.9    19.9    19.3    18.2    17.8
03072 20170323  2.422 -100.25   32.04    27.5    14.9    21.2    20.6     0.0    20.95 C    32.7    13.2    20.7    89.0    31.1    59.8   0.075   0.095   0.129   0.335   0.182    19.7    19.7    19.2    18.3    17.9
03072 20170324  2.422 -100.25   32.04    25.2    12.1    18.6    19.0     0.8    22.32 C    31.8     7.6    18.8    77.4    17.8    30.1   0.074   0.092   0.124   0.333   0.180    19.1    19.3    19.0    18.3    18.0
03072 20170325  2.422 -100.25   32.04    24.9     5.9    15.4    14.8     0.0    24.56 C    36.3     3.6    16.5    75.4    20.1    46.8   0.073   0.088   0.118   0.331   0.178    18.3    18.6    18.3    18.1    17.9
03072 20170326  2.422 -100.25   32.04    28.4     6.2    17.3    17.4     0.0    18.52 C    36.9     4.1    16.3    80.8    12.3    46.6   0.071   0.086   0.115   0.328   0.176    18.0    18.3    18.0    17.9    17.8
03072 20170327  2.422 -100.25   32.04    26.7     7.5    17.1    17.4     0.0    24.51 C    39.1     4.5    18.9    73.1    21.9    45.7   0.070   0.084   0.110   0.325   0.174    18.6    18.6    18.2    17.8    17.7
03072 20170328  2.422 -100.25   32.04    27.2    12.8    20.0    19.7    20.7     9.98 C    34.8    12.3    19.4    90.1    51.7    75.1   0.085   0.087   0.107   0.323   0.172    19.0    19.1    18.7    18.1    17.8
03072 20170329  2.422 -100.25   32.04    20.7     7.7    14.2    13.3     0.2    21.76 C    30.1     6.2    14.8    91.6    39.7    70.9   0.165   0.140   0.118   0.320   0.172    17.3    17.8    17.8    17.9    17.8
03072 20170330  2.422 -100.25   32.04    27.2     4.0    15.6    15.9     0.0    25.14 C    34.2     3.2    16.4    90.7    16.6    52.7   0.147   0.138   0.124   0.319   0.169    17.2    17.4    17.2    17.5    17.5
03072 20170331  2.422 -100.25   32.04    31.1     8.0    19.5    20.5     0.0    25.06 C    36.3     6.2    19.9    76.4    16.9    43.5   0.136   0.132   0.122   0.316   0.167    18.1    18.1    17.7    17.5    17.4
03072 20170401  2.422 -100.25   32.04    24.5    10.6    17.6    16.5     1.2    13.26 C    34.4    10.5    17.7    87.3    53.3    72.3   0.126   0.127   0.120   0.312   0.166    18.4    18.6    18.2    17.8    17.6
03072 20170402  2.422 -100.25   32.04    11.3     6.7     9.0     9.8    38.7     4.56 C    14.4     6.1    10.6    92.1    77.9    87.4   0.190   0.185   0.185   0.312   0.166    14.5    15.7    16.2    17.5    17.5
03072 20170403  2.422 -100.25   32.04    27.3     5.2    16.3    16.2     0.0    25.53 C    34.3     5.1    16.9    95.5    23.2    62.6   0.172   0.182   0.193   0.316   0.164    16.6    16.5    16.1    16.6    16.8
03072 20170404  2.422 -100.25   32.04    26.7     7.8    17.3    17.3     0.0    24.69 C    33.1     6.9    17.5    87.6    13.7    48.0   0.161   0.174   0.188   0.333   0.166    17.3    17.4    17.1    16.9    16.9
03072 20170405  2.422 -100.25   32.04    19.8     5.1    12.4    11.9     0.0    26.15 C    30.9     3.9    13.9    85.3    23.3    52.7   0.152   0.167   0.182   0.337   0.170    16.3    16.9    16.7    17.0    17.0
03072 20170406  2.422 -100.25   32.04    23.8     1.7    12.8    13.8     0.0    25.32 C    34.3     1.1    15.5    90.3    22.4    54.0   0.145   0.162   0.178   0.338   0.171    16.6    16.8    16.6    16.9    16.9
03072 20170407  2.422 -100.25   32.04    25.3     5.5    15.4    16.3     0.0    25.03 C    33.4     5.0    17.1    88.4    25.2    51.3   0.137   0.157   0.174   0.337   0.171    17.4    17.5    17.2    17.0    16.9
03072 20170408  2.422 -100.25   32.04    30.6    10.4    20.5    20.6     0.0    25.35 C    37.0     8.4    21.1    87.3    29.3    58.9   0.128   0.153   0.170   0.336   0.170    19.3    18.9    18.1    17.3    17.1
03072 20170409  2.422 -100.25   32.04    29.6    15.3    22.4    22.0     0.0    24.36 C    37.2    13.1    22.9    86.9    36.7    63.4   0.118   0.148   0.167   0.334   0.170    21.1    20.5    19.6    18.0    17.7
03072 20170410  2.422 -100.25   32.04    24.5    16.5    20.5    19.7     0.0    16.80 C    32.1    14.1    20.4    86.5    34.1    55.3   0.109   0.142   0.163   0.333   0.169    20.3    20.4    19.9    18.7    18.3
03072 20170411  2.422 -100.25   32.04    25.3    15.1    20.2    19.3     0.0    23.86 C    35.7    14.2    21.5    89.7    33.7    48.2   0.101   0.137   0.160   0.330   0.167    20.5    20.3    19.7    18.8    18.5
03072 20170412  2.422 -100.25   32.04    19.2    13.3    16.3    16.7     0.0     4.93 C    21.1    12.7    17.1    90.3    65.2    78.6   0.096   0.133   0.156   0.328   0.166    19.0    19.5    19.3    19.0    18.7
03072 20170413  2.422 -100.25   32.04    24.4    16.2    20.3    19.3     1.8    15.06 C    35.5    15.3    20.0    90.0    45.5    74.9   0.095   0.131   0.155   0.327   0.166    19.8    19.7    19.3    18.7    18.6
03072 20170414  2.422 -100.25   32.04    25.7    16.0    20.9    19.9     0.0    14.74 C    33.5    15.1    20.3    89.1    48.8    71.9   0.093   0.128   0.152   0.326   0.165    19.9    20.0    19.5    18.9    18.6
03072 20170415  2.422 -100.25   32.04    26.2    16.8    21.5    20.7     0.0    14.29 C    33.4    15.0    20.9    84.2    51.9    71.0   0.091   0.124   0.150   0.323   0.164    20.1    20.2    19.7    19.0    18.8
03072 20170416  2.422 -100.25   32.04    25.2    17.2    21.2    21.1     0.0    14.01 C    32.2    15.4    21.7    89.1    59.7    75.3   0.090   0.122   0.148   0.320   0.163    20.9    20.8    20.2    19.2    18.9
03072 20170417  2.422 -100.25   32.04    27.0    14.8    20.9    20.8     0.0    24.17 C    38.9    12.6    23.0    86.1    37.2    64.3   0.087   0.118   0.144   0.319   0.162    21.9    21.6    20.8    19.5    19.2
03072 20170418  2.422 -100.25   32.04    27.6    11.7    19.6    19.5     0.0    26.41 C    39.5     9.9    22.2    91.8    39.2    68.4   0.083   0.111   0.140   0.315   0.160    22.1    21.8    21.2    19.9    19.5
03072 20170419  2.422 -100.25   32.04    29.7    14.8    22.2    21.5     0.0    22.30 C    38.5    12.8    23.0    92.4    39.2    67.7   0.080   0.106   0.134   0.310   0.157    22.5    22.2    21.5    20.2    19.8
03072 20170420  2.422 -100.25   32.04    31.0    13.6    22.3    22.9     0.0    25.42 C    42.1    11.9    24.8    91.5    36.7    62.2   0.078   0.101   0.128   0.303   0.155    23.4    22.9    22.1    20.5    20.1
03072 20170421  2.422 -100.25   32.04    32.7    13.6    23.2    23.4     0.0    25.56 C    42.6    14.9    25.3    85.9    23.1    60.5   0.076   0.096   0.122   0.296   0.151    24.2    23.7    22.8    20.9    20.5
03072 20170422  2.422 -100.25   32.04    18.8     6.1    12.5    12.6     0.0    19.41 C    31.4     5.2    15.6    82.2    36.4    58.3   0.073   0.091   0.114   0.290   0.147    20.7    21.6    21.6    21.1    20.7
03072 20170423  2.422 -100.25   32.04    22.5     3.7    13.1    13.8     0.0    28.43 C    37.9     3.2    17.5    85.6    20.5    47.6   0.071   0.087   0.108   0.284   0.143    20.0    20.4    20.2    20.4    20.3
03072 20170424  2.422 -100.25   32.04    30.0     4.6    17.3    18.5     0.0    23.31 C    39.9     4.2    20.0    83.6    25.0    48.6   0.071   0.085   0.104   0.276   0.139    20.3    20.5    20.2    20.1    20.0
03072 20170425  2.422 -100.25   32.04    33.7    14.6    24.2    23.9     0.0    23.07 C    43.0    11.8    23.9    74.4    13.3    41.2   0.071   0.083   0.100   0.269   0.132    22.5    22.1    21.4    20.3    20.1
03072 20170426  2.422 -100.25   32.04    27.6     6.9    17.3    17.7     0.0    27.34 C    35.5     6.5    20.6    82.5    20.4    45.8   0.069   0.082   0.098   0.263   0.126    22.5    22.5    21.9    20.7    20.5
03072 20170427  2.422 -100.25   32.04    30.8     3.7    17.2    18.9     0.0    26.97 C    41.2     3.9    21.3    88.2    17.7    47.6   0.067   0.080   0.094   0.258   0.120    21.6    21.6    21.1    20.7    20.5
03072 20170428  2.422 -100.25   32.04    28.5    17.7    23.1    23.9     0.0    15.44 C    42.9    15.4    25.0    77.5    41.0    60.4   0.067   0.079   0.093   0.254   0.116    23.3    22.9    22.2    20.9    20.6
03072 20170429  2.422 -100.25   32.04    23.2     7.2    15.2    16.0     0.0    10.28 C    23.3     7.5    17.3    84.7    44.6    67.3   0.065   0.078   0.091   0.252   0.113    21.6    22.1    21.9    21.2    20.9
03072 20170430  2.422 -100.25   32.04    20.1     4.5    12.3    11.8     0.0    27.86 C    33.1     4.4    15.4    82.1    26.7    49.3   0.063   0.076   0.089   0.250   0.110    19.9    20.4    20.2    20.6    20.6
03072 20170501  2.422 -100.25   32.04    30.4     2.3    16.3    18.2     0.0    28.66 C    44.3     2.4    21.3    85.9    11.2    40.8   0.063   0.076   0.088   0.245   0.105    21.2    21.0    20.5    20.3    20.3
03072 20170502  2.422 -100.25   32.04    32.7     7.0    19.8    21.9     0.0    24.35 C    44.4     6.8    23.1    84.1    13.4    39.5   0.063   0.076   0.087   0.243   0.101    22.3    22.2    21.5    20.6    20.4
03072 20170503  2.422 -100.25   32.04    24.1    15.1    19.6    19.6     0.0    24.37 C    37.6    12.5    22.6    70.7    30.8    49.0   0.062   0.076   0.087   0.241   0.098    23.2    23.0    22.3    21.0    20.7
03072 20170504  2.422 -100.25   32.04    23.6     8.6    16.1    16.3     0.0    28.99 C    39.5     7.0    20.4    70.4    19.0    40.5   0.060   0.075   0.086   0.239   0.095    22.9    22.8    22.2    21.2    20.9
03072 20170505  2.422 -100.25   32.04    27.4     3.5    15.5    16.7     0.0    28.70 C    43.7     3.9    21.3    84.7    19.3    46.4   0.059   0.073   0.084   0.237   0.092    22.6    22.5    21.9    21.2    21.0
03072 20170506  2.422 -100.25   32.04    31.7     7.5    19.6    21.0     0.0    28.08 C    47.0     7.1    24.8    78.0    16.4    39.2   0.058   0.074   0.084   0.236   0.089    23.7    23.3    22.5    21.4    21.1
03072 20170507  2.422 -100.25   32.04    31.3    11.9    21.6    23.0     0.0    28.45 C    46.4     9.6    26.1    71.1    18.2    39.7   0.058   0.074   0.084   0.235   0.088    24.9    24.4    23.4    21.7    21.4
03072 20170508  2.422 -100.25   32.04    25.5    15.4    20.4    20.3     0.0     8.64 C    37.2    14.7    21.6    77.8    49.8    64.5   0.055   0.072   0.084   0.235   0.087    23.2    23.5    23.2    22.1    21.7
03072 20170509  2.422 -100.25   32.04    22.0    18.5    20.2    19.9     0.0     3.79 C    26.4    18.7    20.4    86.6    66.4    78.5   0.055   0.071   0.082   0.234   0.086    22.0    22.4    22.2    21.9    21.7
03072 20170510  2.422 -100.25   32.04    32.7    15.9    24.3    23.7    27.1    23.82 C    44.5    15.3    25.9    90.7    15.2    66.2   0.069   0.076   0.083   0.232   0.085    23.9    23.4    22.6    21.6    21.4
03072 20170511  2.422 -100.25   32.04    29.1    13.8    21.4    21.3     0.0    28.48 C    40.7    13.3    24.0    91.2    22.0    51.8   0.158   0.154   0.120   0.233   0.084    23.4    23.4    22.8    21.9    21.6
03072 20170512  2.422 -100.25   32.04    26.4    13.6    20.0    19.2     0.0    29.04 C    39.9    11.7    22.4    73.9    20.7    49.5   0.135   0.142   0.127   0.232   0.085    22.8    23.1    22.6    21.9    21.6
03072 20170513  2.422 -100.25   32.04    28.8     9.7    19.3    20.1     0.0    29.38 C    43.3     9.2    23.9    87.1    20.3    50.8   0.118   0.132   0.122   0.233   0.085    22.9    22.9    22.4    21.8    21.6
03072 20170514  2.422 -100.25   32.04    33.5    13.0    23.2    24.6     0.0    28.24 C    46.4    12.1    27.5    81.9    25.1    48.0   0.104   0.122   0.117   0.233   0.085    24.6    24.2    23.3    22.0    21.8
03072 20170515  2.422 -100.25   32.04    33.2    17.9    25.6    25.4     0.0    25.49 C    45.8    16.7    28.3    79.3    28.5    52.3   0.090   0.111   0.110   0.234   0.086    25.9    25.4    24.5    22.6    22.1
03072 20170516  2.422 -100.25   32.04    32.4    15.2    23.8    25.0    10.9    19.86 C    44.5    15.4    27.5    89.1    35.5    62.5   0.082   0.102   0.104   0.235   0.087    26.0    25.8    25.0    23.1    22.6
03072 20170517  2.422 -100.25   32.04    29.7    11.8    20.8    21.3     0.0    30.11 C    41.2    11.9    23.9    89.8    13.6    48.2   0.116   0.096   0.098   0.235   0.086    24.4    24.7    24.3    23.2    22.8
03072 20170518  2.422 -100.25   32.04    34.1    13.9    24.0    24.4     3.1    25.12 C    45.2    13.8    27.0    89.8    21.7    62.0   0.098   0.094   0.094   0.235   0.087    24.7    24.5    23.9    23.0    22.7
03072 20170519  2.422 -100.25   32.04    27.0    16.8    21.9    21.5     4.2    12.47 C    32.7    16.8    22.4    88.7    59.4    77.7   0.097   0.091   0.092   0.235   0.086    23.8    24.2    23.9    23.1    22.8
03072 20170520  2.422 -100.25   32.04    24.8    15.4    20.1    19.2     0.0    24.15 C    38.1    15.2    22.6    85.6    43.6    60.5   0.112   0.088   0.091   0.234   0.086    23.0    23.4    23.1    22.8    22.6
03072 20170521  2.422 -100.25   32.04    20.6    12.3    16.4    17.2     0.0     5.49 C    25.8    11.7    18.0    80.5    47.1    63.1   0.101   0.085   0.089   0.234   0.087    20.8    21.8    22.0    22.5    22.3
03072 20170522  2.422 -100.25   32.04    25.4    12.3    18.8    18.7     0.2    14.57 C    39.4    11.7    21.6    89.6    57.8    74.2   0.095   0.084   0.088   0.233   0.086    21.1    21.3    21.1    21.7    21.8
03072 20170523  2.422 -100.25   32.04    19.1     7.9    13.5    15.6     0.0    15.65 C    28.1     7.9    17.1    91.6    46.3    70.6   0.087   0.083   0.087   0.232   0.085    20.5    21.3    21.3    21.6    21.6
03072 20170524  2.422 -100.25   32.04    28.9     8.4    18.6    19.2     0.0    29.80 C    44.1     7.8    22.8    84.9    20.7    47.2   0.080   0.082   0.087   0.231   0.085    21.9    21.7    21.1    21.2    21.3
03072 20170525  2.422 -100.25   32.04    38.7    11.7    25.2    26.9     0.0    27.74 C    51.4    10.7    28.5    74.3    10.2    35.8   0.074   0.080   0.088   0.232   0.084    24.6    23.8    22.9    21.6    21.5
03072 20170526  2.422 -100.25   32.04    36.2    18.6    27.4    28.2     0.0    25.46 C    51.1    16.9    29.7    82.7    10.7    42.7   0.071   0.080   0.088   0.232   0.084    27.0    26.1    25.0    22.6    22.2
03072 20170527  2.422 -100.25   32.04    38.7    18.7    28.7    28.8     0.0    26.59 C    52.9    17.2    31.7    90.1    11.7    51.6   0.068   0.078   0.087   0.233   0.084    28.0    26.9    25.7    23.3    22.8
03072 20170528  2.422 -100.25   32.04    28.3    17.7    23.0    23.1     0.0    21.38 C    42.7    16.8    26.1    80.8    43.5    59.6   0.065   0.077   0.087   0.233   0.084    27.3    27.0    26.2    24.0    23.5
03072 20170529  2.422 -100.25   32.04    29.4    14.8    22.1    22.4     0.0    28.39 C    47.6    14.2    27.1    89.7    24.9    53.1   0.063   0.075   0.086   0.232   0.083    27.0    26.4    25.6    24.0    23.6
03072 20170530  2.422 -100.25   32.04    29.2    15.2    22.2    22.5     0.0    22.87 C    50.8    14.5    26.9    84.5    31.3    58.9   0.060   0.074   0.085   0.232   0.083    26.7    26.4    25.7    24.2    23.8
03072 20170531  2.422 -100.25   32.04    28.6    12.9    20.7    21.1     0.0    18.46 C    46.0    12.7    25.1    89.2    40.1    65.0   0.058   0.073   0.084   0.231   0.082    26.0    25.9    25.4    24.3    24.0
03072 20170601  2.422 -100.25   32.04    29.7    17.3    23.5    21.3     3.4    15.08 C    49.5    16.3    25.0    90.3    40.2    75.8   0.056   0.073   0.085   0.231   0.082    25.8    25.7    25.1    24.2    23.9
03072 20170602  2.422 -100.25   32.04    28.8    17.2    23.0    22.0     7.9    18.14 C    40.7    17.6    24.8    90.8    45.3    74.9   0.057   0.073   0.084   0.230   0.081    25.1    25.2    24.8    24.1    23.9
03072 20170603  2.422 -100.25   32.04    26.2    17.3    21.8    21.3     0.3    12.10 C    41.4    17.6    23.2    90.8    56.9    77.7   0.101   0.073   0.084   0.230   0.081    24.1    24.3    24.1    23.8    23.7
03072 20170604  2.422 -100.25   32.04    30.7    18.0    24.3    23.3     0.0    25.15 C    45.5    17.1    27.1    91.8    34.6    65.9   0.096   0.074   0.084   0.230   0.080    25.8    25.4    24.6    23.7    23.5
03072 20170605  2.422 -100.25   32.04    30.4    16.9    23.6    23.9     0.0    26.51 C    46.3    16.3    27.3    89.7    39.9    63.5   0.087   0.076   0.084   0.230   0.081    26.4    26.0    25.2    24.0    23.7
03072 20170606  2.422 -100.25   32.04    32.0    17.3    24.6    24.5     0.0    27.14 C    47.5    16.6    28.0    88.8    23.6    57.3   0.079   0.075   0.085   0.231   0.082    27.1    26.7    25.8    24.3    24.0
03072 20170607  2.422 -100.25   32.04    33.0    15.5    24.2    24.8     0.0    24.82 C    50.1    15.7    29.1    85.0    30.7    53.3   0.075   0.076   0.085   0.231   0.082    27.7    27.2    26.2    24.6    24.3
03072 20170608  2.422 -100.25   32.04    33.5    18.7    26.1    26.2     0.0    23.71 C    53.3    18.0    30.9    85.7    31.0    54.0   0.071   0.076   0.086   0.231   0.082    28.8    28.1    27.0    25.0    24.6
03072 20170609  2.422 -100.25   32.04    35.9    19.1    27.5    27.2     0.0    25.07 C    54.2    19.3    32.4    77.2    25.4    51.3   0.068   0.076   0.086   0.232   0.082    29.8    28.9    27.7    25.4    25.0
03072 20170610  2.422 -100.25   32.04    35.4    20.3    27.9    27.7     0.0    28.48 C    54.0    20.0    33.6    87.7    27.6    53.9   0.063   0.076   0.087   0.232   0.082    30.8    29.8    28.6    25.9    25.4
03072 20170611  2.422 -100.25   32.04    35.5    21.9    28.7    28.3     0.0    27.86 C    53.3    21.4    34.1    75.2    30.7    50.9   0.060   0.076   0.087   0.231   0.083    31.4    30.5    29.2    26.5    26.0
03072 20170612  2.422 -100.25   32.04    35.5    20.2    27.9    28.2     0.0    28.04 C    54.0    19.9    34.2    77.1    32.9    50.0   0.057   0.076   0.087   0.231   0.082    31.8    30.9    29.6    26.9    26.3
03072 20170613  2.422 -100.25   32.04    35.6    20.5    28.1    28.2     0.0    27.51 C    53.9    20.2    34.0    77.2    29.4    49.7   0.053   0.076   0.087   0.231   0.083    32.0    31.1    29.9    27.3    26.7
03072 20170614  2.422 -100.25   32.04    36.2    23.5    29.9    29.6     0.0    26.73 C    55.7    22.6    35.6    71.3    29.9    50.1   0.051   0.075   0.087   0.230   0.083    32.9    31.8    30.4    27.6    27.1
03072 20170615  2.422 -100.25   32.04    37.8    20.3    29.0    28.9     6.2    25.83 C    56.2    20.4    34.9    84.5    28.1    54.5   0.050   0.075   0.087   0.231   0.083    33.2    32.2    30.9    28.1    27.5
03072 20170616  2.422 -100.25   32.04    38.8    19.5    29.2    29.8     0.0    28.51 C    52.5    19.8    33.3    82.7    25.5    48.4   0.057   0.074   0.085   0.230   0.083    30.6    30.5    29.8    28.1    27.6
03072 20170617  2.422 -100.25   32.04    42.0    21.4    31.7    32.0     0.0    27.68 C    56.4    20.2    35.8    81.1    16.1    45.5   0.064   0.074   0.086   0.230   0.083    31.7    31.0    29.9    28.0    27.6
03072 20170618  2.422 -100.25   32.04    37.1    21.9    29.5    29.0     0.0    26.66 C    53.8    20.4    34.0    79.8    32.4    55.8   0.066   0.075   0.086   0.229   0.083    32.5    31.7    30.6    28.2    27.8
03072 20170619  2.422 -100.25   32.04    34.1    22.1    28.1    27.4     0.0    18.89 C    50.3    22.1    31.7    87.1    45.5    67.4   0.063   0.074   0.086   0.230   0.083    31.6    31.3    30.4    28.5    28.0
03072 20170620  2.422 -100.25   32.04    34.9    20.7    27.8    28.0     0.0    26.56 C    54.0    20.5    33.9    86.2    34.3    57.6   0.060   0.075   0.086   0.228   0.082    32.4    31.6    30.5    28.5    28.1
03072 20170621  2.422 -100.25   32.04    36.6    19.0    27.8    27.8     0.0    28.22 C    55.3    19.5    34.0    86.0    16.6    50.8   0.056   0.074   0.086   0.228   0.082    33.0    32.1    31.0    28.7    28.3
03072 20170622  2.422 -100.25   32.04    38.0    17.5    27.8    28.2     0.0    28.62 C    57.1    18.2    34.5    78.9    20.4    43.9   0.050   0.074   0.086   0.228   0.082    33.2    32.3    31.2    28.9    28.5
03072 20170623  2.422 -100.25   32.04    40.9    20.1    30.5    29.1    14.7    24.99 C    60.4    19.5    34.4    79.7    19.1    45.9   0.076   0.079   0.086   0.227   0.082    33.0    32.4    31.4    29.2    28.7
03072 20170624  2.422 -100.25   32.04    31.3    19.8    25.6    25.0     0.0    23.70 C    45.4    19.9    28.8    81.3    38.0    62.2   0.132   0.094   0.084   0.227   0.082    29.1    29.7    29.5    29.0    28.7
03072 20170625  2.422 -100.25   32.04    29.8    21.4    25.6    24.5     0.0    13.80 C    43.3    22.0    27.0    82.9    45.6    65.7   0.111   0.088   0.084   0.227   0.081    27.5    28.2    28.0    28.2    28.1
03072 20170626  2.422 -100.25   32.04    29.6    19.3    24.5    22.9    38.4    11.63 C    44.4    18.8    25.1    92.5    48.2    79.6   0.139   0.125   0.119   0.224   0.081    26.3    27.1    27.0    27.5    27.5
03072 20170627  2.422 -100.25   32.04    31.9    16.9    24.4    24.5     0.0    26.30 C    46.4    17.0    28.2    92.9    38.2    68.0   0.156   0.166   0.173   0.225   0.081    27.0    27.0    26.5    26.7    26.9
03072 20170628  2.422 -100.25   32.04    33.4    19.2    26.3    26.5     0.0    29.03 C    49.4    19.2    31.2    89.1    35.0    60.5   0.142   0.155   0.166   0.225   0.081    28.4    28.3    27.6    26.9    26.8
03072 20170629  2.422 -100.25   32.04    37.6    19.7    28.6    29.0     0.0    27.58 C    52.1    19.0    33.0    85.5    27.6    54.2   0.132   0.147   0.161   0.226   0.080    29.7    29.4    28.5    27.1    26.9
03072 20170630  2.422 -100.25   32.04    37.6    22.2    29.9    30.3     0.0    27.74 C    53.5    21.2    34.5    79.4    26.8    50.7   0.121   0.139   0.156   0.226   0.083    31.0    30.5    29.6    27.7    27.4
03072 20170701  2.422 -100.25   32.04    32.2    17.9    25.0    26.5     9.6    27.23 C    39.1    17.5    28.8    88.5    43.6    62.5   0.143   0.136   0.150   0.228   0.081    30.0    30.1    29.5    28.2    27.8
03072 20170702  2.422 -100.25   32.04    35.1    21.2    28.2    28.4     0.0    26.39 C    40.5    21.2    30.1    78.0    29.0    53.5   0.131   0.134   0.147   0.229   0.082    29.8    29.7    29.1    28.1    27.8
03072 20170703  2.422 -100.25   32.04    35.7    19.9    27.8    28.5     0.0    26.83 C    41.5    19.5    30.2    87.7    28.2    52.7   0.117   0.126   0.143   0.228   0.080    30.4    30.1    29.4    28.1    27.8
03072 20170704  2.422 -100.25   32.04    36.8    19.5    28.2    26.2     5.8    21.21 C    43.8    18.7    27.4    82.7    30.5    57.0   0.103   0.117   0.138   0.229   0.081    30.0    30.2    29.6    28.3    28.0
03072 20170705  2.422 -100.25   32.04    31.2    20.0    25.6    24.6     0.0    15.26 C    39.0    19.4    25.8    82.0    40.9    66.1   0.104   0.110   0.132   0.228   0.081    27.4    27.9    27.8    27.9    27.8
03072 20170706  2.422 -100.25   32.04    31.3    19.8    25.6    24.8     0.0    19.39 C    37.8    19.3    26.7    91.1    42.6    67.8   0.099   0.106   0.128   0.228   0.081    27.7    27.9    27.5    27.4    27.3
03072 20170707  2.422 -100.25   32.04    34.5    19.5    27.0    25.8     0.0    25.61 C    42.6    18.8    28.3    90.9    32.0    65.1   0.094   0.101   0.125   0.228   0.081    29.1    28.8    28.1    27.3    27.2
03072 20170708  2.422 -100.25   32.04    34.4    17.7    26.0    26.9     0.0    27.63 C    42.3    17.0    29.4    90.1    32.3    58.5   0.086   0.096   0.120   0.228   0.081    30.1    29.7    28.8    27.5    27.3
03072 20170709  2.422 -100.25   32.04    35.1    19.3    27.2    25.6     0.8    21.07 C    42.6    18.6    27.2    89.2    31.0    64.1   0.080   0.091   0.115   0.229   0.082    30.5    30.3    29.5    28.0    27.7
03072 20170710  2.422 -100.25   32.04    35.1    18.2    26.7    26.6     0.0    27.31 C    41.4    17.6    28.3    91.5    27.4    58.1   0.076   0.086   0.110   0.229   0.082    30.4    30.0    29.2    28.1    27.8
03072 20170711  2.422 -100.25   32.04    34.9    18.4    26.7    27.6     0.0    27.69 C    41.2    18.0    29.2    81.9    29.3    50.0   0.074   0.084   0.107   0.229   0.082    31.3    30.8    29.8    28.3    28.0
03072 20170712  2.422 -100.25   32.04    34.8    19.4    27.1    27.7     0.0    28.07 C    41.3    19.1    29.4    76.0    27.9    49.9   0.070   0.081   0.102   0.229   0.082    31.8    31.3    30.3    28.6    28.3
03072 20170713  2.422 -100.25   32.04    34.6    21.5    28.1    28.0     0.0    26.41 C    42.2    21.7    30.1    76.4    27.3    51.6   0.068   0.080   0.099   0.228   0.082    32.3    31.7    30.7    28.9    28.6
03072 20170714  2.422 -100.25   32.04    34.9    19.2    27.1    27.9     0.0    28.27 C    43.3    19.1    30.5    83.5    25.1    51.3   0.064   0.079   0.097   0.228   0.083    32.8    32.1    31.1    29.1    28.8
03072 20170715  2.422 -100.25   32.04    37.7    19.6    28.7    29.2     0.0    23.28 C    46.1    19.5    31.5    83.5    23.3    49.0   0.060   0.079   0.096   0.228   0.083    33.0    32.4    31.4    29.5    29.1
03072 20170716  2.422 -100.25   32.04    34.2    20.1    27.1    26.7     0.0    15.35 C    42.6    19.7    28.0    81.4    34.0    59.3   0.056   0.077   0.094   0.229   0.084    31.4    31.4    30.9    29.6    29.3
03072 20170717  2.422 -100.25   32.04    36.8    21.0    28.9    28.3     0.0    24.33 C    45.2    20.2    30.6    82.5    26.9    54.7   0.057   0.077   0.093   0.228   0.083    32.2    31.5    30.6    29.3    29.1
03072 20170718  2.422 -100.25   32.04    35.7    19.5    27.6    28.2     0.0    26.43 C    42.6    18.9    30.6    85.1    30.4    54.5   0.055   0.077   0.092   0.228   0.082    33.0    32.3    31.2    29.5    29.2
03072 20170719  2.422 -100.25   32.04    36.5    21.2    28.9    29.2     0.0    28.01 C    44.3    21.1    31.5    75.8    24.2    47.2   0.054   0.077   0.091   0.228   0.082    34.0    33.1    31.9    29.8    29.5
03072 20170720  2.422 -100.25   32.04    37.1    20.5    28.8    29.8     0.0    26.50 C    44.8    19.7    32.1    76.6    26.4    46.7   0.052   0.076   0.090   0.228   0.083    34.1    33.3    32.2    30.2    29.8
03072 20170721  2.422 -100.25   32.04    38.0    21.2    29.6    30.3     0.0    26.98 C    45.4    20.7    32.3    69.4    23.6    42.7   0.052   0.076   0.090   0.228   0.083    34.7    33.7    32.6    30.4    30.1
03072 20170722  2.422 -100.25   32.04    38.8    20.5    29.7    30.4     0.0    26.94 C    46.5    20.1    32.8    72.9    22.2    43.3   0.051   0.075   0.089   0.227   0.083    34.9    33.9    32.8    30.6    30.3
03072 20170723  2.422 -100.25   32.04    37.6    22.2    29.9    28.9     0.0    24.95 C    46.9    21.6    31.5    81.4    25.5    52.3   0.050   0.075   0.088   0.227   0.083    35.3    34.4    33.2    30.9    30.6
03072 20170724  2.422 -100.25   32.04    36.0    22.2    29.1    28.1     0.0    18.41 C    44.4    21.8    29.9    79.7    29.8    54.2   0.047   0.074   0.087   0.227   0.083    33.4    33.3    32.5    31.1    30.8
03072 20170725  2.422 -100.25   32.04    37.2    20.3    28.7    29.0     0.0    27.61 C    45.1    19.8    31.3    86.8    28.6    53.2   0.049   0.073   0.086   0.226   0.082    34.3    33.5    32.4    30.8    30.6
03072 20170726  2.422 -100.25   32.04    37.1    23.0    30.1    30.1     0.0    26.86 C    44.3    22.2    32.1    79.8    23.2    45.9   0.047   0.073   0.086   0.226   0.082    35.1    34.2    33.1    31.1    30.8
03072 20170727  2.422 -100.25   32.04    37.6    21.1    29.3    30.3     0.0    27.24 C    45.8    21.1    32.7    72.7    22.1    40.7   0.048   0.073   0.086   0.226   0.082    35.3    34.4    33.3    31.2    30.9
03072 20170728  2.422 -100.25   32.04    38.2    20.2    29.2    29.9     0.0    27.62 C    46.8    20.0    32.5    70.9    18.3    41.6   0.047   0.073   0.086   0.225   0.082    35.5    34.6    33.5    31.4    31.1
03072 20170729  2.422 -100.25   32.04    39.3    18.8    29.0    30.3     0.0    26.31 C    48.4    18.3    32.9    74.2    19.8    41.3   0.046   0.072   0.086   0.225   0.083    35.5    34.6    33.5    31.5    31.2
03072 20170730  2.422 -100.25   32.04    37.7    23.7    30.7    29.9     0.0    18.48 C    45.9    22.9    31.4    76.9    30.3    52.0   0.045   0.072   0.085   0.225   0.083    35.2    34.6    33.7    31.8    31.4
03072 20170731  2.422 -100.25   32.04    34.5    21.8    28.2    28.2     0.0    17.84 C    42.2    21.3    30.0    68.2    31.1    47.9   0.044   0.070   0.084   0.223   0.083    33.7    33.5    32.8    31.6    31.3
03072 20170801  2.422 -100.25   32.04    28.5    21.4    25.0    24.7     0.0    10.41 C    34.2    21.0    25.7    80.1    47.4    57.0   0.043   0.068   0.083   0.222   0.083    31.3    31.9    31.6    31.2    31.1
03072 20170802  2.422 -100.25   32.04    29.1    19.8    24.4    23.3     5.6    12.77 C    33.2    19.0    23.7    91.4    49.7    76.1   0.047   0.066   0.081   0.222   0.081    28.9    30.0    30.1    30.5    30.6
03072 20170803  2.422 -100.25   32.04    33.6    17.9    25.7    25.1     0.0    23.54 C    41.1    17.1    27.1    91.5    26.4    60.7   0.058   0.067   0.082   0.220   0.080    28.9    29.3    29.0    29.6    29.8
03072 20170804  2.422 -100.25   32.04    35.6    17.8    26.7    26.9     0.0    24.84 C    43.8    17.2    29.0    85.8    23.8    52.6   0.062   0.067   0.082   0.219   0.079    30.5    30.3    29.6    29.4    29.4
03072 20170805  2.422 -100.25   32.04    37.4    19.9    28.7    29.8     0.0    22.08 C    43.6    19.5    31.2    79.6    25.1    46.7   0.063   0.069   0.083   0.220   0.079    32.0    31.5    30.6    29.6    29.5
03072 20170806  2.422 -100.25   32.04    39.2    21.7    30.5    28.4    18.1    21.38 C    48.2    20.7    30.0    84.3    24.9    57.8   0.100   0.085   0.083   0.220   0.080    32.0    31.9    31.2    29.9    29.7
03072 20170807  2.422 -100.25   32.04    29.9    20.8    25.4    24.4    10.2    15.67 C    36.3    20.4    25.3    91.2    54.7    77.5   0.153   0.116   0.083   0.220   0.080    28.8    29.5    29.5    29.8    29.7
03072 20170808  2.422 -100.25   32.04    29.9    21.1    25.5    24.4     1.0    12.71 C    33.3    20.2    24.8    89.8    44.0    72.2   0.156   0.138   0.103   0.220   0.078    27.6    28.3    28.3    29.0    29.1
03072 20170809  2.422 -100.25   32.04    33.5    18.9    26.2    26.1     0.0    26.37 C    41.5    18.2    28.4    90.1    34.5    61.6   0.136   0.132   0.105   0.218   0.079    28.4    28.5    28.1    28.4    28.6
03072 20170810  2.422 -100.25   32.04    35.7    20.3    28.0    28.1     0.0    26.04 C    42.2    19.6    29.8    88.0    31.8    56.3   0.118   0.123   0.105   0.220   0.077    29.8    29.7    29.1    28.5    28.5
03072 20170811  2.422 -100.25   32.04    35.4    21.0    28.2    28.5     0.0    25.13 C    41.3    20.4    30.4    86.8    31.8    55.1   0.101   0.113   0.105   0.220   0.079    30.8    30.6    29.8    28.8    28.7
03072 20170812  2.422 -100.25   32.04    32.7    21.7    27.2    26.1     4.4    15.52 C    39.1    20.9    26.8    90.1    43.8    71.4   0.089   0.103   0.103   0.220   0.080    29.5    29.9    29.6    29.1    29.0
03072 20170813  2.422 -100.25   32.04    34.9    22.1    28.5    27.4     0.0    19.68 C    39.5    21.4    28.5    91.3    37.9    66.7   0.089   0.096   0.101   0.220   0.079    29.5    29.6    29.1    28.8    28.8
03072 20170814  2.422 -100.25   32.04    35.8    21.9    28.8    26.9     0.9    20.53 C    41.7    21.4    27.9    90.1    32.1    66.7   0.084   0.090   0.100   0.220   0.080    29.7    29.8    29.3    28.8    28.7
03072 20170815  2.422 -100.25   32.04    27.7    21.9    24.8    24.2     4.2     6.21 C    31.7    21.4    23.9    90.5    63.8    79.1   0.077   0.085   0.097   0.220   0.080    27.3    28.2    28.2    28.7    28.6
03072 20170816  2.422 -100.25   32.04    35.1    21.0    28.0    26.6     9.6    19.12 C    40.5    20.3    27.3    91.0    42.9    71.0   0.093   0.083   0.095   0.219   0.079    28.0    28.2    27.8    28.0    28.1
03072 20170817  2.422 -100.25   32.04    34.1    20.7    27.4    24.3    42.9    17.30 C    41.4    18.5    25.1    91.5    43.5    78.1   0.176   0.130   0.133   0.219   0.078    27.1    27.7    27.6    28.0    28.0
03072 20170818  2.422 -100.25   32.04    33.5    20.9    27.2    26.5     0.0    21.56 C    39.8    20.3    27.7    91.9    34.9    67.6   0.162   0.174   0.186   0.219   0.078    27.9    27.9    27.5    27.6    27.7
03072 20170819  2.422 -100.25   32.04    35.1    21.7    28.4    27.0     0.0    21.03 C    42.0    21.1    28.3    90.5    36.4    66.2   0.148   0.162   0.177   0.221   0.077    28.7    28.7    28.2    27.8    27.7
03072 20170820  2.422 -100.25   32.04    34.7    19.9    27.3    27.7     0.0    24.31 C    40.6    19.3    28.8    86.9    31.1    55.2   0.137   0.153   0.171   0.221   0.079    29.1    29.0    28.4    27.9    27.9
03072 20170821  2.422 -100.25   32.04    33.3    20.0    26.7    27.1     0.0    22.25 C    38.8    19.8    28.1    84.8    30.3    54.4   0.125   0.144   0.165   0.223   0.080    29.1    29.2    28.7    28.1    28.1
03072 20170822  2.422 -100.25   32.04    34.7    19.3    27.0    27.1     0.9    24.22 C    41.3    18.7    28.8    87.0    29.1    57.0   0.113   0.136   0.160   0.225   0.079    29.8    29.6    29.0    28.2    28.1
03072 20170823  2.422 -100.25   32.04    31.3    20.7    26.0    24.9     1.6    19.37 C    39.9    20.0    26.1    90.2    47.1    72.9   0.103   0.128   0.155   0.227   0.081    28.8    29.2    28.9    28.5    28.3
03072 20170824  2.422 -100.25   32.04    30.6    21.1    25.9    24.4     0.4    15.48 C    38.4    20.5    25.5    89.7    49.6    76.4   0.096   0.122   0.151   0.227   0.080    28.1    28.5    28.2    28.2    28.1
03072 20170825  2.422 -100.25   32.04    27.5    20.3    23.9    23.1    11.4    10.37 C    32.0    19.6    23.4    91.5    62.6    82.8   0.132   0.124   0.148   0.227   0.080    26.7    27.5    27.4    27.9    27.9
03072 20170826  2.422 -100.25   32.04    28.9    20.4    24.6    22.8     1.1    12.83 C    31.0    19.6    22.9    90.2    53.2    79.0   0.139   0.130   0.147   0.227   0.080    26.0    26.7    26.6    27.4    27.5
03072 20170827  2.422 -100.25   32.04    30.2    19.9    25.0    23.8     0.0    16.82 C    33.0    18.9    24.1    87.9    42.7    70.1   0.128   0.126   0.144   0.227   0.079    25.6    26.2    26.0    26.8    27.1
03072 20170828  2.422 -100.25   32.04    31.3    18.2    24.7    24.3     0.0    23.85 C    34.9    17.2    25.0    90.5    29.9    61.3   0.117   0.120   0.142   0.227   0.078    26.3    26.5    26.2    26.6    26.8
03072 20170829  2.422 -100.25   32.04    30.2    15.7    22.9    23.0     0.0    25.73 C    34.5    15.0    23.7    85.3    28.9    52.0   0.105   0.112   0.137   0.228   0.078    26.4    26.7    26.4    26.6    26.7
03072 20170830  2.422 -100.25   32.04    29.5    14.9    22.2    22.0     0.0    25.39 C    34.3    13.9    22.9    86.6    32.8    58.4   0.094   0.105   0.133   0.229   0.079    26.5    26.7    26.4    26.6    26.7
03072 20170831  2.422 -100.25   32.04    30.1    13.7    21.9    22.2     0.0    24.03 C    36.3    13.6    23.8    88.0    34.8    61.3   0.086   0.098   0.128   0.228   0.078    26.7    26.9    26.5    26.6    26.6
03072 20170901  2.422 -100.25   32.04    32.1    14.3    23.2    23.4     0.0    24.45 C    39.6    13.5    25.3    89.4    28.5    58.1   0.080   0.093   0.123   0.228   0.079    27.3    27.4    26.9    26.7    26.7
03072 20170902  2.422 -100.25   32.04    35.3    14.8    25.1    23.9    10.5    21.69 C    43.3    14.2    25.6    88.0    26.3    62.5   0.089   0.088   0.118   0.229   0.079    27.5    27.7    27.2    26.9    26.9
03072 20170903  2.422 -100.25   32.04    30.9    18.8    24.9    24.0     0.0    22.93 C    37.9    18.3    25.6    89.9    37.1    65.1   0.131   0.086   0.114   0.229   0.079    26.7    27.1    26.8    26.9    26.9
03072 20170904  2.422 -100.25   32.04    32.2    17.0    24.6    24.6     0.0    23.40 C    38.8    16.3    26.1    90.6    35.7    62.9   0.106   0.085   0.111   0.228   0.080    26.7    27.0    26.6    26.7    26.7
03072 20170905  2.422 -100.25   32.04    29.8    16.3    23.0    23.4     0.0    20.64 C    33.9    15.4    24.1    88.9    33.5    57.5   0.087   0.083   0.107   0.229   0.080    26.3    26.7    26.5    26.6    26.7
03072 20170906  2.422 -100.25   32.04    28.1    15.9    22.0    21.3     0.0    22.20 C    33.9    14.3    22.4    60.9    23.8    40.2   0.076   0.081   0.103   0.228   0.080    25.8    26.3    26.1    26.4    26.5
03072 20170907  2.422 -100.25   32.04    30.0    11.4    20.7    21.1     0.0    23.86 C    35.9    10.5    22.3    84.4    21.9    42.8   0.072   0.079   0.099   0.227   0.079    25.8    26.1    25.8    26.2    26.3
03072 20170908  2.422 -100.25   32.04    29.8     9.9    19.8    20.3     0.0    23.94 C    34.9     9.5    21.6    82.7    24.7    48.0   0.068   0.077   0.096   0.226   0.079    25.8    26.1    25.8    26.1    26.2
03072 20170909  2.422 -100.25   32.04    29.7    11.0    20.4    21.0     0.0    23.49 C    36.1    10.9    22.5    86.4    27.8    52.1   0.067   0.076   0.093   0.225   0.079    26.1    26.3    26.0    26.1    26.1
03072 20170910  2.422 -100.25   32.04    29.6    12.1    20.8    20.9     0.0    23.32 C    36.0    11.3    22.4    84.0    28.9    53.0   0.064   0.075   0.091   0.224   0.080    26.3    26.5    26.1    26.1    26.2
03072 20170911  2.422 -100.25   32.04    30.6    11.1    20.8    21.2     0.0    22.99 C    37.0    10.2    22.7    86.5    26.4    51.9   0.061   0.074   0.089   0.224   0.080    26.3    26.5    26.1    26.1    26.2
03072 20170912  2.422 -100.25   32.04    33.8    11.0    22.4    22.6     0.0    22.23 C    39.3    10.1    24.0    86.0    23.3    51.2   0.059   0.074   0.088   0.223   0.079    26.6    26.7    26.3    26.2    26.2
03072 20170913  2.422 -100.25   32.04    35.7    14.0    24.9    25.7     0.0    21.23 C    42.3    14.0    27.1    74.6    19.3    39.8   0.057   0.073   0.087   0.223   0.079    27.7    27.5    26.8    26.3    26.3
03072 20170914  2.422 -100.25   32.04    38.6    16.3    27.5    28.1     0.0    22.16 C    42.8    15.6    28.8    75.5    15.7    39.8   0.055   0.074   0.087   0.222   0.080    28.8    28.4    27.6    26.6    26.5
03072 20170915  2.422 -100.25   32.04    35.5    20.4    27.9    27.5     0.0    17.97 C    41.8    19.4    28.3    72.2    24.2    44.6   0.053   0.074   0.086   0.221   0.080    29.1    28.9    28.1    27.0    26.9
03072 20170916  2.422 -100.25   32.04    35.3    21.4    28.3    27.1     0.0    15.63 C    39.9    21.1    27.8    71.5    27.4    49.1   0.052   0.073   0.085   0.220   0.080    29.0    28.9    28.2    27.3    27.1
03072 20170917  2.422 -100.25   32.04    34.1    20.4    27.2    27.1     0.0    18.81 C    39.3    19.7    28.2    71.6    23.6    46.9   0.051   0.072   0.085   0.220   0.079    29.1    28.9    28.2    27.4    27.3
03072 20170918  2.422 -100.25   32.04    35.0    18.5    26.8    27.0     0.0    19.92 C    40.6    18.0    28.0    84.3    28.1    51.6   0.050   0.072   0.084   0.220   0.080    29.4    29.2    28.4    27.5    27.3
03072 20170919  2.422 -100.25   32.04    35.8    20.3    28.1    26.8     0.0    19.18 C    39.4    19.9    27.6    74.6    27.7    55.6   0.049   0.072   0.084   0.219   0.080    29.6    29.4    28.7    27.7    27.5
03072 20170920  2.422 -100.25   32.04    38.3    18.5    28.4    26.9     0.0    19.38 C    43.7    18.2    28.1    84.2    23.8    59.4   0.049   0.071   0.084   0.220   0.081    30.0    29.7    28.9    27.8    27.6
03072 20170921  2.422 -100.25   32.04    36.3    21.9    29.1    28.6     0.0    19.81 C    41.4    21.1    29.5    85.9    25.6    53.4   0.048   0.071   0.084   0.220   0.081    30.6    30.1    29.3    28.1    27.9
03072 20170922  2.422 -100.25   32.04    34.1    21.8    28.0    27.6     0.0    18.60 C    38.9    21.5    28.6    83.2    30.4    55.5   0.048   0.071   0.083   0.220   0.080    30.6    30.2    29.5    28.3    28.1
03072 20170923  2.422 -100.25   32.04    32.4    21.2    26.8    26.3     0.0    15.21 C    36.0    20.8    27.0    81.4    34.8    57.2   0.046   0.070   0.083   0.219   0.081    29.8    29.8    29.3    28.4    28.3
03072 20170924  2.422 -100.25   32.04    28.3    21.2    24.8    23.5     1.9     9.23 C    32.0    20.9    23.6    88.1    53.0    73.8   0.045   0.068   0.082   0.218   0.080    27.5    28.3    28.2    28.2    28.2
03072 20170925  2.422 -100.25   32.04    25.0    20.1    22.5    22.0    21.2     5.22 C    26.5    19.5    21.7    91.0    73.5    85.8   0.090   0.089   0.081   0.218   0.080    25.4    26.4    26.6    27.5    27.7
03072 20170926  2.422 -100.25   32.04    26.4    18.1    22.3    21.0    14.2     7.95 C    29.7    17.6    21.1    91.7    64.2    86.3   0.158   0.142   0.092   0.216   0.079    24.6    25.4    25.5    26.7    27.0
03072 20170927  2.422 -100.25   32.04    18.2    15.6    16.9    17.2    39.7     1.23 C    17.7    15.3    16.7    91.6    87.9    90.4   0.191   0.189   0.188   0.216   0.079    21.4    22.8    23.4    25.8    26.3
03072 20170928  2.422 -100.25   32.04    19.8    17.0    18.4    18.0     0.3     3.57 C    20.4    16.5    17.9    90.5    83.5    87.8   0.165   0.178   0.194   0.236   0.076    21.4    22.4    22.5    24.5    25.1
03072 20170929  2.422 -100.25   32.04    18.6    16.3    17.4    17.4     2.1     2.03 C    18.5    16.3    17.2    91.0    85.1    88.8   0.160   0.169   0.187   0.277   0.076    21.0    22.0    22.2    23.9    24.5
03072 20170930  2.422 -100.25   32.04    26.5    17.1    21.8    20.1     5.8    13.69 C    32.6    16.7    21.0    91.1    50.0    77.2   0.159   0.167   0.185   0.310   0.075    22.5    22.8    22.5    23.6    24.1
03072 20171001  2.422 -100.25   32.04    28.3    16.5    22.4    21.8     0.0    14.69 C    31.7    15.6    22.1    90.5    50.5    72.7   0.162   0.170   0.187   0.322   0.077    23.2    23.5    23.3    23.8    24.0
03072 20171002  2.422 -100.25   32.04    29.5    16.9    23.2    23.2     0.0    17.04 C    32.4    16.0    23.3    90.4    45.8    69.1   0.152   0.164   0.182   0.330   0.079    23.3    23.6    23.4    23.8    24.1
03072 20171003  2.422 -100.25   32.04    30.7    20.2    25.4    24.8     0.0    18.95 C    34.7    19.6    25.5    86.8    44.7    66.9   0.144   0.158   0.178   0.331   0.086    24.6    24.6    24.1    24.1    24.2
03072 20171004  2.422 -100.25   32.04    29.0    22.2    25.6    24.5     0.0     9.85 C    31.9    21.7    24.8    90.1    56.9    76.5   0.137   0.154   0.174   0.333   0.093    24.9    25.1    24.7    24.5    24.5
03072 20171005  2.422 -100.25   32.04    29.0    19.1    24.1    23.7     0.0    13.96 C    34.0    18.4    24.4    90.9    49.7    70.5   0.131   0.151   0.170   0.331   0.098    24.8    25.0    24.7    24.6    24.6
03072 20171006  2.422 -100.25   32.04    30.2    16.1    23.1    23.2     0.0    16.55 C    33.3    15.5    23.6    91.4    49.2    71.7   0.126   0.147   0.167   0.330   0.099    24.3    24.7    24.4    24.6    24.6
03072 20171007  2.422 -100.25   32.04    28.1    10.3    19.2    20.7     0.0    21.20 C    32.5     9.3    21.6    85.7    18.9    56.0   0.118   0.143   0.164   0.329   0.101    23.9    24.5    24.3    24.6    24.7
03072 20171008  2.422 -100.25   32.04    32.5     7.4    20.0    20.2     0.0    20.34 C    35.2     6.2    20.9    89.9    19.7    62.0   0.110   0.138   0.160   0.325   0.101    22.5    23.1    23.1    24.2    24.4
03072 20171009  2.422 -100.25   32.04    30.9    11.8    21.3    22.3     0.0    19.99 C    36.0    11.5    23.2    91.5    24.9    57.3   0.106   0.135   0.158   0.324   0.099    24.0    24.2    23.9    24.1    24.2
03072 20171010  2.422 -100.25   32.04    19.4     7.8    13.6    12.8     0.0    16.66 C    23.8     7.2    13.7    84.8    32.7    55.1   0.098   0.130   0.154   0.321   0.100    21.0    22.2    22.5    23.9    24.1
03072 20171011  2.422 -100.25   32.04    23.6     7.5    15.5    15.7     0.0    16.55 C    28.7     6.8    16.8    87.9    32.7    58.4   0.094   0.127   0.152   0.318   0.100    20.9    21.6    21.7    23.2    23.5
03072 20171012  2.422 -100.25   32.04    30.1    12.4    21.2    21.6     0.0    18.75 C    33.5    12.0    22.1    80.2    39.9    60.1   0.091   0.125   0.150   0.314   0.101    22.5    22.6    22.3    23.0    23.3
03072 20171013  2.422 -100.25   32.04    31.5    16.8    24.1    23.9     0.0    17.77 C    35.2    15.9    24.2    90.5    34.5    64.0   0.088   0.122   0.148   0.311   0.099    24.1    24.0    23.5    23.4    23.5
03072 20171014  2.422 -100.25   32.04    30.7    16.4    23.5    24.0     0.0    17.72 C    33.9    15.5    24.3    91.3    45.5    68.0   0.084   0.119   0.146   0.309   0.099    24.7    24.6    24.1    23.8    23.7
03072 20171015  2.422 -100.25   32.04    22.6     4.8    13.7    14.9     2.0    11.48 C    22.1     4.4    14.9    88.2    30.2    54.1   0.079   0.114   0.142   0.306   0.100    20.8    22.5    22.9    23.9    23.9
03072 20171016  2.422 -100.25   32.04    22.2     1.3    11.8    11.5     0.0    20.27 C    27.8     0.7    12.7    90.9    20.7    58.2   0.076   0.109   0.138   0.302   0.098    18.2    19.6    20.2    22.6    23.1
03072 20171017  2.422 -100.25   32.04    25.8    -0.1    12.9    12.7     0.0    19.87 C    29.5    -0.6    13.4    89.5    19.4    55.1   0.075   0.106   0.135   0.299   0.098    18.1    19.1    19.5    21.7    22.3
03072 20171018  2.422 -100.25   32.04    29.1     6.1    17.6    16.8     0.0    18.03 C    31.8     5.4    16.9    80.0    16.1    47.2   0.074   0.104   0.133   0.294   0.097    19.1    19.7    19.8    21.3    21.8
03072 20171019  2.422 -100.25   32.04    26.2     8.5    17.4    17.9     0.0    15.75 C    28.4     7.8    18.1    81.2    32.9    57.8   0.073   0.101   0.131   0.291   0.097    19.9    20.3    20.3    21.3    21.7
03072 20171020  2.422 -100.25   32.04    27.4    15.3    21.3    20.9     0.2    14.62 C    30.6    14.3    21.1    89.0    44.7    67.0   0.072   0.100   0.128   0.288   0.097    21.4    21.6    21.2    21.5    21.7
03072 20171021  2.422 -100.25   32.04    29.9    17.5    23.7    23.1     0.0    12.24 C    32.5    16.6    23.3    83.1    39.1    64.6   0.071   0.098   0.127   0.286   0.096    22.7    22.6    22.1    21.9    22.0
03072 20171022  2.422 -100.25   32.04    22.9     5.7    14.3    15.4     0.0    18.59 C    28.4     5.4    16.3    79.7    20.3    46.0   0.069   0.094   0.124   0.284   0.095    21.0    21.8    21.8    22.3    22.3
03072 20171023  2.422 -100.25   32.04    28.9     3.2    16.0    16.1     0.0    18.20 C    34.1     2.5    16.9    86.8    20.9    51.2   0.066   0.090   0.119   0.279   0.094    19.7    20.4    20.5    21.8    22.1
03072 20171024  2.422 -100.25   32.04    21.8     5.8    13.8    14.9     0.0    18.25 C    25.4     5.4    15.3    68.9    15.1    35.1   0.064   0.088   0.116   0.276   0.093    19.5    20.4    20.5    21.6    21.9
03072 20171025  2.422 -100.25   32.04    26.0     2.1    14.1    14.1     0.0    18.20 C    28.7     1.9    14.3    78.7    15.6    42.7   0.062   0.085   0.112   0.272   0.092    18.5    19.4    19.6    21.1    21.5
03072 20171026  2.422 -100.25   32.04    31.5     4.1    17.8    18.9     0.0    17.56 C    32.9     3.8    18.6    74.0    13.2    38.2   0.061   0.084   0.109   0.268   0.093    19.2    19.6    19.6    20.8    21.3
03072 20171027  2.422 -100.25   32.04    14.8     0.4     7.6     8.3     0.0    15.02 C    16.1    -0.2     8.8    66.4    17.2    37.1   0.059   0.082   0.107   0.265   0.093    17.4    18.8    19.3    20.8    21.2
03072 20171028  2.422 -100.25   32.04    15.8    -2.5     6.7     6.3     0.0    16.48 C    22.1    -2.5     7.6    71.0     7.5    36.5   0.056   0.079   0.103   0.261   0.092    15.3    16.8    17.5    20.0    20.6
03072 20171029  2.422 -100.25   32.04    24.6    -3.0    10.8    10.1     0.0    17.57 C    27.4    -3.7    10.5    73.9    14.2    42.8   0.055   0.078   0.102   0.258   0.090    15.4    16.4    16.8    19.2    19.9
03072 20171030  2.422 -100.25   32.04    20.5     3.0    11.8    11.7     0.0    17.02 C    24.6     2.2    12.1    71.5    28.0    47.1   0.055   0.077   0.101   0.256   0.089    16.2    17.0    17.2    19.0    19.5
03072 20171031  2.422 -100.25   32.04    12.6     4.3     8.4     8.2     1.4     7.43 C    16.9     4.1     8.4    85.5    41.8    57.1   0.053   0.076   0.099   0.255   0.089    14.7    16.1    16.7    18.8    19.4
03072 20171101  2.422 -100.25   32.04    29.7     0.7    15.2    16.1     0.0    16.72 C    31.4     0.2    16.0    91.9    15.4    51.5   0.054   0.076   0.098   0.253   0.087    15.6    16.1    16.3    18.3    18.8
03072 20171102  2.422 -100.25   32.04    31.5     8.8    20.2    20.6     0.0    16.97 C    34.5     8.7    20.3    84.4    11.3    39.4   0.056   0.078   0.098   0.251   0.087    18.2    18.3    17.9    18.5    18.9
03072 20171103  2.422 -100.25   32.04    28.9     6.6    17.7    16.6     0.0    16.35 C    33.1     5.8    17.6    87.9    24.1    57.3   0.056   0.076   0.097   0.251   0.087    18.1    18.4    18.3    19.0    19.2
03072 20171104  2.422 -100.25   32.04    31.5    11.9    21.7    22.2     0.0    13.95 C    34.9    11.3    22.2    92.5    23.1    60.4   0.056   0.077   0.097   0.250   0.087    20.1    19.9    19.4    19.3    19.5
03072 20171105  2.422 -100.25   32.04    32.4    14.6    23.5    23.0     0.0    15.02 C    35.3    14.1    23.2    92.5    26.0    64.9   0.056   0.078   0.097   0.249   0.087    21.3    21.0    20.4    19.9    19.9
03072 20171106  2.422 -100.25   32.04    26.5    10.6    18.5    16.9     0.0    10.38 C    31.0     9.9    17.7    91.6    46.2    71.8   0.054   0.077   0.095   0.250   0.088    20.1    20.5    20.3    20.3    20.4
03072 20171107  2.422 -100.25   32.04    15.5     7.9    11.7    11.4     0.0     8.05 C    18.3     7.8    11.6    84.6    38.6    62.3   0.053   0.075   0.093   0.248   0.086    17.9    19.0    19.3    20.2    20.4
03072 20171108  2.422 -100.25   32.04     8.0     2.5     5.3     4.4    19.8     1.08 C     8.0     2.4     4.2    89.5    48.2    80.3   0.106   0.086   0.090   0.245   0.085    13.1    15.3    16.5    19.4    19.9
03072 20171109  2.422 -100.25   32.04    15.2    -0.2     7.5     7.2     0.0    15.56 C    20.8    -1.0     8.3    93.1    50.0    78.0   0.139   0.110   0.088   0.241   0.085    12.5    13.7    14.4    17.8    18.6
03072 20171110  2.422 -100.25   32.04    12.0     3.0     7.5     8.9     0.8     2.90 C    12.2     2.6     8.7    93.4    86.1    91.4   0.131   0.111   0.091   0.240   0.085    12.7    13.8    14.3    17.1    17.9
03072 20171111  2.422 -100.25   32.04    21.2    11.6    16.4    15.7     0.0     4.95 C    21.8    11.2    15.4    92.7    63.1    81.8   0.131   0.116   0.094   0.240   0.084    15.1    15.4    15.3    16.9    17.5
03072 20171112  2.422 -100.25   32.04    19.4    12.1    15.8    16.0     0.0     3.38 C    20.9    12.0    16.1    87.5    66.5    79.4   0.128   0.119   0.099   0.240   0.083    16.7    17.0    16.8    17.3    17.7
03072 20171113  2.422 -100.25   32.04    16.5    11.3    13.9    13.8     0.0     2.77 C    17.9    11.2    14.0    92.4    81.2    88.4   0.124   0.119   0.100   0.241   0.084    16.0    16.5    16.6    17.6    17.8
03072 20171114  2.422 -100.25   32.04    26.1    16.1    21.1    19.4     0.0     8.10 C    27.9    15.7    19.3    92.3    50.4    76.3   0.123   0.120   0.103   0.241   0.084    17.8    17.8    17.5    17.7    18.0
03072 20171115  2.422 -100.25   32.04    20.4    13.0    16.7    16.2     0.0     5.42 C    21.4    12.4    16.0    92.4    64.8    79.7   0.119   0.118   0.105   0.242   0.082    17.4    17.9    17.8    18.2    18.3
03072 20171116  2.422 -100.25   32.04    22.6    10.3    16.5    16.0     0.0    10.44 C    25.0    10.1    16.3    89.5    48.9    67.1   0.115   0.117   0.106   0.241   0.082    17.0    17.5    17.4    18.1    18.3
03072 20171117  2.422 -100.25   32.04    31.2    10.7    20.9    21.1     0.0    12.23 C    32.2    10.4    20.5    91.0    28.4    66.1   0.112   0.116   0.107   0.241   0.082    17.5    17.6    17.5    18.1    18.3
03072 20171118  2.422 -100.25   32.04    20.3     3.1    11.7    14.6     0.0    13.06 C    21.1     2.0    14.2    86.1    19.7    51.9   0.107   0.114   0.107   0.240   0.083    16.2    17.3    17.5    18.3    18.4
03072 20171119  2.422 -100.25   32.04    14.6    -3.0     5.8     5.2     0.0    14.10 C    19.7    -3.0     5.8    89.3    22.1    60.4   0.100   0.110   0.105   0.239   0.082    12.1    13.7    14.6    17.4    18.0
03072 20171120  2.422 -100.25   32.04    19.7    -3.0     8.3     8.5     0.0    13.79 C    21.3    -3.5     8.4    88.1    23.7    54.4   0.097   0.108   0.104   0.237   0.081    11.4    12.6    13.2    16.3    17.0
03072 20171121  2.422 -100.25   32.04    21.4     3.1    12.3    12.9     0.0    11.54 C    22.1     2.8    12.3    83.9    19.7    42.2   0.095   0.107   0.104   0.236   0.079    12.5    13.3    13.7    15.8    16.5
03072 20171122  2.422 -100.25   32.04    16.2    -0.7     7.8     7.5     0.0    12.91 C    19.9    -1.5     8.0    77.6    20.8    43.9   0.092   0.105   0.104   0.235   0.080    11.6    12.8    13.3    15.6    16.2
03072 20171123  2.422 -100.25   32.04    22.7    -2.4    10.2     8.6     0.0    13.40 C    25.7    -3.1     9.1    86.3    19.9    56.3   0.090   0.104   0.103   0.233   0.079    11.2    12.2    12.6    15.1    15.8
03072 20171124  2.422 -100.25   32.04    26.7     0.5    13.6    13.9     0.0    13.25 C    28.5     0.1    13.4    86.7    17.6    48.7   0.089   0.103   0.103   0.233   0.079    12.5    13.0    13.2    15.0    15.5
03072 20171125  2.422 -100.25   32.04    21.4     3.6    12.5    14.0     0.0    13.56 C    23.8     3.3    13.4    81.3    29.8    48.0   0.087   0.102   0.104   0.233   0.078    13.2    13.8    13.8    15.2    15.6
03072 20171126  2.422 -100.25   32.04    22.1     4.7    13.4    12.9     0.0    13.55 C    25.9     3.7    13.3    87.3    37.3    61.0   0.086   0.101   0.103   0.233   0.079    13.4    13.9    14.0    15.3    15.7
03072 20171127  2.422 -100.25   32.04    23.7     3.1    13.4    14.2     0.0    13.67 C    25.8     2.1    13.9    92.1    42.4    70.3   0.084   0.101   0.103   0.234   0.079    13.9    14.3    14.3    15.4    15.8
03072 20171128  2.422 -100.25   32.04    25.1     9.2    17.2    15.8     0.0    11.90 C    26.6     8.0    15.6    88.0    33.7    60.9   0.082   0.100   0.104   0.234   0.078    14.9    15.2    15.0    15.7    16.0
03072 20171129  2.422 -100.25   32.04    17.4     0.2     8.8     8.4     0.0    11.89 C    20.3     0.1     8.6    75.3    19.8    43.9   0.079   0.097   0.102   0.234   0.077    12.8    13.9    14.3    15.8    16.1
03072 20171130  2.422 -100.25   32.04    21.3    -1.4     9.9     9.8     0.0    13.47 C    24.5    -1.6    10.1    85.0    24.0    52.5   0.077   0.095   0.101   0.232   0.078    12.0    12.8    13.2    15.2    15.7
03072 20171201  2.422 -100.25   32.04    22.9     3.3    13.1    13.2     0.0     8.05 C    26.0     3.1    13.1    85.1    48.2    66.1   0.076   0.095   0.101   0.232   0.078    13.4    13.7    13.7    15.0    15.5
03072 20171202  2.422 -100.25   32.04    22.9     5.7    14.3    13.9     0.0     6.94 C    25.8     5.4    13.7    92.0    47.4    76.4   0.076   0.095   0.101   0.232   0.079    14.1    14.5    14.5    15.3    15.6
03072 20171203  2.422 -100.25   32.04    24.7     9.3    17.0    15.8     0.0     8.51 C    26.2     8.8    15.6    90.8    43.4    75.3   0.075   0.094   0.101   0.234   0.080    15.1    15.3    15.1    15.5    15.8
03072 20171204  2.422 -100.25   32.04    27.0    10.3    18.6    17.3     0.0     9.83 C    29.2     9.8    17.1    93.3    27.8    65.2   0.074   0.094   0.101   0.233   0.078    16.0    16.1    15.8    15.9    16.1
03072 20171205  2.422 -100.25   32.04    12.5     4.9     8.7     7.7     0.0     4.00 C    11.8     4.7     7.9    37.7    16.7    28.4   0.071   0.091   0.099   0.233   0.079    13.3    14.4    14.9    16.1    16.3
03072 20171206  2.422 -100.25   32.04     5.2     2.4     3.8     3.9     2.3     2.42 C     6.1     2.1     3.8    89.1    31.6    73.7   0.068   0.088   0.097   0.232   0.079    11.0    12.4    13.1    15.4    15.8
03072 20171207  2.422 -100.25   32.04     5.9    -4.8     0.5     1.5     0.0     5.08 C     4.2    -5.0     1.2    88.9    38.2    59.6   0.065   0.086   0.095   0.230   0.077     8.8    10.6    11.5    14.5    15.1
03072 20171208  2.422 -100.25   32.04    12.2    -8.5     1.8     2.2     0.0    11.60 C    13.4    -9.0     2.1    86.3    25.9    57.5   0.064   0.083   0.093   0.228   0.077     6.6     8.4     9.4    13.3    14.1
03072 20171209  2.422 -100.25   32.04    17.9    -2.9     7.5     6.9     0.0    13.47 C    20.4    -3.3     6.7    73.5    13.9    42.9   0.065   0.084   0.093   0.226   0.075     7.9     9.0     9.6    12.5    13.3
03072 20171210  2.422 -100.25   32.04    22.3    -6.8     7.7     6.8     0.0    13.76 C    25.7    -6.1     6.9    81.8     8.2    45.7   0.065   0.083   0.093   0.225   0.076     7.9     9.0     9.6    12.2    13.0
03072 20171211  2.422 -100.25   32.04    22.9    -3.6     9.6     9.9     0.0    13.19 C    25.4    -2.8     9.3    77.8     9.7    42.2   0.066   0.082   0.093   0.226   0.074     8.6     9.4     9.8    12.1    12.8
03072 20171212  2.422 -100.25   32.04    15.2    -1.4     6.9     8.0     0.0    13.47 C    18.9    -2.4     8.2    73.7    17.3    36.1   0.064   0.082   0.093   0.225   0.075     9.2    10.1    10.4    12.2    12.8
03072 20171213  2.422 -100.25   32.04    22.0    -6.4     7.8     7.2     0.0    13.36 C    22.9    -5.5     6.8    83.3    13.9    48.0   0.064   0.081   0.092   0.225   0.074     8.5     9.4     9.8    12.1    12.7
03072 20171214  2.422 -100.25   32.04    15.0    -1.4     6.8     6.8     0.0    12.51 C    16.9    -1.4     6.3    76.8    25.5    47.4   0.064   0.080   0.092   0.225   0.073     8.8     9.7    10.1    12.0    12.5
03072 20171215  2.422 -100.25   32.04    14.0    -4.2     4.9     4.3     0.0    13.37 C    17.9    -4.9     4.8    78.6    23.1    53.0   0.062   0.080   0.091   0.224   0.074     8.2     9.3     9.8    11.9    12.4
03072 20171216  2.422 -100.25   32.04    11.6    -6.0     2.8     2.8     1.9     4.21 C    13.3    -5.6     2.5    89.8    33.7    74.9   0.061   0.078   0.090   0.224   0.072     7.0     8.2     8.9    11.6    12.2
03072 20171217  2.422 -100.25   32.04    17.4     3.0    10.2     8.0     0.0     8.13 C    20.2     2.4     8.2    93.6    41.2    77.6   0.062   0.079   0.090   0.223   0.071     9.2     9.7     9.8    11.3    12.0
03072 20171218  2.422 -100.25   32.04    16.4    -0.5     8.0     7.7     0.0     8.29 C    18.1    -0.9     7.6    93.2    52.8    83.2   0.061   0.078   0.090   0.223   0.072     8.9     9.6     9.9    11.5    12.0
03072 20171219  2.422 -100.25   32.04    14.5     4.7     9.6    10.9     8.2     2.12 C    14.6     3.6    10.4    94.9    87.1    92.2   0.093   0.080   0.091   0.223   0.071    10.8    11.0    11.0    11.8    12.1
03072 20171220  2.422 -100.25   32.04    21.6     1.8    11.7     9.8     0.0    13.17 C    22.0     0.9     9.6    93.9    26.1    63.4   0.113   0.079   0.091   0.225   0.072     9.7    10.4    10.6    12.0    12.3
03072 20171221  2.422 -100.25   32.04    23.7     1.6    12.7    13.5     0.0     6.84 C    26.4     0.8    12.7    87.5    24.7    59.0   0.110   0.080   0.091   0.224   0.072    10.4    10.7    10.7    11.9    12.3
03072 20171222  2.422 -100.25   32.04    11.9    -1.7     5.1     2.0     4.3     2.18 C    11.2    -2.5     1.8    89.6    56.1    77.9   0.131   0.082   0.090   0.225   0.072     8.4     9.8    10.5    12.1    12.4
03072 20171223  2.422 -100.25   32.04    14.7    -4.1     5.3     5.1     0.0    13.09 C    15.9    -4.1     5.2    89.4    29.4    63.0   0.126   0.086   0.089   0.223   0.072     6.8     7.9     8.5    11.2    11.9
03072 20171224  2.422 -100.25   32.04    10.1    -4.5     2.8     2.3     0.0     9.02 C     7.7    -5.2     1.9    84.0    33.8    61.8   0.119   0.090   0.089   0.222   0.072     6.5     7.8     8.4    10.9    11.5
03072 20171225  2.422 -100.25   32.04    12.5    -6.8     2.8     2.2     0.0    11.15 C    13.4    -7.2     2.1    87.4    43.1    70.0   0.114   0.090   0.088   0.221   0.070     5.3     6.4     7.1    10.2    11.0
03072 20171226  2.422 -100.25   32.04     7.7    -2.7     2.5     1.8     0.2     1.54 C     7.7    -2.5     1.5    93.0    86.7    90.7   0.110   0.092   0.088   0.220   0.070     5.8     6.8     7.5     9.9    10.6
03072 20171227  2.422 -100.25   32.04    -1.9    -5.6    -3.7    -3.5     0.0     2.80 C    -0.8    -5.5    -3.1    90.3    80.8    85.0   0.106   0.090   0.087   0.220   0.069     4.1     5.5     6.3     9.5    10.2
03072 20171228  2.422 -100.25   32.04     2.2    -2.8    -0.3     0.0     0.0     2.09 C     2.7    -2.7     0.1    93.3    82.1    89.9   0.105   0.090   0.087   0.218   0.070     4.6     5.5     6.1     9.0     9.7
03072 20171229  2.422 -100.25   32.04    10.8     1.6     6.2     5.0     0.2     5.96 C    11.6     1.4     4.9    94.2    67.4    88.5   0.105   0.092   0.089   0.217   0.067     6.4     6.8     7.0     8.9     9.5
03072 20171230  2.422 -100.25   32.04     6.0    -2.8     1.6     1.5     0.0     2.31 C     5.7    -2.6     1.7    92.2    82.4    88.3   0.105   0.092   0.088   0.220   0.067     6.5     7.3     7.6     9.2     9.7
03072 20171231  2.422 -100.25   32.04    -1.3    -8.3    -4.8    -5.5     0.0     1.36 C    -1.3    -8.2    -5.3    93.6    67.9    85.0   0.101   0.090   0.088   0.219   0.067     3.3     5.0     6.0     9.0     9.6
