04140 20170101  2.422 -110.29   46.88    -9.8   -18.6   -14.2   -14.2     3.9     2.21 C    -8.9   -21.6   -14.9    82.6    69.3    76.3 -99.000 -99.000 -99.000   0.193   0.156    -3.0    -2.1    -1.2     0.2     0.7
04140 20170102  2.422 -110.29   46.88   -17.3   -28.6   -22.9   -21.3     0.5     4.64 C   -15.8   -33.3   -23.4    77.1    62.5    72.9 -99.000 -99.000 -99.000 -99.000   0.155    -3.0    -2.2    -1.3     0.1     0.6
04140 20170103  2.422 -110.29   46.88   -18.5   -30.7   -24.6   -24.1     0.0     4.74 C   -16.7   -34.6   -26.6    75.8    57.6    69.7 -99.000 -99.000 -99.000 -99.000   0.156    -3.5    -2.5    -1.5     0.0     0.6
04140 20170104  2.422 -110.29   46.88   -12.6   -27.0   -19.8   -20.0     0.0     6.13 C   -15.0   -32.7   -25.1    78.3    40.2    62.6 -99.000 -99.000 -99.000 -99.000   0.155    -3.7    -2.8    -1.7    -0.1     0.5
04140 20170105  2.422 -110.29   46.88    -8.3   -29.5   -18.9   -19.0     0.0     7.05 C   -12.4   -33.9   -23.1    91.1    40.1    61.8 -99.000 -99.000 -99.000 -99.000   0.113    -4.1    -3.1    -1.9    -0.2     0.4
04140 20170106  2.422 -110.29   46.88    -4.6   -18.9   -11.8   -11.2     0.0     5.70 C    -8.0   -23.8   -15.6    66.6    27.8    49.3 -99.000 -99.000 -99.000 -99.000 -99.000    -3.7    -2.9    -2.0    -0.3     0.3
04140 20170107  2.422 -110.29   46.88    -0.5   -20.4   -10.4    -9.4     0.0     6.42 C    -6.8   -25.1   -14.8    79.1    17.8    42.2 -99.000 -99.000 -99.000 -99.000 -99.000    -3.8    -3.0    -2.1    -0.4     0.2
04140 20170108  2.422 -110.29   46.88     0.2   -17.7    -8.8   -12.4     1.0     2.99 C    -1.2   -17.5   -11.0    87.0    66.9    76.8 -99.000 -99.000 -99.000 -99.000 -99.000    -3.4    -2.8    -2.0    -0.5     0.1
04140 20170109  2.422 -110.29   46.88     5.5   -16.2    -5.3    -2.8     0.5     4.46 C     0.6   -14.3    -5.6    85.8    36.3    68.4 -99.000 -99.000 -99.000 -99.000 -99.000    -2.5    -2.3    -1.8    -0.6     0.0
04140 20170110  2.422 -110.29   46.88    -3.7   -24.5   -14.1   -18.6     1.5     5.40 C    -7.0   -26.1   -18.7    81.0    45.6    72.1 -99.000 -99.000 -99.000 -99.000 -99.000    -3.0    -2.4    -1.7    -0.6     0.0
04140 20170111  2.422 -110.29   46.88   -15.2   -27.5   -21.4   -21.3     0.3     6.02 C   -16.4   -32.5   -24.8    79.3    57.7    71.1 -99.000 -99.000 -99.000 -99.000 -99.000    -3.4    -2.8    -2.0    -0.6     0.0
04140 20170112  2.422 -110.29   46.88    -4.5   -26.5   -15.5   -13.2     0.0     7.65 C    -7.4   -30.3   -18.1    78.4    43.9    61.4 -99.000 -99.000 -99.000 -99.000 -99.000    -3.8    -3.0    -2.2    -0.6    -0.1
04140 20170113  2.422 -110.29   46.88    -1.2   -11.3    -6.2    -5.2     0.0     7.79 C    -5.8   -18.3   -11.7    52.2    31.6    40.3 -99.000 -99.000 -99.000 -99.000 -99.000    -3.5    -2.9    -2.2    -0.7    -0.2
04140 20170114  2.422 -110.29   46.88     0.9   -13.7    -6.4    -2.9     0.0     7.33 C    -4.2   -19.6    -9.4    51.9    25.9    32.2 -99.000 -99.000 -99.000 -99.000 -99.000    -3.2    -2.8    -2.1    -0.8    -0.2
04140 20170115  2.422 -110.29   46.88     4.5   -12.6    -4.1    -3.3     0.0     7.74 C    -1.3   -17.4   -10.5    61.8    23.0    39.8 -99.000 -99.000 -99.000 -99.000 -99.000    -2.9    -2.5    -2.0    -0.8    -0.3
04140 20170116  2.422 -110.29   46.88     2.2   -16.3    -7.1    -5.5     0.0     7.64 C    -2.1   -20.2   -11.6    76.4    36.9    53.4 -99.000 -99.000 -99.000 -99.000 -99.000    -3.2    -2.7    -2.0    -0.8    -0.3
04140 20170117  2.422 -110.29   46.88     9.8    -4.8     2.5     5.4     0.0     3.97 C     0.5   -10.5    -2.2    54.6    23.3    37.1 -99.000 -99.000 -99.000 -99.000 -99.000    -2.0    -2.2    -1.9    -0.9    -0.3
04140 20170118  2.422 -110.29   46.88    10.8     2.3     6.6     6.7     0.0     5.72 C     8.9    -2.8     0.5    54.4    23.8    35.2 -99.000 -99.000 -99.000 -99.000 -99.000    -0.5    -1.0    -1.3    -0.7    -0.3
04140 20170119  2.422 -110.29   46.88     6.0    -0.6     2.7     3.6     0.0     2.28 C     3.8    -2.5     0.5    64.7    41.0    51.5 -99.000 -99.000 -99.000 -99.000 -99.000    -0.4    -0.7    -1.0    -0.6    -0.2
04140 20170120  2.422 -110.29   46.88     3.3    -8.9    -2.8    -0.6     0.0     7.91 C     7.4    -7.0    -1.1    79.9    37.5    57.7 -99.000 -99.000 -99.000 -99.000 -99.000    -0.4    -0.6    -0.8    -0.5    -0.2
04140 20170121  2.422 -110.29   46.88     2.0   -13.2    -5.6    -6.1     0.0     5.71 C     6.6   -11.0    -5.2    83.8    41.2    68.5 -99.000 -99.000 -99.000 -99.000 -99.000    -1.9    -1.2    -0.9    -0.4    -0.2
04140 20170122  2.422 -110.29   46.88     3.0   -10.3    -3.7    -4.0     0.0     8.40 C     6.6   -10.4    -3.9    83.5    30.7    62.7 -99.000 -99.000 -99.000 -99.000 -99.000    -2.7    -2.0    -1.3    -0.4    -0.1
04140 20170123  2.422 -110.29   46.88    -4.3    -8.8    -6.6    -6.7     0.0     1.54 C    -0.5    -8.0    -4.6    90.4    66.1    86.5 -99.000 -99.000 -99.000 -99.000 -99.000    -2.6    -2.0    -1.4    -0.4    -0.1
04140 20170124  2.422 -110.29   46.88    -2.1   -17.4    -9.8    -9.2     0.0     7.46 C     6.0   -14.9    -6.7    88.7    33.9    66.2 -99.000 -99.000 -99.000 -99.000 -99.000    -3.5    -2.6    -1.7    -0.5    -0.1
04140 20170125  2.422 -110.29   46.88    -2.2   -12.4    -7.3    -7.2     0.0     3.90 C     4.4   -12.1    -6.3    76.6    29.4    56.7 -99.000 -99.000 -99.000 -99.000 -99.000    -4.1    -3.2    -2.1    -0.6    -0.2
04140 20170126  2.422 -110.29   46.88    -0.5   -15.7    -8.1    -6.8     0.0     8.82 C     9.3   -15.1    -6.4    79.0    30.3    56.5 -99.000 -99.000 -99.000 -99.000 -99.000    -4.2    -3.4    -2.3    -0.8    -0.3
04140 20170127  2.422 -110.29   46.88     4.1   -13.6    -4.7    -3.8     0.0     8.79 C     9.6   -13.7    -4.9    81.3    29.0    51.5 -99.000 -99.000 -99.000 -99.000 -99.000    -4.1    -3.5    -2.5    -0.9    -0.4
04140 20170128  2.422 -110.29   46.88     9.2    -4.3     2.5     3.3     0.0     8.08 C    16.2    -8.8     0.6    51.6    23.8    36.6 -99.000 -99.000 -99.000 -99.000 -99.000    -2.4    -2.5    -2.2    -1.0    -0.5
04140 20170129  2.422 -110.29   46.88    11.3     1.3     6.3     6.4     0.0     6.07 C    14.7    -2.8     2.6    38.9    17.3    27.3 -99.000 -99.000 -99.000 -99.000 -99.000    -1.1    -1.5    -1.6    -0.9    -0.5
04140 20170130  2.422 -110.29   46.88     6.5    -2.7     1.9     2.6     0.0     8.32 C    12.7    -3.0     1.3    70.4    21.6    36.5 -99.000 -99.000 -99.000 -99.000 -99.000    -0.6    -1.0    -1.2    -0.7    -0.4
04140 20170131  2.422 -110.29   46.88    -2.3   -13.4    -7.9    -9.8     3.0     3.80 C    -2.4   -16.2    -9.0    82.8    67.4    75.9 -99.000 -99.000 -99.000 -99.000 -99.000    -1.1    -1.0    -1.0    -0.6    -0.3
04140 20170201  2.422 -110.29   46.88   -12.0   -23.2   -17.6   -16.3     0.0     8.45 C    -8.1   -27.2   -17.3    82.3    52.8    70.5 -99.000 -99.000 -99.000 -99.000 -99.000    -2.2    -1.6    -1.2    -0.5    -0.3
04140 20170202  2.422 -110.29   46.88   -13.2   -26.4   -19.8   -19.1     0.0     9.58 C    -8.1   -29.0   -20.5    78.5    55.4    69.9 -99.000 -99.000 -99.000 -99.000 -99.000    -3.5    -2.5    -1.6    -0.6    -0.2
04140 20170203  2.422 -110.29   46.88     4.1   -24.3   -10.1    -6.1     0.0     6.71 C     1.4   -27.3    -9.3    88.3    37.2    62.1 -99.000 -99.000 -99.000 -99.000 -99.000    -3.8    -3.1    -2.2    -0.7    -0.3
04140 20170204  2.422 -110.29   46.88 -9999.0 -9999.0 -9999.0 -9999.0     3.4     8.94 C    -1.8   -20.4   -12.1    85.8    55.8    74.6 -99.000 -99.000 -99.000 -99.000 -99.000    -3.2    -2.7    -2.1    -0.9    -0.4
04140 20170205  2.422 -110.29   46.88     5.6   -16.0    -5.2    -1.7     0.0     7.60 C     1.4   -12.6    -4.6    87.2    43.7    61.9 -99.000 -99.000 -99.000 -99.000 -99.000    -2.3    -2.3    -2.0    -0.9    -0.5
04140 20170206  2.422 -110.29   46.88   -13.3   -19.0   -16.1   -16.0     3.9     3.72 C    -3.5   -25.2   -13.3    83.1    77.8    80.8 -99.000 -99.000 -99.000 -99.000 -99.000    -3.7    -2.9    -2.1    -0.9    -0.5
04140 20170207  2.422 -110.29   46.88   -16.7   -21.3   -19.0   -19.7     1.2     6.84 C   -14.3   -25.2   -18.7    80.8    75.4    77.9 -99.000 -99.000 -99.000 -99.000 -99.000    -4.0    -3.3    -2.5    -1.0    -0.6
04140 20170208  2.422 -110.29   46.88     1.0   -23.1   -11.1   -12.2     0.4     5.71 C    -4.1   -25.8   -12.6    86.7    46.3    71.8 -99.000 -99.000 -99.000 -99.000 -99.000    -4.1    -3.5    -2.7    -1.2    -0.6
04140 20170209  2.422 -110.29   46.88    11.4     0.7     6.1     6.9     0.0     8.22 C     7.6    -4.4     1.5    72.5    42.4    58.3 -99.000 -99.000 -99.000 -99.000 -99.000    -2.0    -2.2    -2.0    -1.0    -0.6
04140 20170210  2.422 -110.29   46.88     7.3     1.2     4.2     4.0     0.2     6.31 C     7.5    -2.1     1.0    80.1    41.2    55.0 -99.000 -99.000 -99.000 -99.000 -99.000    -0.3    -0.8    -1.0    -0.6    -0.4
04140 20170211  2.422 -110.29   46.88     1.6    -4.5    -1.4    -1.6     0.0     9.58 C     5.4    -5.6    -1.7    77.0    32.8    46.7 -99.000 -99.000 -99.000 -99.000 -99.000    -0.5    -0.6    -0.8    -0.6    -0.4
04140 20170212  2.422 -110.29   46.88     6.2    -5.8     0.2     0.7     0.0    11.13 C     8.0    -6.6    -1.2    57.6    20.0    31.4 -99.000 -99.000 -99.000 -99.000 -99.000    -1.2    -0.9    -0.8    -0.5    -0.4
04140 20170213  2.422 -110.29   46.88     9.4    -5.0     2.2     2.3     0.0    11.03 C    13.8    -6.5     0.2    71.7    19.9    35.4 -99.000 -99.000 -99.000 -99.000 -99.000    -1.1    -1.0    -0.9    -0.5    -0.4
04140 20170214  2.422 -110.29   46.88    15.2    -8.1     3.6     3.3     0.0    11.83 C    17.3    -7.1     1.2    81.8    19.3    47.2 -99.000 -99.000 -99.000 -99.000 -99.000    -0.9    -1.0    -0.9    -0.5    -0.3
04140 20170215  2.422 -110.29   46.88    15.9     6.0    11.0    11.0     0.0    11.63 C    15.4    -0.1     4.9    31.9    10.0    18.8 -99.000 -99.000 -99.000 -99.000 -99.000    -0.2    -0.6    -0.8    -0.5    -0.3
04140 20170216  2.422 -110.29   46.88    13.9     3.6     8.8     9.2     0.0     9.97 C    17.0    -1.0     5.4    62.9    16.1    34.6 -99.000 -99.000 -99.000 -99.000 -99.000     0.3    -0.5    -0.7    -0.4    -0.3
04140 20170217  2.422 -110.29   46.88     7.8    -3.8     2.0     3.5     0.0    10.47 C    14.4    -4.2     2.0    76.9    30.2    47.4 -99.000 -99.000 -99.000 -99.000 -99.000     0.2    -0.4    -0.6    -0.4    -0.3
04140 20170218  2.422 -110.29   46.88    12.1    -3.2     4.5     4.8     0.0    10.38 C    18.6    -3.1     3.3    76.6    32.5    52.4 -99.000 -99.000 -99.000 -99.000 -99.000     0.4    -0.4    -0.6    -0.4    -0.2
04140 20170219  2.422 -110.29   46.88     8.1    -2.4     2.9     3.1     0.2     8.41 C    15.1    -3.9     1.5    82.3    32.5    61.0 -99.000 -99.000 -99.000 -99.000 -99.000     0.4    -0.3    -0.6    -0.3    -0.2
04140 20170220  2.422 -110.29   46.88     8.7    -6.8     1.0     2.2     1.8     8.91 C    13.4    -8.0     0.2    83.6    36.3    62.4 -99.000 -99.000 -99.000 -99.000 -99.000     0.1    -0.3    -0.6    -0.3    -0.2
04140 20170221  2.422 -110.29   46.88     9.1     0.6     4.8     4.6     0.0     8.08 C    14.9    -2.6     1.8    78.4    36.6    55.7 -99.000 -99.000 -99.000 -99.000 -99.000     0.4    -0.3    -0.6    -0.3    -0.2
04140 20170222  2.422 -110.29   46.88     1.6    -6.4    -2.4    -1.8     4.8     3.03 C     5.2    -9.3    -2.4    88.5    58.3    78.2 -99.000 -99.000 -99.000 -99.000 -99.000    -0.2    -0.3    -0.5    -0.3    -0.1
04140 20170223  2.422 -110.29   46.88    -4.0    -8.4    -6.2    -6.1     0.4     5.31 C    -1.6   -11.7    -5.9    89.4    70.3    81.2 -99.000 -99.000 -99.000 -99.000 -99.000    -0.2    -0.3    -0.5    -0.3    -0.1
04140 20170224  2.422 -110.29   46.88    -4.8   -15.9   -10.4    -9.1     0.4     8.59 C    -1.8   -18.3   -10.0    86.7    58.7    76.8 -99.000 -99.000 -99.000 -99.000 -99.000    -0.2    -0.3    -0.5    -0.3    -0.1
04140 20170225  2.422 -110.29   46.88    -4.6   -17.3   -10.9    -8.5     0.0    13.32 C    -4.4   -21.9   -11.5    82.9    41.3    56.8 -99.000 -99.000 -99.000 -99.000 -99.000    -0.2    -0.3    -0.5    -0.3    -0.1
04140 20170226  2.422 -110.29   46.88    -5.1   -11.5    -8.3    -7.9     7.3     7.97 C    -3.4   -11.8    -8.7    84.3    47.8    70.6 -99.000 -99.000 -99.000 -99.000 -99.000    -0.4    -0.3    -0.4    -0.3     0.0
04140 20170227  2.422 -110.29   46.88    -2.6   -21.3   -11.9   -10.2     1.5     8.87 C    -2.1   -27.1   -13.7    83.7    42.1    70.2 -99.000 -99.000 -99.000 -99.000 -99.000    -0.4    -0.4    -0.4    -0.2     0.0
04140 20170228  2.422 -110.29   46.88    -2.6   -17.6   -10.1    -7.3     0.0    13.38 C    -3.3   -22.8   -11.8    84.7    35.7    56.3 -99.000 -99.000 -99.000 -99.000 -99.000    -0.5    -0.4    -0.4    -0.2     0.0
04140 20170301  2.422 -110.29   46.88     0.8   -11.2    -5.2    -4.3     4.3    12.03 C    -1.4   -18.2    -6.6    88.6    38.1    59.6 -99.000 -99.000 -99.000 -99.000 -99.000    -0.8    -0.4    -0.4    -0.1     0.0
04140 20170302  2.422 -110.29   46.88     3.2   -12.2    -4.5    -2.5     0.6    11.54 C    -1.0   -17.3    -6.2    87.4    37.1    63.8 -99.000 -99.000 -99.000 -99.000 -99.000    -0.6    -0.5    -0.5    -0.1     0.1
04140 20170303  2.422 -110.29   46.88     7.6    -3.1     2.2     3.5     0.0    14.30 C     1.6    -8.6    -2.8    67.5    28.7    38.1 -99.000 -99.000 -99.000 -99.000 -99.000    -0.5    -0.5    -0.5    -0.1     0.1
04140 20170304  2.422 -110.29   46.88     9.1    -2.3     3.4     5.3     0.0    10.20 C    10.2    -4.5     1.0    60.9    28.0    43.2 -99.000 -99.000 -99.000 -99.000 -99.000    -0.2    -0.4    -0.5    -0.1     0.2
04140 20170305  2.422 -110.29   46.88     7.6    -6.7     0.4     0.6     0.0     7.86 C     6.3    -3.5     0.0    91.5    24.1    58.9 -99.000 -99.000 -99.000 -99.000 -99.000    -0.2    -0.3    -0.4     0.0     0.2
04140 20170306  2.422 -110.29   46.88     0.2    -6.0    -2.9    -3.5     0.0    12.01 C     6.5    -5.4    -2.1    89.3    24.6    47.6 -99.000 -99.000 -99.000 -99.000 -99.000    -0.2    -0.3    -0.4     0.0     0.2
04140 20170307  2.422 -110.29   46.88    -0.2    -6.5    -3.3    -4.0     0.8    13.91 C     7.1    -7.6    -2.2    84.9    25.3    48.6 -99.000 -99.000 -99.000 -99.000 -99.000    -0.6    -0.3    -0.4     0.1     0.2
04140 20170308  2.422 -110.29   46.88     4.9    -6.5    -0.8    -0.9     4.4     9.41 C     5.7    -7.2    -2.2    88.1    38.4    65.5 -99.000 -99.000 -99.000 -99.000 -99.000    -0.4    -0.4    -0.4     0.1     0.2
04140 20170309  2.422 -110.29   46.88    -5.8   -14.6   -10.2   -12.2     6.6    10.42 C    -6.7   -13.5   -11.0    88.4    70.4    79.3 -99.000 -99.000 -99.000 -99.000 -99.000    -0.3    -0.4    -0.4     0.1     0.3
04140 20170310  2.422 -110.29   46.88     8.7   -12.0    -1.7    -3.8     0.4    13.38 C     4.6   -12.0    -4.4    87.7    38.3    70.6 -99.000 -99.000 -99.000 -99.000 -99.000    -0.2    -0.3    -0.4     0.1     0.3
04140 20170311  2.422 -110.29   46.88    10.2   -10.9    -0.3     0.0     0.0    13.63 C    11.6    -7.0     0.4    93.6    24.9    61.0 -99.000 -99.000 -99.000 -99.000 -99.000    -0.2    -0.3    -0.4     0.1     0.3
04140 20170312  2.422 -110.29   46.88     5.5    -7.6    -1.1    -2.1     0.0     6.85 C     3.6    -4.3    -1.1    89.3    41.3    68.6 -99.000 -99.000 -99.000 -99.000 -99.000    -0.2    -0.3    -0.4     0.1     0.3
04140 20170313  2.422 -110.29   46.88    11.7    -4.7     3.5     5.7     0.0    14.48 C    16.0    -3.5     3.8    83.1    30.0    49.8 -99.000 -99.000 -99.000 -99.000 -99.000     0.1    -0.3    -0.4     0.2     0.3
04140 20170314  2.422 -110.29   46.88    13.0     3.9     8.5     8.5     0.0     8.59 C    13.8    -0.3     5.7    71.5    41.8    56.0 -99.000 -99.000 -99.000 -99.000   0.111     1.0    -0.2    -0.3     0.2     0.3
04140 20170315  2.422 -110.29   46.88    17.0     2.5     9.7     9.8     0.0     8.50 C    20.9    -0.5     6.2    70.1    27.9    47.0   0.286 -99.000 -99.000 -99.000   0.111     2.2     0.1    -0.3     0.2     0.4
04140 20170316  2.422 -110.29   46.88    10.8     0.8     5.8     6.9     0.0    17.66 C    20.9    -3.0     5.1    68.4    17.1    38.1   0.270 -99.000 -99.000 -99.000   0.111     2.5     0.8    -0.3     0.2     0.4
04140 20170317  2.422 -110.29   46.88    11.9    -3.8     4.1     4.8     0.0    15.91 C    19.4    -5.8     3.8    53.7    11.7    33.4 -99.000 -99.000 -99.000   0.194   0.180     1.6     0.8     0.0     0.4     0.5
04140 20170318  2.422 -110.29   46.88    20.9    -1.9     9.5    10.5     0.0    17.07 C    25.3    -2.8     8.4    82.2    18.6    44.1   0.243   0.291   0.242   0.204   0.198     3.9     2.3     0.9     0.8     0.7
04140 20170319  2.422 -110.29   46.88    13.1    -3.9     4.6     8.0     0.0    15.95 C    22.4    -4.2     7.5    72.6    24.0    43.2   0.242   0.291   0.257   0.240   0.208     5.4     4.1     2.5     1.6     1.2
04140 20170320  2.422 -110.29   46.88     3.6    -7.8    -2.1    -0.9     0.0    12.00 C    18.1    -6.7     1.9    77.4    33.8    57.6   0.232   0.286   0.255   0.241   0.205     2.7     2.9     2.6     2.2     1.8
04140 20170321  2.422 -110.29   46.88    13.6    -2.7     5.5     3.6     0.0    15.90 C    28.5    -2.8     5.7    83.9    33.4    58.8   0.231   0.284   0.253   0.240   0.202     4.0     3.2     2.5     2.3     2.0
04140 20170322  2.422 -110.29   46.88    14.5    -2.2     6.1     7.5     0.0    18.10 C    25.5    -2.1     8.0    85.4    17.1    46.0   0.229   0.283   0.253   0.241   0.199     5.3     4.2     3.1     2.6     2.2
04140 20170323  2.422 -110.29   46.88    12.5    -4.9     3.8     4.0     0.0    15.41 C    32.8    -5.8     6.3    76.1    19.2    48.0   0.225   0.282   0.253   0.242   0.199     5.4     4.7     3.7     3.0     2.5
04140 20170324  2.422 -110.29   46.88    15.6    -7.5     4.1     5.7     0.0    18.09 C    26.3    -7.2     6.7    78.3    15.7    40.4   0.220   0.280   0.251   0.242   0.199     4.7     4.2     3.7     3.3     2.9
04140 20170325  2.422 -110.29   46.88     9.5    -5.1     2.2     4.7     0.0    13.00 C    23.1    -6.0     5.6    73.1    22.2    44.1   0.219   0.279   0.251   0.242   0.199     5.4     4.9     4.1     3.5     3.1
04140 20170326  2.422 -110.29   46.88    10.8    -7.7     1.5     2.9     0.0    19.75 C    29.7    -7.6     6.1    81.9    16.0    44.2   0.215   0.277   0.250   0.243   0.199     4.9     4.4     3.9     3.7     3.2
04140 20170327  2.422 -110.29   46.88     8.6    -1.3     3.7     4.2     0.0     8.37 C    20.9    -1.6     5.8    85.8    33.0    62.2   0.213   0.277   0.250   0.243   0.198     5.2     4.8     4.2     3.8     3.4
04140 20170328  2.422 -110.29   46.88     8.7    -2.7     3.0     3.5     0.0    17.05 C    24.1    -5.3     5.2    91.3    24.4    51.1   0.211   0.276   0.249   0.242   0.198     5.0     4.7     4.1     3.9     3.5
04140 20170329  2.422 -110.29   46.88    10.5     3.0     6.8     6.7     0.0    14.42 C    26.6    -2.0     8.0    58.8    34.5    47.5   0.209   0.275   0.248   0.242   0.198     5.6     4.8     4.2     4.0     3.6
04140 20170330  2.422 -110.29   46.88    11.3     4.0     7.6     7.0     0.0     9.86 C    34.5     2.6     9.2    84.3    39.6    55.8   0.207   0.276   0.249   0.242   0.197     6.7     5.8     4.8     4.2     3.8
04140 20170331  2.422 -110.29   46.88     8.0    -3.3     2.3     3.6     0.0    10.77 C    25.3    -4.7     5.6    85.2    54.2    69.8   0.205   0.275   0.249   0.243   0.197     6.2     5.8     5.2     4.6     4.1
04140 20170401  2.422 -110.29   46.88    13.9    -4.7     4.6     7.0     0.0    14.59 C    21.6    -6.2     7.0    87.9    26.0    48.3   0.202   0.273   0.247   0.243   0.197     5.5     5.1     4.8     4.6     4.2
04140 20170402  2.422 -110.29   46.88    11.0    -1.1     4.9     5.8     0.0    13.08 C    30.6    -3.7     7.7    62.7    12.3    37.9   0.201   0.273   0.248   0.243   0.198     6.9     6.1     5.3     4.8     4.3
04140 20170403  2.422 -110.29   46.88     4.4    -4.5    -0.1    -0.4     1.1    12.49 C    28.0    -7.2     3.1    87.4    31.4    53.4   0.196   0.271   0.247   0.242   0.197     4.7     4.9     4.9     4.9     4.4
04140 20170404  2.422 -110.29   46.88     6.3    -7.2    -0.4    -0.3     0.5    17.10 C    26.2   -11.6     2.7    88.8    40.2    64.4   0.195   0.270   0.246   0.243   0.197     5.1     4.9     4.7     4.7     4.4
04140 20170405  2.422 -110.29   46.88    13.2    -7.3     3.0     5.3     0.0    18.40 C    34.3    -7.9     7.1    75.6    24.6    41.7   0.194   0.269   0.245   0.242   0.198     5.5     4.9     4.6     4.6     4.4
04140 20170406  2.422 -110.29   46.88    17.7     0.0     8.8    10.9     0.0    15.04 C    32.7    -2.7    10.8    72.6    21.1    37.4   0.195   0.270   0.246   0.242   0.197     7.4     6.2     5.2     4.8     4.4
04140 20170407  2.422 -110.29   46.88    17.7    -1.4     8.2     7.6     2.0    12.51 C    28.6    -2.5     7.9    80.3    24.7    55.3   0.193   0.270   0.246   0.242   0.197     7.4     6.8     5.9     5.2     4.7
04140 20170408  2.422 -110.29   46.88    12.2    -0.4     5.9     4.8     6.9    12.29 C    30.1    -1.2     6.7    92.4    27.7    63.5   0.198   0.269   0.245   0.242   0.196     6.6     6.3     5.8     5.5     5.0
04140 20170409  2.422 -110.29   46.88     2.5    -4.0    -0.8     0.5     2.5     5.40 C     7.9    -3.6     2.7    92.1    57.9    80.2   0.232   0.269   0.244   0.241   0.196     4.8     5.2     5.4     5.4     5.0
04140 20170410  2.422 -110.29   46.88     7.7    -7.6     0.1     0.6     0.2    18.05 C    18.0    -6.0     2.3    90.2    31.2    60.6   0.227   0.270   0.244   0.241   0.195     4.2     4.3     4.6     5.1     4.9
04140 20170411  2.422 -110.29   46.88     8.8    -3.6     2.6     2.7     0.0    23.00 C    25.8    -5.8     5.8    69.5    14.4    41.5   0.221   0.271   0.244   0.241   0.195     5.0     4.6     4.4     4.8     4.6
04140 20170412  2.422 -110.29   46.88    12.8    -1.4     5.7     6.3     0.2    14.94 C    28.2    -1.5     8.9    89.9    34.4    61.5   0.218   0.273   0.245   0.241   0.195     6.9     5.9     5.1     4.9     4.6
04140 20170413  2.422 -110.29   46.88    20.5    -2.7     8.9     9.6     2.5    18.36 C    35.1    -3.3    11.1    89.8    16.1    55.0   0.215   0.274   0.246   0.241   0.195     8.1     6.9     5.8     5.3     4.8
04140 20170414  2.422 -110.29   46.88     9.2     0.9     5.0     4.4     0.5    19.43 C    26.4    -0.1     7.6    89.8    24.9    53.7   0.216   0.274   0.246   0.242   0.196     7.9     7.3     6.4     5.7     5.2
04140 20170415  2.422 -110.29   46.88     7.0    -1.3     2.9     2.2     0.0    19.74 C    20.2    -4.1     4.5    84.5    18.7    42.4   0.211   0.271   0.246   0.242   0.195     5.9     6.1     6.0     5.9     5.4
04140 20170416  2.422 -110.29   46.88    10.5    -4.1     3.2     2.8     0.0    24.99 C    34.4    -7.5     8.1    68.6    14.6    38.5   0.208   0.270   0.244   0.241   0.196     6.4     5.8     5.5     5.6     5.3
04140 20170417  2.422 -110.29   46.88    11.8    -2.6     4.6     6.9     0.0    14.80 C    28.8    -2.8     8.5    69.5    35.2    43.2   0.206   0.271   0.245   0.241   0.195     7.3     6.7     6.1     5.7     5.3
04140 20170418  2.422 -110.29   46.88    14.3    -2.4     6.0     7.6     0.0    18.11 C    37.3    -3.8    10.9    76.9    20.7    44.1   0.203   0.271   0.245   0.242   0.195     8.3     7.2     6.3     5.9     5.5
04140 20170419  2.422 -110.29   46.88    13.1    -4.4     4.4     6.5     0.3    25.99 C    35.3    -4.5    12.0    88.8    18.4    45.2   0.200   0.272   0.246   0.242   0.195    10.0     8.6     7.2     6.3     5.7
04140 20170420  2.422 -110.29   46.88    16.0    -7.1     4.4     6.3     0.0    20.09 C    36.5    -7.4    10.1    77.4    13.4    42.6   0.195   0.270   0.246   0.243   0.196     8.8     8.2     7.4     6.7     6.1
04140 20170421  2.422 -110.29   46.88     7.0     1.1     4.1     3.9     5.9    10.36 C    16.0     2.6     7.0    89.3    50.0    71.8   0.202   0.269   0.245   0.243   0.196     8.3     8.1     7.5     6.9     6.3
04140 20170422  2.422 -110.29   46.88    13.8    -2.3     5.7     6.3     0.0    23.04 C    29.6    -1.8    10.5    89.8    30.7    59.7   0.207   0.269   0.244   0.243   0.195     9.2     8.2     7.3     6.9     6.4
04140 20170423  2.422 -110.29   46.88    12.9    -0.1     6.4     5.6     1.7     7.46 C    20.5    -0.2     6.5    91.5    29.9    67.8   0.202   0.269   0.245   0.243   0.196     7.8     7.9     7.6     7.1     6.5
04140 20170424  2.422 -110.29   46.88     8.5    -0.6     4.0     3.2     7.0    11.36 C    22.3    -0.1     6.6    91.1    46.7    80.2   0.209   0.267   0.243   0.242   0.196     7.3     7.1     7.0     7.0     6.5
04140 20170425  2.422 -110.29   46.88     6.1    -1.5     2.3     1.4    11.7     7.88 C    22.0    -1.4     4.5    93.2    73.0    89.6   0.261   0.288   0.249   0.242   0.195     6.3     6.7     6.7     6.8     6.4
04140 20170426  2.422 -110.29   46.88     7.5    -3.3     2.1     1.7     7.6    12.57 C    23.0    -2.5     5.0    94.5    57.4    84.3   0.268   0.311   0.269   0.244   0.195     5.8     5.9     6.1     6.5     6.3
04140 20170427  2.422 -110.29   46.88     6.5    -2.1     2.2     2.7     0.0    11.95 C    20.6    -1.8     5.7    92.2    49.1    71.2   0.267   0.311   0.274   0.259   0.199     6.2     6.0     6.0     6.2     6.1
04140 20170428  2.422 -110.29   46.88     6.4    -3.3     1.6     2.0     0.0     9.01 C    21.7    -2.4     5.0    91.1    52.1    71.0   0.257   0.304   0.270   0.264   0.212     6.0     6.0     6.0     6.2     6.0
04140 20170429  2.422 -110.29   46.88    11.6    -4.8     3.4     4.0     0.0    23.15 C    28.1    -4.4     7.5    89.1    23.2    54.3   0.251   0.300   0.267   0.263   0.219     7.0     6.3     5.9     6.1     5.9
04140 20170430  2.422 -110.29   46.88    11.1    -2.7     4.2     5.9     1.2    18.53 C    27.5    -3.1     7.5    79.4    41.4    56.0   0.246   0.297   0.265   0.263   0.219     7.3     6.9     6.4     6.2     5.9
04140 20170501  2.422 -110.29   46.88     8.7     0.3     4.5     4.2     2.2    18.91 C    26.2     0.5     8.6    91.1    33.8    63.3   0.246   0.296   0.263   0.262   0.220     8.0     7.2     6.6     6.4     6.1
04140 20170502  2.422 -110.29   46.88     9.2    -2.3     3.5     3.7     1.0    14.88 C    25.1    -1.9     7.2    92.0    36.2    70.4   0.246   0.295   0.263   0.261   0.221     8.0     7.6     7.0     6.6     6.2
04140 20170503  2.422 -110.29   46.88    17.5    -4.7     6.4     8.4     0.0    27.16 C    34.5    -4.4    11.9    89.9    17.7    48.1   0.242   0.295   0.262   0.262   0.220     9.1     7.9     7.0     6.7     6.3
04140 20170504  2.422 -110.29   46.88    22.7    -0.4    11.1    12.8     0.0    27.41 C    42.4    -0.6    17.0    89.0    24.0    50.8   0.237   0.295   0.262   0.262   0.219    12.2    10.3     8.4     7.2     6.6
04140 20170505  2.422 -110.29   46.88    26.2     1.6    13.9    16.0     0.0    27.27 C    44.2     1.1    18.7    84.7    13.5    40.9   0.231   0.294   0.262   0.262   0.219    14.0    11.9     9.8     8.1     7.2
04140 20170506  2.422 -110.29   46.88    23.9     3.1    13.5    14.2     2.0    18.71 C    45.5     2.8    16.8    84.3    31.3    56.1   0.223   0.292   0.261   0.263   0.219    14.1    12.7    10.9     9.0     7.9
04140 20170507  2.422 -110.29   46.88    14.1     0.5     7.3     8.0     7.1     8.80 C    21.7     1.1    10.3    90.4    63.0    79.4   0.232   0.290   0.260   0.263   0.219    11.6    11.5    10.7     9.5     8.5
04140 20170508  2.422 -110.29   46.88    13.0    -2.7     5.2     6.1     0.0    28.52 C    32.1    -1.9    11.7    88.8    35.7    57.9   0.248   0.293   0.261   0.262   0.219    11.3    10.5     9.9     9.3     8.6
04140 20170509  2.422 -110.29   46.88    16.0    -1.7     7.2     8.3     0.0    21.30 C    36.7    -0.6    12.1    86.3    31.4    54.6   0.236   0.291   0.261   0.262   0.219    11.7    11.0    10.1     9.4     8.6
04140 20170510  2.422 -110.29   46.88    21.4    -2.3     9.6    11.3     0.0    28.03 C    43.4    -1.1    16.3    88.0    20.2    50.9   0.229   0.290   0.260   0.262   0.217    13.5    11.9    10.4     9.5     8.7
04140 20170511  2.422 -110.29   46.88    23.7     0.8    12.2    13.7     1.3    24.98 C    44.0     1.4    18.3    88.0    22.2    53.9   0.220   0.290   0.260   0.262   0.217    14.9    13.3    11.5    10.0     9.0
04140 20170512  2.422 -110.29   46.88    25.4     4.2    14.8    15.1     0.9    21.61 C    41.3     4.6    17.3    89.1    21.7    53.9   0.212   0.287   0.259   0.262   0.217    15.3    13.9    12.2    10.6     9.5
04140 20170513  2.422 -110.29   46.88    10.5     0.8     5.6     5.4     2.0    13.40 C    29.2    -1.4     8.6    83.3    49.1    61.9   0.203   0.284   0.257   0.262   0.218    12.0    12.4    11.9    10.9     9.9
04140 20170514  2.422 -110.29   46.88    10.7    -1.1     4.8     5.3     0.0    25.06 C    29.6    -2.7     9.0    68.3    24.6    44.6   0.198   0.279   0.254   0.260   0.218    10.0    10.1    10.3    10.4     9.8
04140 20170515  2.422 -110.29   46.88    10.7     0.0     5.3     4.4     1.0    11.36 C    29.2    -0.2     8.5    90.5    50.5    69.1   0.195   0.277   0.253   0.259   0.216     9.9     9.9     9.9     9.9     9.4
04140 20170516  2.422 -110.29   46.88    14.0    -4.4     4.8     5.8     1.5    19.39 C    30.6    -3.6     9.6    91.0    32.5    70.2   0.193   0.275   0.252   0.257   0.215    10.0     9.6     9.5     9.6     9.2
04140 20170517  2.422 -110.29   46.88     6.5     1.8     4.1     4.5    65.1     1.67 C     7.6     0.4     5.4    91.3    75.7    87.0   0.280   0.323   0.285   0.285   0.258     7.6     8.6     9.1     9.4     9.0
04140 20170518  2.422 -110.29   46.88    11.2    -1.7     4.7     4.6     0.0    16.82 C    27.6    -0.3     8.4    92.6    43.8    73.4   0.283   0.326   0.288   0.301   0.357     8.4     8.0     8.0     8.7     8.6
04140 20170519  2.422 -110.29   46.88    14.5    -2.5     6.0     6.8     0.0    27.68 C    30.5    -1.8    11.9    88.7    29.6    58.6   0.267   0.314   0.278   0.284   0.302    10.6     9.5     8.7     8.6     8.4
04140 20170520  2.422 -110.29   46.88    13.2    -0.9     6.1     6.6     5.8    12.11 C    22.4     0.3     8.6    90.2    44.0    72.5   0.266   0.311   0.275   0.280   0.286     9.9     9.8     9.4     9.0     8.6
04140 20170521  2.422 -110.29   46.88    16.7    -1.4     7.7     9.5     0.0    23.74 C    30.7     0.1    12.3    91.9    24.8    53.3   0.264   0.310   0.275   0.279   0.283    11.2    10.2     9.4     9.1     8.7
04140 20170522  2.422 -110.29   46.88    16.9     1.8     9.4    10.9     0.7    18.23 C    29.5     3.0    12.7    81.6    30.2    51.1   0.255   0.307   0.272   0.277   0.277    12.0    11.0    10.1     9.4     8.8
04140 20170523  2.422 -110.29   46.88    22.9    -0.5    11.2    13.6     0.0    28.37 C    37.7     0.7    16.9    88.8    24.7    51.7   0.248   0.303   0.270   0.275   0.272    13.9    12.1    10.6     9.7     9.1
04140 20170524  2.422 -110.29   46.88    18.9     5.9    12.4    13.8     0.0    29.24 C    33.0     4.1    15.6    53.8    11.2    28.5   0.238   0.300   0.268   0.273   0.268    14.8    13.6    11.9    10.4     9.5
04140 20170525  2.422 -110.29   46.88    10.9     0.7     5.8     6.5     0.9    16.18 C    29.4     1.1    10.2    84.2    37.4    57.1   0.227   0.295   0.265   0.272   0.264    11.8    11.8    11.4    10.7     9.9
04140 20170526  2.422 -110.29   46.88    14.0     0.7     7.4     7.7     0.0    21.58 C    36.9     1.0    13.1    87.3    30.6    55.1   0.222   0.292   0.263   0.271   0.260    12.4    11.6    10.9    10.4     9.9
04140 20170527  2.422 -110.29   46.88    19.5    -2.0     8.8    11.3     0.0    21.49 C    37.2    -1.1    14.5    87.7    24.5    46.4   0.215   0.290   0.262   0.270   0.257    12.9    11.9    11.0    10.4     9.8
04140 20170528  2.422 -110.29   46.88    18.7     3.2    11.0    12.7     0.0    25.69 C    42.7     4.1    18.5    84.6    30.6    52.3   0.207   0.289   0.261   0.268   0.254    15.4    13.6    11.9    10.7    10.0
04140 20170529  2.422 -110.29   46.88    20.1     0.3    10.2    11.7     0.0    26.50 C    44.1     1.0    17.7    88.8    33.5    57.5   0.197   0.287   0.260   0.268   0.252    15.8    14.3    12.7    11.2    10.3
04140 20170530  2.422 -110.29   46.88    21.5     1.5    11.5    12.7     0.2    22.27 C    40.7     2.5    17.2    89.1    28.5    59.9   0.187   0.283   0.258   0.268   0.250    16.0    14.7    13.2    11.7    10.7
04140 20170531  2.422 -110.29   46.88    26.5     5.5    16.0    17.2     0.0    26.62 C    46.6     4.0    20.9    80.7    18.1    46.5   0.178   0.280   0.257   0.267   0.249    17.6    15.6    13.7    12.1    11.1
04140 20170601  2.422 -110.29   46.88    23.3     6.9    15.1    16.3     0.0    18.87 C    44.3     6.1    19.7    81.1    23.3    51.5   0.167   0.275   0.256   0.266   0.247    17.5    16.0    14.4    12.6    11.5
04140 20170602  2.422 -110.29   46.88    20.6     5.1    12.8    15.0     0.0    30.01 C    41.3     3.3    19.4    68.2    22.1    40.5   0.159   0.269   0.254   0.266   0.245    17.9    16.3    14.6    13.0    11.9
04140 20170603  2.422 -110.29   46.88    25.3    -0.5    12.4    15.1     0.0    29.08 C    44.8     0.1    20.1    79.9    16.7    43.5   0.149   0.261   0.250   0.264   0.243    17.9    16.3    14.7    13.2    12.1
04140 20170604  2.422 -110.29   46.88    28.9     8.0    18.4    18.5     0.0    24.11 C    51.3     8.0    23.0    80.9    15.5    47.7   0.141   0.255   0.247   0.263   0.241    19.5    17.5    15.4    13.6    12.4
04140 20170605  2.422 -110.29   46.88    18.4     4.7    11.5    13.3     0.0    25.67 C    45.6     5.2    20.3    87.3    32.9    57.7   0.135   0.248   0.244   0.263   0.239    19.1    17.6    15.9    14.0    12.8
04140 20170606  2.422 -110.29   46.88    21.1     0.1    10.6    12.4     0.0    27.57 C    43.5     1.0    19.4    90.9    38.3    61.1   0.130   0.241   0.240   0.262   0.237    18.2    16.9    15.6    14.1    13.0
04140 20170607  2.422 -110.29   46.88    26.5     5.7    16.1    17.4     3.6    23.59 C    51.4     4.6    22.1    84.9    26.8    53.5   0.126   0.235   0.237   0.260   0.234    19.0    17.4    15.8    14.2    13.1
04140 20170608  2.422 -110.29   46.88    29.2     8.0    18.6    20.7     0.0    27.36 C    44.6     8.4    23.0    87.6    21.2    45.3   0.124   0.230   0.233   0.259   0.232    20.1    18.2    16.3    14.5    13.4
04140 20170609  2.422 -110.29   46.88    19.0     7.3    13.1    12.6     2.4    18.14 C    42.3     6.8    15.8    83.4    28.8    57.3   0.122   0.223   0.230   0.257   0.231    17.6    17.3    16.3    14.8    13.6
04140 20170610  2.422 -110.29   46.88    16.0     2.6     9.3     9.3     1.7    24.15 C    36.0     2.3    13.2    85.6    29.8    58.7   0.121   0.218   0.226   0.255   0.230    15.4    15.3    15.0    14.5    13.6
04140 20170611  2.422 -110.29   46.88    18.0     3.5    10.7    10.5     0.0    29.89 C    39.7     0.9    15.3    71.8    20.2    41.2   0.121   0.215   0.222   0.252   0.227    15.2    14.6    14.1    13.9    13.3
04140 20170612  2.422 -110.29   46.88    22.9     0.6    11.8    11.6    32.9    15.31 C    41.9     1.2    15.3    88.5    35.2    63.1   0.156   0.226   0.222   0.250   0.224    15.0    14.7    14.2    13.7    13.0
04140 20170613  2.422 -110.29   46.88    13.0     3.6     8.3     8.8    15.7    18.70 C    26.9     4.4    11.5    89.9    55.9    72.5   0.281   0.324   0.272   0.250   0.223    13.5    13.6    13.6    13.5    12.9
04140 20170614  2.422 -110.29   46.88    17.2     7.3    12.3    11.8     0.0    27.46 C    27.3     6.1    13.8    74.5    24.5    47.8   0.260   0.313   0.276   0.256   0.223    13.8    13.3    13.0    13.0    12.6
04140 20170615  2.422 -110.29   46.88    17.2     6.3    11.8    13.1     0.0    21.42 C    28.1     4.6    13.8    64.9    31.4    43.2   0.244   0.304   0.270   0.260   0.223    13.8    13.3    13.0    12.9    12.4
04140 20170616  2.422 -110.29   46.88    18.7     9.4    14.0    14.0     0.0    21.76 C    31.1     7.6    15.8    70.3    35.2    51.1   0.233   0.299   0.267   0.261   0.225    15.2    14.2    13.3    12.9    12.3
04140 20170617  2.422 -110.29   46.88    17.4     6.8    12.1    11.7     0.0    20.43 C    35.7     4.7    14.6    68.1    28.2    46.9   0.222   0.294   0.265   0.262   0.226    14.6    13.9    13.4    12.9    12.4
04140 20170618  2.422 -110.29   46.88    18.9     6.6    12.7    13.1     0.0    21.24 C    37.1     7.5    16.4    72.0    36.2    48.5   0.214   0.291   0.262   0.262   0.227    15.5    14.5    13.6    13.0    12.4
04140 20170619  2.422 -110.29   46.88    21.5     8.0    14.8    15.2     0.0    28.42 C    44.1     5.9    20.9    80.5    40.5    55.8   0.207   0.288   0.260   0.262   0.227    17.9    15.9    14.3    13.2    12.5
04140 20170620  2.422 -110.29   46.88    25.9     9.9    17.9    19.4     0.0    17.14 C    34.3     9.5    20.2    84.0    25.9    47.1   0.196   0.284   0.259   0.261   0.229    18.5    17.1    15.5    13.9    12.9
04140 20170621  2.422 -110.29   46.88    23.7    10.3    17.0    17.5     0.0    30.94 C    44.0     6.5    21.2    68.1    12.8    33.4   0.185   0.279   0.257   0.261   0.229    19.3    17.7    15.9    14.3    13.3
04140 20170622  2.422 -110.29   46.88    16.4     0.0     8.2    10.1     0.0    28.33 C    43.1     1.8    17.5    78.7    22.7    43.6   0.172   0.271   0.254   0.261   0.228    18.2    17.3    16.1    14.7    13.6
04140 20170623  2.422 -110.29   46.88    16.0    -2.4     6.8     8.8     0.0    18.16 C    35.0    -0.3    14.3    85.9    37.8    56.9   0.162   0.264   0.250   0.260   0.228    16.0    15.8    15.4    14.7    13.8
04140 20170624  2.422 -110.29   46.88    18.4     3.1    10.7    12.3     0.0    25.62 C    43.7     4.1    19.0    86.0    31.4    51.6   0.158   0.260   0.247   0.258   0.226    17.7    16.4    15.3    14.4    13.7
04140 20170625  2.422 -110.29   46.88    22.6     2.0    12.3    14.4     0.0    30.65 C    45.2     2.8    21.0    87.0    25.6    47.7   0.151   0.254   0.244   0.257   0.225    19.1    17.4    15.9    14.6    13.8
04140 20170626  2.422 -110.29   46.88    29.9     4.5    17.2    20.3     0.0    27.98 C    48.0     4.5    23.3    80.4    13.8    36.9   0.143   0.246   0.241   0.256   0.224    20.4    18.5    16.7    15.0    14.0
04140 20170627  2.422 -110.29   46.88    21.7     8.7    15.2    17.4     0.5    15.38 C    35.2     8.0    20.0    88.3    29.4    51.6   0.135   0.240   0.237   0.256   0.222    19.7    18.7    17.3    15.6    14.4
04140 20170628  2.422 -110.29   46.88    22.1     7.2    14.7    15.5     0.0    23.71 C    41.4     6.2    19.1    81.9    16.9    42.2   0.130   0.233   0.233   0.255   0.221    18.7    17.7    16.7    15.6    14.7
04140 20170629  2.422 -110.29   46.88    17.8     4.4    11.1    11.7     0.0    24.18 C    47.1     4.2    18.8    82.3    37.2    57.2   0.127   0.228   0.230   0.253   0.219    18.7    17.7    16.6    15.6    14.7
04140 20170630  2.422 -110.29   46.88    23.2    -0.3    11.5    13.9     0.0    26.01 C    50.9     0.9    19.7    90.4    24.8    50.6   0.124   0.223   0.227   0.251   0.218    18.8    17.6    16.5    15.5    14.6
04140 20170701  2.422 -110.29   46.88    28.5     3.0    15.8    18.2     0.0    24.33 C    49.3     4.1    22.9    85.4    19.5    44.5   0.121   0.219   0.224   0.248   0.215    20.2    18.5    16.9    15.6    14.7
04140 20170702  2.422 -110.29   46.88    26.7     7.9    17.3    19.1     0.0    19.66 C    43.3     8.0    21.8    70.5    22.0    41.6   0.118   0.216   0.221   0.248   0.212    20.5    19.1    17.5    16.0    14.9
04140 20170703  2.422 -110.29   46.88    30.0     8.2    19.1    20.9     0.0    30.52 C    49.4     6.8    24.7    77.6    10.6    34.5   0.117   0.212   0.217   0.246   0.209    21.6    19.6    17.8    16.2    15.1
04140 20170704  2.422 -110.29   46.88    27.5     4.3    15.9    18.4     0.0    27.12 C    49.7     3.9    23.3    65.5    18.7    32.6   0.113   0.208   0.213   0.242   0.206    21.5    19.9    18.2    16.6    15.4
04140 20170705  2.422 -110.29   46.88    31.4     6.8    19.1    20.9     2.4    25.00 C    53.1     7.3    25.2    70.4    16.2    39.2   0.110   0.205   0.211   0.241   0.203    22.2    20.4    18.6    16.8    15.7
04140 20170706  2.422 -110.29   46.88    28.9    11.0    20.0    20.3     5.7    20.49 C    44.3    10.1    21.0    77.3    22.6    49.7   0.108   0.203   0.207   0.239   0.201    20.9    19.9    18.7    17.1    16.0
04140 20170707  2.422 -110.29   46.88    29.8     6.9    18.4    20.0     0.0    22.31 C    41.6     8.0    20.6    86.3    17.6    43.5   0.111   0.201   0.204   0.237   0.200    20.1    19.1    18.0    17.0    16.0
04140 20170708  2.422 -110.29   46.88    31.5     9.3    20.4    22.3     0.2    20.78 C    46.8     9.0    23.5    75.1    19.6    40.6   0.116   0.201   0.202   0.235   0.198    21.4    19.7    18.2    16.9    16.0
04140 20170709  2.422 -110.29   46.88    32.4     9.0    20.7    21.4     1.6    20.52 C    51.5     9.0    23.5    81.1    15.4    43.0   0.117   0.201   0.200   0.234   0.196    21.9    20.5    18.8    17.2    16.1
04140 20170710  2.422 -110.29   46.88    29.3    13.4    21.3    20.0     3.2    14.53 C    43.1     8.1    19.3    81.0    23.1    47.4   0.115   0.199   0.197   0.232   0.194    19.7    19.3    18.5    17.3    16.3
04140 20170711  2.422 -110.29   46.88    24.3     8.9    16.6    17.5     0.0    22.35 C    41.6     9.1    20.1    85.2    20.7    50.2   0.116   0.197   0.195   0.230   0.192    19.3    18.4    17.6    17.0    16.2
04140 20170712  2.422 -110.29   46.88    26.0     4.8    15.4    17.3     0.0    24.15 C    47.0     5.6    22.0    90.3    25.5    56.1   0.116   0.198   0.193   0.228   0.191    20.4    19.0    17.8    16.8    16.0
04140 20170713  2.422 -110.29   46.88    32.5    11.8    22.1    23.2     0.0    29.61 C    52.6     9.4    27.4    77.4    10.4    38.5   0.118   0.198   0.192   0.226   0.188    23.1    20.7    18.6    17.0    16.1
04140 20170714  2.422 -110.29   46.88    29.5    10.7    20.1    22.2     0.4    23.90 C    51.3     9.9    25.2    77.4    18.5    37.9   0.115   0.198   0.191   0.224   0.184    23.2    21.5    19.6    17.6    16.4
04140 20170715  2.422 -110.29   46.88    32.8    11.0    21.9    23.5     0.0    23.33 C    49.2     9.6    26.8    65.2    15.9    35.9   0.113   0.196   0.189   0.223   0.181    23.3    21.5    19.6    17.9    16.7
04140 20170716  2.422 -110.29   46.88    31.2    12.2    21.7    23.1     0.0    25.73 C    50.5    10.4    27.0    70.2    16.2    33.7   0.110   0.195   0.187   0.220   0.178    24.1    22.2    20.1    18.2    17.0
04140 20170717  2.422 -110.29   46.88    25.7     6.8    16.2    17.2     0.0    19.43 C    45.9     6.7    21.3    55.7    17.6    32.3   0.106   0.192   0.185   0.218   0.176    22.0    21.2    20.0    18.4    17.3
04140 20170718  2.422 -110.29   46.88    28.9     3.7    16.3    17.5     0.0    24.38 C    53.5     4.4    23.1    73.9    11.2    37.4   0.104   0.190   0.182   0.216   0.175    21.8    20.5    19.4    18.2    17.2
04140 20170719  2.422 -110.29   46.88    29.3     9.4    19.4    19.6     3.0    25.85 C    47.3     8.9    22.8    86.4    11.9    41.0   0.102   0.190   0.181   0.214   0.174    22.1    20.8    19.4    18.2    17.2
04140 20170720  2.422 -110.29   46.88    32.3     5.8    19.1    21.7     0.0    28.69 C    52.5     5.7    25.9    70.3     7.0    28.0   0.104   0.189   0.179   0.212   0.171    22.5    20.8    19.3    18.1    17.1
04140 20170721  2.422 -110.29   46.88    27.6     9.1    18.3    20.1     0.0    28.79 C    49.5     6.4    24.3    41.1     9.7    19.9   0.104   0.188   0.178   0.210   0.169    22.8    21.4    19.8    18.3    17.2
04140 20170722  2.422 -110.29   46.88    27.9     3.5    15.7    17.8     0.0    28.02 C    52.1     4.0    24.6    65.7    17.1    33.1   0.102   0.186   0.177   0.208   0.168    22.6    21.1    19.7    18.3    17.3
04140 20170723  2.422 -110.29   46.88    33.0     6.1    19.6    21.5     0.0    28.23 C    58.3     6.9    27.4    70.5     7.9    29.9   0.100   0.187   0.176   0.208   0.166    23.8    21.9    20.1    18.4    17.4
04140 20170724  2.422 -110.29   46.88    27.1    11.2    19.1    19.0     0.0    21.63 C    52.4    10.3    24.1    77.6    20.6    43.4   0.097   0.186   0.176   0.206   0.165    23.1    21.9    20.4    18.7    17.6
04140 20170725  2.422 -110.29   46.88    27.1     6.2    16.6    17.5     0.0    25.94 C    51.0     6.0    23.8    72.4    20.0    40.7   0.095   0.184   0.174   0.205   0.164    22.7    21.4    20.1    18.7    17.7
04140 20170726  2.422 -110.29   46.88    30.4     6.2    18.3    19.2     0.0    24.44 C    59.3     6.9    26.2    79.9    19.0    46.5   0.094   0.183   0.173   0.203   0.163    23.4    21.7    20.2    18.7    17.7
04140 20170727  2.422 -110.29   46.88    28.2     8.8    18.5    20.1     0.0    17.36 C    48.1     9.1    23.8    78.7    19.9    43.4   0.093   0.182   0.173   0.202   0.162    22.8    21.6    20.4    18.9    17.8
04140 20170728  2.422 -110.29   46.88    28.8    10.8    19.8    21.4     0.0    21.62 C    56.4     9.4    26.0    74.2    18.0    35.8   0.092   0.181   0.172   0.201   0.162    23.2    21.6    20.2    18.9    17.9
04140 20170729  2.422 -110.29   46.88    30.0    12.9    21.4    22.2     0.0    19.44 C    53.6    11.4    25.8    53.0    14.7    29.7   0.091   0.181   0.171   0.199   0.160    23.6    22.0    20.5    19.0    17.9
04140 20170730  2.422 -110.29   46.88    32.4     7.8    20.1    22.1     0.0    24.11 C    55.2     7.5    26.1    70.8    10.4    29.4   0.090   0.180   0.171   0.199   0.159    23.6    22.0    20.5    19.0    18.0
04140 20170731  2.422 -110.29   46.88    29.5     6.3    17.9    19.8     0.0    26.70 C    55.2     5.7    26.0    54.2    12.6    28.7   0.089   0.180   0.170   0.197   0.158    23.7    22.1    20.7    19.1    18.0
04140 20170801  2.422 -110.29   46.88    26.8     7.4    17.1    18.4     0.0    25.30 C    51.9     7.3    25.3    66.1    22.6    37.8   0.088   0.179   0.170   0.196   0.157    23.6    22.2    20.8    19.2    18.1
04140 20170802  2.422 -110.29   46.88    18.6     6.3    12.4    13.3     0.0     9.65 C    40.3     6.9    17.8    77.6    47.9    61.7   0.085   0.176   0.168   0.196   0.157    20.5    20.7    20.3    19.3    18.2
04140 20170803  2.422 -110.29   46.88    24.5     7.2    15.9    16.6     0.0    20.17 C    49.8     6.9    22.6    85.1    28.9    51.6   0.086   0.175   0.167   0.195   0.157    21.3    20.2    19.4    18.8    18.0
04140 20170804  2.422 -110.29   46.88    28.3     5.2    16.8    17.2     0.0    22.33 C    50.6     6.2    23.3    81.1    17.8    48.3   0.086   0.175   0.167   0.194   0.155    21.8    20.6    19.6    18.6    17.9
04140 20170805  2.422 -110.29   46.88    16.8     4.7    10.8    11.6     1.3     9.06 C    29.2     4.0    14.3    89.2    53.9    69.3   0.084   0.173   0.165   0.194   0.157    18.7    19.2    19.2    18.6    17.8
04140 20170806  2.422 -110.29   46.88    21.2     1.7    11.4    12.3     0.0    20.51 C    48.0     2.2    18.5    91.4    28.7    58.2   0.084   0.171   0.163   0.192   0.155    18.3    17.9    17.8    18.0    17.5
04140 20170807  2.422 -110.29   46.88    25.7     6.5    16.1    16.3     0.0    24.90 C    51.6     4.0    22.4    74.9    22.5    44.3   0.086   0.172   0.163   0.191   0.154    20.3    19.0    18.1    17.7    17.2
04140 20170808  2.422 -110.29   46.88    22.8     5.0    13.9    14.9     0.0    17.64 C    43.9     5.2    19.8    81.5    31.7    50.3   0.086   0.172   0.163   0.191   0.153    20.0    19.3    18.6    17.8    17.2
04140 20170809  2.422 -110.29   46.88    22.8     2.2    12.5    13.8     0.0    21.28 C    49.9     2.9    19.6    89.2    16.7    47.4   0.085   0.172   0.163   0.191   0.154    19.7    19.0    18.4    17.8    17.1
04140 20170810  2.422 -110.29   46.88    25.3     3.3    14.3    16.6     0.0    20.06 C    51.5     3.4    20.8    74.2    16.3    34.6   0.085   0.171   0.162   0.190   0.152    19.7    18.8    18.2    17.7    17.1
04140 20170811  2.422 -110.29   46.88    23.9     7.1    15.5    15.9     3.3    19.05 C    48.3     6.7    19.6    87.9    24.7    52.2   0.084   0.171   0.163   0.190   0.152    19.9    19.2    18.4    17.8    17.0
04140 20170812  2.422 -110.29   46.88    26.4     2.8    14.6    15.6     0.0    23.72 C    44.7     3.4    19.9    91.2    21.8    51.2   0.085   0.171   0.162   0.189   0.153    19.1    18.4    17.9    17.6    17.0
04140 20170813  2.422 -110.29   46.88    27.3    10.0    18.6    17.7     0.3    10.77 C    47.2     6.7    18.3    66.3    20.7    43.6   0.086   0.170   0.162   0.189   0.152    18.3    18.1    17.8    17.5    16.9
04140 20170814  2.422 -110.29   46.88    22.6     5.2    13.9    14.6     0.0    15.45 C    47.2     4.9    17.9    80.1    24.9    48.3   0.087   0.170   0.162   0.188   0.152    18.1    17.7    17.4    17.2    16.7
04140 20170815  2.422 -110.29   46.88    23.0     0.7    11.8    13.5     0.0    24.42 C    49.4     1.3    20.3    82.3    23.3    45.9   0.088   0.171   0.161   0.188   0.151    18.9    18.0    17.3    17.0    16.5
04140 20170816  2.422 -110.29   46.88    27.1     3.2    15.2    17.0     0.0    24.58 C    48.8     2.8    21.8    74.8     6.9    29.6   0.088   0.171   0.162   0.188   0.151    20.0    18.8    17.8    17.1    16.5
04140 20170817  2.422 -110.29   46.88    26.0     4.1    15.0    16.2     0.0    19.49 C    51.4     3.9    21.0    61.2    16.6    33.5   0.087   0.172   0.162   0.188   0.150    19.9    19.0    18.1    17.3    16.6
04140 20170818  2.422 -110.29   46.88    29.3     4.0    16.6    18.9     0.0    23.55 C    50.2     3.9    22.4    69.4     7.5    27.1   0.087   0.171   0.162   0.187   0.150    20.4    19.2    18.2    17.4    16.7
04140 20170819  2.422 -110.29   46.88    24.1     6.3    15.2    18.5     0.0    20.92 C    49.4     6.3    23.1    64.1    14.8    30.0   0.085   0.171   0.162   0.187   0.150    21.3    20.0    18.7    17.6    16.8
04140 20170820  2.422 -110.29   46.88    25.0     1.5    13.2    14.3     0.0    20.11 C    49.7     2.2    19.7    81.2     9.8    38.0   0.084   0.170   0.162   0.187   0.149    19.8    19.1    18.5    17.7    16.9
04140 20170821  2.422 -110.29   46.88    23.1     2.1    12.6    14.6     0.0    19.75 C    48.6     2.5    19.7    66.7    21.2    36.3   0.083   0.170   0.161   0.186   0.149    19.4    18.7    18.1    17.6    16.9
04140 20170822  2.422 -110.29   46.88    28.7     3.0    15.8    17.1     0.0    23.20 C    51.2     3.1    22.5    71.4    14.1    35.6   0.083   0.170   0.161   0.186   0.149    20.4    19.1    18.2    17.5    16.8
04140 20170823  2.422 -110.29   46.88    30.8     5.8    18.3    19.1     0.0    17.00 C    51.5     5.2    21.9    61.9     9.8    30.9   0.082   0.169   0.161   0.186   0.148    20.5    19.5    18.5    17.6    16.9
04140 20170824  2.422 -110.29   46.88    27.7     8.9    18.3    17.2     2.4     8.48 C    37.0     8.0    18.0    89.6    19.4    50.0   0.081   0.169   0.161   0.186   0.148    19.2    18.9    18.4    17.7    17.0
04140 20170825  2.422 -110.29   46.88    25.2     7.8    16.5    16.5     0.0    19.95 C    44.2     6.7    19.7    88.6    27.2    53.7   0.082   0.167   0.159   0.185   0.148    18.9    18.2    17.7    17.5    16.9
04140 20170826  2.422 -110.29   46.88    26.0     6.6    16.3    17.1     0.0    23.02 C    48.4     4.1    21.4    71.2    11.3    29.0   0.083   0.168   0.160   0.184   0.148    19.6    18.6    17.8    17.3    16.7
04140 20170827  2.422 -110.29   46.88    29.2     3.1    16.1    17.1     0.0    20.49 C    47.9     3.1    20.9    60.7    11.3    29.7   0.084   0.168   0.159   0.184   0.147    19.5    18.7    17.9    17.3    16.7
04140 20170828  2.422 -110.29   46.88    30.7     5.6    18.1    19.1     0.0    20.69 C    51.8     4.6    22.7    57.8    10.4    28.1   0.084   0.169   0.159   0.184   0.147    20.4    19.2    18.2    17.4    16.7
04140 20170829  2.422 -110.29   46.88    30.0     8.7    19.3    19.3     0.0    13.70 C    44.8     7.9    21.2    49.3    11.6    28.3   0.083   0.169   0.160   0.184   0.147    20.2    19.4    18.5    17.6    16.8
04140 20170830  2.422 -110.29   46.88    32.4     7.6    20.0    20.4     0.0    16.70 C    51.5     6.6    22.8    54.4    11.0    29.6   0.082   0.168   0.159   0.184   0.146    20.6    19.4    18.4    17.6    16.9
04140 20170831  2.422 -110.29   46.88    29.3    10.3    19.8    21.9     0.0    15.38 C    52.7     7.9    23.6    54.2    11.7    25.3   0.081   0.168   0.159   0.183   0.146    21.3    20.0    18.8    17.8    17.0
04140 20170901  2.422 -110.29   46.88    27.2     7.4    17.3    18.8     0.0    20.41 C    49.2     4.8    21.9    53.2    15.4    28.1   0.081   0.168   0.160   0.183   0.146    20.6    19.6    18.7    17.9    17.1
04140 20170902  2.422 -110.29   46.88    31.5     6.8    19.1    20.8     0.0    21.10 C    51.0     5.9    24.0    64.0     7.3    27.3   0.081   0.168   0.159   0.183   0.145    21.3    20.0    18.9    17.9    17.1
04140 20170903  2.422 -110.29   46.88    27.1    11.7    19.4    21.6     0.0    17.19 C    45.8     9.1    23.8    43.0    11.9    24.0   0.080   0.167   0.160   0.183   0.146    21.6    20.4    19.2    18.1    17.3
04140 20170904  2.422 -110.29   46.88    18.5     3.3    10.9    11.7     0.0    19.08 C    39.4     2.7    17.4    71.7    25.0    45.1   0.079   0.166   0.159   0.183   0.145    19.5    19.4    18.9    18.2    17.3
04140 20170905  2.422 -110.29   46.88    23.8    -1.6    11.1    12.5     0.0    21.34 C    46.7    -0.8    18.2    81.0    11.1    38.4   0.077   0.164   0.157   0.183   0.146    18.3    18.1    18.0    17.8    17.2
04140 20170906  2.422 -110.29   46.88    25.9     0.7    13.3    14.4     0.0    16.64 C    45.3     1.4    17.4    60.6    14.1    32.1   0.077   0.163   0.157   0.183   0.145    18.2    18.0    17.8    17.5    17.0
04140 20170907  2.422 -110.29   46.88    28.1     0.3    14.2    15.6     0.0    21.33 C    49.9    -0.4    19.7    61.3     7.2    26.7   0.078   0.163   0.156   0.181   0.145    18.6    17.9    17.5    17.3    16.8
04140 20170908  2.422 -110.29   46.88    31.1     4.2    17.7    19.9     0.0    17.99 C    47.0     3.0    21.0    47.3     6.6    20.2   0.077   0.163   0.156   0.181   0.144    19.3    18.4    17.7    17.3    16.7
04140 20170909  2.422 -110.29   46.88    30.7     8.8    19.8    21.8     0.0    18.27 C    51.3     7.8    25.0    56.1    12.5    29.1   0.078   0.164   0.156   0.181   0.144    21.1    19.4    18.2    17.4    16.7
04140 20170910  2.422 -110.29   46.88    27.6     9.1    18.4    21.1     0.0    20.02 C    45.7     8.0    24.4    51.3    17.0    30.0   0.078   0.165   0.158   0.182   0.144    22.3    20.6    19.0    17.8    16.9
04140 20170911  2.422 -110.29   46.88    29.5     5.6    17.5    18.3     0.0    20.44 C    50.1     4.4    21.4    64.8     9.2    28.2   0.077   0.164   0.157   0.182   0.144    20.7    19.7    18.9    18.0    17.2
04140 20170912  2.422 -110.29   46.88    28.5     4.4    16.4    17.6     0.0    19.44 C    49.9     2.4    20.5    51.2     7.2    24.0   0.076   0.163   0.157   0.182   0.143    19.8    19.2    18.6    18.0    17.2
04140 20170913  2.422 -110.29   46.88    26.5     8.5    17.5    16.9     0.0    10.61 C    42.7     9.5    18.9    69.0    13.4    37.4   0.075   0.162   0.156   0.181   0.143    19.2    18.8    18.4    17.9    17.2
04140 20170914  2.422 -110.29   46.88     8.6     4.1     6.3     5.4    24.9     1.59 C    10.7     6.3     8.4    91.5    68.7    84.9   0.150   0.158   0.154   0.180   0.144    13.6    15.8    17.1    17.6    17.0
04140 20170915  2.422 -110.29   46.88     4.6    -0.2     2.2     1.5    26.8     2.49 C     8.1    -0.2     3.6    93.0    84.8    89.6   0.258   0.261   0.159   0.179   0.144     8.7    11.1    14.0    16.2    16.3
04140 20170916  2.422 -110.29   46.88     6.8    -0.4     3.2     1.7     5.0    14.71 C    18.7    -0.8     3.6    92.7    67.2    83.9   0.262   0.305   0.211   0.177   0.143     7.9     9.3    11.5    14.5    15.1
04140 20170917  2.422 -110.29   46.88    14.2    -2.1     6.1     6.7     0.0    16.20 C    24.7    -1.5     7.8    88.5    26.7    59.0   0.243   0.297   0.248   0.175   0.142     9.0     9.6    10.9    13.3    14.0
04140 20170918  2.422 -110.29   46.88    16.7     1.2     9.0     9.1     0.0    10.25 C    22.3     1.1     8.7    80.5    29.3    55.4   0.230   0.289   0.247   0.175   0.141     9.6    10.2    11.0    12.8    13.4
04140 20170919  2.422 -110.29   46.88    11.1     1.2     6.2     6.2     0.0     9.51 C    21.4     0.2     7.2    73.1    31.6    52.9   0.220   0.283   0.245   0.175   0.142     9.2    10.0    11.0    12.6    13.1
04140 20170920  2.422 -110.29   46.88     9.5     1.9     5.7     5.4     0.8    13.09 C    16.4    -0.1     5.5    82.4    37.6    58.5   0.212   0.278   0.242   0.175   0.140     7.8     8.9    10.2    12.1    12.7
04140 20170921  2.422 -110.29   46.88     8.5     0.7     4.6     5.1     1.2     8.01 C    17.1     0.5     6.5    85.0    39.5    55.0   0.209   0.274   0.240   0.174   0.140     7.9     8.7     9.7    11.6    12.2
04140 20170922  2.422 -110.29   46.88     1.8    -0.8     0.5     0.3     8.4     2.76 C     4.6    -0.8     1.5    92.7    86.0    90.4   0.241   0.282   0.239   0.175   0.140     6.1     7.7     9.2    11.2    11.8
04140 20170923  2.422 -110.29   46.88     7.6    -1.4     3.1     2.9     0.8    10.10 C    22.4    -0.2     6.6    92.6    57.9    79.9   0.246   0.295   0.250   0.173   0.140     7.6     7.9     8.6    10.6    11.3
04140 20170924  2.422 -110.29   46.88     9.5    -3.0     3.2     3.3     0.0    11.66 C    23.3    -2.7     5.8    91.3    36.8    67.0   0.237   0.291   0.252   0.173   0.139     7.6     8.2     8.9    10.4    11.0
04140 20170925  2.422 -110.29   46.88    13.2    -5.2     4.0     4.8     0.0    12.88 C    25.1    -3.7     6.9    87.9    33.1    62.1   0.229   0.287   0.250   0.174   0.139     7.6     8.0     8.7    10.3    10.8
04140 20170926  2.422 -110.29   46.88    15.7     0.8     8.2     8.0     0.0     9.71 C    23.6     1.5     9.4    86.9    39.1    66.1   0.225   0.285   0.249   0.174   0.139     9.3     9.1     9.3    10.3    10.7
04140 20170927  2.422 -110.29   46.88    19.8    -0.4     9.7     8.9     0.0    15.07 C    33.1     0.1    10.5    91.4    31.3    63.7   0.220   0.283   0.248   0.175   0.139    10.2     9.9     9.8    10.5    10.7
04140 20170928  2.422 -110.29   46.88    20.8    -1.9     9.5     8.9     0.0    17.33 C    31.8    -1.2    10.5    90.4    19.1    56.8   0.214   0.281   0.247   0.177   0.140    10.3    10.2    10.2    10.8    10.9
04140 20170929  2.422 -110.29   46.88    22.2     3.2    12.7    12.2     0.0    17.19 C    33.4    -0.3    12.0    70.4    17.0    45.5   0.209   0.279   0.245   0.179   0.140    11.0    10.7    10.5    11.0    11.0
04140 20170930  2.422 -110.29   46.88    18.7     0.5     9.6    10.0     0.7    11.06 C    30.9     0.8    10.4    88.5    29.3    55.2   0.204   0.277   0.244   0.180   0.140    10.7    10.7    10.8    11.2    11.2
04140 20171001  2.422 -110.29   46.88     9.4     1.3     5.3     5.0     0.5     8.70 C    22.7     1.5     7.2    87.4    43.5    60.2   0.199   0.273   0.242   0.179   0.142     9.2     9.9    10.5    11.2    11.2
04140 20171002  2.422 -110.29   46.88     2.7    -4.4    -0.9    -0.2     0.4     8.30 C    15.0    -2.2     3.3    88.3    43.7    61.4   0.194   0.270   0.240   0.180   0.142     7.2     8.5     9.6    10.9    11.1
04140 20171003  2.422 -110.29   46.88     2.1    -4.1    -1.0    -1.2     0.6     7.27 C    10.5    -3.8     1.3    88.9    55.2    70.6   0.190   0.266   0.237   0.181   0.141     5.6     6.9     8.3    10.2    10.6
04140 20171004  2.422 -110.29   46.88    11.1    -6.3     2.4     2.1     0.0    13.43 C    25.6    -5.5     5.2    89.1    37.0    71.1   0.190   0.264   0.235   0.180   0.140     5.8     6.5     7.6     9.4    10.0
04140 20171005  2.422 -110.29   46.88    12.6    -3.7     4.5     4.6     0.0    14.13 C    29.0    -3.7     7.5    89.4    43.9    67.9   0.190   0.264   0.235   0.180   0.139     7.3     7.5     7.9     9.2     9.7
04140 20171006  2.422 -110.29   46.88    15.9    -1.6     7.1     9.4     0.0    13.47 C    25.1    -3.2     8.8    87.7    23.0    45.9   0.188   0.263   0.234   0.181   0.139     7.9     7.9     8.3     9.2     9.6
04140 20171007  2.422 -110.29   46.88    13.2    -0.2     6.5     8.6     0.5     8.69 C    24.9    -4.0     7.4    75.1    25.7    40.3   0.186   0.263   0.234   0.182   0.140     8.4     8.6     8.8     9.5     9.7
04140 20171008  2.422 -110.29   46.88     5.2    -5.5    -0.2    -0.4     0.0     6.90 C    15.1    -6.7     0.4    88.1    40.1    67.6   0.180   0.259   0.232   0.183   0.141     5.0     6.6     7.9     9.4     9.7
04140 20171009  2.422 -110.29   46.88    10.1    -7.6     1.2     3.6     0.0    15.05 C    21.8    -7.8     4.0    81.8    29.0    48.1   0.179   0.257   0.230   0.183   0.140     4.8     5.6     6.8     8.7     9.2
04140 20171010  2.422 -110.29   46.88    16.4    -5.0     5.7     7.0     0.0    13.00 C    30.4    -6.3     6.7    69.8    10.1    32.2   0.179   0.256   0.229   0.182   0.139     6.3     6.4     7.0     8.3     8.9
04140 20171011  2.422 -110.29   46.88    16.1    -3.8     6.2     6.8     0.0    12.00 C    27.5    -5.1     8.0    70.2    15.5    38.7   0.178   0.257   0.229   0.182   0.139     7.4     7.3     7.5     8.4     8.8
04140 20171012  2.422 -110.29   46.88     6.6    -7.7    -0.5    -0.4     0.0    11.14 C    23.8    -8.1     1.6    77.2    28.2    54.7   0.175   0.255   0.229   0.183   0.140     5.7     6.7     7.5     8.6     8.9
04140 20171013  2.422 -110.29   46.88     6.3    -8.3    -1.0    -1.5     1.2     6.30 C    16.9    -8.2    -0.2    90.9    36.1    72.2   0.171   0.251   0.228   0.183   0.140     3.8     5.1     6.5     8.2     8.7
04140 20171014  2.422 -110.29   46.88     5.6   -10.5    -2.4    -0.3     0.0    11.17 C    14.4    -9.9    -0.4    88.0    32.3    55.6   0.168   0.249   0.225   0.183   0.140     2.9     4.2     5.7     7.7     8.3
04140 20171015  2.422 -110.29   46.88    14.8     0.9     7.9     8.0     0.0    13.44 C    24.6    -3.0     7.1    49.1    26.9    38.7   0.170   0.250   0.225   0.183   0.138     5.1     5.0     5.6     7.2     7.9
04140 20171016  2.422 -110.29   46.88    18.1     9.4    13.7    13.4     0.0    13.57 C    28.0     3.3    11.7    35.9    12.4    21.6   0.172   0.252   0.226   0.184   0.138     7.9     7.1     6.8     7.4     7.8
04140 20171017  2.422 -110.29   46.88    20.0     8.0    14.0    14.9     0.0    14.37 C    30.1     0.0    13.3    29.7    11.0    18.2   0.172   0.253   0.227   0.185   0.139     9.4     8.5     7.9     8.1     8.1
04140 20171018  2.422 -110.29   46.88    17.1     6.1    11.6    12.7     0.0    10.20 C    28.5     2.8    11.2    48.0    13.8    27.6   0.170   0.253   0.228   0.186   0.140     9.7     9.2     8.7     8.7     8.5
04140 20171019  2.422 -110.29   46.88 -9999.0 -9999.0 -9999.0 -9999.0 -9999.0 -9999.00 U -9999.0 -9999.0 -9999.0 -9999.0 -9999.0 -9999.0 -99.000 -99.000 -99.000 -99.000 -99.000 -9999.0 -9999.0 -9999.0 -9999.0 -9999.0
04140 20171020  2.422 -110.29   46.88    17.5     2.3     9.9     7.8     0.0     5.20 C    21.3    -0.5     5.8    52.7    15.5    36.6   0.164   0.251   0.227   0.188   0.142     8.8     9.3     9.4     9.5     9.2
04140 20171021  2.422 -110.29   46.88     6.5     0.8     3.7     3.9     0.0    11.83 C    17.6    -2.4     4.4    52.3    26.2    39.7   0.160   0.248   0.225   0.188   0.142     6.7     7.6     8.4     9.3     9.3
04140 20171022  2.422 -110.29   46.88    14.7     4.0     9.4     8.9     0.0     9.10 C    22.3     0.2     8.0    48.1    22.7    38.1   0.160   0.247   0.224   0.188   0.143     7.7     7.8     8.1     8.9     9.1
04140 20171023  2.422 -110.29   46.88    10.8    -3.3     3.8     4.7     0.0    11.07 C    24.0    -4.8     4.9    63.7    21.1    38.5   0.157   0.245   0.224   0.189   0.142     6.7     7.3     7.9     8.8     9.0
04140 20171024  2.422 -110.29   46.88    17.8     3.6    10.7    11.2     0.0     9.70 C    26.2    -1.0     9.4    45.5    16.5    28.7   0.156   0.244   0.223   0.189   0.141     7.4     7.3     7.7     8.6     8.8
04140 20171025  2.422 -110.29   46.88    20.2    -0.4     9.9    12.7     1.9     9.26 C    29.0     1.1    11.5    85.5     8.4    30.7   0.156   0.246   0.224   0.189   0.141     9.5     8.9     8.4     8.7     8.8
04140 20171026  2.422 -110.29   46.88     0.3    -4.9    -2.3    -2.5     0.0     9.23 C    15.3    -5.4     1.5    87.0    58.6    75.8   0.151   0.242   0.223   0.189   0.143     6.1     7.4     8.2     9.0     8.9
04140 20171027  2.422 -110.29   46.88    11.2    -7.5     1.8     3.5     0.0     4.24 C    13.4    -7.3     2.4    83.8    28.8    56.5   0.149   0.239   0.221   0.189   0.143     4.5     5.5     6.8     8.4     8.7
04140 20171028  2.422 -110.29   46.88    20.2     0.9    10.5    11.7     0.0    10.89 C    30.2    -3.4     8.9    75.7    19.0    37.7   0.151   0.240   0.220   0.188   0.141     6.7     6.5     6.8     7.9     8.3
04140 20171029  2.422 -110.29   46.88    13.5    -3.7     4.9     1.4     1.5     1.97 C     6.1    -3.1     1.1    86.1    27.9    62.8   0.149   0.239   0.221   0.189   0.142     5.4     6.5     7.2     8.1     8.3
04140 20171030  2.422 -110.29   46.88     0.3    -5.9    -2.8    -3.1     0.2    10.10 C    15.2    -6.3    -0.3    76.7    30.4    59.3   0.147   0.236   0.219   0.188   0.142     3.6     4.8     6.1     7.7     8.1
04140 20171031  2.422 -110.29   46.88     6.1    -1.7     2.2     2.0     1.5     4.08 C     9.5    -6.0     0.8    84.7    24.2    46.8   0.145   0.234   0.218   0.188   0.141     2.6     3.8     5.3     7.2     7.6
04140 20171101  2.422 -110.29   46.88     0.9    -8.8    -3.9    -2.5     1.8     3.09 C     1.8    -7.6    -1.9    91.9    58.4    78.2   0.146   0.234   0.216   0.187   0.141     3.0     4.0     5.0     6.7     7.3
04140 20171102  2.422 -110.29   46.88    -1.8    -8.0    -4.9    -5.1     1.4     3.86 C     1.6    -8.3    -3.8    86.8    66.1    75.7   0.144   0.232   0.216   0.187   0.141     1.5     2.9     4.4     6.3     7.0
04140 20171103  2.422 -110.29   46.88    -4.9   -11.9    -8.4    -8.0     9.4     2.00 C    -4.3   -10.9    -7.3    87.3    79.2    83.4   0.144   0.231   0.215   0.186   0.140     1.5     2.6     3.9     5.9     6.5
04140 20171104  2.422 -110.29   46.88    -1.9   -17.7    -9.8    -8.5     0.3     7.61 C    -4.8   -24.7   -12.5    84.0    41.2    68.7   0.145   0.230   0.214   0.185   0.139     1.7     2.6     3.7     5.5     6.2
04140 20171105  2.422 -110.29   46.88    -7.2   -15.2   -11.2   -12.9     1.2     7.43 C   -10.1   -20.6   -14.2    84.5    73.2    80.3   0.145   0.230   0.214   0.185   0.139     1.6     2.5     3.6     5.3     6.0
04140 20171106  2.422 -110.29   46.88    -9.9   -20.3   -15.1   -14.7     1.0     6.32 C   -11.3   -25.9   -17.1    81.7    58.5    74.1   0.145   0.229   0.214   0.185   0.138     1.5     2.4     3.4     5.1     5.8
04140 20171107  2.422 -110.29   46.88     1.0   -16.0    -7.5    -5.4     0.0     9.94 C    -3.4   -22.6   -11.2    79.2    34.5    54.3   0.145   0.228   0.213   0.185   0.139     1.4     2.2     3.3     5.0     5.6
04140 20171108  2.422 -110.29   46.88     0.7   -10.3    -4.8    -4.8     0.3     4.08 C    -1.6   -15.2    -7.3    87.8    39.8    67.7   0.145   0.227   0.212   0.184   0.140     1.5     2.2     3.2     4.8     5.4
04140 20171109  2.422 -110.29   46.88     6.6    -6.8    -0.1     0.0     0.0     6.19 C    -0.1    -7.3    -3.4    84.6    36.1    63.2   0.151   0.227   0.212   0.184   0.139     1.5     2.2     3.1     4.7     5.3
04140 20171110  2.422 -110.29   46.88     5.6    -1.5     2.0     3.0     0.0     9.59 C     1.4    -6.9    -2.1    71.9    33.4    46.8   0.188   0.228   0.211   0.184   0.139     1.3     2.0     3.0     4.6     5.1
04140 20171111  2.422 -110.29   46.88     4.6    -7.2    -1.3     0.1     0.0     4.22 C     4.5    -6.8    -2.3    80.0    39.6    62.4   0.216   0.232   0.211   0.185   0.138     1.2     1.9     2.8     4.4     5.0
04140 20171112  2.422 -110.29   46.88     5.5    -8.1    -1.3     0.1     0.0     5.33 C     3.6    -7.1    -2.2    83.1    38.3    59.6   0.206   0.236   0.212   0.185   0.139     0.6     1.6     2.6     4.3     4.9
04140 20171113  2.422 -110.29   46.88    11.3    -3.7     3.8     5.6     0.0     8.53 C     9.4    -5.2     1.0    73.2    23.5    43.0   0.215   0.243   0.211   0.185   0.139     1.0     1.6     2.5     4.1     4.7
04140 20171114  2.422 -110.29   46.88     4.6    -3.7     0.5     1.9     0.0     7.42 C     8.3    -6.5    -0.1    59.7    34.7    47.4   0.217   0.250   0.212   0.185   0.139     1.2     1.8     2.6     4.0     4.6
04140 20171115  2.422 -110.29   46.88     5.9    -5.3     0.3     0.1     0.0     4.79 C     5.3    -7.2    -2.4    73.2    27.7    49.6 -99.000   0.249   0.212   0.185   0.139     0.4     1.3     2.4     4.0     4.5
04140 20171116  2.422 -110.29   46.88     8.6    -4.5     2.0     4.1     0.0     3.21 C     8.7    -6.7     0.4    67.1    35.8    49.0   0.203   0.248   0.213   0.186   0.138     0.6     1.3     2.1     3.8     4.3
04140 20171117  2.422 -110.29   46.88     3.2    -4.6    -0.7    -0.1     0.0     7.08 C     7.1    -7.2    -2.2    67.0    28.9    42.5 -99.000   0.248   0.213   0.184   0.139     0.4     1.2     2.1     3.7     4.2
04140 20171118  2.422 -110.29   46.88     2.8    -2.9    -0.1     0.1     0.0     7.26 C     8.0    -6.9    -1.5    52.8    31.4    42.7 -99.000   0.246   0.213   0.184   0.139    -0.1     0.8     1.9     3.5     4.1
04140 20171119  2.422 -110.29   46.88     8.1     0.6     4.3     5.1     0.0     3.40 C    11.2    -3.4     1.0    36.1    14.3    23.3 -99.000   0.245   0.213   0.183   0.139     0.0     0.7     1.7     3.3     4.0
04140 20171120  2.422 -110.29   46.88     8.4    -5.6     1.4     3.5     1.2     3.42 C    11.9    -4.9     1.7    90.1    18.3    51.9 -99.000   0.245   0.213   0.184   0.139     0.6     1.1     1.7     3.2     3.9
04140 20171121  2.422 -110.29   46.88     9.6    -8.7     0.5     1.4     0.0     6.86 C     9.9   -10.3    -0.4    88.9    28.6    62.9   0.195   0.246   0.214   0.184   0.138     1.2     1.5     2.0     3.3     3.8
04140 20171122  2.422 -110.29   46.88    13.0     8.2    10.6    11.3     0.0     2.31 C    11.0     3.6     7.3    58.4    46.0    51.5   0.198   0.248   0.215   0.186   0.139     4.1     3.2     2.8     3.5     3.9
04140 20171123  2.422 -110.29   46.88    16.3     4.5    10.4    12.4     1.9     6.59 C    18.0     0.1     8.2    76.7    29.6    42.7   0.196   0.249   0.216   0.186   0.139     5.2     4.5     4.0     4.1     4.2
04140 20171124  2.422 -110.29   46.88     8.4     1.1     4.7     4.2     0.0     7.07 C    11.0    -2.9     1.5    60.3    31.6    39.4   0.194   0.249   0.217   0.188   0.139     3.5     4.1     4.3     4.6     4.6
04140 20171125  2.422 -110.29   46.88     8.5     2.4     5.5     4.6     0.0     4.96 C    10.3    -4.4     1.0    52.0    14.4    26.5   0.191   0.246   0.217   0.188   0.140     1.8     2.7     3.5     4.6     4.7
04140 20171126  2.422 -110.29   46.88    17.2     1.2     9.2    11.2     0.0     5.16 C    17.7    -2.6     6.7    63.7    20.1    33.1   0.191   0.246   0.216   0.188   0.140     3.4     3.1     3.3     4.3     4.6
04140 20171127  2.422 -110.29   46.88    13.7    -2.4     5.6     4.8     0.0     4.59 C    14.2    -6.9     2.6    62.6    17.7    36.4   0.190   0.248   0.217   0.189   0.140     4.1     4.3     4.2     4.6     4.7
04140 20171128  2.422 -110.29   46.88     5.9    -3.3     1.3     1.4     0.0     6.75 C    11.1    -7.8    -1.1    52.4    20.4    34.5   0.185   0.245   0.216   0.189   0.141     1.2     2.3     3.4     4.6     4.8
04140 20171129  2.422 -110.29   46.88     5.0    -2.2     1.4     1.2     0.0     6.60 C    13.3    -6.6    -0.1    64.8    24.1    40.2   0.183   0.244   0.216   0.188   0.139     1.3     2.0     2.8     4.2     4.5
04140 20171130  2.422 -110.29   46.88     5.5    -2.3     1.6     1.3     0.0     4.48 C    12.7    -7.1    -0.4    44.6    15.7    29.0   0.185   0.243   0.216   0.189   0.140     0.7     1.5     2.5     3.9     4.3
04140 20171201  2.422 -110.29   46.88     4.2    -0.7     1.7     1.8     0.0     4.87 C     9.4    -6.4    -1.0    51.6    33.0    41.6   0.181   0.242   0.215   0.188   0.141     0.7     1.4     2.2     3.7     4.1
04140 20171202  2.422 -110.29   46.88     5.9    -5.5     0.2     0.2     0.3     4.28 C    16.1    -9.6    -1.8    87.9    32.1    53.1 -99.000   0.241   0.214   0.188   0.140     0.3     1.1     2.0     3.5     4.0
04140 20171203  2.422 -110.29   46.88     0.4    -5.9    -2.7    -1.3     8.1     0.13 C    -0.1   -11.2    -2.4    92.7    66.4    83.1   0.178   0.241   0.213   0.188   0.140     0.7     1.2     1.9     3.3     3.8
04140 20171204  2.422 -110.29   46.88    -5.9   -12.7    -9.3    -8.3     0.9     0.74 C    -7.0   -19.5   -11.2    83.3    61.9    75.1   0.176   0.240   0.214   0.187   0.140     0.9     1.3     2.0     3.2     3.7
04140 20171205  2.422 -110.29   46.88     0.9    -6.9    -3.0    -2.9     0.0     5.77 C    -4.2   -13.2    -7.5    63.6    38.6    53.8   0.178   0.240   0.214   0.188   0.139     0.5     1.2     1.9     3.2     3.6
04140 20171206  2.422 -110.29   46.88     0.5    -3.6    -1.6    -1.8     0.0     5.37 C    -3.7   -13.2    -6.9    58.1    20.0    40.5   0.169   0.240   0.214   0.188   0.140     0.4     1.0     1.8     3.1     3.6
04140 20171207  2.422 -110.29   46.88     9.4    -3.3     3.0     3.4     0.0     6.29 C    -0.3   -10.2    -5.2    60.8    15.7    34.0 -99.000   0.239   0.213   0.187   0.139     0.4     0.9     1.6     2.9     3.4
04140 20171208  2.422 -110.29   46.88     9.7    -8.9     0.4     1.2     0.0     6.57 C     2.8   -12.2    -5.2    62.3    22.0    36.4 -99.000   0.238   0.214   0.188   0.140     0.2     0.8     1.5     2.9     3.3
04140 20171209  2.422 -110.29   46.88     9.0    -7.0     1.0     2.2     0.0     5.96 C     5.6    -9.2    -3.2    54.8    16.7    28.7 -99.000   0.238   0.213   0.188   0.139    -0.1     0.6     1.4     2.7     3.2
04140 20171210  2.422 -110.29   46.88    11.9    -3.1     4.4     5.5     0.0     4.30 C     7.4    -6.9    -0.9    53.0    12.8    24.6 -99.000   0.227   0.213   0.187   0.140    -0.3     0.4     1.2     2.6     3.1
04140 20171211  2.422 -110.29   46.88    10.2    -6.8     1.7     0.3     0.0     5.14 C    10.7    -8.4    -2.9    74.1    27.8    50.4 -99.000   0.226   0.213   0.187   0.140    -0.5     0.3     1.1     2.5     3.0
04140 20171212  2.422 -110.29   46.88    14.2    -4.0     5.1     7.9     0.0     4.89 C    12.9    -6.1     1.0    62.7     5.2    17.4 -99.000 -99.000   0.212   0.187   0.140    -0.5     0.1     1.0     2.4     2.9
04140 20171213  2.422 -110.29   46.88     3.9    -7.8    -1.9    -1.2     0.0     1.52 C     3.2    -9.2    -4.4    73.2    31.1    54.3 -99.000   0.224   0.213   0.187   0.139    -0.5     0.1     0.9     2.3     2.8
04140 20171214  2.422 -110.29   46.88     5.6    -8.0    -1.2     0.5     0.0     6.13 C    10.8    -9.8    -2.2    77.4    28.7    47.4 -99.000 -99.000   0.204   0.187   0.139    -1.0    -0.1     0.8     2.2     2.7
04140 20171215  2.422 -110.29   46.88    10.0    -1.4     4.3     5.4     0.0     1.26 C     7.1    -2.6     1.7    85.8    19.2    33.7 -99.000 -99.000   0.203   0.187   0.139    -0.5    -0.1     0.7     2.1     2.6
04140 20171216  2.422 -110.29   46.88    -0.8   -13.4    -7.1    -5.1     4.6     1.18 C    -1.1   -21.1    -7.8    90.9    57.2    84.3 -99.000 -99.000   0.204   0.187   0.139    -0.2     0.1     0.8     2.1     2.5
04140 20171217  2.422 -110.29   46.88     3.8    -6.5    -1.3    -2.7     0.0     5.06 C    -0.2   -12.9    -6.4    59.5    46.9    54.3 -99.000   0.224   0.204   0.187   0.139    -0.3     0.1     0.8     2.1     2.5
04140 20171218  2.422 -110.29   46.88     5.6    -5.9    -0.1     1.8     0.5     2.67 C     3.3    -5.0    -0.5    89.9    46.8    62.7 -99.000   0.223   0.206   0.186   0.139    -0.2     0.2     0.8     2.0     2.5
04140 20171219  2.422 -110.29   46.88     2.1    -6.8    -2.4    -4.0     7.0     1.90 C     0.0    -8.8    -4.8    92.3    69.1    85.1 -99.000   0.223   0.211   0.187   0.139    -0.1     0.3     0.9     2.0     2.5
04140 20171220  2.422 -110.29   46.88     2.4   -19.3    -8.5    -6.7     0.4     2.26 C    -0.6   -26.0    -9.4    86.1    54.6    71.6 -99.000   0.223   0.211   0.186   0.140    -0.1     0.3     0.9     2.0     2.5
04140 20171221  2.422 -110.29   46.88    -4.4   -22.2   -13.3   -10.6     0.3     5.87 C    -6.5   -26.6   -15.0    81.9    54.1    68.6 -99.000   0.222   0.211   0.187   0.139    -0.2     0.3     0.9     2.0     2.4
04140 20171222  2.422 -110.29   46.88    -6.4   -16.6   -11.5   -13.6     2.4     3.12 C    -7.6   -18.7   -14.1    86.2    70.8    79.1 -99.000   0.223   0.206   0.187   0.139    -0.3     0.2     0.8     2.0     2.4
04140 20171223  2.422 -110.29   46.88   -11.2   -25.1   -18.2   -16.3     0.5     4.10 C    -9.7   -31.0   -20.0    78.8    42.7    64.1 -99.000 -99.000   0.202   0.187   0.139    -0.6     0.0     0.7     2.0     2.3
04140 20171224  2.422 -110.29   46.88   -10.1   -23.5   -16.8   -15.7     0.0     6.43 C   -13.0   -27.5   -19.4    75.3    42.5    61.8 -99.000 -99.000   0.202   0.187   0.140    -1.1    -0.2     0.6     1.9     2.3
04140 20171225  2.422 -110.29   46.88   -16.2   -21.1   -18.7   -18.5     1.1     3.07 C   -15.4   -21.4   -17.3    81.9    69.6    74.3 -99.000 -99.000   0.201   0.188   0.139    -1.4    -0.4     0.4     1.7     2.2
04140 20171226  2.422 -110.29   46.88    -6.1   -28.3   -17.2   -17.9     0.4     3.46 C   -10.3   -33.0   -21.1    77.0    55.9    67.9 -99.000 -99.000 -99.000   0.187   0.139    -1.7    -0.7     0.2     1.6     2.1
04140 20171227  2.422 -110.29   46.88    -1.8   -11.3    -6.5    -5.8     0.0     2.93 C    -4.8   -12.6    -8.9    84.4    46.0    60.6 -99.000 -99.000 -99.000   0.187   0.139    -1.5    -0.8     0.1     1.5     2.0
04140 20171228  2.422 -110.29   46.88     1.5   -19.8    -9.2   -15.5     0.6     2.91 C    -2.4   -20.9   -14.3    80.9    55.0    75.4 -99.000 -99.000 -99.000   0.187   0.139    -1.8    -0.9     0.0     1.3     1.9
04140 20171229  2.422 -110.29   46.88   -19.8   -23.6   -21.7   -21.5    12.4     2.75 C   -17.5   -22.8   -20.1    77.3    69.9    73.4 -99.000 -99.000 -99.000   0.187   0.140    -2.0    -1.1    -0.1     1.3     1.8
04140 20171230  2.422 -110.29   46.88   -21.0   -26.1   -23.5   -23.4     2.5     4.74 C   -17.2   -25.2   -21.7    73.6    66.1    70.4 -99.000 -99.000 -99.000   0.188   0.139    -1.7    -1.0    -0.2     1.2     1.7
04140 20171231  2.422 -110.29   46.88   -17.8   -25.4   -21.6   -22.2     0.4     2.07 C   -19.7   -29.2   -23.9    81.0    66.4    72.5 -99.000 -99.000 -99.000   0.187   0.138    -1.5    -1.0    -0.3     1.1     1.6
