04125 20170101  2.422 -119.65   44.56     1.5    -8.7    -3.6    -3.9     0.0     3.95 C    -0.4   -11.4    -6.1    82.1    53.1    69.7 -99.000   0.157   0.181   0.151   0.142    -0.1     0.8     1.8     1.9     2.0
04125 20170102  2.422 -119.65   44.56    -3.0    -8.8    -5.9    -6.2     0.0     4.65 C    -2.7   -11.8    -8.1    87.4    63.2    75.3 -99.000   0.153   0.181   0.151   0.142    -0.2     0.7     1.6     1.7     1.9
04125 20170103  2.422 -119.65   44.56    -6.2    -8.0    -7.1    -7.2     2.7     3.11 C    -5.3    -9.7    -7.1    84.9    74.0    80.9 -99.000   0.197   0.181   0.150   0.141    -0.3     0.6     1.5     1.6     1.7
04125 20170104  2.422 -119.65   44.56    -7.6   -17.9   -12.8    -9.8     6.5     3.13 C    -7.6   -26.9   -11.4    87.0    64.9    77.7 -99.000   0.200   0.180   0.149   0.139    -0.3     0.5     1.4     1.5     1.6
04125 20170105  2.422 -119.65   44.56   -11.6   -19.5   -15.6   -16.6     0.0     6.22 C   -14.8   -27.0   -19.7    83.4    59.8    72.1 -99.000   0.198   0.180   0.150   0.138    -0.4     0.5     1.4     1.4     1.6
04125 20170106  2.422 -119.65   44.56    -7.3   -20.3   -13.8   -14.9     0.0     7.07 C   -12.6   -28.0   -20.6    78.0    45.0    64.1 -99.000   0.195   0.179   0.149   0.137    -0.9     0.3     1.3     1.3     1.5
04125 20170107  2.422 -119.65   44.56    -0.8   -15.7    -8.2    -8.7     4.7     1.84 C    -2.7   -20.1   -10.1    84.1    55.2    72.5 -99.000   0.194   0.179   0.149   0.136    -0.8     0.1     1.2     1.2     1.4
04125 20170108  2.422 -119.65   44.56     8.8   -12.3    -1.7    -4.2     8.7     1.72 C     0.4   -16.0    -4.8    91.7    57.0    81.3 -99.000   0.194   0.178   0.149   0.135    -0.5     0.1     1.1     1.2     1.4
04125 20170109  2.422 -119.65   44.56     5.3    -4.8     0.2     1.0     4.3     5.83 C     0.1    -9.1    -2.1    91.3    41.4    71.5 -99.000   0.215   0.182   0.159   0.143    -0.2     0.2     1.1     1.2     1.4
04125 20170110  2.422 -119.65   44.56     3.7    -2.1     0.8     1.3     5.8     1.53 C     0.0    -2.4    -0.5    94.6    58.7    81.3 -99.000   0.216   0.186   0.168   0.147    -0.1     0.3     1.2     1.2     1.4
04125 20170111  2.422 -119.65   44.56    -2.1   -12.4    -7.2    -6.8     1.0     6.52 C    -2.2   -17.8    -8.6    86.5    68.1    79.2 -99.000   0.219   0.190   0.173   0.150    -0.1     0.4     1.2     1.3     1.4
04125 20170112  2.422 -119.65   44.56    -6.4   -14.6   -10.5    -9.1     0.0     8.72 C    -7.8   -20.2   -11.7    86.1    67.6    77.3 -99.000   0.202   0.193   0.177   0.151    -0.2     0.5     1.3     1.3     1.5
04125 20170113  2.422 -119.65   44.56    -6.8   -11.0    -8.9    -9.2     0.0     6.56 C    -8.6   -15.2   -10.7    82.6    68.1    76.7 -99.000   0.198   0.194   0.178   0.150    -0.3     0.5     1.3     1.3     1.5
04125 20170114  2.422 -119.65   44.56    -7.0   -14.3   -10.6   -10.9     0.0     7.42 C    -7.9   -18.9   -13.3    86.8    68.9    79.0 -99.000   0.195   0.194   0.178   0.149    -0.3     0.4     1.3     1.3     1.5
04125 20170115  2.422 -119.65   44.56    -8.4   -14.9   -11.6   -12.4     0.0     7.66 C    -9.2   -19.0   -14.1    87.5    70.8    81.8 -99.000   0.211   0.194   0.177   0.148    -0.5     0.4     1.2     1.3     1.4
04125 20170116  2.422 -119.65   44.56    -1.6   -14.5    -8.1    -7.1     0.0     7.61 C    -4.5   -18.4   -10.7    84.5    59.9    72.5 -99.000   0.208   0.193   0.176   0.146    -0.6     0.2     1.1     1.2     1.3
04125 20170117  2.422 -119.65   44.56     7.0    -8.3    -0.7     1.8     0.6     5.16 C     0.1   -12.3    -3.4    79.3    33.0    53.4 -99.000   0.204   0.192   0.176   0.145    -0.4     0.2     1.0     1.1     1.3
04125 20170118  2.422 -119.65   44.56     9.7     4.4     7.1     6.5     1.9     2.33 C     2.6    -0.3     0.6    79.2    46.6    64.4 -99.000   0.300   0.234   0.222   0.202    -0.1     0.2     1.0     1.0     1.2
04125 20170119  2.422 -119.65   44.56     8.7     1.0     4.9     5.0     0.3     4.78 C    10.2    -3.4     1.3    86.0    47.1    67.6 -99.000   0.331   0.264   0.247   0.224     0.0     0.2     0.9     1.0     1.2
04125 20170120  2.422 -119.65   44.56     6.0     1.6     3.8     4.0     2.2     2.85 C     6.2    -2.1     1.0    79.2    51.8    66.4 -99.000   0.307   0.259   0.240   0.215     0.1     0.3     1.1     1.1     1.3
04125 20170121  2.422 -119.65   44.56     7.6    -2.2     2.7     3.7     0.0     4.71 C     9.3    -4.7     0.5    90.2    45.5    64.6 -99.000   0.258   0.255   0.237   0.211     0.3     0.5     1.3     1.3     1.5
04125 20170122  2.422 -119.65   44.56     6.6    -2.7     1.9     3.2     1.0     4.21 C    13.1    -5.9     0.7    85.7    42.5    62.6   0.241   0.211   0.252   0.233   0.206     1.2     1.2     1.6     1.6     1.9
04125 20170123  2.422 -119.65   44.56     2.9    -3.0    -0.1    -0.4     0.0     4.62 C     8.3    -5.1    -0.7    90.0    61.7    76.2   0.230   0.196   0.249   0.230   0.203     0.9     1.3     1.8     1.8     2.0
04125 20170124  2.422 -119.65   44.56     3.2    -2.5     0.4    -0.4     0.0     6.16 C    11.0    -4.1    -0.1    88.5    60.3    75.9   0.224   0.192   0.246   0.227   0.199     1.2     1.4     1.8     1.8     2.1
04125 20170125  2.422 -119.65   44.56     2.7    -2.3     0.2     0.3     0.3     3.85 C     6.9    -4.5     0.3    93.2    64.9    79.8   0.220   0.189   0.244   0.224   0.196     1.3     1.6     1.9     2.0     2.2
04125 20170126  2.422 -119.65   44.56     4.3    -2.8     0.7     0.7     0.3     3.49 C     7.7    -4.9     0.4    92.8    70.7    84.2   0.220   0.188   0.243   0.223   0.194     1.9     2.0     2.3     2.2     2.5
04125 20170127  2.422 -119.65   44.56     5.4    -3.2     1.1     0.2     0.0     8.00 C     9.9    -5.3    -0.6    77.5    51.4    67.8   0.214   0.185   0.241   0.222   0.192     1.3     1.8     2.3     2.2     2.5
04125 20170128  2.422 -119.65   44.56     6.5    -4.5     1.0     0.2     0.0     8.00 C     9.9    -5.8    -1.4    77.0    44.0    61.7   0.206   0.182   0.239   0.219   0.190     0.9     1.4     2.0     2.0     2.2
04125 20170129  2.422 -119.65   44.56     7.4    -0.5     3.4     2.7     0.0     6.13 C     9.6    -4.5     0.4    60.5    31.3    45.7   0.199   0.180   0.236   0.217   0.187     0.9     1.3     1.8     1.8     2.1
04125 20170130  2.422 -119.65   44.56     5.8    -1.6     2.1     1.2     0.0     4.46 C    10.5    -4.2     0.5    77.1    42.5    58.0   0.204   0.179   0.235   0.215   0.185     1.3     1.5     1.9     1.9     2.1
04125 20170131  2.422 -119.65   44.56     1.8    -0.9     0.4     0.6     0.3     1.67 C     3.4    -1.1     0.5    90.8    61.6    77.5   0.203   0.177   0.234   0.215   0.184     1.4     1.7     2.1     2.1     2.3
04125 20170201  2.422 -119.65   44.56     0.0    -4.0    -2.0    -1.6     0.0     3.08 C     2.6    -3.0    -1.2    77.9    45.1    63.1   0.202   0.177   0.233   0.213   0.184     1.0     1.5     2.0     2.1     2.3
04125 20170202  2.422 -119.65   44.56    -2.5    -5.3    -3.9    -4.1     1.1     3.94 C     1.1    -5.5    -3.0    86.0    71.9    78.9   0.199   0.176   0.231   0.212   0.182     0.5     1.2     1.8     1.8     2.0
04125 20170203  2.422 -119.65   44.56    10.4    -6.1     2.2    -1.2     2.0     4.13 C     4.4    -5.5    -0.8    87.6    49.1    77.5   0.202   0.175   0.230   0.211   0.182     0.4     1.0     1.7     1.7     1.8
04125 20170204  2.422 -119.65   44.56    12.8     6.9     9.9    10.0     0.0     4.04 C    14.4     0.4     6.0    63.8    39.1    49.1   0.215   0.180   0.232   0.213   0.182     3.1     2.4     2.2     2.2     2.4
04125 20170205  2.422 -119.65   44.56    12.8     8.8    10.8    11.0     0.0     3.80 C    10.8     4.3     7.0    50.5    31.6    40.1   0.208   0.178   0.233   0.214   0.184     4.8     4.0     3.5     3.5     3.7
04125 20170206  2.422 -119.65   44.56    11.2     0.6     5.9     6.5     0.4     7.23 C    15.3    -0.9     5.0    81.5    23.3    50.9   0.203   0.177   0.233   0.213   0.183     5.2     4.6     4.2     4.1     4.4
04125 20170207  2.422 -119.65   44.56     5.2    -0.7     2.2     1.1     5.0     4.78 C     7.8    -2.0     0.5    93.6    67.9    84.0   0.214   0.178   0.232   0.213   0.183     3.1     3.6     3.9     3.9     4.1
04125 20170208  2.422 -119.65   44.56    13.0    -1.0     6.0     5.8     0.3     2.74 C    10.5    -2.5     4.1    90.0    51.8    73.7   0.220   0.183   0.235   0.216   0.185     3.2     3.2     3.5     3.5     3.7
04125 20170209  2.422 -119.65   44.56    16.9    10.2    13.5    13.7     0.5     3.47 C    15.3     5.4     9.7    70.9    38.8    50.1   0.217   0.183   0.237   0.217   0.187     6.8     5.5     4.7     4.7     4.9
04125 20170210  2.422 -119.65   44.56    11.7    -1.2     5.3     7.7     0.0     7.45 C    17.8    -4.9     4.9    74.9    28.6    49.8   0.210   0.180   0.236   0.218   0.187     6.5     6.0     5.6     5.5     5.7
04125 20170211  2.422 -119.65   44.56     8.1    -3.1     2.5     1.5     0.0    11.42 C    15.9    -5.9     0.9    83.2    33.0    62.5   0.203   0.177   0.235   0.216   0.185     4.1     4.6     4.9     4.9     5.1
04125 20170212  2.422 -119.65   44.56    10.4    -2.7     3.8     2.2     0.0    10.20 C    16.5    -5.9     1.5    76.1    27.2    58.5   0.198   0.175   0.233   0.214   0.183     3.4     3.8     4.2     4.2     4.4
04125 20170213  2.422 -119.65   44.56    11.8    -5.4     3.2     1.9     0.0    11.86 C    17.9    -7.7     0.6    85.8    26.3    60.2   0.195   0.173   0.232   0.212   0.182     3.3     3.6     4.0     3.9     4.2
04125 20170214  2.422 -119.65   44.56    18.1    -5.0     6.5     6.5     0.0    11.39 C    21.0    -7.8     3.6    85.2    13.8    45.1   0.192   0.171   0.230   0.210   0.180     3.4     3.4     3.8     3.7     4.0
04125 20170215  2.422 -119.65   44.56    15.5     7.2    11.3    11.2     1.0     1.40 C    10.1    -0.5     7.1    69.4    28.4    43.6   0.191   0.170   0.230   0.210   0.180     5.1     4.5     4.4     4.3     4.6
04125 20170216  2.422 -119.65   44.56    15.0     5.1    10.1    10.6     0.9     4.01 C    17.0     1.4     7.6    70.0    32.5    51.7   0.195   0.171   0.229   0.210   0.180     6.5     5.8     5.3     5.2     5.4
04125 20170217  2.422 -119.65   44.56    12.8     1.3     7.0     6.7     1.1     8.67 C    18.1    -0.9     6.1    89.3    36.3    62.8   0.194   0.171   0.229   0.210   0.180     6.0     5.7     5.5     5.4     5.6
04125 20170218  2.422 -119.65   44.56     8.6     3.6     6.1     5.7     1.9     4.29 C    13.0     2.2     6.0    93.4    66.7    84.1   0.203   0.172   0.229   0.210   0.180     6.3     6.1     5.9     5.8     6.0
04125 20170219  2.422 -119.65   44.56    10.5     4.0     7.2     6.7     0.0     8.23 C    19.9    -0.7     5.6    78.6    38.4    60.0   0.203   0.174   0.230   0.211   0.180     6.1     5.9     5.9     5.8     6.0
04125 20170220  2.422 -119.65   44.56    14.8     4.1     9.5    10.2     1.8    10.30 C    18.1     2.4     8.2    86.5    32.2    53.3   0.201   0.173   0.230   0.211   0.180     7.0     6.4     6.1     6.1     6.3
04125 20170221  2.422 -119.65   44.56     9.9     2.3     6.1     6.6     2.1     2.41 C     9.1    -0.2     5.1    84.9    44.6    69.2   0.212   0.176   0.230   0.212   0.181     6.4     6.5     6.4     6.4     6.6
04125 20170222  2.422 -119.65   44.56     4.9    -3.5     0.7     2.0     0.0     7.01 C    12.1    -5.1     2.0    87.5    42.3    66.6   0.207   0.176   0.231   0.212   0.181     5.0     5.5     5.8     5.8     6.0
04125 20170223  2.422 -119.65   44.56     3.9    -3.7     0.1    -0.1     0.0     5.74 C    17.8    -5.1     0.3    84.9    39.6    64.5   0.201   0.174   0.229   0.211   0.180     3.3     4.1     5.0     5.0     5.2
04125 20170224  2.422 -119.65   44.56     4.5    -4.6    -0.1    -0.2     0.0    10.24 C    16.4    -6.4     0.2    83.0    26.2    54.5   0.197   0.172   0.229   0.209   0.179     3.2     3.7     4.3     4.4     4.6
04125 20170225  2.422 -119.65   44.56     6.7    -4.7     1.0     0.2     0.0    13.66 C    19.5    -7.9     0.4    76.9    34.2    54.8   0.192   0.170   0.228   0.208   0.178     2.9     3.4     4.0     4.0     4.2
04125 20170226  2.422 -119.65   44.56     4.2    -4.0     0.1     0.3     0.9     4.34 C     8.2    -7.0    -0.1    89.0    52.0    69.3   0.190   0.168   0.227   0.208   0.177     2.6     3.2     3.8     3.9     4.1
04125 20170227  2.422 -119.65   44.56     4.8    -4.8     0.0     0.2     0.0     7.87 C    15.5    -7.7     0.5    89.1    37.4    68.9   0.190   0.167   0.226   0.207   0.177     2.7     3.1     3.7     3.7     3.9
04125 20170228  2.422 -119.65   44.56     7.7    -1.0     3.4     3.4     0.0    10.63 C    17.3    -5.1     2.9    75.3    32.7    52.1   0.190   0.167   0.226   0.207   0.177     3.9     3.8     4.0     3.9     4.1
04125 20170301  2.422 -119.65   44.56    10.1    -3.3     3.4     3.7     0.0    10.85 C    20.5    -5.7     2.4    83.2    34.0    56.0   0.187   0.166   0.224   0.206   0.175     4.0     4.0     4.2     4.1     4.4
04125 20170302  2.422 -119.65   44.56    14.8     0.3     7.6     6.7     0.0    10.40 C    22.3    -2.8     5.4    71.1    21.7    48.5   0.185   0.164   0.224   0.205   0.175     4.8     4.4     4.5     4.4     4.6
04125 20170303  2.422 -119.65   44.56    14.3    -0.5     6.9     7.4     0.0     7.50 C    15.4    -4.6     5.5    73.3    25.8    51.4   0.182   0.163   0.224   0.205   0.175     5.5     5.2     5.0     5.0     5.2
04125 20170304  2.422 -119.65   44.56    13.3     1.0     7.2     6.7     2.8     7.71 C    22.6    -0.5     5.9    91.3    34.8    64.2   0.182   0.162   0.223   0.204   0.174     6.2     5.8     5.6     5.5     5.7
04125 20170305  2.422 -119.65   44.56     6.0    -3.3     1.4     1.5     0.4     9.95 C    19.3    -6.1     1.7    91.3    23.9    59.9   0.185   0.161   0.222   0.203   0.174     4.9     5.2     5.4     5.4     5.6
04125 20170306  2.422 -119.65   44.56     5.5    -1.9     1.8     1.6     0.0     7.75 C    15.1    -6.5     0.9    84.0    35.9    56.3   0.181   0.160   0.221   0.203   0.172     3.5     4.1     4.7     4.7     4.9
04125 20170307  2.422 -119.65   44.56    10.2     0.0     5.1     5.1     0.2     4.49 C    11.2    -0.3     4.0    85.6    49.4    66.1   0.180   0.159   0.220   0.202   0.172     4.1     4.2     4.5     4.5     4.7
04125 20170308  2.422 -119.65   44.56    16.0     8.3    12.2    11.7     0.0     6.15 C    19.8     3.9     9.1    77.9    33.5    49.1   0.180   0.160   0.220   0.202   0.172     6.6     5.7     5.3     5.2     5.4
04125 20170309  2.422 -119.65   44.56    16.6     6.8    11.7    12.3     0.0     4.87 C    17.4     3.8    10.1    81.2    49.6    63.0   0.178   0.160   0.221   0.202   0.172     8.1     7.0     6.4     6.3     6.5
04125 20170310  2.422 -119.65   44.56    18.5     4.6    11.5    12.9     0.0    14.16 C    26.1    -0.3    10.6    63.8    22.1    39.8   0.176   0.159   0.220   0.202   0.173     9.5     8.3     7.5     7.3     7.6
04125 20170311  2.422 -119.65   44.56    15.7     2.4     9.1     8.1     0.0     4.77 C    15.9    -1.2     5.3    72.4    33.5    56.0   0.171   0.156   0.219   0.201   0.171     7.2     7.3     7.4     7.3     7.5
04125 20170312  2.422 -119.65   44.56    15.4     2.2     8.8     7.8     0.0     9.58 C    23.7    -1.6     6.2    76.8    26.8    56.5   0.168   0.154   0.217   0.199   0.170     7.2     7.0     7.0     6.9     7.1
04125 20170313  2.422 -119.65   44.56    19.9     3.7    11.8    11.0     0.0    11.67 C    30.0     0.2    10.6    79.6    29.5    54.2   0.165   0.151   0.215   0.198   0.168     8.5     7.6     7.2     7.2     7.4
04125 20170314  2.422 -119.65   44.56    21.4     7.3    14.4    15.2     0.3     3.58 C    16.6     3.8    11.0    87.3    21.6    51.4   0.161   0.149   0.214   0.197   0.169     9.6     8.8     8.2     8.1     8.3
04125 20170315  2.422 -119.65   44.56    18.0     7.6    12.8    12.9     1.7     2.99 C    17.2     4.8    10.3    89.6    39.9    66.8   0.159   0.148   0.214   0.196   0.168     9.7     9.1     8.5     8.5     8.7
04125 20170316  2.422 -119.65   44.56    14.2     1.6     7.9     8.3     0.0    15.52 C    24.0    -1.7     8.2    84.0    28.6    57.9   0.161   0.147   0.213   0.195   0.166     9.7     9.1     8.7     8.5     8.8
04125 20170317  2.422 -119.65   44.56    14.9     1.1     8.0     7.8     1.2     5.30 C    13.9    -2.2     7.1    88.8    52.4    67.1   0.157   0.144   0.211   0.194   0.165     8.0     8.1     8.3     8.2     8.5
04125 20170318  2.422 -119.65   44.56    18.9     7.8    13.3    13.6     1.4     8.12 C    23.9     4.5    11.5    80.7    38.0    58.7   0.161   0.144   0.210   0.193   0.165    10.4     9.3     8.8     8.7     8.9
04125 20170319  2.422 -119.65   44.56    14.3     1.3     7.8     8.3     0.0    16.69 C    22.4    -1.3     9.1    81.0    37.6    57.8   0.159   0.142   0.209   0.192   0.164    10.1     9.4     9.1     9.0     9.2
04125 20170320  2.422 -119.65   44.56    15.2     4.5     9.9     8.9     0.0    11.55 C    24.4     2.5     9.7    76.6    48.9    61.9   0.156   0.140   0.207   0.190   0.163    10.1     9.6     9.3     9.1     9.4
04125 20170321  2.422 -119.65   44.56    17.5     3.9    10.7     7.1     0.8     6.30 C    19.9     0.4     6.9    91.2    41.2    75.8   0.151   0.138   0.206   0.189   0.162     9.0     9.1     9.1     9.0     9.3
04125 20170322  2.422 -119.65   44.56    12.3     2.1     7.2     8.1     1.5     7.22 C    18.7    -1.3     6.7    90.7    44.8    63.6   0.151   0.137   0.205   0.188   0.161     8.5     8.6     8.7     8.7     8.8
04125 20170323  2.422 -119.65   44.56    15.1    -2.4     6.4     7.6     0.0    19.16 C    24.2    -4.7     8.2    88.9    21.0    52.4   0.150   0.135   0.203   0.186   0.159     8.8     8.5     8.4     8.4     8.6
04125 20170324  2.422 -119.65   44.56    12.4     1.4     6.9     8.1     1.7     6.18 C    15.7    -1.0     6.8    88.5    42.3    63.7   0.149   0.134   0.202   0.185   0.158     8.8     8.9     8.8     8.8     9.0
04125 20170325  2.422 -119.65   44.56    12.8     0.4     6.6     6.9     0.0    13.07 C    24.0    -1.6     6.6    93.6    38.9    64.6   0.150   0.132   0.200   0.183   0.157     8.3     8.2     8.3     8.3     8.5
04125 20170326  2.422 -119.65   44.56    10.6     2.8     6.7     6.6    11.9     5.85 C    16.3     0.0     6.4    89.2    54.6    74.1   0.167   0.133   0.199   0.182   0.156     7.9     8.1     8.3     8.3     8.5
04125 20170327  2.422 -119.65   44.56    12.9     2.0     7.4     6.9     0.0    17.34 C    25.1    -0.1     7.8    92.9    31.5    63.7   0.225   0.161   0.200   0.185   0.158     9.2     8.6     8.4     8.4     8.6
04125 20170328  2.422 -119.65   44.56    12.6     3.7     8.2     8.1     0.0     9.49 C    20.4     1.2     8.2    72.3    42.4    58.1   0.204   0.163   0.204   0.189   0.162     9.0     8.8     8.7     8.7     8.9
04125 20170329  2.422 -119.65   44.56    15.2     7.4    11.3    11.6     2.3     5.36 C    16.7     6.0     9.8    80.1    51.4    62.7   0.201   0.162   0.205   0.190   0.163     9.8     9.3     9.1     9.0     9.2
04125 20170330  2.422 -119.65   44.56    11.1     2.4     6.7     6.3     1.5    10.44 C    18.7    -0.6     5.8    83.5    36.1    61.7   0.207   0.164   0.207   0.191   0.164     8.8     8.9     9.0     9.0     9.2
04125 20170331  2.422 -119.65   44.56    14.6    -1.8     6.4     6.7     0.0    21.33 C    22.4    -4.1     7.0    91.1    28.6    58.8   0.199   0.163   0.207   0.191   0.163     9.0     8.6     8.6     8.5     8.8
04125 20170401  2.422 -119.65   44.56    16.7     1.8     9.3     9.6     0.0    11.57 C    24.9    -1.4     9.1    78.6    44.7    60.8   0.190   0.160   0.206   0.191   0.163     9.5     9.1     8.9     8.8     9.1
04125 20170402  2.422 -119.65   44.56    12.7    -0.5     6.1     7.1     0.0    22.04 C    24.3    -2.9     8.1    90.5    20.2    50.7   0.181   0.157   0.206   0.190   0.163    10.4     9.8     9.4     9.3     9.5
04125 20170403  2.422 -119.65   44.56    11.6    -0.9     5.4     5.3     0.0    22.19 C    24.4    -3.2     7.4    76.5    19.6    47.7   0.171   0.152   0.203   0.188   0.161    10.3     9.9     9.6     9.5     9.7
04125 20170404  2.422 -119.65   44.56    17.9     0.9     9.4     9.9     0.0    15.83 C    25.7    -2.2     9.9    66.1    17.2    42.6   0.161   0.147   0.201   0.186   0.159    10.0     9.6     9.5     9.4     9.6
04125 20170405  2.422 -119.65   44.56    22.9    12.0    17.5    16.9     0.0    12.39 C    29.5     8.1    14.7    50.4    12.6    28.5   0.152   0.141   0.198   0.182   0.156    12.1    10.9    10.3    10.2    10.4
04125 20170406  2.422 -119.65   44.56    17.7    10.8    14.3    14.9     1.2     8.66 C    22.1     8.6    13.0    74.6    25.3    41.2   0.143   0.135   0.194   0.179   0.153    12.1    11.4    10.9    10.8    11.0
04125 20170407  2.422 -119.65   44.56    16.7     7.3    12.0    12.8     0.2    20.01 C    24.7     2.5    11.6    73.6    13.8    34.7   0.137   0.129   0.188   0.174   0.149    11.8    11.3    10.9    10.8    11.0
04125 20170408  2.422 -119.65   44.56    10.5    -0.6     5.0     5.2     2.5    14.65 C    22.4    -2.1     7.1    86.0    31.8    64.8   0.134   0.124   0.185   0.171   0.146    10.6    10.6    10.6    10.5    10.7
04125 20170409  2.422 -119.65   44.56    12.6    -2.1     5.3     6.8     0.0    15.13 C    19.8    -5.7     6.8    86.6    22.9    47.4   0.133   0.122   0.183   0.168   0.144     9.3     9.5     9.8     9.8    10.0
04125 20170410  2.422 -119.65   44.56    14.3     0.9     7.6     7.8     0.3    20.83 C    28.4    -3.4     9.1    84.4    15.0    44.0   0.131   0.119   0.179   0.165   0.141    11.0    10.3    10.1    10.0    10.2
04125 20170411  2.422 -119.65   44.56    12.6    -1.6     5.5     6.4     0.2    10.19 C    21.1    -5.5     6.6    79.3    38.2    60.7   0.126   0.115   0.176   0.162   0.138     9.2     9.6     9.8     9.8    10.0
04125 20170412  2.422 -119.65   44.56    16.3     7.3    11.8    12.2     2.9     4.99 C    15.7     6.0    10.4    87.6    34.9    56.9   0.124   0.113   0.173   0.160   0.136    10.3    10.0     9.9     9.9    10.0
04125 20170413  2.422 -119.65   44.56    12.9     3.9     8.4     8.0     0.0    17.70 C    26.9     1.4     9.8    78.6    34.0    57.2   0.125   0.112   0.172   0.159   0.135    11.2    10.5    10.2    10.1    10.3
04125 20170414  2.422 -119.65   44.56    11.0     0.1     5.6     5.7     0.5    16.64 C    25.2    -1.4     7.7    88.0    33.4    60.9   0.124   0.110   0.170   0.157   0.133    10.8    10.5    10.4    10.3    10.6
04125 20170415  2.422 -119.65   44.56    14.5    -1.3     6.6     6.5     0.0    20.51 C    30.9    -3.5     8.8    91.1    26.2    58.2   0.121   0.108   0.166   0.154   0.130    11.1    10.5    10.3    10.2    10.5
04125 20170416  2.422 -119.65   44.56    20.0     0.1    10.0    10.1     0.3    13.70 C    29.9    -2.7    10.4    85.8    20.8    53.2   0.117   0.106   0.161   0.150   0.126    11.1    10.6    10.5    10.4    10.7
04125 20170417  2.422 -119.65   44.56    16.7     3.0     9.9    10.8     3.7    15.50 C    28.2     0.2    10.8    87.7    25.8    54.2   0.117   0.109   0.158   0.147   0.123    12.4    11.5    11.1    10.9    11.2
04125 20170418  2.422 -119.65   44.56    14.0     4.4     9.2     8.9    10.5    17.23 C    25.6     1.8    10.7    90.4    51.9    71.8   0.167   0.115   0.158   0.147   0.123    12.6    12.0    11.5    11.4    11.6
04125 20170419  2.422 -119.65   44.56    18.1     3.1    10.6    10.5     0.0    16.39 C    26.6     1.9    11.1    83.4    21.0    56.6   0.183   0.115   0.157   0.147   0.123    12.3    11.8    11.5    11.4    11.7
04125 20170420  2.422 -119.65   44.56    14.4     4.9     9.6     9.2     1.0    18.50 C    25.6     2.6    10.7    86.4    31.9    56.7   0.175   0.115   0.157   0.147   0.123    13.0    12.4    11.9    11.8    12.1
04125 20170421  2.422 -119.65   44.56    18.2     0.0     9.1     9.8     0.0    25.52 C    28.4    -1.8    11.6    89.9    19.1    52.1   0.165   0.116   0.156   0.146   0.122    13.4    12.6    12.1    12.0    12.3
04125 20170422  2.422 -119.65   44.56    21.0     6.7    13.9    14.6     0.0    17.28 C    29.4     1.3    13.3    59.3    22.1    35.2   0.151   0.115   0.154   0.144   0.121    13.8    13.0    12.5    12.4    12.7
04125 20170423  2.422 -119.65   44.56    15.2     7.1    11.2    11.0     0.0    14.61 C    27.2     6.5    12.7    86.6    33.0    58.8   0.140   0.113   0.152   0.141   0.119    14.2    13.4    12.9    12.7    13.0
04125 20170424  2.422 -119.65   44.56    10.7     4.8     7.7     7.8     5.6     7.88 C    18.0     2.5     8.9    90.2    56.8    75.3   0.141   0.111   0.150   0.140   0.118    12.4    12.5    12.6    12.5    12.7
04125 20170425  2.422 -119.65   44.56    14.7     5.0     9.8     9.5     0.5    16.92 C    24.5     2.4    10.8    75.8    31.3    56.0   0.155   0.112   0.150   0.140   0.117    12.8    12.3    12.2    12.1    12.3
04125 20170426  2.422 -119.65   44.56    12.1     6.0     9.0     8.9     8.6    10.50 C    20.7     4.2     9.6    90.2    44.7    68.1   0.192   0.120   0.150   0.140   0.117    12.1    12.2    12.3    12.2    12.4
04125 20170427  2.422 -119.65   44.56    12.5     2.1     7.3     6.9     0.6    18.39 C    24.8     0.3     8.6    83.1    34.2    58.0   0.204   0.144   0.149   0.140   0.117    11.8    11.8    11.9    11.8    12.1
04125 20170428  2.422 -119.65   44.56    14.0     1.2     7.6     7.7     0.0    25.60 C    27.2    -0.9    10.7    77.0    27.8    51.9   0.190   0.148   0.151   0.142   0.118    13.2    12.5    12.2    12.1    12.3
04125 20170429  2.422 -119.65   44.56    18.9     1.5    10.2    10.9     0.0    21.17 C    29.4    -0.3    11.9    79.6    22.1    48.3   0.176   0.146   0.153   0.145   0.118    13.7    13.0    12.6    12.5    12.8
04125 20170430  2.422 -119.65   44.56    18.5     4.6    11.5    12.7     0.0    19.23 C    30.0     1.5    13.2    66.8    20.1    44.4   0.164   0.141   0.154   0.146   0.117    14.7    13.9    13.4    13.2    13.5
04125 20170501  2.422 -119.65   44.56    14.8    -0.5     7.1     9.3     0.0    13.87 C    25.2    -2.1     9.8    84.6    24.6    51.2   0.151   0.135   0.152   0.144   0.116    13.0    13.0    13.0    12.9    13.1
04125 20170502  2.422 -119.65   44.56    21.2     9.2    15.2    14.8     0.0    23.87 C    31.3     8.6    17.3    80.0    32.5    54.4   0.143   0.130   0.151   0.142   0.115    15.9    14.3    13.5    13.4    13.6
04125 20170503  2.422 -119.65   44.56    26.9    11.4    19.1    18.7     0.0    26.42 C    35.9     9.1    20.2    78.7    31.3    53.7   0.132   0.125   0.147   0.140   0.113    18.4    16.4    15.0    14.8    15.1
04125 20170504  2.422 -119.65   44.56    31.9    12.8    22.3    23.2     0.0    24.10 C    40.9     8.8    23.0    72.0    19.0    43.5   0.121   0.117   0.143   0.135   0.109    19.6    17.6    16.2    16.0    16.3
04125 20170505  2.422 -119.65   44.56    22.6     9.0    15.8    16.4     0.0    17.90 C    35.8     9.3    18.6    84.4    30.0    52.6   0.111   0.111   0.139   0.131   0.105    19.4    18.1    16.9    16.7    17.0
04125 20170506  2.422 -119.65   44.56    15.0     6.6    10.8    10.1     0.0    22.93 C    29.9     2.6    14.5    62.7    23.2    40.0   0.104   0.104   0.135   0.127   0.102    16.9    16.6    16.3    16.1    16.4
04125 20170507  2.422 -119.65   44.56    17.3     0.7     9.0     9.7     0.0    28.02 C    33.8    -2.3    13.5    73.2    16.8    38.4   0.100   0.099   0.132   0.122   0.099    16.1    15.8    15.6    15.4    15.7
04125 20170508  2.422 -119.65   44.56    22.0    -0.6    10.7    12.0     0.0    27.82 C    37.9    -3.0    15.5    80.9    12.3    40.1   0.097   0.095   0.129   0.120   0.097    16.3    15.7    15.4    15.3    15.5
04125 20170509  2.422 -119.65   44.56    24.0     2.8    13.4    14.3     0.0    26.85 C    40.0    -0.3    17.4    81.8    20.1    45.1   0.095   0.093   0.127   0.117   0.095    17.6    16.4    15.8    15.6    15.9
04125 20170510  2.422 -119.65   44.56    30.3     8.1    19.2    18.6     0.0    25.73 C    44.3     4.5    21.4    70.5    10.8    41.4   0.093   0.091   0.125   0.115   0.094    19.1    17.4    16.5    16.3    16.6
04125 20170511  2.422 -119.65   44.56    24.0     6.9    15.4    15.6     2.9    11.39 C    30.6     7.4    16.8    78.7    19.2    49.8   0.090   0.089   0.125   0.114   0.093    18.3    17.6    17.0    16.8    17.1
04125 20170512  2.422 -119.65   44.56    11.7     4.8     8.3     7.7     6.4    15.85 C    19.1     3.3     9.4    80.9    37.9    62.3   0.101   0.087   0.122   0.112   0.092    15.5    15.9    16.1    16.0    16.2
04125 20170513  2.422 -119.65   44.56    11.9     2.7     7.3     6.6     3.9    13.91 C    24.5     2.4     8.3    83.3    34.1    64.7   0.127   0.088   0.122   0.111   0.090    13.9    14.5    15.0    14.9    15.1
04125 20170514  2.422 -119.65   44.56    13.4     2.6     8.0     7.5     0.0    18.46 C    26.5     2.3    10.1    84.8    27.6    60.5   0.146   0.091   0.121   0.111   0.090    13.9    14.0    14.3    14.2    14.4
04125 20170515  2.422 -119.65   44.56    18.2     1.3     9.8    10.6     0.7    24.89 C    35.1    -0.2    15.1    87.9    23.6    52.6   0.142   0.092   0.121   0.111   0.090    15.4    14.7    14.4    14.4    14.6
04125 20170516  2.422 -119.65   44.56    15.8     3.8     9.8     8.4     5.2    13.05 C    22.4     3.4     9.8    81.0    36.4    63.1   0.146   0.092   0.122   0.111   0.091    14.7    14.9    14.9    14.8    15.1
04125 20170517  2.422 -119.65   44.56    15.7     1.5     8.6     8.3     5.8    12.04 C    19.5     2.3     9.5    84.1    35.4    62.5   0.189   0.107   0.121   0.110   0.090    12.8    13.3    13.9    13.8    14.0
04125 20170518  2.422 -119.65   44.56    21.0     3.0    12.0    12.4     0.0    25.77 C    31.3     1.9    14.7    86.7    23.0    54.6   0.182   0.120   0.121   0.111   0.090    15.5    14.6    14.1    14.1    14.3
04125 20170519  2.422 -119.65   44.56    24.0     7.9    15.9    15.7     0.0    26.20 C    36.0     5.7    18.0    76.2    25.1    49.9   0.168   0.123   0.124   0.111   0.093    17.5    16.4    15.5    15.3    15.6
04125 20170520  2.422 -119.65   44.56    23.1     6.7    14.9    15.8     0.0    28.01 C    35.3     4.6    18.2    89.2    24.5    53.2   0.152   0.121   0.125   0.113   0.094    18.3    17.3    16.4    16.2    16.5
04125 20170521  2.422 -119.65   44.56    26.8     7.3    17.1    17.9     0.0    28.70 C    38.9     5.2    20.6    88.6    26.7    54.3   0.137   0.116   0.126   0.114   0.096    19.5    18.2    17.1    16.9    17.3
04125 20170522  2.422 -119.65   44.56    29.9    11.0    20.4    20.8     0.0    28.13 C    42.5     8.3    23.2    86.9    17.8    47.6   0.124   0.111   0.127   0.115   0.096    21.1    19.5    18.2    17.9    18.3
04125 20170523  2.422 -119.65   44.56    34.1    11.6    22.9    22.5     0.0    28.65 C    47.5     8.7    25.4    78.5    15.8    40.6   0.114   0.105   0.127   0.115   0.096    22.1    20.4    19.0    18.8    19.2
04125 20170524  2.422 -119.65   44.56    20.6     8.8    14.7    15.4     0.0    30.20 C    37.7     4.8    19.4    59.6    12.5    29.7   0.105   0.101   0.127   0.115   0.095    21.3    20.4    19.5    19.2    19.6
04125 20170525  2.422 -119.65   44.56    17.7     4.4    11.1    12.2     0.0    19.52 C    32.5     2.5    14.9    80.7    30.8    50.1   0.100   0.096   0.125   0.114   0.095    19.0    19.0    18.8    18.6    18.9
04125 20170526  2.422 -119.65   44.56    24.9     4.0    14.5    15.2     0.0    28.55 C    40.9     1.7    19.3    85.9    20.3    46.6   0.098   0.093   0.124   0.113   0.094    19.4    18.7    18.2    18.1    18.4
04125 20170527  2.422 -119.65   44.56    28.5     8.3    18.4    18.4     0.0    29.83 C    44.1     6.7    22.4    67.5    12.9    35.0   0.096   0.093   0.125   0.113   0.094    21.1    19.7    18.9    18.7    19.0
04125 20170528  2.422 -119.65   44.56    32.6    10.4    21.5    22.1     0.0    29.80 C    47.6     6.9    25.7    57.1    10.5    30.8   0.094   0.092   0.125   0.113   0.094    22.7    20.9    19.7    19.5    19.8
04125 20170529  2.422 -119.65   44.56    34.4    12.0    23.2    24.4     0.0    29.63 C    50.3     8.7    28.1    63.3    10.2    30.2   0.091   0.092   0.125   0.113   0.094    24.4    22.3    20.7    20.5    20.8
04125 20170530  2.422 -119.65   44.56    34.9    14.9    24.9    22.9     0.0    19.16 C    53.5    12.5    25.6    70.8     9.4    37.7   0.087   0.091   0.126   0.113   0.095    24.7    23.1    21.6    21.4    21.7
04125 20170531  2.422 -119.65   44.56    22.1    11.6    16.8    17.2     0.0    12.27 C    37.2    10.1    19.6    77.8    30.1    53.5   0.081   0.090   0.125   0.112   0.094    22.3    21.9    21.3    21.1    21.4
04125 20170601  2.422 -119.65   44.56    24.6    10.7    17.6    16.8     0.6    19.57 C    37.8     8.7    19.5    82.7    32.5    58.1   0.079   0.088   0.124   0.112   0.093    21.1    20.7    20.4    20.2    20.5
04125 20170602  2.422 -119.65   44.56    29.1     7.7    18.4    19.7     0.0    29.35 C    45.7     5.3    24.1    88.4    16.4    45.8   0.079   0.087   0.125   0.111   0.093    22.6    21.2    20.4    20.2    20.5
04125 20170603  2.422 -119.65   44.56    31.2    11.7    21.5    21.2     0.0    25.43 C    48.7     9.5    25.7    75.8    23.4    44.7   0.079   0.089   0.126   0.112   0.094    24.2    22.6    21.3    21.1    21.4
04125 20170604  2.422 -119.65   44.56    22.0     8.7    15.3    15.9     0.5    14.56 C    35.3     5.6    17.7    75.4    16.8    48.2   0.075   0.087   0.125   0.113   0.095    21.8    21.9    21.4    21.2    21.5
04125 20170605  2.422 -119.65   44.56    26.7     2.5    14.6    16.3     0.0    30.11 C    44.0    -0.2    21.1    78.1     7.7    36.6   0.074   0.086   0.124   0.111   0.093    21.5    20.8    20.4    20.3    20.5
04125 20170606  2.422 -119.65   44.56    33.6    12.2    22.9    22.0     0.0    27.16 C    49.5    10.4    26.6    58.8    12.5    33.6   0.075   0.087   0.125   0.112   0.094    24.2    22.3    21.2    21.1    21.3
04125 20170607  2.422 -119.65   44.56    32.9    10.8    21.9    23.8     0.0    20.62 C    48.9     9.0    26.3    72.8     8.5    31.1   0.072   0.088   0.126   0.113   0.095    24.8    23.2    22.1    21.9    22.2
04125 20170608  2.422 -119.65   44.56    24.0    12.4    18.2    18.8     0.0    14.15 C    45.5    11.9    22.1    62.6    25.9    41.3   0.068   0.087   0.126   0.112   0.095    23.9    23.1    22.3    22.0    22.4
04125 20170609  2.422 -119.65   44.56    18.4     6.0    12.2    12.1     5.7    20.32 C    40.5     5.0    15.9    83.1    34.4    57.5   0.065   0.086   0.125   0.112   0.095    21.4    21.6    21.5    21.3    21.6
04125 20170610  2.422 -119.65   44.56    15.8     3.8     9.8     9.2     3.7    17.58 C    32.1     1.9    11.5    86.8    40.6    66.2   0.064   0.083   0.123   0.111   0.094    18.5    19.6    20.1    20.0    20.3
04125 20170611  2.422 -119.65   44.56    18.8     5.3    12.0    13.3     0.0    18.77 C    32.0     4.1    16.3    89.6    32.3    52.3   0.071   0.082   0.122   0.110   0.092    18.4    18.7    19.0    19.0    19.2
04125 20170612  2.422 -119.65   44.56    21.3     9.1    15.2    15.0     0.0     9.64 C    31.2     7.7    16.1    62.6    29.9    47.6   0.075   0.081   0.122   0.110   0.091    18.0    18.5    18.7    18.7    18.9
04125 20170613  2.422 -119.65   44.56    22.4     7.6    15.0    14.7     0.0    30.21 C    40.4     5.4    19.8    66.5    18.1    40.7   0.078   0.082   0.121   0.109   0.092    19.8    19.0    18.6    18.5    18.8
04125 20170614  2.422 -119.65   44.56    25.0     5.1    15.0    16.0     0.0    21.92 C    38.8     3.2    19.8    81.7    17.9    40.3   0.080   0.083   0.123   0.110   0.092    20.4    19.8    19.3    19.2    19.5
04125 20170615  2.422 -119.65   44.56    22.8    11.7    17.3    17.1     0.8     9.01 C    25.9    11.7    17.9    82.2    38.6    56.8   0.080   0.083   0.123   0.110   0.093    20.0    19.9    19.6    19.5    19.7
04125 20170616  2.422 -119.65   44.56    18.4    13.6    16.0    16.2     0.0     6.50 C    23.1    11.4    16.8    86.6    41.7    62.9   0.078   0.082   0.122   0.111   0.092    18.9    19.1    19.1    19.0    19.2
04125 20170617  2.422 -119.65   44.56    27.5    12.9    20.2    20.3     0.0    29.78 C    45.4    11.9    25.6    72.8    17.1    38.9   0.081   0.083   0.122   0.110   0.092    21.8    20.1    19.3    19.2    19.5
04125 20170618  2.422 -119.65   44.56    31.5    14.3    22.9    23.5     0.0    29.70 C    49.7    12.1    28.9    60.6    24.9    39.0   0.083   0.086   0.124   0.112   0.094    24.8    22.6    21.0    20.8    21.2
04125 20170619  2.422 -119.65   44.56    38.6    14.2    26.4    26.9     0.0    28.13 C    57.7    12.1    31.6    77.1    17.6    41.9   0.084   0.088   0.127   0.114   0.096    26.8    24.4    22.6    22.3    22.7
04125 20170620  2.422 -119.65   44.56    32.5    16.5    24.5    24.8     0.0    27.62 C    55.0    12.9    29.7    73.1    13.5    37.2   0.080   0.090   0.128   0.115   0.097    27.7    25.6    23.9    23.6    24.0
04125 20170621  2.422 -119.65   44.56    29.4     8.2    18.8    20.6     0.0    29.71 C    49.6     6.1    25.6    66.2     6.0    26.1   0.074   0.089   0.129   0.116   0.097    26.5    25.2    24.1    23.8    24.2
04125 20170622  2.422 -119.65   44.56    28.2     7.3    17.7    19.6     0.0    30.98 C    48.8     5.2    25.1    61.6     9.7    25.0   0.070   0.089   0.129   0.116   0.098    26.3    25.0    24.0    23.8    24.2
04125 20170623  2.422 -119.65   44.56    31.5     7.3    19.4    21.0     0.0    30.81 C    51.1     4.7    26.3    61.0     8.6    26.8   0.066   0.089   0.128   0.115   0.098    26.5    25.1    24.2    23.9    24.3
04125 20170624  2.422 -119.65   44.56    34.8     9.0    21.9    23.5     0.0    31.02 C    53.5     6.1    28.5    62.0     6.3    26.0   0.064   0.090   0.130   0.116   0.098    27.7    25.8    24.6    24.4    24.7
04125 20170625  2.422 -119.65   44.56    40.5    13.6    27.1    27.7     0.0    29.80 C    57.6    10.3    32.6    50.0     5.9    22.8   0.063   0.091   0.130   0.117   0.099    29.3    26.9    25.4    25.1    25.5
04125 20170626  2.422 -119.65   44.56    36.4    16.9    26.7    25.4     9.4    19.89 C    56.0    16.1    28.2    79.8    13.8    41.1   0.071   0.092   0.131   0.119   0.100    29.3    27.7    26.4    26.0    26.5
04125 20170627  2.422 -119.65   44.56    31.2    13.4    22.3    22.2     0.0    29.42 C    47.7    10.8    26.3    89.6    14.9    45.4   0.104   0.089   0.131   0.117   0.100    26.8    26.2    25.5    25.3    25.7
04125 20170628  2.422 -119.65   44.56    29.6     7.1    18.3    20.1     0.0    30.91 C    48.5     5.4    24.8    69.3     9.1    25.8   0.101   0.088   0.129   0.117   0.099    25.7    25.3    24.9    24.7    25.1
04125 20170629  2.422 -119.65   44.56    29.4     7.8    18.6    20.4     0.0    29.99 C    48.7     5.8    25.6    67.5    15.9    33.2   0.100   0.088   0.129   0.117   0.099    25.8    25.1    24.6    24.4    24.8
04125 20170630  2.422 -119.65   44.56    34.3    12.1    23.2    24.2     0.0    29.88 C    53.2     9.1    29.4    64.7    13.5    31.9   0.101   0.089   0.129   0.117   0.100    27.1    25.9    25.0    24.7    25.1
04125 20170701  2.422 -119.65   44.56    33.4    13.6    23.5    24.8     0.0    28.17 C    53.2    11.7    29.9    66.2    19.9    33.6   0.100   0.091   0.130   0.118   0.100    28.3    26.9    25.7    25.5    25.8
04125 20170702  2.422 -119.65   44.56    35.1    12.0    23.6    25.1     0.0    30.10 C    54.6    10.3    30.5    67.5     9.4    28.9   0.096   0.092   0.131   0.119   0.100    28.7    27.3    26.2    25.9    26.3
04125 20170703  2.422 -119.65   44.56    33.4    12.3    22.8    24.3     0.0    29.98 C    55.1    10.6    29.6    61.7     8.5    25.4   0.089   0.093   0.132   0.119   0.101    29.1    27.8    26.6    26.4    26.8
04125 20170704  2.422 -119.65   44.56    37.1    13.8    25.4    25.8     0.0    26.42 C    57.2    11.3    30.4    41.1    10.5    20.9   0.081   0.093   0.132   0.120   0.101    29.0    27.6    26.7    26.5    26.9
04125 20170705  2.422 -119.65   44.56    38.9    12.8    25.8    27.8     0.0    29.90 C    58.8    10.4    32.7    51.8     4.7    20.4   0.074   0.094   0.133   0.121   0.101    30.3    28.4    27.2    26.9    27.3
04125 20170706  2.422 -119.65   44.56    39.9    17.8    28.8    30.5     0.0    29.91 C    60.5    15.2    35.5    47.1     6.1    19.4   0.068   0.097   0.133   0.122   0.103    32.1    29.6    28.1    27.8    28.2
04125 20170707  2.422 -119.65   44.56    40.0    17.6    28.8    29.0     0.0    29.46 C    59.9    14.9    34.6    49.1     5.7    23.3   0.064   0.096   0.135   0.122   0.103    32.6    30.2    28.7    28.5    28.9
04125 20170708  2.422 -119.65   44.56    38.6    13.3    25.9    27.3     0.0    29.70 C    58.5    11.2    32.9    55.5     7.1    21.2   0.059   0.097   0.135   0.123   0.104    32.3    30.2    29.0    28.7    29.1
04125 20170709  2.422 -119.65   44.56    35.9    13.3    24.6    26.4     0.0    28.68 C    56.6    11.6    31.8    61.5     8.9    21.9   0.056   0.096   0.135   0.123   0.103    32.2    30.2    29.1    28.9    29.3
04125 20170710  2.422 -119.65   44.56    32.5    15.3    23.9    24.3     0.0    29.08 C    55.6    13.5    31.1    64.8    12.3    30.0   0.054   0.095   0.135   0.123   0.104    32.1    30.2    29.2    29.0    29.3
04125 20170711  2.422 -119.65   44.56    31.8     9.4    20.6    22.4     0.0    29.92 C    53.5     7.4    28.9    50.4    10.0    19.8   0.052   0.093   0.134   0.124   0.103    31.1    29.7    28.9    28.7    29.1
04125 20170712  2.422 -119.65   44.56    35.2    11.6    23.4    24.6     0.0    29.38 C    56.3    10.3    30.7    54.0    10.9    22.8   0.050   0.093   0.135   0.123   0.103    31.4    29.6    28.8    28.6    29.0
04125 20170713  2.422 -119.65   44.56    35.9    13.1    24.5    25.5     0.0    28.77 C    57.5    10.9    31.6    49.3    14.6    26.2   0.050   0.092   0.135   0.123   0.104    32.0    30.1    29.0    28.8    29.2
04125 20170714  2.422 -119.65   44.56    38.1    13.4    25.7    27.3     0.0    28.96 C    58.4    11.5    33.1    60.6    11.0    24.3   0.049   0.092   0.135   0.123   0.104    32.7    30.5    29.4    29.2    29.5
04125 20170715  2.422 -119.65   44.56    35.6    19.0    27.3    27.4     0.0    27.97 C    56.7    16.6    33.6    42.4    11.8    21.8   0.048   0.091   0.136   0.124   0.104    33.5    31.0    29.9    29.7    30.0
04125 20170716  2.422 -119.65   44.56    30.2    11.5    20.9    22.3     0.0    28.87 C    52.0     9.4    28.7    67.4    11.1    26.9   0.047   0.089   0.136   0.124   0.104    32.2    30.7    29.8    29.6    30.0
04125 20170717  2.422 -119.65   44.56    31.7     9.1    20.4    21.7     0.0    29.14 C    53.5     6.2    28.0    48.7     9.5    22.9   0.044   0.086   0.135   0.124   0.104    31.0    29.8    29.3    29.1    29.5
04125 20170718  2.422 -119.65   44.56    34.7    10.4    22.6    23.7     0.0    24.80 C    56.1     8.2    28.6    56.0    10.6    24.6   0.045   0.085   0.135   0.123   0.103    31.2    29.7    29.2    28.9    29.3
04125 20170719  2.422 -119.65   44.56    35.4    12.6    24.0    24.6     0.0    27.26 C    55.6    10.3    30.1    57.0    10.6    27.0   0.044   0.084   0.135   0.123   0.103    31.7    29.9    29.2    29.0    29.4
04125 20170720  2.422 -119.65   44.56    31.1    11.9    21.5    22.6     0.0    27.69 C    52.8    10.1    29.0    63.2    15.9    32.1   0.043   0.082   0.135   0.123   0.104    31.7    30.1    29.4    29.1    29.5
04125 20170721  2.422 -119.65   44.56    32.6    11.5    22.1    22.9     0.0    28.73 C    53.7     9.1    29.1    62.1     7.3    29.2   0.043   0.081   0.135   0.123   0.103    31.5    30.0    29.3    29.1    29.5
04125 20170722  2.422 -119.65   44.56    35.3    10.9    23.1    24.8     0.0    28.38 C    56.2     9.1    30.6    52.1    10.9    24.6   0.043   0.079   0.134   0.123   0.104    31.9    30.1    29.3    29.2    29.5
04125 20170723  2.422 -119.65   44.56    37.7    14.2    25.9    27.6     0.0    26.92 C    58.9    12.1    33.1    54.8    11.4    26.9   0.042   0.079   0.135   0.123   0.103    33.2    30.8    29.7    29.6    29.9
04125 20170724  2.422 -119.65   44.56    36.1    18.8    27.4    28.0     0.0    24.74 C    57.4    16.9    33.5    41.9    12.0    23.2   0.043   0.078   0.135   0.123   0.105    34.1    31.6    30.4    30.2    30.5
04125 20170725  2.422 -119.65   44.56    36.5    16.0    26.3    27.2     0.0    28.26 C    57.5    13.8    33.0    43.6     5.0    18.7   0.042   0.076   0.136   0.123   0.105    33.7    31.6    30.5    30.3    30.6
04125 20170726  2.422 -119.65   44.56    35.3    18.3    26.8    26.9     0.0    20.71 C    55.4    17.8    32.0    43.8    15.3    24.4   0.040   0.074   0.135   0.123   0.104    33.0    31.3    30.5    30.3    30.6
04125 20170727  2.422 -119.65   44.56    34.6    16.2    25.4    26.6     0.0    26.30 C    56.2    15.2    32.5    58.5    12.7    28.5   0.041   0.072   0.135   0.122   0.104    33.6    31.6    30.5    30.3    30.7
04125 20170728  2.422 -119.65   44.56    36.6    12.9    24.7    25.9     0.0    26.95 C    57.1    11.8    31.5    58.2    12.4    24.0   0.040   0.071   0.135   0.122   0.104    33.2    31.4    30.5    30.4    30.7
04125 20170729  2.422 -119.65   44.56    36.9    13.5    25.2    26.1     0.0    27.28 C    56.7    11.0    31.0    42.3     8.7    19.1   0.039   0.069   0.134   0.122   0.104    33.0    31.3    30.5    30.3    30.6
04125 20170730  2.422 -119.65   44.56    36.0    13.1    24.6    25.6     0.0    27.55 C    56.7    10.9    30.6    48.6     8.6    20.9   0.038   0.067   0.134   0.122   0.104    33.0    31.3    30.5    30.3    30.6
04125 20170731  2.422 -119.65   44.56    38.2    11.6    24.9    26.6     0.0    27.02 C    57.1    10.0    31.3    45.9     8.2    19.0   0.038   0.065   0.133   0.121   0.103    32.9    31.2    30.4    30.3    30.6
04125 20170801  2.422 -119.65   44.56    39.5    14.8    27.2    28.2     0.0    26.93 C    59.2    12.6    32.9    47.1     7.0    18.3   0.038   0.064   0.134   0.120   0.103    33.8    31.7    30.7    30.4    30.8
04125 20170802  2.422 -119.65   44.56    38.7    12.5    25.6    27.5     0.0    26.26 C    58.2    10.8    32.0    50.1     6.5    19.3   0.037   0.063   0.133   0.120   0.102    33.6    31.8    30.8    30.6    31.0
04125 20170803  2.422 -119.65   44.56    38.8    15.7    27.2    27.8     0.0    25.68 C    57.3    12.5    32.0    41.5     6.6    20.2   0.037   0.062   0.132   0.120   0.102    33.8    31.9    30.9    30.7    31.1
04125 20170804  2.422 -119.65   44.56    38.0    17.3    27.7    27.9     0.0    24.94 C    56.0    15.1    32.0    37.1     6.0    17.6   0.036   0.061   0.133   0.120   0.101    33.6    31.9    30.9    30.7    31.1
04125 20170805  2.422 -119.65   44.56    36.2    14.3    25.2    26.6     0.0    26.39 C    56.2    11.3    31.3    44.2     5.4    18.7   0.036   0.059   0.132   0.119   0.101    33.3    31.7    30.8    30.7    31.0
04125 20170806  2.422 -119.65   44.56    35.1    13.5    24.3    25.6     0.0    19.89 C    52.0    11.9    29.0    47.1     8.2    22.4   0.035   0.057   0.131   0.118   0.101    32.3    31.3    30.7    30.5    30.9
04125 20170807  2.422 -119.65   44.56    36.2    15.6    25.9    25.8     0.0    19.23 C    55.1    14.5    29.0    48.8     8.8    24.3   0.035   0.073   0.130   0.118   0.100    31.8    30.6    30.3    30.1    30.4
04125 20170808  2.422 -119.65   44.56    36.9    13.7    25.3    26.4     0.0    24.22 C    54.8    10.4    30.2    49.1     5.1    22.7   0.035   0.076   0.128   0.117   0.099    32.0    30.5    30.0    29.9    30.2
04125 20170809  2.422 -119.65   44.56    37.4    16.5    27.0    27.1     0.0    23.50 C    56.2    13.5    31.4    41.7     9.9    23.1   0.035   0.076   0.127   0.117   0.099    32.8    31.0    30.3    30.1    30.4
04125 20170810  2.422 -119.65   44.56    38.9    18.9    28.9    28.1     1.6    22.48 C    56.6    18.3    31.5    40.6     6.9    24.3   0.035   0.075   0.127   0.116   0.098    33.1    31.3    30.5    30.3    30.7
04125 20170811  2.422 -119.65   44.56    37.9    19.5    28.7    27.2     0.0    19.46 C    57.7    17.2    30.5    44.8    10.8    28.1   0.037   0.070   0.127   0.115   0.098    31.9    30.9    30.4    30.2    30.6
04125 20170812  2.422 -119.65   44.56    31.9    18.2    25.1    22.8     5.6    12.87 C    50.5    17.1    25.1    73.1    21.2    47.7   0.037   0.051   0.125   0.114   0.097    29.7    30.0    29.9    29.7    30.1
04125 20170813  2.422 -119.65   44.56    23.4    15.6    19.5    19.5     2.6    10.01 C    34.4    14.1    21.2    85.3    45.0    59.7   0.042   0.048   0.123   0.112   0.095    25.9    27.5    28.3    28.2    28.6
04125 20170814  2.422 -119.65   44.56    27.2     7.9    17.5    18.5     0.0    23.78 C    45.3     7.1    22.6    88.3    11.3    40.8   0.049   0.048   0.120   0.111   0.093    25.2    26.2    26.9    26.9    27.3
04125 20170815  2.422 -119.65   44.56    30.3     7.7    19.0    19.5     0.0    24.62 C    48.6     5.8    23.3    73.5     6.9    29.9   0.053   0.048   0.119   0.109   0.092    25.1    25.8    26.3    26.3    26.7
04125 20170816  2.422 -119.65   44.56    31.7     7.7    19.7    21.6     0.0    24.77 C    50.5     5.9    26.4    69.1    15.7    30.2   0.057   0.051   0.115   0.109   0.091    25.7    25.8    26.0    26.1    26.4
04125 20170817  2.422 -119.65   44.56    32.8    12.6    22.7    23.0     0.0    25.10 C    52.3    10.5    27.2    65.8     7.2    28.8   0.060   0.053   0.109   0.109   0.092    27.3    26.8    26.4    26.5    26.9
04125 20170818  2.422 -119.65   44.56    34.3    11.3    22.8    23.2     0.0    24.11 C    53.0     7.7    27.0    46.3     6.7    22.7   0.060   0.054   0.115   0.109   0.092    27.0    26.8    26.5    26.6    26.9
04125 20170819  2.422 -119.65   44.56    28.9    10.5    19.7    20.8     0.0    23.92 C    49.4     8.4    25.7    65.7    18.2    34.9   0.058   0.055   0.102   0.109   0.092    27.3    27.1    26.7    26.7    27.1
04125 20170820  2.422 -119.65   44.56    30.8     8.0    19.4    20.9     0.0    22.13 C    51.9     6.3    25.2    68.4    11.4    32.1   0.055   0.056   0.103   0.109   0.092    26.9    26.7    26.5    26.6    27.0
04125 20170821  2.422 -119.65   44.56    32.9     9.9    21.4    21.8     0.0    20.58 C    50.1     7.5    25.0    60.5    12.3    29.4   0.053   0.056   0.104   0.108   0.091    26.8    26.6    26.4    26.5    26.9
04125 20170822  2.422 -119.65   44.56    36.7    15.0    25.8    25.6     0.0    21.16 C    52.9    11.6    29.5    46.0    11.5    24.7   0.052   0.057   0.102   0.109   0.092    28.0    27.1    26.6    26.6    27.0
04125 20170823  2.422 -119.65   44.56    31.2    20.3    25.7    25.3     0.0    10.58 C    47.1    19.4    27.6    60.9    20.7    33.9   0.050   0.058   0.101   0.109   0.092    28.3    27.6    27.1    27.1    27.5
04125 20170824  2.422 -119.65   44.56    29.7    14.7    22.2    22.2     0.0    18.08 C    46.6    11.5    26.0    69.5    24.1    44.7   0.048   0.058   0.101   0.109   0.092    27.9    27.3    27.0    27.0    27.3
04125 20170825  2.422 -119.65   44.56    31.1     8.9    20.0    20.3     0.0    22.19 C    48.1     6.4    24.6    60.8    13.8    29.5   0.046   0.057   0.100   0.109   0.092    27.1    26.8    26.6    26.7    27.1
04125 20170826  2.422 -119.65   44.56    34.0     8.1    21.0    21.5     0.0    21.69 C    49.8     5.3    24.9    57.0     6.5    25.5   0.046   0.057   0.099   0.108   0.091    27.0    26.6    26.4    26.5    26.8
04125 20170827  2.422 -119.65   44.56    38.1    11.8    25.0    25.4     0.0    21.94 C    54.3     8.9    28.7    51.9     9.2    21.5   0.045   0.057   0.102   0.108   0.091    28.2    27.1    26.6    26.6    27.0
04125 20170828  2.422 -119.65   44.56    38.9    20.4    29.6    29.6     0.0    17.85 C    58.6    17.4    32.1    30.7     8.4    16.3   0.045   0.059   0.100   0.109   0.093    30.5    28.5    27.4    27.4    27.8
04125 20170829  2.422 -119.65   44.56    39.0    16.9    27.9    28.1     0.0    20.76 C    55.6    13.5    30.7    36.1     5.1    20.3   0.044   0.059   0.101   0.109   0.093    30.5    28.8    28.0    27.8    28.3
04125 20170830  2.422 -119.65   44.56    35.0    14.3    24.6    24.9     0.0    18.60 C    52.0    11.6    27.3    48.2    11.7    24.1   0.042   0.058   0.100   0.109   0.093    29.7    28.7    28.1    28.0    28.4
04125 20170831  2.422 -119.65   44.56    31.8     9.2    20.5    21.7     0.0    22.16 C    50.5     6.9    25.4    57.9    13.0    28.0   0.040   0.056   0.102   0.109   0.093    28.5    27.9    27.6    27.6    27.9
04125 20170901  2.422 -119.65   44.56    37.0    12.4    24.7    24.5     0.0    21.86 C    54.4    10.2    27.8    46.9     8.1    22.0   0.039   0.055   0.099   0.108   0.093    28.9    27.8    27.4    27.4    27.8
04125 20170902  2.422 -119.65   44.56    40.3    16.8    28.6    27.4     0.0    20.24 C    55.3    13.7    29.8    35.3     8.1    19.7   0.040   0.056   0.098   0.108   0.093    29.6    28.3    27.6    27.6    28.0
04125 20170903  2.422 -119.65   44.56    39.5    17.1    28.3    27.7     0.0    18.99 C    53.3    13.4    29.7    40.1     8.3    20.6   0.039   0.055   0.099   0.109   0.093    30.1    28.6    27.8    27.9    28.2
04125 20170904  2.422 -119.65   44.56    39.2    13.6    26.4    26.2     0.0    18.45 C    51.5    11.6    28.3    45.7     7.9    23.2   0.038   0.054   0.098   0.109   0.093    29.6    28.5    27.9    27.9    28.3
04125 20170905  2.422 -119.65   44.56    38.5    13.7    26.1    26.5     0.0    16.95 C    49.9    12.1    28.3    56.1     8.7    25.4   0.037   0.053   0.097   0.108   0.092    29.5    28.5    27.8    27.9    28.2
04125 20170906  2.422 -119.65   44.56    31.5    14.8    23.2    23.1     0.0    11.56 C    39.1    12.1    23.7    52.7    19.1    32.4   0.036   0.052   0.096   0.108   0.092    28.1    27.8    27.6    27.7    28.0
04125 20170907  2.422 -119.65   44.56    31.9    13.5    22.7    21.7     2.1    11.99 C    42.0    11.5    24.0    87.6    20.8    45.9   0.035   0.049   0.095   0.107   0.090    26.9    26.8    26.8    26.9    27.2
04125 20170908  2.422 -119.65   44.56    31.1    13.6    22.4    22.2     0.0    17.83 C    44.2    12.6    24.5    91.1    27.3    56.9   0.037   0.048   0.094   0.106   0.091    26.6    26.6    26.5    26.6    27.0
04125 20170909  2.422 -119.65   44.56    30.9    12.9    21.9    22.1     0.0    18.66 C    46.8    11.3    25.4    84.7    24.4    48.0   0.040   0.048   0.094   0.106   0.090    26.7    26.5    26.2    26.3    26.7
04125 20170910  2.422 -119.65   44.56    30.0    10.6    20.3    20.7     0.0    19.54 C    47.3     9.0    24.1    80.4    15.6    44.6   0.040   0.047   0.094   0.105   0.090    26.3    26.3    26.0    26.2    26.5
04125 20170911  2.422 -119.65   44.56    34.6    11.1    22.9    22.2     0.0    19.65 C    49.6     8.2    25.1    64.9    14.2    34.9   0.039   0.047   0.093   0.104   0.090    26.4    26.1    25.8    26.0    26.4
04125 20170912  2.422 -119.65   44.56    33.6    12.8    23.2    22.8     0.0    13.47 C    49.2    11.2    24.3    54.9     8.5    29.0   0.038   0.047   0.093   0.104   0.090    26.0    26.0    25.8    26.0    26.3
04125 20170913  2.422 -119.65   44.56    29.5    10.5    20.0    20.3     0.0    17.81 C    46.3     8.3    22.9    64.9     9.1    30.0   0.038   0.047   0.092   0.104   0.089    26.0    25.8    25.6    25.7    26.1
04125 20170914  2.422 -119.65   44.56    21.7     7.6    14.7    15.5     0.0    10.72 C    37.8     3.8    17.8    50.5    18.7    28.4   0.035   0.045   0.091   0.103   0.088    23.6    24.6    25.0    25.2    25.5
04125 20170915  2.422 -119.65   44.56    21.9     3.2    12.5    12.9     0.0    17.38 C    39.7     0.9    15.7    68.2    17.8    36.6   0.033   0.043   0.089   0.102   0.087    21.8    23.1    23.8    24.1    24.4
04125 20170916  2.422 -119.65   44.56    22.4     5.4    13.9    13.8     0.0    13.83 C    38.1     3.6    16.8    50.1    14.1    30.0   0.033   0.042   0.087   0.100   0.085    21.4    22.5    23.0    23.4    23.7
04125 20170917  2.422 -119.65   44.56    25.2     9.2    17.2    17.8     0.0    14.16 C    40.5     7.1    20.5    46.5    14.6    26.7   0.034   0.043   0.088   0.100   0.086    22.8    22.9    23.0    23.3    23.6
04125 20170918  2.422 -119.65   44.56    18.8     9.4    14.1    14.6     0.7     8.06 C    31.1     8.8    15.7    82.1    30.0    49.7   0.033   0.042   0.088   0.100   0.085    21.6    22.8    23.1    23.3    23.6
04125 20170919  2.422 -119.65   44.56    16.4     8.7    12.6    12.5     0.4    10.59 C    31.1     7.7    14.4    75.9    29.9    47.3   0.033   0.040   0.086   0.099   0.084    19.4    21.2    22.0    22.3    22.6
04125 20170920  2.422 -119.65   44.56    17.0     6.4    11.7    11.6     3.4    14.49 C    30.3     4.8    14.0    91.0    23.9    55.8   0.034   0.039   0.085   0.099   0.083    19.2    20.7    21.4    21.8    22.1
04125 20170921  2.422 -119.65   44.56    13.7     3.9     8.8     9.0     0.0     8.15 C    27.4     2.0    11.1    87.9    37.9    59.4   0.035   0.038   0.083   0.097   0.082    16.9    19.2    20.4    20.9    21.2
04125 20170922  2.422 -119.65   44.56    15.7     3.1     9.4     9.4     0.0    12.37 C    33.8     0.4    12.4    89.5    34.0    63.4   0.036   0.038   0.082   0.096   0.081    16.7    18.6    19.5    20.1    20.4
04125 20170923  2.422 -119.65   44.56    19.1     1.9    10.5     9.6     0.0    17.41 C    37.7    -0.5    12.3    84.0    24.5    54.4   0.039   0.038   0.082   0.095   0.080    16.5    18.1    18.9    19.5    19.8
04125 20170924  2.422 -119.65   44.56    21.4     2.3    11.8    11.4     0.0    16.68 C    36.7    -0.5    13.6    80.5    25.0    49.6   0.039   0.038   0.081   0.095   0.079    16.8    18.1    18.7    19.3    19.6
04125 20170925  2.422 -119.65   44.56    22.2     8.5    15.3    15.4     0.0    11.42 C    39.4     4.6    17.9    59.4    25.0    41.6   0.040   0.039   0.082   0.094   0.079    18.0    18.7    18.8    19.4    19.7
04125 20170926  2.422 -119.65   44.56    25.9     9.1    17.5    17.4     0.0    17.51 C    42.5     6.9    19.9    71.9    22.9    44.7   0.044   0.041   0.082   0.095   0.080    20.3    20.1    19.6    20.1    20.4
04125 20170927  2.422 -119.65   44.56    27.4     8.7    18.1    17.0     0.0    16.85 C    41.5     7.1    19.0    67.0    17.4    42.1   0.044   0.041   0.083   0.095   0.081    20.1    20.4    20.0    20.4    20.8
04125 20170928  2.422 -119.65   44.56    28.5     8.4    18.5    17.9     0.0    15.66 C    43.4     4.8    18.6    59.1    12.7    33.2   0.042   0.042   0.083   0.095   0.081    20.0    20.3    20.0    20.5    20.9
04125 20170929  2.422 -119.65   44.56    24.8     7.8    16.3    17.0     0.0    10.14 C    38.3     4.0    18.0    51.4    18.6    35.9   0.042   0.042   0.082   0.096   0.081    19.7    20.1    20.0    20.5    20.8
04125 20170930  2.422 -119.65   44.56    18.9     4.4    11.6    12.8     0.0    11.28 C    35.9     1.5    14.4    81.5    26.8    47.5   0.039   0.042   0.082   0.095   0.080    19.0    19.9    20.0    20.4    20.7
04125 20171001  2.422 -119.65   44.56    15.3     7.1    11.2    11.4     0.0     8.87 C    34.9     5.8    13.6    81.0    29.3    47.9   0.038   0.041   0.082   0.095   0.080    17.9    19.2    19.5    19.9    20.2
04125 20171002  2.422 -119.65   44.56    13.5     3.5     8.5     8.4     5.2    11.28 C    26.0     0.6    10.5    88.6    38.0    66.9   0.052   0.040   0.082   0.094   0.078    15.8    17.8    18.7    19.2    19.5
04125 20171003  2.422 -119.65   44.56    16.5    -0.7     7.9     7.5     0.0    15.70 C    29.2    -2.4     9.4    90.9    25.7    59.3   0.055   0.046   0.080   0.093   0.078    14.1    15.3    17.3    18.0    18.3
04125 20171004  2.422 -119.65   44.56    17.4     1.0     9.2     9.0     0.0    15.50 C    30.1    -1.1    10.9    85.9    24.8    52.6   0.057   0.039   0.079   0.092   0.077    14.4    16.0    16.7    17.4    17.8
04125 20171005  2.422 -119.65   44.56    19.1     2.7    10.9     9.7     0.0    14.41 C    31.6    -0.1    10.8    65.7    22.4    44.6   0.057   0.038   0.079   0.092   0.076    14.2    15.8    16.3    17.0    17.4
04125 20171006  2.422 -119.65   44.56    23.8     3.7    13.7    13.3     0.0    14.87 C    35.9     2.5    13.8    63.3    12.9    35.5   0.058   0.039   0.079   0.092   0.076    14.8    15.9    16.2    16.9    17.2
04125 20171007  2.422 -119.65   44.56    17.2     5.5    11.3    11.5     0.2     9.80 C    29.5     2.2    12.3    79.6    33.1    47.5   0.058   0.040   0.078   0.092   0.076    14.7    16.0    16.3    16.9    17.3
04125 20171008  2.422 -119.65   44.56    14.8     2.6     8.7     9.0     0.0    10.82 C    31.1    -1.5     9.9    83.9    28.3    53.4   0.057   0.040   0.078   0.092   0.075    14.2    15.7    16.2    16.8    17.1
04125 20171009  2.422 -119.65   44.56    18.9    -0.5     9.2     9.6     0.0    13.24 C    30.0    -1.1    10.7    73.4    15.6    39.7   0.056   0.038   0.077   0.090   0.076    13.1    14.7    15.4    16.1    16.4
04125 20171010  2.422 -119.65   44.56    20.5     9.4    15.0    13.8     0.0     7.38 C    25.6     5.2    13.0    51.7    12.4    24.9   0.057   0.039   0.078   0.090   0.076    14.2    15.2    15.5    16.1    16.4
04125 20171011  2.422 -119.65   44.56    13.7    -0.5     6.6     6.6     0.0    11.16 C    31.5    -3.6     7.9    78.1    28.0    55.4   0.056   0.040   0.078   0.090   0.076    13.6    15.0    15.4    16.0    16.3
04125 20171012  2.422 -119.65   44.56     7.7    -0.3     3.7     4.8     3.3     4.45 C    13.7    -4.0     5.4    88.8    42.0    70.4   0.053   0.038   0.076   0.089   0.074    11.2    13.6    14.6    15.3    15.5
04125 20171013  2.422 -119.65   44.56     7.9     0.6     4.2     3.6     0.6     5.28 C    14.8     0.0     4.5    91.8    52.5    81.9   0.052   0.037   0.077   0.089   0.073    10.2    12.5    13.8    14.5    14.6
04125 20171014  2.422 -119.65   44.56    12.9    -3.9     4.5     4.8     0.0    13.70 C    22.4    -4.6     5.7    92.9    29.8    63.6   0.053   0.036   0.074   0.087   0.072    10.0    11.9    13.1    13.7    14.0
04125 20171015  2.422 -119.65   44.56    19.4     0.2     9.8     8.9     0.0    12.71 C    29.8    -2.5     8.2    76.9    17.7    46.6   0.054   0.037   0.075   0.088   0.073    10.7    12.1    12.8    13.5    13.8
04125 20171016  2.422 -119.65   44.56    22.6     2.3    12.5    10.6     0.0    12.96 C    29.4     0.9    10.5    63.2    17.3    42.0   0.056   0.038   0.075   0.087   0.072    11.7    12.6    12.9    13.6    14.0
04125 20171017  2.422 -119.65   44.56    23.4     4.5    14.0    11.8     0.0     8.69 C    31.3     1.4    10.6    75.0    15.7    45.3   0.057   0.039   0.075   0.088   0.072    12.1    13.0    13.2    13.8    14.2
04125 20171018  2.422 -119.65   44.56    23.3     7.1    15.2    13.9     0.0     9.02 C    32.1     2.9    12.8    67.6    16.8    40.5   0.059   0.040   0.077   0.089   0.073    13.4    13.6    13.7    14.2    14.5
04125 20171019  2.422 -119.65   44.56    21.8     5.4    13.6    13.5     3.3     4.51 C    23.3     2.6    11.7    86.7    18.9    42.8   0.059   0.040   0.076   0.089   0.073    12.8    13.6    13.9    14.3    14.7
04125 20171020  2.422 -119.65   44.56    13.1     0.5     6.8     7.6     4.5     6.39 C    19.1    -1.2     6.7    87.2    30.9    59.2   0.082   0.041   0.076   0.089   0.073    11.5    13.1    13.8    14.3    14.5
04125 20171021  2.422 -119.65   44.56    14.7     1.2     7.9     8.6     7.7     3.12 C    11.9     0.8     7.8    82.1    48.6    65.3   0.150   0.061   0.075   0.087   0.073     9.7    11.2    12.6    13.1    13.3
04125 20171022  2.422 -119.65   44.56    18.5     5.7    12.1    13.7     0.0     7.21 C    24.9     3.2    12.4    85.3    31.9    57.0   0.163   0.086   0.077   0.087   0.075    12.9    12.9    13.1    13.4    13.7
04125 20171023  2.422 -119.65   44.56    18.7     4.3    11.5     9.9     0.0    11.65 C    24.5     2.6     9.7    84.5    32.4    63.0   0.153   0.090   0.076   0.088   0.080    12.3    12.9    13.2    13.6    13.9
04125 20171024  2.422 -119.65   44.56    20.6     3.5    12.0     9.9     0.0    11.95 C    24.4     1.8     9.4    81.1    30.2    62.0   0.147   0.089   0.076   0.088   0.084    12.1    12.7    12.9    13.4    13.8
04125 20171025  2.422 -119.65   44.56    22.0     4.4    13.2    12.7     0.0    11.25 C    27.5     0.3    11.5    74.1    24.0    51.2   0.143   0.089   0.075   0.089   0.086    12.2    12.6    12.7    13.3    13.6
04125 20171026  2.422 -119.65   44.56    20.1     5.4    12.8    14.2     0.0    11.47 C    26.1     2.8    13.6    86.3    36.3    59.6   0.141   0.090   0.077   0.090   0.087    14.5    14.2    13.6    14.1    14.5
04125 20171027  2.422 -119.65   44.56    18.1     2.4    10.3     9.1     0.0    10.97 C    22.8     0.3     8.2    91.2    40.5    70.7   0.136   0.088   0.076   0.091   0.088    12.5    13.3    13.3    14.0    14.3
04125 20171028  2.422 -119.65   44.56 -9999.0 -9999.0 -9999.0 -9999.0     0.0 -9999.00 U -9999.0 -9999.0 -9999.0 -9999.0 -9999.0 -9999.0 -99.000 -99.000 -99.000 -99.000 -99.000 -9999.0 -9999.0 -9999.0 -9999.0 -9999.0
04125 20171029  2.422 -119.65   44.56    19.2     4.2    11.7    10.5     0.0    10.73 C    23.3     0.7     8.8    87.9    42.2    65.6   0.130   0.086   0.076   0.091   0.087    11.8    12.5    12.5    13.2    13.5
04125 20171030  2.422 -119.65   44.56    12.8    -1.2     5.8     7.7     0.0    10.12 C    19.4    -5.3     6.9    73.5    28.4    51.6   0.126   0.085   0.076   0.092   0.087    11.7    12.5    12.5    13.2    13.5
04125 20171031  2.422 -119.65   44.56    14.0    -3.3     5.3     5.5     0.0    10.73 C    20.4    -7.1     4.2    79.2    29.2    51.9   0.122   0.082   0.074   0.092   0.086     9.2    10.7    11.3    12.2    12.4
04125 20171101  2.422 -119.65   44.56    18.4     5.4    11.9    10.7     0.0     8.46 C    25.8     3.7    10.0    57.9    17.6    43.2   0.120   0.081   0.074   0.092   0.085    10.5    11.0    11.1    11.9    12.2
04125 20171102  2.422 -119.65   44.56    12.8     4.1     8.5     9.5     0.0     3.56 C    21.8     0.7     8.2    75.8    37.4    52.2   0.117   0.081   0.076   0.092   0.086    10.8    11.5    11.6    12.2    12.5
04125 20171103  2.422 -119.65   44.56     8.9    -2.2     3.4     4.4     0.9     2.96 C    11.1    -5.4     4.1    90.2    46.3    74.6   0.116   0.080   0.076   0.093   0.085    10.0    11.2    11.5    12.2    12.4
04125 20171104  2.422 -119.65   44.56     6.8    -2.1     2.4     2.0     0.0     5.70 C    14.6    -4.8     1.7    75.5    41.3    59.8   0.114   0.076   0.075   0.091   0.084     7.7     9.5    10.5    11.1    11.3
04125 20171105  2.422 -119.65   44.56     9.0     2.5     5.7     4.8     0.0     4.30 C    14.9    -1.1     4.4    78.0    40.1    59.3   0.114   0.076   0.074   0.091   0.082     7.9     9.2    10.0    10.6    10.9
04125 20171106  2.422 -119.65   44.56     6.3    -4.0     1.1     1.6     0.3     7.28 C    15.3    -7.9     1.7    90.8    45.6    75.9   0.113   0.075   0.076   0.091   0.082     7.9     9.2     9.9    10.5    10.7
04125 20171107  2.422 -119.65   44.56     8.5    -6.6     0.9     2.4     0.0     5.97 C    13.0    -9.9     1.3    84.2    35.7    56.0   0.111   0.073   0.074   0.090   0.081     6.1     7.9     9.0     9.7     9.9
04125 20171108  2.422 -119.65   44.56    15.8     6.2    11.0     9.5     0.0     5.61 C    19.1     0.9     7.9    61.7    24.8    40.4   0.112   0.074   0.074   0.091   0.080     8.2     8.8     9.1     9.7    10.0
04125 20171109  2.422 -119.65   44.56    14.4     4.2     9.3     9.9     0.0     6.02 C    21.5     0.1     7.8    71.5    26.0    48.6   0.112   0.075   0.075   0.091   0.081     9.5     9.9     9.9    10.4    10.7
04125 20171110  2.422 -119.65   44.56    12.1     3.2     7.7     6.6     0.3     3.78 C    16.7     1.1     6.3    88.7    47.1    73.3   0.111   0.074   0.076   0.092   0.081     9.0     9.8    10.0    10.6    10.8
04125 20171111  2.422 -119.65   44.56    13.4     4.4     8.9     8.5     0.0     5.35 C    20.6    -0.6     7.2    86.1    37.6    61.1   0.111   0.073   0.076   0.092   0.081     9.3     9.9    10.1    10.6    10.9
04125 20171112  2.422 -119.65   44.56    13.2     4.0     8.6     8.9     0.0     4.30 C    14.8     0.3     6.7    79.1    41.1    57.4   0.109   0.073   0.077   0.091   0.080     9.3    10.0    10.2    10.7    11.0
04125 20171113  2.422 -119.65   44.56    15.1     5.8    10.5    11.3     0.3     5.02 C    22.8    -0.1     8.7    66.4    34.8    41.6   0.109   0.073   0.077   0.091   0.080     9.8    10.2    10.2    10.8    11.0
04125 20171114  2.422 -119.65   44.56    12.1    -1.4     5.4     6.5     0.0     8.45 C    17.0    -5.5     3.5    78.5    25.3    47.1   0.106   0.072   0.076   0.092   0.080     8.3     9.5     9.8    10.4    10.8
04125 20171115  2.422 -119.65   44.56    14.3     1.6     8.0     9.8     0.8     5.21 C    19.8    -4.3     7.5    73.1    32.6    46.4   0.105   0.071   0.076   0.091   0.080     8.2     9.0     9.2     9.9    10.3
04125 20171116  2.422 -119.65   44.56    11.4     1.4     6.4     6.4     0.4     4.31 C    14.3    -2.6     4.6    85.4    38.0    59.4   0.105   0.071   0.076   0.092   0.079     8.6     9.4     9.5    10.2    10.4
04125 20171117  2.422 -119.65   44.56     9.3    -2.8     3.3     3.2     0.0     6.78 C    14.5    -5.7     0.9    86.1    29.6    56.0   0.103   0.070   0.076   0.092   0.079     6.7     8.3     8.9     9.6     9.9
04125 20171118  2.422 -119.65   44.56    11.4    -2.4     4.5     4.5     0.0     6.81 C    15.1    -6.5     2.2    72.1    24.8    47.4   0.102   0.068   0.074   0.090   0.077     5.7     7.3     8.0     8.8     9.1
04125 20171119  2.422 -119.65   44.56    13.4    -1.0     6.2     7.8     0.0     4.34 C    12.2    -5.9     4.5    65.9    24.2    38.9   0.102   0.068   0.073   0.090   0.076     6.3     7.3     7.7     8.5     8.8
04125 20171120  2.422 -119.65   44.56    17.2     9.6    13.4    12.7     0.0     3.76 C    23.9     6.7    10.8    77.5    36.8    55.0   0.104   0.069   0.075   0.090   0.077     9.1     8.9     8.5     9.2     9.4
04125 20171121  2.422 -119.65   44.56    18.8     8.7    13.8    14.6     0.0     0.85 C    15.4     7.0    12.0    78.0    44.0    59.6   0.104   0.071   0.078   0.092   0.078    10.4    10.1     9.7    10.2    10.4
04125 20171122  2.422 -119.65   44.56    20.9    14.3    17.6    17.7     0.9     1.46 C    16.5    11.6    13.5    71.1    34.1    48.6   0.106   0.072   0.080   0.092   0.078    11.9    11.3    10.7    11.1    11.3
04125 20171123  2.422 -119.65   44.56    21.1     9.8    15.4    16.5     2.8     4.27 C    23.7     9.0    13.6    84.4    32.7    49.5   0.106   0.074   0.079   0.094   0.079    12.8    12.2    11.5    11.8    12.0
04125 20171124  2.422 -119.65   44.56    11.6    -0.2     5.7     5.4     0.3     7.39 C    14.2    -3.6     3.1    88.2    33.2    63.7   0.110   0.072   0.080   0.094   0.080     9.8    11.0    11.1    11.5    11.8
04125 20171125  2.422 -119.65   44.56    15.3    -0.3     7.5     3.6     0.0     2.15 C     8.8    -3.3     2.8    78.4    34.8    67.6   0.111   0.068   0.078   0.092   0.078     6.8     8.5     9.4    10.0    10.3
04125 20171126  2.422 -119.65   44.56    19.7     6.1    12.9    15.0     1.8     2.65 C    19.3     3.1    10.9    81.8    20.4    43.7   0.115   0.070   0.079   0.092   0.077     9.6     9.5     9.4     9.9    10.2
04125 20171127  2.422 -119.65   44.56     9.6    -0.9     4.3     3.6     0.0     6.51 C    15.6    -4.8     1.7    90.5    34.4    69.7   0.117   0.070   0.078   0.092   0.077     7.9     9.2     9.6    10.1    10.4
04125 20171128  2.422 -119.65   44.56     9.7    -1.7     4.0     3.2     0.6     1.42 C     7.2    -5.4     0.4    77.3    38.2    63.7   0.114   0.068   0.076   0.091   0.077     5.2     7.2     8.2     8.8     9.1
04125 20171129  2.422 -119.65   44.56     7.5    -3.7     1.9     1.5     0.0     6.26 C    10.1    -6.5    -0.9    87.0    45.9    69.7   0.115   0.066   0.076   0.089   0.076     4.4     6.3     7.2     7.9     8.2
04125 20171130  2.422 -119.65   44.56     5.9    -1.5     2.2     2.6     0.0     2.14 C     6.3    -5.1     0.7    78.9    44.3    60.0   0.115   0.065   0.073   0.089   0.075     3.9     5.6     6.4     7.2     7.5
04125 20171201  2.422 -119.65   44.56     7.8    -2.2     2.8     2.9     0.0     5.58 C    11.8    -5.2     1.2    85.8    47.3    66.8   0.116   0.065   0.074   0.089   0.075     5.0     6.0     6.4     7.1     7.4
04125 20171202  2.422 -119.65   44.56     7.1    -2.6     2.3     3.2     0.0     2.47 C     9.4    -6.1     1.7    87.1    56.0    71.5   0.116   0.064   0.074   0.089   0.074     4.4     5.7     6.3     7.0     7.3
04125 20171203  2.422 -119.65   44.56     5.8    -1.1     2.3     2.6     0.0     2.36 C     7.3    -4.2     1.0    87.7    45.2    67.3   0.116   0.065   0.075   0.088   0.074     4.9     6.0     6.5     7.0     7.3
04125 20171204  2.422 -119.65   44.56     5.9    -4.4     0.7     0.5     0.0     6.54 C     9.8    -7.6    -0.8    82.9    39.9    64.8   0.115   0.064   0.074   0.089   0.074     4.1     5.5     6.1     6.7     7.0
04125 20171205  2.422 -119.65   44.56     4.3    -6.6    -1.2    -2.0     0.0     6.45 C     7.2    -9.2    -3.5    84.6    46.2    67.5   0.112   0.062   0.074   0.088   0.073     2.5     4.4     5.2     6.0     6.3
04125 20171206  2.422 -119.65   44.56     4.7    -7.4    -1.3    -3.2     0.0     6.50 C     7.1   -10.3    -5.1    85.2    44.2    70.3   0.084   0.061   0.073   0.086   0.070     1.3     3.3     4.2     5.1     5.4
04125 20171207  2.422 -119.65   44.56     4.6    -9.3    -2.4    -3.6     0.0     6.52 C     7.2   -11.7    -5.4    88.2    42.3    71.1 -99.000   0.059   0.071   0.086   0.068     0.4     2.4     3.3     4.3     4.6
04125 20171208  2.422 -119.65   44.56    -3.0   -11.1    -7.1    -6.9     0.0     5.01 C     2.2   -13.4    -7.0    90.0    76.8    85.8 -99.000   0.050   0.071   0.085   0.066    -0.9     1.3     2.4     3.5     3.8
04125 20171209  2.422 -119.65   44.56    -2.1    -7.3    -4.7    -5.4     0.0     3.82 C     3.1   -10.2    -4.1    90.1    72.8    85.3 -99.000   0.050   0.070   0.084   0.065    -0.4     1.3     2.1     3.1     3.4
04125 20171210  2.422 -119.65   44.56    -0.5   -10.7    -5.6    -5.6     0.0     6.33 C     4.2   -12.7    -5.0    90.4    60.3    80.7 -99.000   0.048   0.070   0.084   0.065    -0.2     1.4     2.1     3.1     3.3
04125 20171211  2.422 -119.65   44.56    -3.5   -11.1    -7.3    -7.2     0.0     2.73 C     1.6   -13.6    -6.9    89.7    74.6    85.1 -99.000   0.034   0.070   0.086   0.064    -1.2     0.8     1.6     2.6     2.9
04125 20171212  2.422 -119.65   44.56     1.6   -11.4    -4.9    -5.3     0.0     4.65 C     3.2   -14.0    -7.0    86.0    48.5    72.2 -99.000   0.022 -99.000   0.089   0.063    -2.2    -0.1     1.0     1.9     2.2
04125 20171213  2.422 -119.65   44.56     2.7    -7.5    -2.4    -2.8     0.0     5.44 C     6.0   -10.8    -4.0    87.3    52.4    72.5 -99.000   0.022 -99.000   0.089   0.063    -1.2     0.2     0.8     1.8     2.1
04125 20171214  2.422 -119.65   44.56     0.3    -9.2    -4.4    -4.9     0.0     3.18 C     3.6   -12.1    -5.4    89.6    62.7    81.8 -99.000   0.022 -99.000   0.089   0.062    -1.4     0.2     0.8     1.8     2.1
04125 20171215  2.422 -119.65   44.56     1.8    -8.2    -3.2    -2.0     1.2     1.97 C     3.8   -10.7    -3.0    92.3    61.9    79.7 -99.000   0.023 -99.000   0.088   0.062    -1.1     0.2     0.9     1.7     2.0
04125 20171216  2.422 -119.65   44.56     5.4    -4.3     0.5    -0.1     0.0     5.03 C     7.2    -7.9    -1.8    92.5    50.9    77.3 -99.000   0.047   0.070   0.085   0.063     0.4     1.2     1.4     2.2     2.4
04125 20171217  2.422 -119.65   44.56     5.2    -3.3     1.0     1.5     0.0     2.63 C     6.3    -4.8     0.5    77.5    53.0    63.9   0.084   0.051   0.070   0.083   0.063     0.6     1.5     1.7     2.5     2.7
04125 20171218  2.422 -119.65   44.56     8.3     2.2     5.2     5.0     0.0     3.15 C    11.7    -1.0     3.2    75.0    53.9    65.0   0.086   0.058   0.070   0.083   0.064     2.0     2.4     2.2     2.9     3.1
04125 20171219  2.422 -119.65   44.56    16.0     2.1     9.0     9.0     1.9     3.05 C    19.7    -2.2     6.1    82.1    18.5    45.6   0.117   0.060   0.073   0.084   0.067     4.2     3.9     3.3     3.9     4.1
04125 20171220  2.422 -119.65   44.56     4.4    -3.1     0.6     0.6     0.0     2.65 C     5.8    -5.9    -0.7    86.6    46.2    71.9   0.119   0.059   0.073   0.085   0.068     2.7     3.7     3.8     4.3     4.5
04125 20171221  2.422 -119.65   44.56     2.3    -8.3    -3.0    -2.1     0.0     5.40 C     5.0   -10.1    -3.1    87.0    52.3    66.1   0.117   0.059   0.072   0.084   0.067     1.4     2.7     3.3     3.8     4.0
04125 20171222  2.422 -119.65   44.56     2.0    -1.0     0.5     0.4     0.6     1.30 C     3.0    -1.8    -0.1    90.8    57.7    67.8   0.116   0.059   0.073   0.084   0.066     1.4     2.4     2.9     3.4     3.7
04125 20171223  2.422 -119.65   44.56     0.1   -10.8    -5.4    -3.7     3.4     4.33 C    -0.4   -16.6    -6.0    92.1    62.3    80.7   0.117   0.059   0.073   0.084   0.066     1.5     2.5     2.9     3.4     3.7
04125 20171224  2.422 -119.65   44.56    -6.0   -12.2    -9.1    -8.5     2.4     1.97 C    -4.8   -15.8    -8.5    83.8    76.2    79.0   0.157   0.058   0.073   0.084   0.066     0.3     1.8     2.8     3.2     3.3
04125 20171225  2.422 -119.65   44.56    -0.5    -7.2    -3.8    -3.5     0.0     5.66 C    -0.5   -10.6    -3.9    86.8    72.1    79.6   0.139   0.059   0.072   0.083   0.065     0.3     1.6     2.6     2.9     3.0
04125 20171226  2.422 -119.65   44.56    -0.8    -9.7    -5.2    -4.3     0.0     5.29 C    -2.3   -14.3    -6.0    90.0    67.8    82.2   0.127   0.061   0.072   0.083   0.064     0.6     1.7     2.6     2.9     3.0
04125 20171227  2.422 -119.65   44.56     2.7    -4.9    -1.1    -1.1     0.0     4.52 C     0.4    -9.3    -3.3    91.6    69.5    81.5   0.120   0.063   0.072   0.083   0.065     1.2     2.0     2.6     3.0     3.1
04125 20171228  2.422 -119.65   44.56     3.6    -2.4     0.6     0.6     0.0     3.94 C     1.4    -7.5    -1.2    86.3    66.2    79.0   0.118   0.064   0.073   0.083   0.064     1.3     2.1     2.7     3.0     3.1
04125 20171229  2.422 -119.65   44.56    15.0     1.0     8.0     7.2     0.0     3.93 C    11.4    -0.4     3.7    88.7    24.1    62.9   0.145   0.066   0.073   0.084   0.065     2.9     2.9     2.9     3.3     3.6
04125 20171230  2.422 -119.65   44.56    13.0    -2.5     5.3     5.0     0.0     6.56 C    14.2    -6.7     1.1    79.6    25.5    54.3   0.162   0.071   0.074   0.085   0.068     3.9     4.0     3.7     4.1     4.4
04125 20171231  2.422 -119.65   44.56     4.4    -5.3    -0.5    -1.8     0.0     6.27 C     7.4    -8.1    -3.3    88.3    47.4    72.4   0.149   0.074   0.073   0.085   0.067     1.6     2.7     3.1     3.7     4.0
