63828 20170101  2.422  -84.47   31.31    21.5     9.1    15.3    16.0    44.1     3.04 C    22.7     9.6    15.8    94.6    77.6    90.7   0.169   0.148   0.147   0.170   0.230    14.3    14.3    14.1    14.8    17.1
63828 20170102  2.422  -84.47   31.31    25.3    17.2    21.2    20.7    32.1     5.44 C    28.2    17.1    20.4    95.2    66.4    87.3   0.163   0.142   0.141   0.166   0.238    17.6    17.1    16.5    15.7    16.8
63828 20170103  2.422  -84.47   31.31    21.8    11.3    16.6    17.6    31.3     8.75 C    26.2     9.6    17.9    96.0    56.4    85.2   0.166   0.151   0.152   0.180   0.243    18.2    18.2    17.9    16.9    16.9
63828 20170104  2.422  -84.47   31.31    18.3     9.4    13.9    12.6     0.0     6.17 C    24.4     7.8    12.7    96.5    55.7    78.9   0.141   0.128   0.133   0.163   0.238    15.4    16.0    16.4    16.9    17.2
63828 20170105  2.422  -84.47   31.31    17.4     1.6     9.5     9.7     0.0    12.62 C    24.0     1.3    10.8    96.1    47.0    76.3   0.133   0.122   0.128   0.156   0.233    13.9    14.6    15.1    16.1    17.2
63828 20170106  2.422  -84.47   31.31    14.7     4.5     9.6     9.1    10.2     3.15 C    19.3     6.1    10.2    96.0    63.2    86.4   0.137   0.122   0.124   0.153   0.230    13.3    14.0    14.5    15.6    17.1
63828 20170107  2.422  -84.47   31.31     6.5    -1.8     2.4     2.4     1.1    13.36 C    16.1    -2.3     5.4    93.7    38.2    66.1   0.155   0.141   0.140   0.153   0.227    11.2    12.2    13.1    14.9    16.9
63828 20170108  2.422  -84.47   31.31     7.5    -5.5     1.0    -0.5     0.0    14.38 C    17.0    -5.8     1.7    85.8    17.7    49.0   0.138   0.128   0.132   0.154   0.226     8.4     9.6    10.8    13.6    16.6
63828 20170109  2.422  -84.47   31.31    11.4    -6.9     2.3     0.6     0.0    14.07 C    20.2    -7.4     2.3    93.3    20.4    66.9   0.132   0.122   0.127   0.151   0.224     7.5     8.5     9.6    12.4    16.0
63828 20170110  2.422  -84.47   31.31    19.2    -2.5     8.3     7.7     0.0    13.36 C    24.6    -3.0     8.0    95.4    37.4    72.9   0.128   0.119   0.123   0.150   0.224     8.7     9.2     9.7    11.8    15.4
63828 20170111  2.422  -84.47   31.31    23.7     6.6    15.1    14.7     0.0    13.23 C    28.7     4.3    13.9    94.5    36.3    67.7   0.126   0.117   0.122   0.148   0.222    11.6    11.6    11.5    12.2    15.0
63828 20170112  2.422  -84.47   31.31    25.2     6.3    15.7    14.1     0.0    12.18 C    32.0     4.6    13.7    96.2    42.1    79.9   0.123   0.116   0.121   0.147   0.220    12.5    12.6    12.5    12.9    14.9
63828 20170113  2.422  -84.47   31.31    25.0     6.3    15.6    14.3     0.0    13.38 C    32.4     4.8    14.5    96.4    41.3    79.8   0.120   0.114   0.119   0.145   0.220    13.3    13.4    13.3    13.4    15.0
63828 20170114  2.422  -84.47   31.31    24.5     6.0    15.3    13.9     0.0    12.97 C    33.1     4.8    14.2    96.4    42.0    79.7   0.118   0.112   0.118   0.144   0.219    13.5    13.7    13.6    13.8    15.0
63828 20170115  2.422  -84.47   31.31    24.2     7.3    15.7    15.2     0.0    11.11 C    33.4     6.1    15.7    96.2    42.1    79.6   0.116   0.111   0.116   0.144   0.218    14.1    14.2    14.0    14.1    15.2
63828 20170116  2.422  -84.47   31.31    25.1    10.9    18.0    16.9     0.0     9.39 C    32.3     8.4    16.5    94.8    39.3    75.9   0.114   0.110   0.116   0.144   0.217    15.3    15.4    15.1    14.6    15.3
63828 20170117  2.422  -84.47   31.31    25.8     7.7    16.8    16.5     0.0    11.41 C    32.5     6.4    16.4    96.2    48.0    79.4   0.111   0.109   0.114   0.142   0.217    15.1    15.2    15.0    14.9    15.5
63828 20170118  2.422  -84.47   31.31    24.5    12.9    18.7    17.6     0.0     8.98 C    33.2    10.5    17.7    96.7    56.7    87.4   0.110   0.108   0.114   0.142   0.216    16.4    16.3    16.0    15.3    15.7
63828 20170119  2.422  -84.47   31.31    25.4     9.4    17.4    17.4     1.0    11.21 C    33.7     8.2    18.0    99.6    55.5    83.4   0.108   0.107   0.113   0.141   0.216    16.4    16.4    16.1    15.7    15.9
63828 20170120  2.422  -84.47   31.31    25.3    17.4    21.3    19.6    25.3     6.80 C    32.0    14.9    19.9    95.0    60.6    88.1   0.150   0.124   0.125   0.142   0.215    18.0    17.8    17.3    16.3    16.1
63828 20170121  2.422  -84.47   31.31    24.2    15.5    19.9    18.6    60.2     3.14 C    25.1    14.5    18.2    94.4    71.8    90.4   0.174   0.157   0.156   0.174   0.220    17.9    18.0    17.8    17.0    16.4
63828 20170122  2.422  -84.47   31.31    21.9     9.2    15.5    17.1    63.2     3.40 C    25.1     9.0    16.7    95.3    62.6    87.9   0.184   0.166   0.162   0.186   0.243    17.5    17.7    17.6    17.1    16.8
63828 20170123  2.422  -84.47   31.31    18.4    11.2    14.8    14.0     0.6     4.87 C    22.6     8.9    13.0    91.4    49.8    70.2   0.152   0.135   0.138   0.168   0.239    15.0    15.7    16.2    16.8    17.0
63828 20170124  2.422  -84.47   31.31    18.1     6.1    12.1    10.9     0.0    15.33 C    26.2     4.0    11.6    95.6    40.7    75.5   0.142   0.127   0.131   0.159   0.234    14.1    14.7    15.1    16.0    16.9
63828 20170125  2.422  -84.47   31.31    24.3     3.9    14.1    14.4     0.0    14.39 C    29.3     2.6    14.4    96.4    50.2    76.9   0.135   0.123   0.128   0.154   0.231    14.3    14.5    14.7    15.4    16.8
63828 20170126  2.422  -84.47   31.31    19.9     7.7    13.8    15.4     2.0     9.67 C    25.8     5.2    15.8    92.6    24.0    65.9   0.137   0.122   0.126   0.152   0.228    16.1    16.2    16.1    15.8    16.6
63828 20170127  2.422  -84.47   31.31    13.1     1.6     7.4     7.3     0.0    13.80 C    22.2     0.1     8.4    92.9    32.6    59.6   0.133   0.120   0.123   0.150   0.226    12.9    13.7    14.4    15.5    16.5
63828 20170128  2.422  -84.47   31.31     9.9     1.3     5.6     6.5     0.0     7.84 C    17.8     0.5     7.4    82.8    34.7    52.5   0.128   0.117   0.121   0.147   0.224    11.8    12.6    13.3    14.7    16.4
63828 20170129  2.422  -84.47   31.31    15.9    -0.1     7.9     7.8     0.0    15.78 C    23.5    -1.7     7.8    84.0    27.3    53.7   0.124   0.115   0.119   0.146   0.222    11.1    11.8    12.4    13.9    16.1
63828 20170130  2.422  -84.47   31.31    16.8    -0.8     8.0     8.0     0.0    15.96 C    25.2    -2.8     8.1    92.6    27.8    59.6   0.120   0.113   0.118   0.145   0.221    11.0    11.6    12.1    13.5    15.8
63828 20170131  2.422  -84.47   31.31    23.3     2.5    12.9    12.9     0.0    15.39 C    29.8     0.6    12.3    96.1    29.7    65.8   0.116   0.112   0.116   0.144   0.220    12.0    12.2    12.4    13.3    15.5
63828 20170201  2.422  -84.47   31.31    23.0     6.3    14.6    13.5     0.0    13.69 C    31.6     3.9    13.1    96.4    42.3    78.0   0.113   0.110   0.116   0.143   0.218    13.1    13.3    13.3    13.6    15.3
63828 20170202  2.422  -84.47   31.31 -9999.0 -9999.0 -9999.0 -9999.0     0.0 -9999.00 U -9999.0 -9999.0 -9999.0 -9999.0 -9999.0 -9999.0 -99.000 -99.000 -99.000 -99.000 -99.000 -9999.0 -9999.0 -9999.0 -9999.0 -9999.0
63828 20170203  2.422  -84.47   31.31    19.6     7.8    13.7    14.3     1.7     5.85 C    32.5     3.3    14.8    95.7    69.8    87.9   0.107   0.108   0.114   0.142   0.216    14.6    14.6    14.5    14.3    15.3
63828 20170204  2.422  -84.47   31.31    14.9     1.3     8.1     7.8     0.0    15.37 C    27.9    -1.8     8.0    92.5    46.1    61.8   0.106   0.106   0.112   0.141   0.216    12.7    13.4    13.8    14.4    15.5
63828 20170205  2.422  -84.47   31.31    17.6     1.3     9.4     9.6     0.0    10.60 C    33.0    -0.6    10.9    95.9    53.4    78.7   0.104   0.105   0.111   0.140   0.215    12.4    12.8    13.1    13.9    15.5
63828 20170206  2.422  -84.47   31.31    24.2     7.3    15.7    15.3     0.0    15.90 C    35.6     4.6    16.2    95.9    43.4    73.6   0.103   0.104   0.110   0.140   0.214    14.6    14.5    14.2    14.0    15.3
63828 20170207  2.422  -84.47   31.31    26.0     9.0    17.5    16.3    36.1    11.08 C    37.4     5.4    16.2    95.7    46.2    78.8   0.123   0.119   0.121   0.143   0.214    15.1    15.2    15.0    14.6    15.4
63828 20170208  2.422  -84.47   31.31    23.9    13.5    18.7    18.9     0.0     7.63 C    33.5    11.2    18.8    93.3    68.2    84.2   0.155   0.141   0.145   0.161   0.216    16.6    16.4    15.9    15.2    15.5
63828 20170209  2.422  -84.47   31.31    21.5     6.2    13.8    14.8     0.0    17.09 C    29.0     1.5    15.1    81.0    28.6    52.5   0.140   0.129   0.134   0.158   0.223    16.7    16.8    16.7    15.9    15.8
63828 20170210  2.422  -84.47   31.31    18.9     0.2     9.6     8.4     0.0    17.57 C    29.7    -1.7     9.3    89.4    20.0    56.9   0.131   0.123   0.128   0.155   0.225    13.6    14.3    14.7    15.4    16.0
63828 20170211  2.422  -84.47   31.31    25.7     2.1    13.9    14.4     0.0    17.20 C    34.3     0.5    14.2    96.0    40.6    71.0   0.125   0.119   0.125   0.152   0.224    14.2    14.4    14.4    14.8    16.0
63828 20170212  2.422  -84.47   31.31    26.7    14.7    20.7    20.4     0.0    10.88 C    35.8     9.2    20.5    95.5    50.7    78.2   0.121   0.117   0.123   0.149   0.223    17.1    16.7    16.1    15.3    15.9
63828 20170213  2.422  -84.47   31.31    23.0     6.6    14.8    16.0     0.0    18.00 C    33.8     2.6    15.8    92.7    20.0    57.1   0.116   0.114   0.121   0.148   0.222    17.1    17.1    16.9    16.1    16.0
63828 20170214  2.422  -84.47   31.31    25.1     4.3    14.7    14.1     0.0    16.65 C    35.5     1.8    14.2    96.0    25.3    68.3   0.108   0.111   0.119   0.147   0.222    15.6    15.8    15.9    16.0    16.2
63828 20170215  2.422  -84.47   31.31    23.6     8.2    15.9    16.9     2.1    13.50 C    31.8     3.3    16.7    90.1    48.9    72.0   0.105   0.110   0.117   0.146   0.220    16.9    16.9    16.6    16.1    16.3
63828 20170216  2.422  -84.47   31.31    17.1     1.6     9.3     8.5     0.0    19.18 C    30.5    -2.6     8.9    90.0    19.0    57.5   0.103   0.108   0.115   0.145   0.220    14.3    14.9    15.4    15.9    16.3
63828 20170217  2.422  -84.47   31.31    21.1    -0.8    10.2     9.8     0.0    17.59 C    33.4    -3.6    10.7    95.7    19.4    62.6   0.100   0.105   0.113   0.143   0.219    13.6    14.0    14.4    15.2    16.3
63828 20170218  2.422  -84.47   31.31    20.5     9.4    14.9    13.8     0.5    10.77 C    32.1     7.8    14.8    94.0    52.6    78.2   0.097   0.103   0.112   0.142   0.217    15.0    15.1    15.0    15.1    16.2
63828 20170219  2.422  -84.47   31.31    25.3    10.9    18.1    16.6     0.0    15.89 C    38.7     6.4    17.9    96.2    40.7    77.9   0.094   0.102   0.112   0.142   0.216    16.7    16.5    16.1    15.5    16.2
63828 20170220  2.422  -84.47   31.31    25.9     7.7    16.8    16.2     0.0    17.76 C    38.7     4.1    16.7    96.6    36.7    72.3   0.088   0.100   0.110   0.141   0.216    16.6    16.5    16.4    15.9    16.2
63828 20170221  2.422  -84.47   31.31    23.6    12.2    17.9    17.9     0.2     7.81 C    35.2     7.8    17.0    93.2    59.2    77.6   0.083   0.098   0.108   0.142   0.215    16.7    16.8    16.6    16.2    16.3
63828 20170222  2.422  -84.47   31.31    21.6    14.7    18.1    17.2    12.0     4.86 C    29.9    11.1    17.2    95.2    77.4    91.6   0.125   0.104   0.108   0.140   0.214    17.3    17.4    17.1    16.5    16.5
63828 20170223  2.422  -84.47   31.31    26.2    13.7    19.9    18.6     0.0    14.79 C    38.1    10.2    18.7    95.6    42.1    77.8   0.143   0.121   0.113   0.139   0.214    18.1    17.9    17.5    16.7    16.7
63828 20170224  2.422  -84.47   31.31    27.7    10.7    19.2    18.6     0.0    18.52 C    38.8     7.7    19.0    96.4    39.6    75.5   0.131   0.118   0.115   0.138   0.213    18.4    18.2    17.9    17.1    16.8
63828 20170225  2.422  -84.47   31.31    24.5     8.7    16.6    18.6     0.0    17.23 C    33.8     1.5    17.7    94.4    10.7    53.9   0.122   0.115   0.114   0.138   0.213    18.6    18.6    18.4    17.5    17.0
63828 20170226  2.422  -84.47   31.31    20.5    -0.2    10.1    10.0     0.0    20.68 C    32.9    -3.2    10.5    89.3    14.4    48.5   0.112   0.110   0.112   0.138   0.212    15.8    16.4    16.8    17.1    17.2
63828 20170227  2.422  -84.47   31.31    24.8     5.4    15.1    14.8     9.5    11.35 C    35.6     0.5    14.4    93.0    47.3    66.8   0.110   0.108   0.110   0.139   0.212    15.6    15.9    16.1    16.5    17.1
63828 20170228  2.422  -84.47   31.31    28.4    10.0    19.2    18.0     0.0    12.12 C    37.0     8.1    17.7    96.7    44.8    80.0   0.149   0.122   0.114   0.138   0.212    17.3    17.2    16.9    16.5    17.0
63828 20170301  2.422  -84.47   31.31    29.2    15.9    22.6    22.4     0.0    15.35 C    37.3    11.5    22.1    94.9    43.8    74.0   0.134   0.120   0.117   0.136   0.211    19.2    18.8    18.2    17.1    17.1
63828 20170302  2.422  -84.47   31.31    22.3     6.0    14.1    14.5     5.1    18.80 C    30.1     1.1    15.6    92.0    19.7    52.6   0.149   0.126   0.119   0.138   0.211    18.7    18.8    18.7    17.8    17.2
63828 20170303  2.422  -84.47   31.31    20.0     1.6    10.8    10.6     0.0    21.50 C    32.5    -2.6    10.4    84.0    16.9    47.3   0.133   0.122   0.120   0.138   0.211    15.6    16.2    16.6    17.2    17.4
63828 20170304  2.422  -84.47   31.31    19.4     1.3    10.4     9.8     0.0    21.08 C    32.0    -2.9     9.9    83.7    17.1    49.9   0.123   0.117   0.118   0.137   0.210    14.7    15.2    15.6    16.4    17.4
63828 20170305  2.422  -84.47   31.31    21.8     3.8    12.8    13.9     0.0    15.11 C    33.9     0.3    13.5    92.4    36.1    60.4   0.114   0.114   0.116   0.137   0.210    15.0    15.3    15.5    16.0    17.1
63828 20170306  2.422  -84.47   31.31    24.5    14.1    19.3    18.3     0.0    15.29 C    34.9     9.3    17.9    72.7    31.2    54.1   0.105   0.110   0.114   0.137   0.209    16.8    16.8    16.6    16.2    17.0
63828 20170307  2.422  -84.47   31.31    25.7    12.9    19.3    19.2     0.0    17.48 C    38.3     7.4    19.3    82.0    38.6    61.3   0.094   0.107   0.112   0.137   0.208    17.6    17.4    17.1    16.6    16.9
63828 20170308  2.422  -84.47   31.31    24.2     8.6    16.4    17.3     0.0    16.06 C    37.7     3.9    18.0    91.9    30.4    67.1   0.085   0.103   0.110   0.138   0.209    18.4    18.3    18.0    17.1    17.1
63828 20170309  2.422  -84.47   31.31    26.2     4.3    15.3    15.3     0.0    21.02 C    41.0     0.8    16.6    95.3    16.4    56.2   0.075   0.098   0.108   0.136   0.208    17.4    17.5    17.4    17.2    17.2
63828 20170310  2.422  -84.47   31.31    25.7    11.3    18.5    18.1     2.8    17.17 C    37.9     5.7    18.5    94.3    39.4    72.3   0.073   0.094   0.106   0.136   0.208    18.6    18.4    18.1    17.3    17.3
63828 20170311  2.422  -84.47   31.31    22.0     6.8    14.4    13.8     0.0    18.37 C    38.2     2.2    14.8    89.1    20.6    54.9   0.074   0.090   0.104   0.137   0.208    17.1    17.4    17.5    17.4    17.4
63828 20170312  2.422  -84.47   31.31    14.9     7.4    11.1    10.6     2.2     7.78 C    29.3     7.4    12.6    92.7    57.7    77.7   0.073   0.087   0.102   0.135   0.209    16.2    16.7    17.0    17.2    17.4
63828 20170313  2.422  -84.47   31.31     7.8     6.5     7.1     7.1     3.6     2.11 C    12.8     6.9     9.3    94.4    81.4    88.9   0.077   0.086   0.100   0.135   0.208    14.1    15.1    15.7    16.6    17.4
63828 20170314  2.422  -84.47   31.31    13.1     6.2     9.6     9.0     1.2    11.01 C    25.3     2.3    10.9    94.7    46.6    69.0   0.109   0.085   0.099   0.134   0.207    13.9    14.5    14.9    15.8    17.3
63828 20170315  2.422  -84.47   31.31    11.1    -1.4     4.8     4.8     0.0    23.17 C    29.2    -4.9     8.7    80.1    18.9    47.0   0.107   0.086   0.097   0.132   0.208    13.5    14.0    14.4    15.4    17.0
63828 20170316  2.422  -84.47   31.31    15.1    -4.3     5.4     4.7     0.0    22.94 C    32.9    -7.4     8.2    91.0    15.2    52.7   0.100   0.085   0.096   0.133   0.207    12.8    13.3    13.7    14.8    16.7
63828 20170317  2.422  -84.47   31.31    21.2    -0.6    10.3    10.3     0.0    21.88 C    37.5    -1.8    13.1    92.6    20.9    54.3   0.093   0.085   0.096   0.132   0.206    14.1    14.2    14.2    14.6    16.5
63828 20170318  2.422  -84.47   31.31    24.7     6.1    15.4    15.9     0.0    16.91 C    41.7     2.5    16.8    93.2    40.1    68.0   0.084   0.084   0.095   0.133   0.207    15.7    15.6    15.3    15.1    16.3
63828 20170319  2.422  -84.47   31.31    24.2     6.9    15.6    15.2     0.0    23.39 C    42.5     0.9    16.4    91.3    10.2    47.3   0.076   0.083   0.096   0.133   0.206    16.6    16.6    16.3    15.7    16.3
63828 20170320  2.422  -84.47   31.31    25.8     3.8    14.8    15.1     0.0    21.30 C    44.8     0.6    17.8    86.6    23.4    54.8   0.068   0.079   0.094   0.132   0.205    16.7    16.6    16.3    15.9    16.5
63828 20170321  2.422  -84.47   31.31    29.4    12.5    20.9    20.9     0.0    20.63 C    46.9     8.9    23.4    89.9    37.4    61.0   0.065   0.075   0.092   0.132   0.205    18.9    18.3    17.7    16.5    16.6
63828 20170322  2.422  -84.47   31.31    30.6    13.3    21.9    21.7     0.0    21.41 C    49.8     8.7    24.3    95.1    26.5    56.7   0.062   0.072   0.091   0.131   0.205    20.2    19.7    19.0    17.4    16.8
63828 20170323  2.422  -84.47   31.31    21.1    14.7    17.9    18.3     0.0    10.16 C    35.3    11.7    19.7    73.7    48.2    61.3   0.060   0.068   0.088   0.132   0.205    19.2    19.3    19.0    18.0    17.1
63828 20170324  2.422  -84.47   31.31    26.2    11.5    18.8    18.3     0.0    20.41 C    47.1     8.6    21.7    90.8    34.9    62.0   0.060   0.066   0.086   0.131   0.205    19.8    19.6    19.1    18.1    17.4
63828 20170325  2.422  -84.47   31.31    27.4    13.2    20.3    20.1     0.0    18.06 C    47.5    10.2    22.3    88.4    32.2    58.4   0.059   0.064   0.084   0.131   0.205    20.2    20.0    19.5    18.4    17.6
63828 20170326  2.422  -84.47   31.31    29.5    15.4    22.4    21.8     0.0    19.93 C    51.2    11.3    25.8    83.6    29.7    60.8   0.059   0.062   0.082   0.131   0.204    21.4    20.8    20.2    18.8    17.8
63828 20170327  2.422  -84.47   31.31    28.9    14.1    21.5    21.6     0.0    20.76 C    50.9    10.7    25.4    95.6    35.9    64.7   0.058   0.060   0.079   0.130   0.204    22.1    21.6    20.9    19.3    18.1
63828 20170328  2.422  -84.47   31.31    29.3    14.9    22.1    21.9     0.0    17.95 C    52.2    11.1    25.4    93.8    35.9    68.0   0.057   0.059   0.076   0.129   0.203    22.5    22.0    21.4    19.8    18.4
63828 20170329  2.422  -84.47   31.31    30.4    15.3    22.8    22.0     0.0    20.90 C    53.2    11.7    25.8    95.2    26.6    66.7   0.057   0.058   0.075   0.129   0.203    22.9    22.4    21.8    20.2    18.7
63828 20170330  2.422  -84.47   31.31    28.8    12.0    20.4    20.8     1.4    15.24 C    48.7     9.1    23.5    94.3    37.0    64.7   0.056   0.057   0.072   0.128   0.203    22.0    21.9    21.6    20.4    19.0
63828 20170331  2.422  -84.47   31.31    27.5    13.1    20.3    21.0     0.0    22.79 C    49.3     9.0    24.9    91.9    30.5    66.6   0.058   0.056   0.071   0.127   0.202    23.1    22.7    22.1    20.5    19.2
63828 20170401  2.422  -84.47   31.31    28.8     9.0    18.9    18.4     0.0    24.85 C    52.6     5.7    23.2    95.4    23.4    61.7   0.057   0.056   0.070   0.126   0.202    22.1    21.9    21.6    20.6    19.4
63828 20170402  2.422  -84.47   31.31    32.3     9.6    20.9    20.5     0.0    23.28 C    54.9     7.1    24.6    94.4    19.8    54.9   0.057   0.056   0.069   0.125   0.201    22.4    22.2    21.7    20.6    19.5
63828 20170403  2.422  -84.47   31.31    28.4    15.5    21.9    19.1    33.3     5.86 C    41.1    11.9    19.6    92.6    42.0    77.5   0.106   0.091   0.090   0.124   0.202    20.7    21.2    21.3    20.7    19.7
63828 20170404  2.422  -84.47   31.31    28.9    16.2    22.5    21.9     0.0    23.78 C    46.6    12.9    26.2    95.1    36.5    73.0   0.136   0.127   0.130   0.124   0.202    22.6    22.1    21.4    20.3    19.7
63828 20170405  2.422  -84.47   31.31    27.4    18.4    22.9    22.4    60.9     6.38 C    32.5    17.4    22.4    92.9    61.6    83.3   0.164   0.152   0.152   0.168   0.210    22.0    22.1    22.0    21.0    19.8
63828 20170406  2.422  -84.47   31.31    22.6     7.7    15.2    15.9     0.0    25.96 C    39.8     5.9    19.4    88.5    25.2    51.1   0.142   0.132   0.137   0.173   0.231    21.1    21.3    21.3    20.8    20.0
63828 20170407  2.422  -84.47   31.31    20.5     7.1    13.8    13.3     0.0    26.43 C    41.0     4.5    17.4    85.0    19.6    49.1   0.128   0.121   0.129   0.163   0.234    19.7    20.0    20.2    20.2    20.1
63828 20170408  2.422  -84.47   31.31    22.3     2.9    12.6    12.4     0.0    26.33 C    43.9     1.3    17.3    94.1    19.2    57.0   0.118   0.115   0.123   0.157   0.232    19.3    19.5    19.6    19.7    19.9
63828 20170409  2.422  -84.47   31.31    25.6     3.7    14.7    14.5     0.0    26.03 C    45.6     2.5    19.0    94.6    19.0    59.8   0.110   0.110   0.119   0.153   0.229    19.7    19.7    19.7    19.4    19.8
63828 20170410  2.422  -84.47   31.31    27.2     7.7    17.4    17.4     0.0    25.32 C    47.4     5.8    21.3    94.6    28.0    65.1   0.100   0.105   0.116   0.150   0.227    20.7    20.5    20.2    19.5    19.7
63828 20170411  2.422  -84.47   31.31    27.4    10.4    18.9    18.5     0.0    22.87 C    48.8     8.4    22.1    95.0    31.1    68.0   0.092   0.100   0.113   0.148   0.225    21.4    21.2    20.9    19.9    19.7
63828 20170412  2.422  -84.47   31.31    27.1    10.6    18.8    18.9     0.0    18.61 C    46.0     8.0    21.0    95.1    36.9    69.8   0.083   0.094   0.109   0.146   0.224    21.2    21.2    21.0    20.2    19.8
63828 20170413  2.422  -84.47   31.31    28.2    10.9    19.5    19.1     0.0    23.51 C    49.0     8.8    22.5    95.1    30.2    65.2   0.077   0.088   0.105   0.145   0.222    21.7    21.5    21.2    20.3    19.8
63828 20170414  2.422  -84.47   31.31    28.3    10.9    19.6    20.6     0.0    24.34 C    48.3     8.7    24.0    94.9    36.4    63.4   0.071   0.082   0.101   0.143   0.220    22.4    22.1    21.7    20.5    19.9
63828 20170415  2.422  -84.47   31.31    28.5    14.7    21.6    21.9     0.0    21.88 C    48.2    11.7    24.8    89.7    35.2    61.6   0.068   0.076   0.098   0.141   0.219    23.1    22.8    22.3    20.9    20.1
63828 20170416  2.422  -84.47   31.31    28.6    13.4    21.0    21.0     0.0    23.52 C    49.0     9.8    24.2    94.8    29.9    62.4   0.065   0.071   0.093   0.139   0.218    23.5    23.2    22.7    21.3    20.2
63828 20170417  2.422  -84.47   31.31    29.5    12.2    20.9    21.4     0.0    22.65 C    51.1    10.5    25.3    94.5    32.1    63.9   0.063   0.066   0.089   0.136   0.216    23.5    23.2    22.7    21.5    20.4
63828 20170418  2.422  -84.47   31.31    30.4    14.0    22.2    22.2     0.0    22.49 C    53.0    11.7    26.1    94.2    28.4    61.8   0.062   0.064   0.084   0.135   0.215    24.2    23.8    23.3    21.8    20.6
63828 20170419  2.422  -84.47   31.31    30.2    15.6    22.9    22.7     0.0    23.02 C    51.7    12.7    26.4    92.0    28.3    62.0   0.061   0.062   0.080   0.133   0.213    24.6    24.2    23.6    22.1    20.8
63828 20170420  2.422  -84.47   31.31    30.4    15.3    22.8    22.3     0.0    25.05 C    52.3    12.6    26.7    89.8    29.7    62.7   0.061   0.061   0.075   0.130   0.212    24.9    24.5    24.0    22.4    21.0
63828 20170421  2.422  -84.47   31.31    30.6    14.4    22.5    22.6     0.0    22.91 C    55.1    11.9    26.2    95.3    30.9    62.1   0.059   0.059   0.072   0.128   0.211    24.9    24.5    24.1    22.6    21.2
63828 20170422  2.422  -84.47   31.31    30.3    13.0    21.6    22.7     0.0    24.38 C    55.2    10.7    27.1    95.4    33.1    62.3   0.059   0.058   0.071   0.125   0.209    25.0    24.6    24.2    22.7    21.3
63828 20170423  2.422  -84.47   31.31    27.3    14.5    20.9    19.9    10.6    12.99 C    47.1    13.5    22.5    94.4    50.0    82.2   0.083   0.057   0.069   0.123   0.209    24.1    24.2    24.1    22.9    21.5
63828 20170424  2.422  -84.47   31.31    20.7    11.1    15.9    15.1     0.0    15.73 C    39.6    10.8    18.9    94.1    53.1    78.4   0.120   0.057   0.068   0.123   0.208    22.1    22.4    22.6    22.4    21.6
63828 20170425  2.422  -84.47   31.31    26.5    11.5    19.0    19.0     0.0    26.25 C    47.4    10.2    23.8    94.4    39.8    67.5   0.105   0.058   0.068   0.122   0.207    23.1    22.9    22.6    21.9    21.5
63828 20170426  2.422  -84.47   31.31    27.7    11.6    19.6    20.5     0.0    22.87 C    46.6    10.3    23.8    94.8    39.7    65.3   0.091   0.059   0.069   0.122   0.206    23.3    23.2    23.0    22.1    21.5
63828 20170427  2.422  -84.47   31.31    29.9    19.0    24.4    24.4     0.7    13.60 C    44.2    17.4    25.8    88.0    47.7    72.9   0.082   0.060   0.070   0.121   0.206    24.2    24.0    23.5    22.3    21.5
63828 20170428  2.422  -84.47   31.31    32.1    20.2    26.1    25.4     0.0    22.27 C    48.4    18.4    28.3    93.0    45.1    72.0   0.074   0.060   0.070   0.120   0.205    25.7    25.1    24.4    22.7    21.6
63828 20170429  2.422  -84.47   31.31    31.6    18.8    25.2    24.6     0.0    19.79 C    50.2    17.3    27.3    92.9    43.9    71.8   0.068   0.060   0.069   0.117   0.204    25.8    25.5    24.9    23.2    21.8
63828 20170430  2.422  -84.47   31.31    31.8    19.8    25.8    25.3     0.0    20.83 C    51.4    18.0    28.0    91.0    40.1    67.3   0.065   0.059   0.069   0.115   0.203    26.0    25.6    25.1    23.5    22.0
63828 20170501  2.422  -84.47   31.31    27.3    12.6    19.9    21.3     2.0    10.34 C    34.2    10.2    22.4    94.1    61.7    79.2   0.062   0.059   0.067   0.114   0.202    24.7    24.9    24.8    23.7    22.2
63828 20170502  2.422  -84.47   31.31    28.8     9.2    19.0    18.9     0.0    28.22 C    50.1     6.9    23.6    95.5    19.1    59.3   0.062   0.057   0.067   0.113   0.201    23.7    23.6    23.5    23.0    22.3
63828 20170503  2.422  -84.47   31.31    31.9     9.8    20.9    20.9     0.0    22.46 C    53.6     8.2    24.7    94.6    16.5    55.5   0.061   0.057   0.067   0.111   0.200    24.3    24.1    23.9    22.9    22.3
63828 20170504  2.422  -84.47   31.31    23.5    14.5    19.0    19.7    38.2     6.55 C    26.4    13.5    20.3    93.8    42.9    76.7   0.125   0.111   0.109   0.110   0.200    22.6    23.1    23.3    23.0    22.3
63828 20170505  2.422  -84.47   31.31    16.7    11.0    13.9    13.1     0.0     9.81 C    35.3    10.1    15.8    82.8    49.7    68.4   0.134   0.125   0.134   0.110   0.200    20.4    21.1    21.6    22.1    22.2
63828 20170506  2.422  -84.47   31.31    24.1     9.7    16.9    16.5     0.0    28.80 C    42.7     8.3    21.0    88.3    29.4    56.3   0.125   0.118   0.126   0.110   0.199    21.3    21.3    21.2    21.3    21.9
63828 20170507  2.422  -84.47   31.31    27.4    10.0    18.7    18.6     0.0    28.05 C    46.2     8.6    23.1    93.6    28.3    60.0   0.115   0.112   0.121   0.113   0.199    22.7    22.4    22.1    21.4    21.7
63828 20170508  2.422  -84.47   31.31    27.7     8.2    18.0    18.2     0.0    26.29 C    46.6     6.4    22.6    94.9    26.8    61.2   0.105   0.107   0.115   0.117   0.198    23.1    22.9    22.7    21.8    21.6
63828 20170509  2.422  -84.47   31.31    30.9    10.9    20.9    21.3     0.0    27.29 C    49.2     9.7    25.5    94.0    26.8    59.3   0.097   0.102   0.112   0.120   0.198    23.8    23.5    23.2    22.0    21.6
63828 20170510  2.422  -84.47   31.31    32.2    14.0    23.1    23.7     0.0    26.44 C    50.1    12.0    27.4    92.0    32.8    58.1   0.090   0.096   0.108   0.122   0.197    24.9    24.6    24.1    22.5    21.7
63828 20170511  2.422  -84.47   31.31    30.9    15.2    23.1    23.4     0.0    23.58 C    49.4    12.3    27.0    92.4    33.0    61.4   0.082   0.089   0.103   0.122   0.197    25.3    25.1    24.6    23.1    21.9
63828 20170512  2.422  -84.47   31.31    29.8    18.7    24.2    22.7     2.4    18.31 C    48.9    16.6    26.4    93.4    41.1    73.8   0.077   0.084   0.099   0.122   0.196    25.4    25.3    24.9    23.4    22.1
63828 20170513  2.422  -84.47   31.31    27.5    17.6    22.5    21.6     3.0    17.67 C    48.2    17.1    24.5    93.8    58.4    83.2   0.081   0.081   0.096   0.122   0.196    25.2    25.1    24.8    23.6    22.4
63828 20170514  2.422  -84.47   31.31    29.4    16.3    22.8    21.9     0.0    27.37 C    47.7    14.7    26.2    95.0    35.7    71.2   0.088   0.079   0.093   0.121   0.195    25.5    25.3    24.9    23.7    22.5
63828 20170515  2.422  -84.47   31.31    31.3    14.6    23.0    22.8     0.0    27.80 C    49.8    13.1    27.3    94.7    32.4    67.2   0.083   0.076   0.091   0.120   0.196    26.0    25.7    25.3    23.9    22.6
63828 20170516  2.422  -84.47   31.31    34.1    15.5    24.8    24.2     0.0    28.15 C    52.5    13.9    28.4    94.7    19.8    60.0   0.077   0.072   0.087   0.119   0.195    26.7    26.3    25.9    24.2    22.8
63828 20170517  2.422  -84.47   31.31    33.1    17.7    25.4    25.5     0.0    26.19 C    51.4    15.4    29.6    85.0    34.4    62.8   0.073   0.069   0.083   0.118   0.194    27.2    26.8    26.3    24.5    22.9
63828 20170518  2.422  -84.47   31.31    33.2    20.1    26.7    26.3     0.0    21.85 C    54.0    18.6    30.1    91.7    37.6    66.4   0.069   0.067   0.079   0.116   0.194    27.7    27.3    26.8    24.9    23.2
63828 20170519  2.422  -84.47   31.31    31.5    19.0    25.2    25.7     0.0    22.22 C    53.6    17.6    29.7    86.0    42.7    62.5   0.067   0.064   0.075   0.113   0.194    27.8    27.5    27.0    25.2    23.4
63828 20170520  2.422  -84.47   31.31    31.0    21.1    26.0    25.7     1.5    13.58 C    46.3    19.5    27.1    91.8    47.8    76.0   0.066   0.063   0.072   0.113   0.193    27.2    27.1    26.8    25.3    23.6
63828 20170521  2.422  -84.47   31.31    27.7    20.0    23.9    23.4    22.3    17.55 C    39.8    20.1    26.4    93.7    56.4    80.3   0.136   0.111   0.089   0.112   0.193    26.6    26.5    26.4    25.2    23.7
63828 20170522  2.422  -84.47   31.31    29.4    19.8    24.6    24.5     0.0    19.87 C    45.7    19.3    27.9    94.5    55.8    77.7   0.127   0.115   0.100   0.112   0.194    27.2    27.0    26.6    25.2    23.8
63828 20170523  2.422  -84.47   31.31    26.9    22.1    24.5    23.5    20.2     9.16 C    32.8    21.5    24.4    92.7    72.4    86.1   0.146   0.128   0.119   0.113   0.194    26.3    26.5    26.4    25.4    23.8
63828 20170524  2.422  -84.47   31.31    27.2    15.8    21.5    22.7    13.0    13.27 C    33.9    15.5    23.5    91.1    54.0    79.5   0.156   0.139   0.143   0.117   0.194    25.6    25.8    25.7    25.1    23.9
63828 20170525  2.422  -84.47   31.31    25.4    13.5    19.4    18.9     0.0    29.19 C    40.6    13.2    23.0    92.0    36.6    64.3   0.145   0.131   0.138   0.144   0.194    25.1    25.2    25.2    24.7    23.9
63828 20170526  2.422  -84.47   31.31    29.4    10.8    20.1    20.6     0.0    28.94 C    44.4    10.5    24.8    94.6    36.2    68.1   0.130   0.121   0.129   0.149   0.193    25.5    25.3    25.2    24.4    23.8
63828 20170527  2.422  -84.47   31.31    30.6    14.8    22.7    23.2     0.0    28.38 C    46.0    14.0    27.2    94.6    42.7    71.4   0.119   0.115   0.124   0.148   0.193    26.7    26.3    26.0    24.7    23.8
63828 20170528  2.422  -84.47   31.31    33.3    20.2    26.8    26.4     0.0    23.18 C    48.7    18.9    29.5    93.7    41.1    72.1   0.109   0.109   0.119   0.146   0.192    27.8    27.4    26.9    25.1    23.9
63828 20170529  2.422  -84.47   31.31    32.1    21.6    26.8    26.9     0.0    24.59 C    47.2    20.2    30.3    94.1    45.4    70.8   0.100   0.105   0.115   0.144   0.192    28.7    28.2    27.6    25.7    24.0
63828 20170530  2.422  -84.47   31.31    29.5    21.6    25.6    25.4     0.0    17.19 C    41.9    21.0    27.9    94.1    48.3    73.9   0.092   0.099   0.111   0.143   0.194    28.2    28.0    27.7    26.1    24.3
63828 20170531  2.422  -84.47   31.31    29.7    20.2    25.0    24.0     2.6    15.98 C    47.6    19.3    27.0    94.4    50.5    79.8   0.088   0.094   0.107   0.140   0.194    27.7    27.6    27.4    26.1    24.5
63828 20170601  2.422  -84.47   31.31    28.8    21.2    25.0    23.8     0.3    11.60 C    39.8    21.0    25.4    94.6    59.9    84.8   0.090   0.091   0.105   0.139   0.195    27.1    27.1    27.0    26.0    24.6
63828 20170602  2.422  -84.47   31.31    31.0    20.4    25.7    24.1     2.6    18.02 C    45.9    20.0    27.2    94.3    53.0    82.7   0.089   0.089   0.104   0.139   0.196    27.5    27.3    27.0    25.8    24.7
63828 20170603  2.422  -84.47   31.31    30.9    20.9    25.9    24.8     0.0    23.47 C    46.2    21.1    28.6    95.4    52.2    81.2   0.093   0.087   0.102   0.137   0.197    28.7    28.3    27.7    26.1    24.7
63828 20170604  2.422  -84.47   31.31    30.6    20.8    25.7    24.3    24.0    15.47 C    46.9    20.3    26.8    94.6    56.9    85.8   0.121   0.105   0.109   0.136   0.197    27.9    27.9    27.8    26.5    24.8
63828 20170605  2.422  -84.47   31.31    30.6    21.9    26.2    24.5     8.2    18.19 C    43.1    22.1    26.8    94.5    55.1    84.7   0.155   0.137   0.136   0.137   0.197    28.0    27.8    27.5    26.3    25.0
63828 20170606  2.422  -84.47   31.31    25.7    20.7    23.2    22.9     4.0     6.23 C    29.0    20.8    23.8    94.8    79.3    91.1   0.161   0.143   0.145   0.146   0.198    26.5    26.8    26.9    26.3    25.0
63828 20170607  2.422  -84.47   31.31    26.7    19.9    23.3    22.4     1.2    11.67 C    35.6    20.1    24.0    94.7    70.6    85.1   0.151   0.134   0.138   0.156   0.198    26.5    26.6    26.5    25.9    25.0
63828 20170608  2.422  -84.47   31.31    28.2    17.2    22.7    21.6     0.0    25.47 C    40.3    17.1    25.2    92.8    44.6    75.3   0.140   0.127   0.132   0.154   0.199    27.0    26.8    26.5    25.7    24.9
63828 20170609  2.422  -84.47   31.31    30.1    15.0    22.6    22.3     0.0    27.91 C    44.7    14.7    25.4    94.7    31.6    70.4   0.128   0.120   0.127   0.152   0.201    27.1    26.9    26.8    25.8    24.9
63828 20170610  2.422  -84.47   31.31    32.0    15.2    23.6    24.4     0.0    28.49 C    44.6    14.5    27.7    94.1    32.5    65.9   0.117   0.115   0.123   0.150   0.203    27.9    27.5    27.1    25.8    24.9
63828 20170611  2.422  -84.47   31.31    28.2    22.6    25.4    25.1     0.0    10.14 C    36.1    21.5    26.3    93.6    70.7    81.7   0.108   0.110   0.120   0.147   0.205    27.6    27.6    27.5    26.3    24.9
63828 20170612  2.422  -84.47   31.31    27.8    21.0    24.4    23.6    13.2    10.91 C    32.1    20.9    24.7    94.2    65.0    87.5   0.132   0.119   0.121   0.145   0.206    27.0    27.0    27.0    26.2    25.1
63828 20170613  2.422  -84.47   31.31    29.1    20.3    24.7    23.1     3.6    13.16 C    39.5    20.0    24.7    94.7    61.6    88.1   0.152   0.132   0.127   0.145   0.207    26.9    26.8    26.7    25.9    25.1
63828 20170614  2.422  -84.47   31.31    30.3    20.3    25.3    24.1     0.0    19.33 C    40.7    20.1    26.3    95.1    57.3    82.7   0.150   0.132   0.129   0.144   0.208    27.6    27.3    27.0    26.0    25.0
63828 20170615  2.422  -84.47   31.31    31.6    20.6    26.1    24.5     7.0    20.92 C    44.5    20.3    27.3    94.4    53.9    82.1   0.142   0.126   0.126   0.144   0.208    28.2    27.9    27.6    26.3    25.1
63828 20170616  2.422  -84.47   31.31    30.1    19.2    24.7    23.9     0.0    24.81 C    41.2    19.4    26.7    94.5    46.3    79.0   0.154   0.133   0.130   0.144   0.207    28.3    28.1    27.8    26.5    25.2
63828 20170617  2.422  -84.47   31.31    30.6    21.0    25.8    24.5     0.9    17.42 C    38.7    20.4    25.7    94.5    61.7    82.5   0.139   0.126   0.128   0.144   0.208    27.8    27.8    27.7    26.6    25.3
63828 20170618  2.422  -84.47   31.31    32.8    20.4    26.6    25.9     5.1    27.46 C    42.6    19.6    28.5    95.1    44.5    75.2   0.135   0.120   0.124   0.144   0.208    28.8    28.5    28.0    26.6    25.4
63828 20170619  2.422  -84.47   31.31    29.2    20.3    24.7    24.1     1.5    12.69 C    38.6    20.2    25.4    94.9    68.1    86.9   0.144   0.120   0.122   0.144   0.208    28.0    28.0    28.0    26.9    25.4
63828 20170620  2.422  -84.47   31.31    24.3    22.8    23.5    23.3    17.7     5.43 C    26.8    23.1    24.2    94.5    89.8    93.1   0.170   0.141   0.134   0.143   0.209    26.9    27.1    27.2    26.6    25.5
63828 20170621  2.422  -84.47   31.31    27.1    23.0    25.0    25.0     5.6     6.34 C    28.5    23.2    25.4    93.6    82.4    90.9   0.170   0.146   0.148   0.162   0.209    26.9    27.0    26.8    26.3    25.5
63828 20170622  2.422  -84.47   31.31    32.5    23.4    28.0    27.3     0.3    20.04 C    41.8    22.8    28.4    91.4    55.8    76.6   0.158   0.137   0.141   0.164   0.210    28.4    28.1    27.6    26.4    25.4
63828 20170623  2.422  -84.47   31.31    33.4    22.9    28.2    27.8     0.0    23.79 C    45.1    21.8    29.9    94.3    52.0    73.7   0.145   0.128   0.134   0.160   0.217    29.5    29.0    28.5    26.9    25.5
63828 20170624  2.422  -84.47   31.31    32.9    21.3    27.1    26.6    12.4    23.02 C    45.4    20.5    29.6    94.6    51.1    78.5   0.138   0.123   0.129   0.157   0.221    29.7    29.3    28.9    27.4    25.7
63828 20170625  2.422  -84.47   31.31    31.1    21.3    26.2    25.0     0.3    12.92 C    42.9    21.9    26.8    94.4    64.5    87.7   0.164   0.141   0.140   0.155   0.221    29.0    29.1    28.9    27.7    25.9
63828 20170626  2.422  -84.47   31.31    31.2    18.0    24.6    24.4     0.0    27.84 C    43.0    18.7    27.9    93.2    38.3    72.3   0.148   0.131   0.135   0.156   0.222    29.1    28.9    28.6    27.5    26.1
63828 20170627  2.422  -84.47   31.31    30.2    21.1    25.6    24.7     0.0    20.53 C    42.8    20.9    27.4    93.2    55.3    78.3   0.135   0.124   0.129   0.154   0.222    29.1    29.0    28.8    27.6    26.2
63828 20170628  2.422  -84.47   31.31    30.5    20.1    25.3    24.6    11.4    21.19 C    44.7    20.0    27.7    94.4    54.8    79.9   0.133   0.121   0.125   0.153   0.223    28.8    28.7    28.5    27.5    26.3
63828 20170629  2.422  -84.47   31.31    29.4    22.5    26.0    24.4    13.0    11.75 C    36.8    22.6    25.8    93.7    68.4    88.3   0.167   0.144   0.139   0.152   0.222    28.1    28.2    28.2    27.4    26.3
63828 20170630  2.422  -84.47   31.31    32.1    22.4    27.2    25.6     3.5    17.48 C    42.2    22.4    27.4    94.6    58.6    84.7   0.163   0.140   0.143   0.164   0.222    28.8    28.6    28.3    27.3    26.3
63828 20170701  2.422  -84.47   31.31    32.8    22.2    27.5    27.0     0.0    25.24 C    42.7    22.2    29.4    94.5    46.4    77.1   0.154   0.134   0.138   0.161   0.224    29.8    29.4    28.9    27.5    26.3
63828 20170702  2.422  -84.47   31.31    32.2    22.5    27.3    27.3     0.0    24.88 C    42.9    22.1    29.9    93.8    52.4    77.6   0.139   0.126   0.132   0.158   0.226    30.4    30.0    29.5    28.0    26.4
63828 20170703  2.422  -84.47   31.31    32.9    22.2    27.6    27.1     0.0    26.33 C    44.8    21.7    30.0    94.7    49.6    77.0   0.125   0.120   0.127   0.155   0.226    30.8    30.4    30.0    28.3    26.6
63828 20170704  2.422  -84.47   31.31    34.2    21.3    27.7    27.4     0.0    27.27 C    45.6    20.6    30.3    94.7    41.8    74.3   0.111   0.113   0.122   0.152   0.225    30.9    30.6    30.1    28.5    26.7
63828 20170705  2.422  -84.47   31.31    34.2    21.6    27.9    27.6     0.0    26.28 C    46.7    21.2    30.5    94.1    45.2    73.2   0.097   0.106   0.117   0.149   0.224    31.2    30.9    30.4    28.7    26.9
63828 20170706  2.422  -84.47   31.31    34.7    21.3    28.0    28.0     0.0    27.10 C    47.4    21.0    31.1    94.0    41.5    70.4   0.086   0.097   0.111   0.147   0.222    31.5    31.1    30.6    28.9    27.0
63828 20170707  2.422  -84.47   31.31    34.7    21.8    28.2    27.9     0.0    25.95 C    47.4    20.9    31.0    94.3    43.5    70.3   0.079   0.087   0.106   0.145   0.221    31.8    31.3    30.9    29.1    27.2
63828 20170708  2.422  -84.47   31.31    32.6    21.0    26.8    25.6     5.0    20.45 C    45.7    20.7    28.3    94.2    45.1    78.7   0.077   0.081   0.099   0.142   0.220    30.8    30.8    30.6    29.2    27.4
63828 20170709  2.422  -84.47   31.31    32.1    20.4    26.2    25.0     0.0    23.30 C    42.5    20.5    28.2    94.8    54.6    82.5   0.087   0.076   0.095   0.140   0.218    30.2    30.1    29.9    28.9    27.4
63828 20170710  2.422  -84.47   31.31    32.6    21.7    27.1    24.9     1.9    16.34 C    45.1    21.7    26.7    94.6    53.1    85.2   0.084   0.075   0.093   0.138   0.217    29.5    29.6    29.6    28.7    27.4
63828 20170711  2.422  -84.47   31.31    33.8    21.9    27.9    25.4     4.0    20.72 C    46.8    21.7    27.7    94.7    42.2    83.0   0.087   0.073   0.090   0.137   0.216    29.5    29.5    29.3    28.4    27.4
63828 20170712  2.422  -84.47   31.31    32.9    21.0    27.0    26.1    13.4    24.25 C    43.7    21.0    28.4    94.8    47.8    77.9   0.107   0.078   0.088   0.136   0.215    29.7    29.6    29.3    28.3    27.4
63828 20170713  2.422  -84.47   31.31    33.4    21.3    27.4    26.6     0.0    26.24 C    42.2    21.5    28.7    94.8    43.2    74.2   0.138   0.116   0.091   0.135   0.214    30.1    29.9    29.5    28.4    27.3
63828 20170714  2.422  -84.47   31.31    33.2    21.2    27.2    25.7     0.0    18.68 C    44.6    21.4    27.6    94.2    54.4    81.9   0.123   0.109   0.097   0.134   0.213    29.9    29.8    29.7    28.5    27.3
63828 20170715  2.422  -84.47   31.31    33.4    22.2    27.8    25.2     8.1    16.03 C    43.5    21.8    27.0    94.7    51.9    84.5   0.123   0.105   0.097   0.135   0.213    29.3    29.3    29.3    28.4    27.3
63828 20170716  2.422  -84.47   31.31    30.0    21.0    25.5    23.5    26.9     9.78 C    38.7    21.2    24.5    94.9    68.1    90.1   0.153   0.135   0.125   0.137   0.212    27.5    27.9    28.2    28.1    27.3
63828 20170717  2.422  -84.47   31.31    28.6    22.5    25.5    25.0     0.0    15.10 C    34.2    22.7    26.2    94.9    65.9    83.9   0.150   0.135   0.141   0.157   0.211    28.0    27.9    27.9    27.5    27.2
63828 20170718  2.422  -84.47   31.31    31.4    21.6    26.5    25.5     0.0    19.40 C    41.2    21.5    27.5    94.5    54.0    80.8   0.139   0.127   0.133   0.156   0.211    28.7    28.6    28.4    27.6    27.0
63828 20170719  2.422  -84.47   31.31    33.0    21.0    27.0    26.8     0.0    24.07 C    48.2    20.7    30.3    94.9    49.5    77.4   0.129   0.121   0.129   0.154   0.214    29.6    29.2    28.9    27.8    26.9
63828 20170720  2.422  -84.47   31.31    34.3    22.7    28.5    27.5     3.1    24.68 C    48.4    22.4    31.0    94.6    48.0    77.7   0.120   0.116   0.124   0.151   0.215    30.4    30.0    29.6    28.1    26.9
63828 20170721  2.422  -84.47   31.31    33.2    22.3    27.8    26.2     0.0    16.78 C    45.8    22.2    28.3    94.2    55.4    80.8   0.119   0.111   0.121   0.149   0.215    29.9    29.8    29.7    28.5    27.1
63828 20170722  2.422  -84.47   31.31    33.6    21.2    27.4    25.9     1.1    21.37 C    47.4    21.2    29.1    94.3    50.2    81.6   0.113   0.107   0.117   0.147   0.215    29.8    29.6    29.4    28.3    27.2
63828 20170723  2.422  -84.47   31.31    33.0    22.3    27.6    26.6     0.8    23.54 C    46.8    22.3    29.2    95.2    51.2    80.5   0.107   0.103   0.114   0.146   0.216    30.2    29.9    29.6    28.4    27.3
63828 20170724  2.422  -84.47   31.31    32.5    22.5    27.5    26.2     2.3    19.84 C    46.9    22.0    29.2    94.7    53.5    81.8   0.102   0.099   0.112   0.145   0.216    30.1    29.9    29.7    28.6    27.3
63828 20170725  2.422  -84.47   31.31    30.5    22.4    26.4    25.3     3.0    16.86 C    43.3    22.2    27.4    94.7    61.1    87.0   0.102   0.095   0.109   0.143   0.215    29.5    29.5    29.4    28.5    27.4
63828 20170726  2.422  -84.47   31.31    32.8    23.1    27.9    27.0     0.0    21.42 C    45.8    23.1    29.9    95.0    52.4    80.4   0.108   0.092   0.107   0.141   0.215    30.2    29.9    29.5    28.4    27.4
63828 20170727  2.422  -84.47   31.31    32.8    21.1    26.9    26.5     0.0    24.51 C    46.3    20.9    30.4    94.5    50.7    77.7   0.101   0.089   0.104   0.141   0.215    30.6    30.3    29.9    28.7    27.5
63828 20170728  2.422  -84.47   31.31    33.8    22.2    28.0    27.7     0.4    21.17 C    46.4    22.1    30.2    94.4    49.7    75.9   0.092   0.085   0.101   0.139   0.214    30.5    30.4    30.1    28.8    27.5
63828 20170729  2.422  -84.47   31.31    29.8    24.2    27.0    26.3     8.2    10.64 C    40.7    24.8    27.6    94.2    65.4    84.7   0.096   0.081   0.098   0.138   0.213    29.6    29.7    29.7    28.9    27.6
63828 20170730  2.422  -84.47   31.31    30.5    20.1    25.3    25.5     0.0    22.21 C    42.5    19.7    28.2    94.2    51.4    76.2   0.112   0.082   0.096   0.137   0.212    29.7    29.6    29.4    28.5    27.6
63828 20170731  2.422  -84.47   31.31    30.8    17.5    24.2    23.6     0.0    27.78 C    44.5    16.5    27.0    95.0    36.0    68.1   0.099   0.080   0.093   0.137   0.212    29.0    29.0    29.0    28.3    27.6
63828 20170801  2.422  -84.47   31.31    31.1    14.0    22.6    22.7     0.0    25.93 C    45.5    12.9    26.0    95.1    32.1    67.5   0.088   0.078   0.089   0.136   0.211    28.4    28.5    28.5    28.0    27.5
63828 20170802  2.422  -84.47   31.31    33.1    18.1    25.6    25.8     0.0    23.29 C    48.8    17.9    29.3    92.8    39.8    70.1   0.081   0.074   0.086   0.135   0.211    29.3    29.1    28.8    27.9    27.4
63828 20170803  2.422  -84.47   31.31    28.3    21.5    24.9    23.9    11.0     8.19 C    35.5    21.5    25.3    93.7    68.3    87.4   0.096   0.071   0.082   0.133   0.210    28.2    28.5    28.7    28.1    27.3
63828 20170804  2.422  -84.47   31.31    28.8    22.5    25.7    24.7    22.7    12.21 C    35.2    22.7    25.8    94.4    71.3    88.1   0.148   0.106   0.103   0.132   0.209    28.0    28.1    28.1    27.8    27.3
63828 20170805  2.422  -84.47   31.31    30.8    22.7    26.7    25.6     6.4    18.27 C    40.0    23.0    27.8    94.4    63.5    83.9   0.159   0.143   0.146   0.136   0.209    28.9    28.7    28.4    27.7    27.2
63828 20170806  2.422  -84.47   31.31    31.7    21.9    26.8    26.8     0.0    22.96 C    42.0    21.5    29.1    94.8    49.6    76.5   0.140   0.129   0.136   0.147   0.208    29.5    29.3    29.0    27.9    27.1
63828 20170807  2.422  -84.47   31.31    33.2    22.2    27.7    26.7     0.0    23.06 C    44.8    22.0    29.4    94.3    51.2    78.8   0.128   0.121   0.129   0.148   0.208    30.0    29.8    29.5    28.2    27.2
63828 20170808  2.422  -84.47   31.31    30.3    21.3    25.8    25.9     0.0    15.12 C    40.6    20.7    27.6    95.1    60.2    82.5   0.118   0.116   0.124   0.147   0.209    29.2    29.3    29.2    28.3    27.3
63828 20170809  2.422  -84.47   31.31    31.0    22.7    26.9    25.8     0.0    14.83 C    44.4    22.2    27.7    94.5    64.3    83.2   0.111   0.112   0.120   0.145   0.210    29.1    29.0    29.0    28.2    27.4
63828 20170810  2.422  -84.47   31.31    32.6    21.3    27.0    25.8    23.0    20.03 C    45.8    20.8    28.6    94.9    50.1    81.6   0.116   0.113   0.121   0.144   0.210    29.2    29.1    29.0    28.1    27.3
63828 20170811  2.422  -84.47   31.31    32.8    22.3    27.5    26.5     0.3    23.61 C    42.4    22.5    29.3    95.3    52.6    80.5   0.148   0.129   0.134   0.148   0.210    29.8    29.5    29.2    28.2    27.3
63828 20170812  2.422  -84.47   31.31    32.6    22.2    27.4    27.0     0.0    22.48 C    43.0    22.4    29.6    94.9    56.0    79.8   0.131   0.121   0.128   0.148   0.211    30.1    29.8    29.5    28.4    27.4
63828 20170813  2.422  -84.47   31.31    33.4    23.9    28.6    27.2    25.9    19.12 C    44.5    23.6    29.7    94.8    54.6    82.1   0.134   0.125   0.130   0.148   0.213    30.2    30.0    29.8    28.6    27.5
63828 20170814  2.422  -84.47   31.31    33.3    23.1    28.2    25.7     4.1    13.96 C    41.8    23.4    27.2    94.9    58.2    87.7   0.162   0.139   0.142   0.160   0.216    29.4    29.5    29.4    28.6    27.6
63828 20170815  2.422  -84.47   31.31    32.4    21.6    27.0    26.2     0.0    19.05 C    45.6    21.8    28.6    94.8    56.6    82.6   0.155   0.135   0.139   0.157   0.219    29.5    29.4    29.2    28.4    27.6
63828 20170816  2.422  -84.47   31.31    33.6    21.6    27.6    27.0     0.0    22.09 C    47.1    21.6    30.2    94.8    51.1    79.5   0.143   0.128   0.133   0.155   0.221    30.0    29.7    29.5    28.5    27.6
63828 20170817  2.422  -84.47   31.31    33.8    23.2    28.5    27.7     0.0    19.98 C    48.6    22.8    30.6    94.7    49.4    78.6   0.132   0.123   0.129   0.152   0.221    30.4    30.2    29.9    28.7    27.6
63828 20170818  2.422  -84.47   31.31    34.4    22.1    28.3    27.6     0.0    21.61 C    48.5    21.6    30.5    94.9    46.3    77.7   0.123   0.117   0.125   0.150   0.222    30.4    30.2    29.9    28.8    27.7
63828 20170819  2.422  -84.47   31.31    33.6    21.2    27.4    26.9     0.0    24.57 C    48.8    20.5    30.4    95.1    39.6    74.0   0.114   0.112   0.121   0.149   0.221    30.5    30.2    30.0    28.9    27.8
63828 20170820  2.422  -84.47   31.31    34.5    20.1    27.3    27.1     0.0    21.24 C    48.5    19.7    30.1    94.7    38.8    72.1   0.103   0.106   0.117   0.147   0.220    30.3    30.0    29.9    28.9    27.8
63828 20170821  2.422  -84.47   31.31    32.8    22.1    27.5    27.3     0.0    18.84 C    47.4    21.6    30.1    94.0    51.3    74.9   0.095   0.100   0.112   0.144   0.219    30.3    30.2    30.0    29.0    27.9
63828 20170822  2.422  -84.47   31.31    34.0    21.3    27.6    26.6     1.6    20.44 C    49.6    21.0    30.0    94.7    44.7    78.9   0.089   0.093   0.108   0.143   0.219    30.3    30.1    29.9    28.9    27.9
63828 20170823  2.422  -84.47   31.31    34.1    22.4    28.3    26.7     0.0    19.72 C    48.6    22.3    29.3    94.9    45.5    80.5   0.086   0.088   0.103   0.141   0.218    30.1    30.0    29.8    28.9    27.9
63828 20170824  2.422  -84.47   31.31    34.1    20.9    27.5    27.1     0.0    22.16 C    48.9    20.8    30.5    94.6    33.8    71.4   0.083   0.083   0.099   0.140   0.217    30.2    30.0    29.8    28.9    27.9
63828 20170825  2.422  -84.47   31.31    34.4    19.7    27.0    27.0     0.0    20.27 C    50.4    19.8    30.3    93.4    44.6    71.5   0.080   0.078   0.094   0.138   0.217    30.1    29.9    29.7    28.8    27.9
63828 20170826  2.422  -84.47   31.31    32.2    23.1    27.7    26.4     0.0    12.73 C    47.3    22.3    28.8    92.2    52.5    77.3   0.078   0.074   0.090   0.137   0.215    29.8    29.8    29.7    28.9    27.9
63828 20170827  2.422  -84.47   31.31    32.0    20.5    26.2    26.1     0.0    16.29 C    46.0    19.6    28.1    93.3    45.8    70.2   0.076   0.072   0.086   0.136   0.214    29.2    29.2    29.2    28.6    27.9
63828 20170828  2.422  -84.47   31.31    31.0    21.0    26.0    25.1     0.0    21.43 C    48.5    19.7    29.0    82.2    42.5    60.6   0.074   0.069   0.082   0.134   0.213    29.3    29.1    29.0    28.4    27.9
63828 20170829  2.422  -84.47   31.31    30.7    17.9    24.3    23.8     2.3    14.28 C    48.4    17.7    26.6    94.4    50.6    78.5   0.072   0.067   0.079   0.133   0.212    28.6    28.7    28.8    28.3    27.8
63828 20170830  2.422  -84.47   31.31    31.2    22.0    26.6    24.3     6.4    10.29 C    38.4    22.5    25.7    94.8    63.6    89.9   0.095   0.066   0.078   0.132   0.211    28.3    28.4    28.5    28.1    27.7
63828 20170831  2.422  -84.47   31.31    31.8    21.9    26.9    24.5    16.2     9.74 C    40.3    22.2    25.5    94.1    55.5    88.9   0.143   0.095   0.084   0.131   0.211    27.7    27.9    28.0    27.8    27.5
63828 20170901  2.422  -84.47   31.31    30.7    21.7    26.2    25.6     1.6    16.48 C    41.0    21.6    27.1    93.7    57.1    81.4   0.149   0.129   0.103   0.131   0.211    28.0    28.0    27.9    27.6    27.4
63828 20170902  2.422  -84.47   31.31    30.9    20.8    25.8    25.0     0.0    17.42 C    43.4    20.9    27.5    94.6    51.2    80.0   0.139   0.123   0.107   0.133   0.210    28.6    28.5    28.4    27.8    27.3
63828 20170903  2.422  -84.47   31.31    32.2    19.3    25.7    24.7     0.0    20.85 C    47.2    19.5    27.9    94.9    47.7    79.4   0.128   0.116   0.106   0.133   0.209    28.5    28.3    28.3    27.7    27.3
63828 20170904  2.422  -84.47   31.31    32.7    20.4    26.6    25.7     0.0    22.99 C    45.6    20.2    29.0    94.5    41.6    74.8   0.118   0.110   0.104   0.132   0.208    29.0    28.8    28.6    27.8    27.3
63828 20170905  2.422  -84.47   31.31    31.8    20.3    26.0    25.6     0.0    20.36 C    43.7    20.1    28.2    94.5    43.7    74.1   0.107   0.105   0.102   0.131   0.209    28.8    28.7    28.6    27.9    27.3
63828 20170906  2.422  -84.47   31.31    29.3    17.3    23.3    23.1     0.0    15.05 C    44.8    16.9    25.9    94.1    54.8    77.4   0.099   0.099   0.099   0.132   0.208    28.1    28.2    28.2    27.9    27.3
63828 20170907  2.422  -84.47   31.31    28.2    11.6    19.9    19.5     0.0    22.30 C    42.8    11.4    23.3    93.3    28.5    66.2   0.091   0.093   0.096   0.133   0.208    26.8    27.0    27.3    27.4    27.2
63828 20170908  2.422  -84.47   31.31    30.0    13.7    21.8    21.8     0.0    22.10 C    44.0    13.8    25.3    93.6    36.4    65.2   0.084   0.087   0.091   0.132   0.206    26.9    26.8    27.0    26.9    27.0
63828 20170909  2.422  -84.47   31.31    28.9    14.2    21.5    22.0     0.0    18.25 C    44.4    12.9    24.8    90.1    35.3    58.9   0.079   0.081   0.087   0.131   0.205    26.5    26.6    26.8    26.8    26.8
63828 20170910  2.422  -84.47   31.31    22.9    15.2    19.1    18.3     5.1     4.10 C    24.4    16.0    19.2    89.1    46.3    72.1   0.076   0.076   0.083   0.129   0.205    24.5    25.2    25.9    26.5    26.7
63828 20170911  2.422  -84.47   31.31    17.6    15.1    16.4    16.2    58.1     2.38 C    19.0    15.6    16.8    93.1    88.7    91.7   0.171   0.148   0.138   0.156   0.205    20.9    21.8    22.9    25.0    26.5
63828 20170912  2.422  -84.47   31.31    28.3    15.5    21.9    19.9     0.6    17.98 C    35.7    15.8    21.4    92.9    37.5    75.7   0.152   0.137   0.141   0.178   0.210    22.9    22.9    23.0    23.7    25.9
63828 20170913  2.422  -84.47   31.31    29.2    15.5    22.4    22.0     0.0    17.54 C    42.0    14.9    23.7    95.2    51.8    79.6   0.138   0.126   0.133   0.171   0.225    24.1    24.1    24.1    24.0    25.4
63828 20170914  2.422  -84.47   31.31    30.3    16.1    23.2    22.8     0.0    19.80 C    42.9    15.3    25.0    95.7    45.9    79.9   0.130   0.121   0.128   0.165   0.228    25.0    24.9    24.8    24.5    25.3
63828 20170915  2.422  -84.47   31.31    30.8    18.5    24.7    24.2     0.0    15.39 C    42.7    18.2    26.0    95.2    52.0    79.8   0.122   0.117   0.125   0.162   0.227    25.7    25.6    25.4    24.9    25.3
63828 20170916  2.422  -84.47   31.31    32.3    20.7    26.5    24.5     0.0    13.98 C    45.0    20.0    26.4    94.8    52.4    84.3   0.116   0.113   0.121   0.159   0.227    26.3    26.2    26.0    25.2    25.3
63828 20170917  2.422  -84.47   31.31    32.1    18.9    25.5    24.3     0.0    21.03 C    44.6    17.9    26.8    95.5    40.4    76.3   0.109   0.110   0.118   0.157   0.226    26.6    26.4    26.2    25.6    25.4
63828 20170918  2.422  -84.47   31.31    32.6    16.9    24.8    24.2     0.0    21.67 C    44.9    15.9    26.9    95.7    38.4    75.2   0.100   0.104   0.115   0.154   0.225    26.6    26.4    26.3    25.7    25.4
63828 20170919  2.422  -84.47   31.31    32.9    18.9    25.9    25.0     0.0    16.88 C    45.0    18.0    27.2    95.5    45.8    78.5   0.093   0.099   0.111   0.153   0.223    27.0    26.8    26.6    25.9    25.5
63828 20170920  2.422  -84.47   31.31    32.2    21.0    26.6    25.8     0.0    18.55 C    45.3    20.1    28.7    94.4    51.0    78.7   0.087   0.094   0.107   0.150   0.222    27.7    27.4    27.1    26.2    25.6
63828 20170921  2.422  -84.47   31.31    32.4    20.3    26.3    25.4     0.0    18.89 C    46.2    19.4    28.1    94.9    48.1    78.5   0.083   0.088   0.103   0.148   0.221    28.0    27.7    27.4    26.5    25.7
63828 20170922  2.422  -84.47   31.31    32.2    18.0    25.1    24.2     0.0    19.61 C    43.9    17.5    26.7    95.2    43.6    76.3   0.079   0.082   0.098   0.147   0.220    27.4    27.3    27.3    26.5    25.9
63828 20170923  2.422  -84.47   31.31    32.2    18.0    25.1    24.3     0.0    19.70 C    44.3    16.8    26.6    95.3    40.4    72.7   0.077   0.078   0.093   0.144   0.218    27.2    27.1    27.1    26.5    26.0
63828 20170924  2.422  -84.47   31.31    30.7    18.7    24.7    23.5     0.0    16.82 C    43.9    17.0    25.5    94.9    43.6    75.8   0.075   0.074   0.088   0.142   0.217    26.9    26.9    26.9    26.4    26.0
63828 20170925  2.422  -84.47   31.31    31.8    17.8    24.8    23.8     0.0    17.19 C    45.1    16.9    26.0    94.1    42.8    74.3   0.073   0.070   0.084   0.140   0.215    26.8    26.7    26.7    26.3    26.0
63828 20170926  2.422  -84.47   31.31    32.4    15.8    24.1    23.1     0.0    19.76 C    45.7    15.2    25.9    95.2    38.2    73.9   0.072   0.068   0.081   0.137   0.214    26.6    26.6    26.5    26.2    25.9
63828 20170927  2.422  -84.47   31.31    33.1    16.5    24.8    23.8     0.0    17.46 C    46.6    15.6    25.8    95.5    36.3    73.1   0.071   0.067   0.077   0.135   0.213    26.5    26.5    26.5    26.2    25.9
63828 20170928  2.422  -84.47   31.31    34.4    15.9    25.2    24.1     0.0    17.25 C    46.1    15.3    26.0    95.3    27.8    70.3   0.070   0.065   0.075   0.133   0.212    26.3    26.3    26.3    26.0    25.9
63828 20170929  2.422  -84.47   31.31    34.3    16.1    25.2    24.4     0.0    16.78 C    47.9    15.3    26.4    95.3    30.2    70.0   0.069   0.065   0.074   0.130   0.211    26.4    26.3    26.3    26.0    25.8
63828 20170930  2.422  -84.47   31.31    31.8    21.2    26.5    25.8     0.0    16.43 C    46.2    20.6    28.2    89.1    48.4    71.7   0.068   0.064   0.070   0.128   0.209    27.2    27.0    26.7    26.1    25.8
63828 20171001  2.422  -84.47   31.31    23.6    16.9    20.3    20.2     2.2     7.46 C    31.5    17.2    20.7    87.1    46.7    65.1   0.067   0.062   0.056   0.126   0.209    25.1    25.6    26.0    26.1    25.8
63828 20171002  2.422  -84.47   31.31    27.3    18.2    22.7    22.4     0.0     9.42 C    33.4    18.4    23.2    82.3    56.0    68.3   0.068   0.062   0.056   0.126   0.208    24.5    24.8    25.1    25.4    25.8
63828 20171003  2.422  -84.47   31.31    30.2    18.5    24.3    23.3     0.0    15.69 C    41.1    17.0    24.4    89.6    38.4    65.9   0.068   0.062   0.055   0.125   0.208    24.8    25.0    25.1    25.2    25.6
63828 20171004  2.422  -84.47   31.31    30.2    17.6    23.9    22.9     0.0    18.65 C    43.2    15.8    25.0    86.0    36.4    65.9   0.068   0.062   0.055   0.122   0.208    25.2    25.2    25.2    25.1    25.4
63828 20171005  2.422  -84.47   31.31    30.5    15.3    22.9    22.9     0.0    17.14 C    44.3    13.3    24.6    90.9    43.3    67.7   0.067   0.062   0.055   0.121   0.206    25.1    25.2    25.2    25.1    25.3
63828 20171006  2.422  -84.47   31.31    30.4    17.0    23.7    22.3     2.3    10.21 C    42.0    14.3    23.4    95.1    54.9    84.3   0.067   0.062   0.054   0.119   0.205    24.7    24.9    25.1    25.0    25.3
63828 20171007  2.422  -84.47   31.31    31.7    21.3    26.5    25.6     1.8    10.51 C    42.9    20.2    26.5    94.3    56.7    83.7   0.068   0.062   0.055   0.118   0.205    25.9    25.7    25.5    25.0    25.2
63828 20171008  2.422  -84.47   31.31    27.7    24.7    26.2    25.8     4.1     3.90 C    27.8    23.9    25.3    91.8    74.9    86.8   0.081   0.062   0.055   0.119   0.204    26.0    26.1    26.0    25.4    25.2
63828 20171009  2.422  -84.47   31.31    33.2    22.7    27.9    27.1     0.0    13.42 C    42.8    22.1    28.0    94.2    48.7    78.9   0.094   0.063   0.056   0.119   0.204    27.0    26.8    26.4    25.6    25.2
63828 20171010  2.422  -84.47   31.31    32.9    22.3    27.6    26.0    14.1    14.40 C    44.9    21.8    28.2    95.4    50.5    84.2   0.107   0.070   0.056   0.119   0.204    27.2    27.1    26.8    25.9    25.3
63828 20171011  2.422  -84.47   31.31    33.2    21.6    27.4    25.8     1.8    16.48 C    43.3    21.4    28.1    95.3    50.5    84.7   0.142   0.110   0.057   0.119   0.203    27.5    27.3    27.1    26.2    25.4
63828 20171012  2.422  -84.47   31.31    32.6    23.0    27.8    25.4     2.3    12.52 C    42.9    23.1    27.2    95.7    52.4    86.4   0.139   0.108   0.061   0.120   0.203    27.6    27.5    27.3    26.4    25.6
63828 20171013  2.422  -84.47   31.31    31.8    20.0    25.9    25.3     0.0    16.98 C    41.3    20.1    27.1    95.2    42.7    73.6   0.135   0.109   0.067   0.120   0.203    27.0    27.0    27.0    26.4    25.7
63828 20171014  2.422  -84.47   31.31    29.0    20.8    24.9    24.0     0.0     9.82 C    37.2    19.9    25.0    93.1    54.0    79.1   0.125   0.105   0.070   0.119   0.203    26.2    26.4    26.6    26.3    25.7
63828 20171015  2.422  -84.47   31.31    30.6    18.9    24.7    23.1     0.0    13.35 C    42.5    18.1    24.9    95.1    49.4    82.7   0.118   0.102   0.071   0.119   0.202    25.7    25.8    26.0    25.9    25.7
63828 20171016  2.422  -84.47   31.31    29.0    13.7    21.4    21.1     0.0    12.89 C    39.7    12.7    23.1    95.1    60.1    79.7   0.110   0.098   0.072   0.119   0.201    25.1    25.4    25.7    25.7    25.6
63828 20171017  2.422  -84.47   31.31    23.4     6.9    15.2    16.3     0.0    19.17 C    31.4     5.9    17.7    88.7    28.4    54.6   0.103   0.093   0.070   0.118   0.202    22.8    23.5    24.1    25.0    25.5
63828 20171018  2.422  -84.47   31.31    25.7     5.4    15.5    15.2     0.0    18.54 C    38.2     4.2    17.5    93.2    41.5    68.5   0.096   0.089   0.067   0.118   0.201    21.2    21.8    22.5    24.0    25.3
63828 20171019  2.422  -84.47   31.31    28.3     8.4    18.3    17.1     0.0    18.27 C    40.0     7.9    19.2    92.2    34.0    68.5   0.090   0.085   0.065   0.117   0.201    21.4    21.8    22.3    23.4    24.9
63828 20171020  2.422  -84.47   31.31    29.1     9.3    19.2    17.9     0.0    18.07 C    40.8     7.8    19.6    95.8    24.2    65.6   0.085   0.081   0.064   0.116   0.200    21.3    21.7    22.1    23.0    24.5
63828 20171021  2.422  -84.47   31.31    28.8    12.8    20.8    20.7     0.0    13.01 C    38.7    11.7    21.6    92.8    39.9    69.2   0.081   0.078   0.062   0.116   0.200    21.9    22.1    22.3    22.9    24.3
63828 20171022  2.422  -84.47   31.31    30.7    16.8    23.7    23.5     2.3    14.29 C    37.7    15.7    24.6    94.1    43.4    72.4   0.079   0.074   0.061   0.115   0.199    23.0    23.0    22.9    23.0    24.0
63828 20171023  2.422  -84.47   31.31    27.2    12.3    19.7    21.1    18.0    11.25 C    33.6    11.2    21.9    93.6    44.4    80.7   0.155   0.114   0.073   0.116   0.199    23.6    23.7    23.7    23.5    24.0
63828 20171024  2.422  -84.47   31.31    23.7     8.7    16.2    15.2     0.0    17.64 C    31.0     7.2    16.9    95.6    29.0    67.5   0.137   0.119   0.088   0.115   0.198    20.8    21.4    22.1    23.1    24.0
63828 20171025  2.422  -84.47   31.31    19.3     4.2    11.7    10.8     0.0    17.83 C    27.0     2.6    12.5    93.8    29.5    67.4   0.126   0.113   0.090   0.114   0.198    18.6    19.4    20.3    22.1    23.8
63828 20171026  2.422  -84.47   31.31    23.2     2.0    12.6    11.6     0.0    17.54 C    31.5     0.9    13.7    94.0    22.9    64.8   0.120   0.109   0.089   0.114   0.198    17.5    18.2    19.0    21.0    23.4
63828 20171027  2.422  -84.47   31.31    24.9     4.6    14.7    13.9     0.0    17.03 C    31.8     3.6    15.4    95.3    28.9    67.7   0.113   0.105   0.087   0.113   0.198    17.8    18.3    18.8    20.5    23.0
63828 20171028  2.422  -84.47   31.31    27.1     9.0    18.0    16.4     9.9    10.02 C    32.4     8.4    17.2    95.2    51.6    80.2   0.120   0.107   0.086   0.113   0.197    18.5    18.9    19.2    20.3    22.6
63828 20171029  2.422  -84.47   31.31    13.2     2.8     8.0     7.4     0.0    16.93 C    19.4     1.2     8.9    91.5    39.0    68.9   0.138   0.115   0.093   0.113   0.197    16.8    17.7    18.5    20.2    22.3
63828 20171030  2.422  -84.47   31.31    20.6     0.3    10.5     9.0     0.0    16.84 C    28.3    -0.9    11.0    95.1    25.3    69.2   0.127   0.111   0.090   0.113   0.197    15.3    16.1    16.9    19.1    22.0
63828 20171031  2.422  -84.47   31.31    24.4     2.3    13.4    12.0     0.0    16.51 C    33.1     1.4    14.2    95.4    28.5    72.3   0.121   0.108   0.089   0.113   0.196    15.8    16.3    16.8    18.6    21.6
63828 20171101  2.422  -84.47   31.31    24.8     4.3    14.5    13.7     0.0    15.90 C    31.8     3.3    15.1    95.9    29.9    71.6   0.115   0.105   0.087   0.112   0.196    16.4    16.7    17.1    18.6    21.3
63828 20171102  2.422  -84.47   31.31    27.3     8.6    17.9    16.9     0.0    15.40 C    35.0     7.8    18.8    94.8    35.9    73.1   0.110   0.103   0.085   0.113   0.195    17.6    17.8    17.9    18.7    21.0
63828 20171103  2.422  -84.47   31.31    28.2    10.0    19.1    18.1     0.0    15.13 C    35.7     9.2    20.1    95.8    41.1    77.3   0.105   0.102   0.084   0.113   0.194    18.6    18.6    18.7    19.1    20.9
63828 20171104  2.422  -84.47   31.31    29.2    12.0    20.6    19.3     0.0    14.31 C    37.0    11.2    21.1    95.9    40.9    77.7   0.101   0.098   0.083   0.112   0.195    19.4    19.4    19.3    19.5    20.9
63828 20171105  2.422  -84.47   31.31    28.9    12.2    20.6    19.2     0.0    13.54 C    37.1    11.6    20.9    95.9    41.2    77.6   0.097   0.095   0.081   0.114   0.194    19.8    19.9    19.8    20.0    20.9
63828 20171106  2.422  -84.47   31.31    28.8    11.2    20.0    18.8     0.0    15.03 C    36.6    10.4    20.6    95.9    36.9    75.3   0.094   0.093   0.079   0.114   0.195    19.8    19.9    19.9    20.2    21.0
63828 20171107  2.422  -84.47   31.31    28.7    12.8    20.7    19.4     0.0    10.19 C    35.5    11.9    20.5    95.8    49.3    81.6   0.091   0.091   0.077   0.114   0.194    19.9    20.1    20.1    20.3    21.1
63828 20171108  2.422  -84.47   31.31    26.5    15.3    20.9    20.0     0.0     8.45 C    33.8    14.7    20.8    95.6    58.8    84.9   0.089   0.088   0.076   0.114   0.194    20.3    20.4    20.4    20.5    21.1
63828 20171109  2.422  -84.47   31.31    18.9    10.8    14.8    15.4     9.1     2.05 C    18.6    10.5    15.5    95.2    85.6    92.1   0.115   0.091   0.074   0.115   0.194    19.5    20.0    20.3    20.6    21.2
63828 20171110  2.422  -84.47   31.31    19.9     6.6    13.2    12.1     0.0    15.39 C    26.6     5.5    13.6    96.2    45.9    82.2   0.134   0.101   0.073   0.114   0.194    17.7    18.3    18.9    20.0    21.2
63828 20171111  2.422  -84.47   31.31    16.1     5.2    10.7    10.7     0.0     7.10 C    22.4     3.7    11.1    96.2    63.8    83.1   0.125   0.100   0.073   0.113   0.194    15.8    16.6    17.4    19.2    21.1
63828 20171112  2.422  -84.47   31.31    20.7     9.9    15.3    14.5     0.0    12.40 C    28.0     9.7    16.5    83.3    54.8    68.4   0.121   0.100   0.074   0.113   0.194    17.3    17.5    17.8    18.7    20.8
63828 20171113  2.422  -84.47   31.31    23.6     7.3    15.4    14.4     0.0    12.77 C    31.9     5.9    15.9    95.6    45.3    74.8   0.115   0.098   0.074   0.114   0.193    17.9    18.1    18.3    18.9    20.6
63828 20171114  2.422  -84.47   31.31    20.2     4.8    12.5    11.4     0.0    15.23 C    27.2     3.1    12.4    96.4    38.2    74.0   0.110   0.096   0.074   0.113   0.193    16.0    16.7    17.3    18.7    20.5
63828 20171115  2.422  -84.47   31.31    17.0     2.5     9.7     9.0     0.0    14.05 C    24.7     1.1    10.2    94.7    40.5    73.3   0.106   0.094   0.073   0.113   0.193    14.9    15.7    16.4    18.1    20.3
63828 20171116  2.422  -84.47   31.31    22.1     1.9    12.0    10.8     0.0    14.33 C    29.5     0.9    12.3    96.3    40.2    77.4   0.103   0.093   0.072   0.114   0.193    14.7    15.3    15.8    17.5    20.0
63828 20171117  2.422  -84.47   31.31    21.9     3.1    12.5    11.0     0.0    14.58 C    29.2     1.4    12.5    96.8    32.0    74.8   0.099   0.090   0.072   0.112   0.192    14.7    15.2    15.7    17.3    19.7
63828 20171118  2.422  -84.47   31.31    24.6     4.8    14.7    15.6     0.0    13.37 C    30.3     3.7    16.5    96.0    45.1    74.2   0.096   0.089   0.071   0.113   0.191    15.5    15.7    15.9    17.1    19.4
63828 20171119  2.422  -84.47   31.31    20.5     3.8    12.1    12.6     1.5    14.93 C    24.3     1.7    13.8    90.7    30.6    64.1   0.094   0.088   0.071   0.113   0.192    16.4    16.8    17.0    17.6    19.3
63828 20171120  2.422  -84.47   31.31    18.4    -2.9     7.8     7.5     0.0    13.04 C    25.8    -4.6     8.4    94.8    30.1    69.8   0.091   0.085   0.070   0.112   0.192    13.4    14.3    15.1    17.1    19.2
63828 20171121  2.422  -84.47   31.31    21.6     5.8    13.7    13.7     6.0     4.95 C    24.8     5.3    14.0    96.0    60.8    83.0   0.100   0.086   0.070   0.112   0.192    14.7    15.1    15.3    16.7    19.1
63828 20171122  2.422  -84.47   31.31    21.4    11.4    16.4    15.7     0.0     8.24 C    28.0    10.6    16.8    96.2    57.6    80.5   0.124   0.093   0.070   0.112   0.191    16.3    16.4    16.4    16.9    18.8
63828 20171123  2.422  -84.47   31.31    19.7    11.2    15.5    14.6     0.0     7.52 C    26.0    10.8    15.6    83.6    61.5    70.5   0.118   0.093   0.070   0.112   0.191    16.6    16.8    16.9    17.3    18.8
63828 20171124  2.422  -84.47   31.31    20.2     4.0    12.1    10.9     0.0    14.28 C    27.9     2.7    12.5    96.0    36.2    74.8   0.112   0.091   0.070   0.113   0.191    15.2    15.9    16.4    17.3    18.9
63828 20171125  2.422  -84.47   31.31    19.1     1.6    10.3    10.2     0.0     7.03 C    23.9     0.8    10.6    96.0    47.9    79.9   0.108   0.090   0.069   0.112   0.191    14.0    14.6    15.2    16.8    18.8
63828 20171126  2.422  -84.47   31.31    21.4     3.0    12.2    10.6     0.0    13.99 C    28.7     0.7    11.7    96.3    24.0    67.9   0.106   0.090   0.070   0.113   0.191    14.0    14.6    15.2    16.4    18.6
63828 20171127  2.422  -84.47   31.31    20.5    -1.7     9.4     7.4     0.0    14.44 C    28.2    -3.3     8.8    94.4    14.8    64.5   0.102   0.088   0.069   0.112   0.192    12.5    13.3    14.1    16.0    18.4
63828 20171128  2.422  -84.47   31.31    25.1     0.5    12.8    11.7     0.0    13.48 C    31.6    -0.8    12.9    94.6    41.6    75.8   0.101   0.088   0.068   0.111   0.191    13.1    13.5    13.9    15.5    18.2
63828 20171129  2.422  -84.47   31.31    25.2     8.9    17.0    14.9     0.0     9.63 C    31.9     7.8    16.3    96.0    44.8    84.9   0.100   0.088   0.070   0.112   0.190    15.0    15.1    15.1    15.8    17.9
63828 20171130  2.422  -84.47   31.31    26.5     7.7    17.1    16.4     0.0    12.71 C    33.4     6.8    18.0    96.1    35.7    74.4   0.098   0.087   0.071   0.113   0.190    15.6    15.7    15.7    16.2    17.8
63828 20171201  2.422  -84.47   31.31    26.2    10.5    18.3    18.1     0.0    10.01 C    33.2     9.1    19.3    95.0    43.3    74.8   0.097   0.087   0.070   0.113   0.190    17.1    17.1    16.9    16.8    17.9
63828 20171202  2.422  -84.47   31.31    25.2     8.1    16.6    14.2     0.0    11.56 C    32.8     7.3    15.5    96.3    42.6    80.9   0.094   0.086   0.070   0.113   0.190    16.1    16.4    16.6    17.1    18.1
63828 20171203  2.422  -84.47   31.31    16.8     8.6    12.7    13.2     0.0     2.61 C    18.1     7.1    13.5    96.1    80.5    90.6   0.093   0.085   0.069   0.113   0.190    15.6    16.0    16.2    17.0    18.2
63828 20171204  2.422  -84.47   31.31    22.7    12.2    17.5    16.9     0.0     9.35 C    29.0    11.1    18.0    94.9    52.8    75.7   0.093   0.085   0.069   0.113   0.191    17.0    17.0    16.9    17.0    18.2
63828 20171205  2.422  -84.47   31.31    26.4     9.4    17.9    18.4     0.0    11.01 C    31.1     8.5    19.1    96.2    49.8    77.1   0.091   0.084   0.070   0.113   0.190    17.1    17.1    17.1    17.3    18.2
63828 20171206  2.422  -84.47   31.31    20.5     5.2    12.8    12.4     4.7     1.65 C    20.2     5.5    12.6    94.2    79.1    89.3   0.094   0.083   0.070   0.114   0.191    17.0    17.5    17.6    17.7    18.3
63828 20171207  2.422  -84.47   31.31     8.7     5.1     6.9     6.6     7.4     1.50 C     9.8     5.4     6.9    93.4    69.9    85.8   0.135   0.085   0.067   0.113   0.191    13.8    14.8    15.6    17.1    18.4
63828 20171208  2.422  -84.47   31.31     5.9     4.9     5.4     5.4    34.6     0.91 C     6.4     4.9     5.6    94.5    92.5    93.8   0.173   0.150   0.112   0.117   0.191    11.9    12.9    13.9    16.0    18.2
63828 20171209  2.422  -84.47   31.31     8.8    -2.5     3.1     3.6     0.0     8.89 C    14.9    -3.9     4.4    94.1    35.7    78.4   0.150   0.135   0.122   0.154   0.190    11.1    12.0    12.9    14.8    17.9
63828 20171210  2.422  -84.47   31.31    11.1    -3.9     3.6     1.9     0.0    13.94 C    17.7    -6.1     3.0    94.1    29.0    72.9   0.139   0.125   0.114   0.158   0.190     9.2    10.3    11.3    13.9    17.4
63828 20171211  2.422  -84.47   31.31    17.4    -4.2     6.6     5.9     0.0    13.35 C    23.9    -5.5     6.7    93.8    30.9    68.6   0.135   0.121   0.109   0.154   0.189     9.2    10.0    10.8    13.1    16.8
63828 20171212  2.422  -84.47   31.31    16.0     1.5     8.8     8.4     0.0    13.19 C    21.8     0.1     8.7    94.9    31.2    68.5   0.132   0.118   0.108   0.152   0.192     9.9    10.6    11.1    12.9    16.3
63828 20171213  2.422  -84.47   31.31    12.9    -2.6     5.1     5.2     0.0    13.44 C    19.7    -4.2     6.4    89.1    18.1    55.2   0.129   0.116   0.106   0.150   0.195     9.2    10.0    10.7    12.7    16.0
63828 20171214  2.422  -84.47   31.31    17.3     0.1     8.7     7.7     0.0    11.06 C    24.5    -0.9     8.4    95.7    33.5    71.7   0.126   0.115   0.104   0.149   0.197     9.7    10.3    10.7    12.5    15.7
63828 20171215  2.422  -84.47   31.31    12.0     0.7     6.4     7.0     0.0     3.00 C    14.0    -0.6     7.0    95.7    50.7    73.0   0.124   0.113   0.103   0.148   0.199    10.0    10.6    11.0    12.5    15.4
63828 20171216  2.422  -84.47   31.31    15.6    -1.5     7.0     5.9     0.0    12.80 C    22.9    -2.5     7.6    92.0    25.4    63.7   0.122   0.111   0.102   0.147   0.200     9.9    10.5    11.0    12.4    15.3
63828 20171217  2.422  -84.47   31.31    25.0     1.6    13.3    13.5     0.0    11.26 C    29.7     1.0    14.2    91.8    46.4    72.9   0.121   0.111   0.102   0.147   0.201    11.3    11.4    11.4    12.5    15.1
63828 20171218  2.422  -84.47   31.31    22.2    14.6    18.4    18.5     1.2     3.03 C    23.6    13.5    18.4    95.7    87.8    93.1   0.123   0.112   0.102   0.146   0.202    14.6    14.3    13.8    13.5    15.1
63828 20171219  2.422  -84.47   31.31    21.5    14.4    17.9    17.2     0.0     2.64 C    23.1    13.6    17.2    96.0    82.6    93.6   0.124   0.112   0.101   0.145   0.203    15.3    15.2    14.9    14.5    15.3
63828 20171220  2.422  -84.47   31.31    24.5    15.4    19.9    20.4     1.2     4.98 C    26.9    15.1    20.3    96.0    67.2    86.4   0.126   0.112   0.102   0.145   0.204    16.6    16.3    15.9    15.2    15.7
63828 20171221  2.422  -84.47   31.31    21.5     9.5    15.5    15.5     0.0    10.02 C    28.9     8.2    16.6    96.2    58.0    87.3   0.130   0.112   0.101   0.145   0.205    16.4    16.5    16.4    15.9    16.0
63828 20171222  2.422  -84.47   31.31    21.3    13.3    17.3    16.1     0.0     7.14 C    27.1    11.8    16.7    96.1    60.5    86.2   0.129   0.112   0.101   0.144   0.206    16.1    16.2    16.1    16.0    16.3
63828 20171223  2.422  -84.47   31.31    25.4    13.8    19.6    19.4     0.7     6.15 C    29.1    12.3    19.2    92.9    62.0    81.8   0.127   0.111   0.100   0.144   0.206    16.5    16.4    16.3    16.1    16.5
63828 20171224  2.422  -84.47   31.31    20.7     8.9    14.8    14.6     0.0     7.70 C    25.0     7.3    15.3    91.8    47.5    78.8   0.128   0.111   0.100   0.144   0.206    16.8    17.0    17.0    16.6    16.7
63828 20171225  2.422  -84.47   31.31    11.6    -0.2     5.7     6.0     0.0    13.33 C    18.9    -2.0     7.3    84.1    27.9    59.0   0.124   0.109   0.098   0.143   0.207    13.2    14.2    15.0    16.1    16.9
63828 20171226  2.422  -84.47   31.31    15.6    -2.6     6.5     6.4     0.0    12.43 C    23.1    -3.6     7.9    83.1    42.5    63.3   0.121   0.108   0.097   0.142   0.207    11.4    12.2    13.0    14.9    16.8
63828 20171227  2.422  -84.47   31.31    10.4     7.4     8.9     8.5    11.1     1.86 C    10.7     7.3     8.8    94.7    59.4    87.9   0.150   0.125   0.103   0.141   0.207    12.3    12.9    13.2    14.4    16.5
63828 20171228  2.422  -84.47   31.31     7.8     5.5     6.7     6.8     1.1     1.36 C     9.4     5.3     7.0    91.2    64.7    81.4   0.153   0.136   0.119   0.141   0.206    11.8    12.4    13.0    14.2    16.3
63828 20171229  2.422  -84.47   31.31    13.1     0.4     6.7     6.0     0.0    12.57 C    20.1    -0.9     7.7    96.2    45.7    76.3   0.147   0.131   0.116   0.142   0.206    11.6    12.2    12.6    13.8    16.0
63828 20171230  2.422  -84.47   31.31    15.2    -0.7     7.2     6.0     0.0    11.35 C    21.3    -1.5     7.2    96.6    37.6    79.9   0.141   0.126   0.114   0.145   0.205    10.7    11.3    11.9    13.4    15.8
63828 20171231  2.422  -84.47   31.31     7.7     3.2     5.5     5.7     6.6     1.90 C     9.0     1.8     5.9    94.5    63.1    87.7   0.149   0.131   0.115   0.144   0.205    10.5    11.2    11.7    13.2    15.6
