63855 20170101  2.422  -85.13   36.01    11.1     4.1     7.6     7.7     8.8     1.85 C    12.0     4.2     8.0   100.0    99.7   100.0   0.451 -99.000   0.439   0.407 -99.000     7.0     7.1     7.1 -9999.0    10.4
63855 20170102  2.422  -85.13   36.01    14.2    11.1    12.7    12.9     2.5     2.33 C    15.0    10.4    12.3   100.0    87.0    96.6 -99.000 -99.000 -99.000 -99.000 -99.000     9.5     9.3 -9999.0 -9999.0 -9999.0
63855 20170103  2.422  -85.13   36.01    14.2     6.9    10.6    12.6    18.4     3.12 C    17.2     7.2    12.6   100.0    91.6    97.5 -99.000 -99.000 -99.000 -99.000 -99.000 -9999.0    11.1 -9999.0 -9999.0 -9999.0
63855 20170104  2.422  -85.13   36.01     6.9    -5.3     0.8     0.1     0.0     8.90 C     9.8    -6.9     1.6   100.0    49.0    78.1 -99.000 -99.000 -99.000 -99.000 -99.000     8.4     9.5 -9999.0    10.6 -9999.0
63855 20170105  2.422  -85.13   36.01     1.9    -5.9    -2.0    -3.1     0.0     1.79 C     6.7    -7.6    -1.5    93.8    50.9    75.4   0.413   0.383   0.450   0.408   0.394     5.2     6.7     8.1    10.1    10.8
63855 20170106  2.422  -85.13   36.01    -4.9   -10.5    -7.7    -7.8     2.4     3.43 C    -2.8    -9.7    -6.3    99.3    76.8    85.6   0.381   0.364   0.450   0.408   0.394     3.7     5.4     6.9     9.4    10.6
63855 20170107  2.422  -85.13   36.01    -8.6   -14.0   -11.3   -11.4     0.0    12.39 C    -3.5   -18.6   -11.5    80.9    49.8    68.0   0.347   0.356   0.391   0.409   0.394     2.2     4.2     5.7     8.8    10.2
63855 20170108  2.422  -85.13   36.01    -5.2   -17.6   -11.4   -10.4     0.0    10.92 C     2.9   -21.0   -10.1    89.5    40.4    66.8   0.319   0.352   0.337   0.409   0.393     1.4     3.2     4.9     8.1     9.8
63855 20170109  2.422  -85.13   36.01     2.5    -7.5    -2.5    -1.4     0.0    10.82 C     9.9    -9.1    -1.4    69.5    30.8    42.9   0.320   0.351   0.335   0.409   0.392     1.7     3.2     4.5     7.5     9.4
63855 20170110  2.422  -85.13   36.01     9.7     1.5     5.6     5.0     3.9     2.50 C     8.6     0.8     4.6    99.4    37.9    63.5   0.322   0.352   0.337   0.409   0.391     3.4     4.1     4.8     7.3     9.1
63855 20170111  2.422  -85.13   36.01    15.0     8.8    11.9    11.7    17.6     0.87 C    12.8     8.3    10.7   100.0    84.1    96.7 -99.000   0.452 -99.000   0.410   0.390     7.4     7.0 -9999.0 -9999.0     8.9
63855 20170112  2.422  -85.13   36.01    17.2    13.4    15.3    15.1     1.3     3.18 C    17.7    10.4    13.7   100.0    77.7    89.8 -99.000 -99.000 -99.000 -99.000 -99.000    10.1     9.6 -9999.0 -9999.0 -9999.0
63855 20170113  2.422  -85.13   36.01    15.0    10.5    12.8    13.3     1.3     1.44 C    17.3    10.6    13.2   100.0    95.3    99.6 -99.000 -99.000 -99.000 -99.000 -99.000    11.0    10.7 -9999.0 -9999.0 -9999.0
63855 20170114  2.422  -85.13   36.01    18.0    12.2    15.1    14.3     1.4     6.15 C    23.8    11.4    14.4   100.0    79.0    95.3 -99.000 -99.000 -99.000 -99.000 -99.000 -9999.0    11.7 -9999.0 -9999.0 -9999.0
63855 20170115  2.422  -85.13   36.01    16.6     9.7    13.1    12.0     0.4     5.61 C    20.8     6.1    12.2   100.0    81.4    96.7 -99.000 -99.000 -99.000 -99.000 -99.000    12.4    12.3 -9999.0 -9999.0 -9999.0
63855 20170116  2.422  -85.13   36.01    16.6     7.7    12.1    12.7     0.0     4.51 C    20.1     4.8    11.7   100.0    70.6    87.6 -99.000 -99.000 -99.000 -99.000 -99.000    11.7    11.7 -9999.0 -9999.0 -9999.0
63855 20170117  2.422  -85.13   36.01    16.3    10.1    13.2    14.3    14.7     0.73 C    15.4    10.1    13.6   100.0    82.7    94.3 -99.000   0.423 -99.000 -99.000 -99.000    12.5    12.3 -9999.0 -9999.0 -9999.0
63855 20170118  2.422  -85.13   36.01    11.5     4.9     8.2     7.7     0.0     8.23 C    19.7     3.1     9.2   100.0    60.4    88.6 -99.000 -99.000 -99.000 -99.000 -99.000    11.5    11.9 -9999.0 -9999.0 -9999.0
63855 20170119  2.422  -85.13   36.01    14.7     3.8     9.3     9.7    19.3     2.54 C    16.2     2.5    10.0   100.0    83.8    95.0 -99.000 -99.000 -99.000 -99.000 -99.000    10.8    11.1 -9999.0 -9999.0 -9999.0
63855 20170120  2.422  -85.13   36.01    16.8    10.3    13.6    13.3     8.0     7.87 C    22.6     6.2    12.2   100.0    60.6    84.6 -99.000 -99.000 -99.000 -99.000 -99.000 -9999.0    11.7 -9999.0 -9999.0 -9999.0
63855 20170121  2.422  -85.13   36.01    15.0     7.1    11.1    11.5     1.1     5.22 C    19.9     4.0     9.5   100.0    65.0    89.4 -99.000 -99.000 -99.000 -99.000 -99.000 -9999.0    11.4 -9999.0 -9999.0 -9999.0
63855 20170122  2.422  -85.13   36.01    16.0     7.8    11.9    12.0    25.2     5.23 C    24.5     4.6    11.9   100.0    71.0    91.9 -99.000 -99.000 -99.000 -99.000 -99.000 -9999.0 -9999.0 -9999.0 -9999.0 -9999.0
63855 20170123  2.422  -85.13   36.01    11.0     2.8     6.9     7.4     9.2     0.78 C    10.6     3.9     7.8   100.0    93.7    98.3 -99.000 -99.000 -99.000 -99.000 -99.000    10.3    10.9 -9999.0 -9999.0 -9999.0
63855 20170124  2.422  -85.13   36.01     8.1     0.4     4.2     3.2     0.2     7.20 C    16.8    -1.2     4.6   100.0    69.7    91.5 -99.000 -99.000 -99.000   0.414 -99.000     8.3     9.3 -9999.0    11.2 -9999.0
63855 20170125  2.422  -85.13   36.01    14.0     1.3     7.6     9.3     3.5     3.42 C    14.5    -0.4     7.7   100.0    57.1    82.1   0.494   0.441   0.469   0.413   0.395     8.1     8.6     8.9 -9999.0    11.3
63855 20170126  2.422  -85.13   36.01    10.7     0.1     5.4     2.9     0.0     9.38 C    15.8     0.9     4.3    90.3    60.4    71.0   0.466   0.438   0.470   0.413 -99.000     7.7     8.7     9.2    10.6    11.0
63855 20170127  2.422  -85.13   36.01     1.1    -2.5    -0.7    -1.0     0.3     3.53 C     4.8    -5.3     0.0    85.4    56.7    71.7   0.404   0.401   0.459   0.413   0.395     5.4     7.0     8.1    10.2    10.9
63855 20170128  2.422  -85.13   36.01     7.1    -5.2     0.9     1.9     0.0    14.08 C    13.0    -7.2     2.2    84.3    36.5    55.2   0.373   0.386   0.375   0.413   0.396     4.6     6.0     7.1     9.6    10.6
63855 20170129  2.422  -85.13   36.01     2.1    -1.9     0.1    -0.1     3.0     2.05 C     3.6    -4.6    -0.3    98.1    62.0    82.8   0.365   0.384   0.353   0.413   0.396     4.4     5.8     6.8     9.2    10.3
63855 20170130  2.422  -85.13   36.01     6.1    -4.8     0.6     1.1     0.0    14.26 C    14.4    -8.3     1.2    84.1    38.8    61.9   0.350   0.382   0.336   0.413   0.395     4.1     5.4     6.3     8.8    10.0
63855 20170131  2.422  -85.13   36.01    15.4     2.0     8.7     8.8     0.0    13.07 C    21.2    -1.3     6.5    81.0    22.5    48.9   0.342   0.379   0.323   0.413   0.396     5.7     6.4     6.7     8.6     9.7
63855 20170201  2.422  -85.13   36.01    15.5     0.7     8.1     9.0     0.0     9.25 C    25.8    -2.2     7.8    88.9    56.6    69.9   0.340   0.375   0.315   0.413   0.396     7.0     7.2     7.4     8.6     9.6
63855 20170202  2.422  -85.13   36.01     6.8     1.2     4.0     3.9     1.0     8.39 C    15.9    -0.3     5.2    89.4    45.7    61.6   0.341   0.373   0.312   0.414   0.396     6.9     7.7     8.0     9.0     9.6
63855 20170203  2.422  -85.13   36.01     1.4    -6.0    -2.3    -1.1     0.0     6.57 C     9.6    -7.6     0.3    57.2    34.8    46.7   0.336   0.370   0.305   0.414   0.395     4.6     6.4     7.4     9.0     9.6
63855 20170204  2.422  -85.13   36.01     6.3    -9.0    -1.3    -0.8     0.4    15.36 C    16.2   -11.3     0.4    66.5    23.5    43.3   0.330   0.366   0.299   0.414   0.396     3.2     4.9     6.2     8.6     9.6
63855 20170205  2.422  -85.13   36.01     9.2    -1.6     3.8     4.1     0.2     6.98 C    16.8    -4.4     3.5   100.0    50.7    78.7   0.329   0.365   0.298   0.414   0.395     5.1     5.9     6.5     8.2     9.3
63855 20170206  2.422  -85.13   36.01    12.5    -2.7     4.9     6.3     3.6     2.99 C    14.9    -4.6     5.8   100.0    93.8    99.4   0.340   0.367   0.298   0.413   0.396     5.7     6.2     6.7     8.2     9.1
63855 20170207  2.422  -85.13   36.01    15.6    10.8    13.2    12.3    17.8     4.52 C    17.9     8.0    11.2    99.9    73.9    92.2   0.406   0.410   0.368   0.415   0.395     9.1     8.7     8.2     8.4     9.1
63855 20170208  2.422  -85.13   36.01    17.3     1.5     9.4    12.2    12.2     7.34 C    25.2     2.8    12.4   100.0    74.6    93.7   0.468 -99.000   0.453 -99.000   0.396    10.7    10.2     9.5 -9999.0     9.2
63855 20170209  2.422  -85.13   36.01     1.7    -6.3    -2.3    -1.9     0.9    11.81 C     9.8    -7.3    -0.2   100.0    39.5    74.1   0.455   0.436   0.462   0.418   0.396     6.3     8.1     9.1     9.5     9.6
63855 20170210  2.422  -85.13   36.01    14.7    -7.0     3.8     4.2     0.0    15.37 C    18.3    -7.3     4.1    92.2    25.5    51.8   0.389   0.388   0.441   0.417   0.395     5.2     6.3     7.3     9.0     9.7
63855 20170211  2.422  -85.13   36.01    16.8    10.9    13.9    14.0     0.0     3.08 C    18.4     6.5    12.7    94.4    42.3    79.4   0.366   0.382   0.359   0.417   0.395     8.6     8.3     8.0     8.8     9.5
63855 20170212  2.422  -85.13   36.01    19.2     4.4    11.8    14.7     0.0     3.33 C    20.4     1.1    12.9    94.0    50.8    76.8   0.359   0.380   0.335   0.418   0.396    11.1    10.7     9.7     9.3     9.5
63855 20170213  2.422  -85.13   36.01    10.5    -1.6     4.4     3.6     0.0    16.46 C    21.5    -3.8     4.4    82.1    23.4    50.5   0.352   0.374   0.317   0.419   0.396     7.6     8.9     9.3     9.8     9.7
63855 20170214  2.422  -85.13   36.01     9.5    -2.2     3.7     4.6     0.3     3.23 C    13.5    -5.2     4.8    89.4    29.0    63.9   0.347   0.370   0.309   0.419   0.396     7.0     7.9     8.5     9.6     9.8
63855 20170215  2.422  -85.13   36.01     6.7    -0.5     3.1     3.4     7.1    13.65 C    19.1    -3.3     4.7    99.1    46.5    71.4   0.367   0.379   0.341   0.419   0.396     7.1     8.0     8.5     9.3     9.8
63855 20170216  2.422  -85.13   36.01     9.3    -5.7     1.8     2.6     0.0    17.11 C    19.8    -7.4     2.9    91.3    28.9    53.2   0.352   0.373   0.317   0.419   0.396     5.8     7.0     7.9     9.1     9.8
63855 20170217  2.422  -85.13   36.01    16.8     3.0     9.9    10.1     0.0    17.47 C    24.1    -2.7     8.0    71.9    24.9    42.2   0.343   0.369   0.306   0.418   0.396     7.1     7.6     7.9     9.0     9.7
63855 20170218  2.422  -85.13   36.01     9.8     6.0     7.9     8.2     5.2     2.93 C    14.1     2.8     7.8   100.0    50.1    83.1 -99.000   0.371 -99.000   0.419   0.396     8.0     8.3 -9999.0     9.1 -9999.0
63855 20170219  2.422  -85.13   36.01    18.0     5.2    11.6    10.9     0.0    14.87 C    26.9     1.5    11.4   100.0    44.8    83.4   0.348 -99.000 -99.000 -99.000 -99.000     9.9     9.8 -9999.0     9.3 -9999.0
63855 20170220  2.422  -85.13   36.01    20.1     3.4    11.7    12.1     0.0    12.75 C    28.3     0.7    10.6   100.0    34.7    71.5   0.339   0.368   0.301   0.420   0.396     9.9     9.9     9.7     9.7     9.7
63855 20170221  2.422  -85.13   36.01    18.1     9.3    13.7    13.6     2.3     7.34 C    24.0     5.9    11.9   100.0    56.2    73.4 -99.000   0.366 -99.000 -99.000   0.397    10.8    10.6 -9999.0    10.0     9.8
63855 20170222  2.422  -85.13   36.01    16.7    11.3    14.0    13.2     2.7     4.75 C    20.2     7.1    12.3   100.0    78.8    93.8 -99.000 -99.000 -99.000 -99.000 -99.000 -9999.0    11.4 -9999.0 -9999.0 -9999.0
63855 20170223  2.422  -85.13   36.01    20.5     9.7    15.1    15.1     0.0    11.25 C    26.2     6.8    13.8   100.0    55.6    80.5 -99.000 -99.000 -99.000 -99.000 -99.000 -9999.0    12.0 -9999.0 -9999.0 -9999.0
63855 20170224  2.422  -85.13   36.01    22.1    13.2    17.6    17.9     3.8    14.15 C    26.4    10.6    16.0    96.3    51.1    64.9 -99.000 -99.000 -99.000   0.420 -99.000    13.1    12.6 -9999.0 -9999.0 -9999.0
63855 20170225  2.422  -85.13   36.01    13.7    -3.7     5.0     5.0     5.3    17.64 C    17.1    -5.9     6.3    99.9    38.5    65.1   0.359 -99.000 -99.000   0.422   0.397    10.9    11.9 -9999.0    11.5    10.9
63855 20170226  2.422  -85.13   36.01     9.8    -6.6     1.6     2.3     0.0    18.39 C    21.2    -8.1     4.2    94.4    27.8    56.2   0.340   0.367   0.298   0.422   0.397     7.9     9.2    10.1    11.1    11.1
63855 20170227  2.422  -85.13   36.01    10.9     3.2     7.0     7.6     0.0     6.08 C    13.9     1.4     6.9    89.5    36.8    63.7   0.333   0.362 -99.000   0.419   0.397     8.6     9.2 -9999.0    10.6    10.9
63855 20170228  2.422  -85.13   36.01    15.9     8.8    12.4    12.9    13.9     1.13 C    14.7     6.2    12.0   100.0    89.2    96.6   0.359   0.380   0.336   0.419   0.396    10.3    10.2     9.9    10.4    10.8
63855 20170301  2.422  -85.13   36.01    18.0     3.6    10.8    13.4    33.1     2.40 C    17.0     1.7    12.0    99.6    49.4    83.3 -99.000 -99.000 -99.000 -99.000 -99.000    12.1    12.0 -9999.0 -9999.0 -9999.0
63855 20170302  2.422  -85.13   36.01     8.2    -2.0     3.1     3.0     0.0    19.77 C    18.6    -4.0     4.2    87.4    35.5    62.9   0.433   0.401   0.428   0.424   0.396     8.8    10.0    10.6    11.0    10.8
63855 20170303  2.422  -85.13   36.01     5.3    -3.8     0.7     0.9     0.0    20.04 C    16.9    -5.6     2.3    93.3    31.1    59.5   0.374   0.350   0.365   0.424   0.396     7.0     8.3     9.4    10.6    10.8
63855 20170304  2.422  -85.13   36.01    14.5    -5.9     4.3     4.6     0.0    19.23 C    23.3    -6.5     4.5    91.9    23.5    54.9   0.357   0.338   0.336   0.423   0.396     7.2     7.9     8.7    10.0    10.7
63855 20170305  2.422  -85.13   36.01    16.9    -0.6     8.2     9.7     0.0    16.58 C    23.1    -3.4     8.3    91.5    23.1    49.0   0.346   0.331   0.324   0.423   0.396     8.4     8.6     8.9     9.8    10.4
63855 20170306  2.422  -85.13   36.01    16.8    10.1    13.5    13.4     1.0     6.80 C    19.1     8.3    11.5    85.0    48.7    63.1   0.344   0.328   0.320   0.423   0.396    10.2    10.0     9.7     9.9    10.3
63855 20170307  2.422  -85.13   36.01    13.8     6.9    10.4    12.2    18.6     2.13 C    13.7     4.9    11.1   100.0    60.2    84.4   0.372   0.354   0.354   0.422   0.396    10.7    10.6    10.3    10.3    10.3
63855 20170308  2.422  -85.13   36.01    15.2    -0.9     7.2     7.4     0.0    20.79 C    23.2    -2.7     6.9   100.0    21.8    63.4   0.378   0.363   0.387   0.423   0.395     9.7    10.2    10.2    10.4    10.4
63855 20170309  2.422  -85.13   36.01    19.0    -1.3     8.9    10.9     2.4    20.37 C    25.2    -3.1     9.4    93.5    26.3    53.1   0.362   0.343   0.341   0.423   0.396     9.8     9.9    10.0    10.4    10.6
63855 20170310  2.422  -85.13   36.01    12.8     0.0     6.4     6.9    14.5    17.38 C    18.9    -1.5     8.4   100.0    37.2    69.4   0.412   0.400   0.404   0.423   0.395    10.2    10.6    10.6    10.5    10.6
63855 20170311  2.422  -85.13   36.01     2.3    -3.7    -0.7     0.1     1.7     7.07 C    10.5    -1.8     2.2    92.8    41.1    55.0   0.373   0.351   0.356   0.424   0.396     7.0     8.5     9.5    10.5    10.7
63855 20170312  2.422  -85.13   36.01     7.9    -3.5     2.2     2.0     0.0    21.93 C    20.3    -4.7     4.3    63.9    24.6    41.6   0.360   0.340   0.334   0.423   0.395     6.8     7.9     8.6    10.0    10.5
63855 20170313  2.422  -85.13   36.01     6.1    -0.9     2.6     2.9     7.4     6.29 C     9.2    -4.5     3.2   100.0    46.4    81.5   0.364   0.340   0.330   0.423   0.396     6.5     7.4     8.3     9.7    10.3
63855 20170314  2.422  -85.13   36.01     2.3    -5.3    -1.5    -1.9     1.7     3.12 C     3.3    -5.6    -0.5   100.0    55.5    84.7   0.374   0.351   0.346   0.423   0.396     5.0     6.6     7.8     9.4    10.1
63855 20170315  2.422  -85.13   36.01    -0.2    -8.5    -4.3    -4.6     0.0    21.41 C    13.2    -9.3    -1.7    77.2    38.6    56.7   0.361   0.340   0.332   0.422   0.396     3.6     5.2     6.7     8.8     9.8
63855 20170316  2.422  -85.13   36.01     6.5   -10.3    -1.9    -1.5     0.0    22.55 C    19.7   -10.8     1.2    90.8    27.1    56.7   0.353   0.334   0.324   0.421   0.395     4.3     5.3     6.4     8.3     9.5
63855 20170317  2.422  -85.13   36.01    13.7    -3.3     5.2     8.0    19.4     5.50 C    16.8    -2.3     7.5    98.3    44.2    68.0   0.359   0.337   0.328   0.421   0.395     6.5     6.6     6.9     8.2     9.2
63855 20170318  2.422  -85.13   36.01    14.8     0.6     7.7    10.1    26.0    19.17 C    20.8    -0.3    10.4   100.0    26.4    70.5   0.431   0.426   0.417   0.421   0.395     9.8     9.4     9.0     8.5     9.1
63855 20170319  2.422  -85.13   36.01    12.0    -1.5     5.3     4.3     0.0    22.24 C    22.3    -2.9     6.5    93.4    40.6    70.1   0.379   0.359   0.384   0.421   0.395     8.2     8.8     8.9     9.1     9.2
63855 20170320  2.422  -85.13   36.01    21.6     0.1    10.8    13.3     0.0    15.00 C    26.3    -0.7    12.1    96.3    40.2    60.7   0.363   0.343   0.341   0.422   0.395    10.1     9.6     9.3     9.2     9.4
63855 20170321  2.422  -85.13   36.01    24.4     9.4    16.9    16.6     4.3    15.80 C    32.0     7.2    15.8    93.2    51.3    75.1   0.359   0.338   0.330   0.423   0.396    13.1    12.1    10.9     9.8     9.6
63855 20170322  2.422  -85.13   36.01    11.6     3.4     7.5     7.3     0.0    21.41 C    20.5     1.1     8.6    84.2    23.1    50.2   0.356   0.337   0.329   0.423   0.396    10.9    11.5    11.3    10.6     9.9
63855 20170323  2.422  -85.13   36.01    15.6     2.4     9.0     9.6     0.2    15.32 C    23.0    -0.1     8.9    66.2    37.4    48.7   0.345   0.327   0.321   0.422   0.396    10.2    10.4    10.5    10.6    10.2
63855 20170324  2.422  -85.13   36.01    19.3    10.9    15.1    14.8     0.0    18.68 C    25.8     7.9    14.3    67.1    52.5    61.1   0.334   0.320   0.317   0.421   0.396    12.2    11.5    10.9    10.7    10.3
63855 20170325  2.422  -85.13   36.01    20.9    13.1    17.0    16.1     0.8    12.58 C    23.3    10.4    14.9    98.8    49.4    69.8   0.319   0.311   0.314   0.420   0.395    13.2    12.6    11.8    11.1    10.5
63855 20170326  2.422  -85.13   36.01    18.1    12.0    15.1    14.8    16.4     7.80 C    21.9     7.4    13.8   100.0    74.4    87.8   0.376   0.351   0.333   0.421   0.396    13.6    13.2    12.3    11.5    10.7
63855 20170327  2.422  -85.13   36.01    21.6     9.8    15.7    15.2    35.3    11.62 C    24.1     7.0    14.1   100.0    52.1    85.9   0.399   0.381   0.367   0.424   0.396    13.6    13.3    12.7    11.9    11.1
63855 20170328  2.422  -85.13   36.01    16.8     7.8    12.3    13.5     0.0    11.15 C    27.5     5.7    13.7   100.0    66.0    86.1   0.423   0.425   0.427   0.423   0.396    14.2    13.8    13.1    12.1    11.3
63855 20170329  2.422  -85.13   36.01    23.5     7.8    15.6    16.1     0.0    21.00 C    29.9     5.7    16.8   100.0    43.0    74.5   0.377   0.361   0.386   0.424   0.396    15.2    14.4    13.5    12.4    11.6
63855 20170330  2.422  -85.13   36.01    23.1    13.5    18.3    18.8     4.7    15.32 C    24.3    12.0    17.1    96.6    40.3    64.7   0.354   0.345   0.342   0.425   0.396    15.8    15.1    14.2    12.8    11.8
63855 20170331  2.422  -85.13   36.01    14.0     8.3    11.1    10.6     3.2     6.25 C    20.9     7.4    11.2    97.7    69.2    82.9   0.371   0.355   0.358   0.425   0.396    13.8    14.0    13.9    13.1    12.1
63855 20170401  2.422  -85.13   36.01    14.0     4.0     9.0     8.2     0.0    14.21 C    24.8     2.5    10.6    98.4    61.7    85.3   0.359   0.344   0.355   0.426   0.396    12.8    13.2    13.2    13.0    12.3
63855 20170402  2.422  -85.13   36.01    24.6     2.8    13.7    14.8     0.0    23.71 C    29.1     1.3    14.0    99.9    26.4    59.0   0.347   0.333   0.346   0.425   0.396    13.7    13.4    13.0    12.8    12.3
63855 20170403  2.422  -85.13   36.01    18.6    13.2    15.9    16.1    21.3     8.60 C    21.7    12.7    15.1   100.0    51.7    77.1   0.394   0.390   0.380   0.425   0.396    14.4    14.2    13.6    13.0    12.3
63855 20170404  2.422  -85.13   36.01    22.1     9.8    16.0    16.6     0.0    22.14 C    28.0     7.4    15.7    93.0    40.5    64.2   0.373   0.359   0.377   0.425   0.396    15.4    14.9 -9999.0    13.2    12.4
63855 20170405  2.422  -85.13   36.01    22.3     9.1    15.7    15.3    18.2    12.68 C    27.5     6.8    14.2    97.6    56.7    77.2   0.387   0.368   0.367   0.426   0.396    14.8    14.7 -9999.0    13.5    12.5
63855 20170406  2.422  -85.13   36.01     9.3     3.2     6.3     5.5    13.2     9.06 C    10.6     3.2     6.3    96.1    57.1    82.6   0.427   0.423   0.405   0.425   0.396    11.9    12.9 -9999.0    13.5    12.7
63855 20170407  2.422  -85.13   36.01    11.8     1.0     6.4     6.9     0.0    25.92 C    20.1    -1.2     7.5    84.6    29.6    56.8   0.405   0.388   0.402   0.425   0.396    11.2    11.6    12.1    12.9    12.7
63855 20170408  2.422  -85.13   36.01    17.6     0.2     8.9     8.9     0.0    25.94 C    27.3    -2.1     9.9    92.8    19.2    53.1   0.378   0.350   0.365   0.424   0.396    11.8    12.0    11.9    12.5    12.4
63855 20170409  2.422  -85.13   36.01    22.0     1.9    11.9    14.3     0.0    24.68 C    26.5    -0.1    12.5    91.6    23.5    45.2   0.360   0.338   0.346   0.424   0.396    12.6    12.5    12.2    12.5    12.3
63855 20170410  2.422  -85.13   36.01    24.3    11.5    17.9    18.2     0.0    24.68 C    27.9     6.7    15.0    68.8    21.0    38.7   0.335   0.324   0.339   0.423   0.396    14.1    13.8    13.0    12.7    12.3
63855 20170411  2.422  -85.13   36.01    24.0     9.7    16.8    17.8     0.0    20.71 C    29.9     6.2    16.7    90.5    44.3    65.0   0.315   0.312   0.336   0.422   0.396    15.1    14.6    13.7    13.0    12.4
63855 20170412  2.422  -85.13   36.01    23.3    10.8    17.0    16.6     0.0    25.10 C    30.6     6.2    16.8    99.7    30.7    61.2   0.290   0.299   0.334   0.418   0.396    16.4    15.9    14.6    13.5    12.5
63855 20170413  2.422  -85.13   36.01    25.4     6.6    16.0    17.0     0.0    25.12 C    31.6     3.7    15.4    83.5    18.9    46.0   0.269   0.281   0.331   0.395   0.395    16.0    15.7    14.8    14.0    12.8
63855 20170414  2.422  -85.13   36.01    26.3     9.6    17.9    19.5     0.0    21.02 C    32.7     5.8    16.8    78.7    24.5    46.6   0.247   0.264   0.329   0.388   0.395    16.3    15.9    15.1    14.2    13.1
63855 20170415  2.422  -85.13   36.01    24.7    13.1    18.9    19.7     0.0    22.06 C    29.7     9.4    17.6    89.2    35.1    56.9   0.231   0.248   0.325   0.385   0.390    17.0    16.5    15.5    14.5    13.3
63855 20170416  2.422  -85.13   36.01    23.4    14.0    18.7    19.1     0.0    13.27 C    28.8    10.3    16.7    79.2    45.4    61.0   0.217   0.235   0.322   0.384   0.372    16.9    16.5    15.7    14.8    13.5
63855 20170417  2.422  -85.13   36.01    22.8    13.3    18.1    17.2     9.1    13.21 C    29.8    10.3    17.5   100.0    59.0    82.8   0.226   0.233   0.319   0.383   0.359    17.3    16.7    15.8    14.9    13.7
63855 20170418  2.422  -85.13   36.01    19.4    14.7    17.0    16.5     5.5     7.78 C    25.4    13.8    17.1   100.0    82.4    96.4   0.281   0.250   0.319   0.381   0.357    17.4    17.0    16.0    15.1    13.8
63855 20170419  2.422  -85.13   36.01    23.4    15.1    19.2    18.9     0.0    21.56 C    31.0    13.7    19.4    96.9    60.8    81.6   0.291   0.262   0.323   0.382   0.356    18.8    17.9    16.5    15.4    14.0
63855 20170420  2.422  -85.13   36.01    24.6    16.2    20.4    20.0     0.5    16.57 C    30.0    14.1    19.4    99.7    52.8    77.7   0.273   0.257   0.323   0.382   0.354    18.9    18.3    17.0    15.8    14.2
63855 20170421  2.422  -85.13   36.01    23.2    15.4    19.3    18.0    33.1    10.83 C    30.0    13.7    18.4   100.0    67.0    89.5   0.321   0.309   0.344   0.391   0.365    18.7    18.3    17.3    16.1    14.5
63855 20170422  2.422  -85.13   36.01    19.7     9.5    14.6    14.1    57.5     7.29 C    27.2    11.1    15.5   100.0    69.8    96.7 -99.000 -99.000 -99.000   0.414 -99.000 -9999.0    17.4 -9999.0 -9999.0 -9999.0
63855 20170423  2.422  -85.13   36.01    12.6     8.9    10.7    10.7    36.2     3.86 C    15.9     9.8    12.1   100.0    95.4    99.1   0.462 -99.000 -99.000   0.415 -99.000    15.1    15.4 -9999.0 -9999.0 -9999.0
63855 20170424  2.422  -85.13   36.01    17.0    10.2    13.6    12.8     0.0    10.85 C    25.6     9.0    14.2   100.0    71.8    91.6   0.428   0.431   0.404   0.416   0.394    15.6    15.5    15.3    15.5    14.8
63855 20170425  2.422  -85.13   36.01    21.1    10.3    15.7    15.2     0.0    19.28 C    30.0     7.5    15.7   100.0    58.9    84.6   0.395   0.371   0.391   0.417   0.393    16.8    16.3 -9999.0    15.5    14.6
63855 20170426  2.422  -85.13   36.01    24.7     9.0    16.8    18.7     0.0    26.54 C    32.2     6.1    18.6   100.0    49.3    71.9   0.371   0.349   0.376   0.418   0.391    17.7    17.2    16.1    15.6    14.6
63855 20170427  2.422  -85.13   36.01    21.8     9.4    15.6    16.8    13.7    18.81 C    28.8     6.4    16.7   100.0    51.6    79.0   0.393   0.378 -99.000   0.420 -99.000    18.1    17.8 -9999.0    16.0 -9999.0
63855 20170428  2.422  -85.13   36.01    24.1     8.2    16.1    18.6     0.0    17.39 C    28.1     6.2    17.9   100.0    65.8    79.8   0.376   0.354   0.386   0.420   0.395    17.7    17.4    16.7    16.1    14.9
63855 20170429  2.422  -85.13   36.01    28.0    19.2    23.6    23.2     0.3    23.58 C    31.3    15.4    22.3    95.3    54.1    75.6   0.364   0.339   0.359   0.420   0.395    20.3    19.3    17.7    16.3    15.0
63855 20170430  2.422  -85.13   36.01    24.4    17.4    20.9    20.5    10.0    15.42 C    27.7    16.8    20.0    96.9    65.1    84.0   0.360   0.339   0.354   0.420 -99.000    20.1    19.5    18.3 -9999.0    15.2
63855 20170501  2.422  -85.13   36.01    21.2    11.3    16.2    16.2    30.4    23.73 C    27.1    10.6    16.9    99.9    38.7    68.5   0.427   0.408 -99.000   0.423 -99.000    19.1    18.9 -9999.0 -9999.0 -9999.0
63855 20170502  2.422  -85.13   36.01    21.2     7.4    14.3    14.4     0.0    28.55 C    27.0     5.2    14.8    93.5    34.3    59.2   0.379   0.352   0.374   0.422 -99.000    18.2    17.9 -9999.0    17.0    15.7
63855 20170503  2.422  -85.13   36.01    22.6     7.7    15.2    16.2     0.0    25.49 C    31.1     6.0    17.1    97.9    40.6    61.6   0.356   0.333   0.348   0.422   0.395    18.7    18.2 -9999.0    16.8    15.7
63855 20170504  2.422  -85.13   36.01    18.5    10.0    14.3    14.3    40.7     3.35 C    16.9    10.0    14.1   100.0    54.3    86.6   0.401   0.373   0.367   0.422   0.395    17.1    17.4 -9999.0    17.0    15.7
63855 20170505  2.422  -85.13   36.01    10.3     6.2     8.2     8.3    14.4     5.59 C    13.9     6.8     9.8   100.0    90.5    97.0   0.473   0.447   0.409   0.423   0.396    14.6    15.3    15.7    16.5    15.8
63855 20170506  2.422  -85.13   36.01    11.1     3.8     7.4     7.2     4.0    11.48 C    18.2     2.9     8.7   100.0    65.8    89.8   0.455   0.448   0.414   0.423   0.396    13.3    14.0 -9999.0    15.7    15.5
63855 20170507  2.422  -85.13   36.01    16.1     0.5     8.3     9.8     0.0    28.10 C    26.1     0.3    11.6    99.1    44.6    67.8   0.428   0.399   0.409   0.421   0.396    15.0    14.7    14.4    15.2    15.1
63855 20170508  2.422  -85.13   36.01    20.6     4.0    12.3    13.3     0.0    27.55 C    28.5     2.9    14.9   100.0    45.8    72.0   0.392   0.354   0.376   0.422   0.397    16.4    15.9    15.0    15.2    14.9
63855 20170509  2.422  -85.13   36.01    24.8    10.6    17.7    19.2     0.0    26.81 C    30.5     9.3    18.3    99.2    44.5    67.4   0.371   0.340   0.352   0.422   0.397    18.3    17.5    16.2    15.6    14.8
63855 20170510  2.422  -85.13   36.01    25.2    11.3    18.2    19.0     0.0    26.33 C    31.1     9.2    19.1   100.0    52.1    78.1   0.347   0.326   0.344   0.422   0.396    19.4    18.6    17.1    16.2    14.9
63855 20170511  2.422  -85.13   36.01    24.2    13.4    18.8    20.0     7.5    18.37 C    29.2    11.8    19.4   100.0    56.3    77.5   0.330   0.314   0.341   0.420   0.396    19.7    19.1    17.7    16.7    15.2
63855 20170512  2.422  -85.13   36.01    19.5    13.9    16.7    16.4     8.0     9.38 C    25.2    14.8    17.8   100.0    80.1    94.4   0.391   0.352 -99.000   0.423 -99.000    19.1    18.9 -9999.0 -9999.0 -9999.0
63855 20170513  2.422  -85.13   36.01    20.2     9.2    14.7    15.0     0.0    27.80 C    28.0     7.7    17.0   100.0    39.3    74.9   0.371   0.341   0.359   0.424   0.396    19.8    19.1    17.9    17.2    15.7
63855 20170514  2.422  -85.13   36.01    24.6     7.0    15.8    16.6     0.0    28.89 C    30.6     6.0    17.7   100.0    44.9    73.9   0.343   0.323   0.347   0.423   0.397    19.3    18.9    17.8    17.3    15.8
63855 20170515  2.422  -85.13   36.01    26.7    10.0    18.3    19.2     0.0    28.70 C    31.5     8.5    19.5   100.0    41.7    71.8   0.315   0.308   0.341   0.415   0.396    20.2    19.7    18.1    17.5    16.0
63855 20170516  2.422  -85.13   36.01    28.1    12.4    20.3    21.0     0.0    28.43 C    32.4    10.8    20.3   100.0    37.7    70.1   0.286   0.293   0.338   0.398 -99.000    21.0    20.4    18.7    17.8    16.1
63855 20170517  2.422  -85.13   36.01    27.2    14.7    21.0    22.6     0.0    25.04 C    30.2    12.5    20.7    92.3    44.4    61.6   0.263   0.275   0.333   0.392   0.390    20.9    20.5    19.0    18.2    16.3
63855 20170518  2.422  -85.13   36.01    26.5    17.4    22.0    22.0     0.0    17.52 C    33.0    15.6    21.4   100.0    61.0    79.8   0.249   0.262   0.329   0.389   0.384    21.3    20.9    19.3    18.5    16.6
63855 20170519  2.422  -85.13   36.01    27.9    17.0    22.5    22.5     0.2    21.85 C    33.4    15.2    22.2   100.0    51.5    80.7   0.237   0.251   0.327   0.386   0.363    21.8    21.3    19.6    18.7    16.7
63855 20170520  2.422  -85.13   36.01    27.7    16.9    22.3    22.3    16.9    26.65 C    31.8    15.5    22.4   100.0    48.3    76.6   0.245   0.244   0.322   0.384 -99.000    22.3    21.8    19.9    18.9    16.9
63855 20170521  2.422  -85.13   36.01    23.5    17.2    20.4    19.7     4.1    12.58 C    31.5    16.4    20.7   100.0    76.7    92.7   0.334   0.305   0.336   0.385 -99.000    21.5    21.5    20.3    19.2    17.2
63855 20170522  2.422  -85.13   36.01    20.9    14.0    17.4    16.9     0.0    21.31 C    28.5    13.8    18.8   100.0    56.0    82.5   0.321   0.296   0.334   0.386   0.359    21.2    21.1    20.3    19.3    17.3
63855 20170523  2.422  -85.13   36.01    20.7    14.5    17.6    17.0     0.0    12.59 C    25.7    13.8    18.3   100.0    76.1    90.0   0.302   0.287   0.331   0.385   0.356    20.2    20.4    20.1    19.2    17.5
63855 20170524  2.422  -85.13   36.01    19.7     8.1    13.9    14.0     7.9    13.86 C    26.5     7.2    15.2   100.0    67.2    93.2   0.331   0.309   0.335   0.384   0.354    19.3    19.8    19.6    19.1    17.5
63855 20170525  2.422  -85.13   36.01    18.1     7.9    13.0    13.0     0.0    13.33 C    21.8     6.8    13.1   100.0    65.9    85.7   0.327   0.312   0.334   0.384   0.352    17.5    18.0    18.5    18.7    17.5
63855 20170526  2.422  -85.13   36.01    24.3     7.4    15.8    17.5     0.0    24.67 C    32.2     5.9    18.2   100.0    58.7    78.0   0.310   0.301   0.332   0.383   0.350    18.1    18.2    18.1    18.2    17.3
63855 20170527  2.422  -85.13   36.01    25.2    15.6    20.4    19.1    40.8    10.24 C    34.8    12.9    19.5   100.0    75.1    90.3   0.337   0.331   0.356   0.392   0.360    19.2    19.3    18.8    18.2    17.2
63855 20170528  2.422  -85.13   36.01    22.7    14.7    18.7    18.2     1.7    18.64 C    30.4    13.4    19.2   100.0    65.3    88.6   0.367   0.357   0.400   0.414 -99.000    19.8    19.7    18.9    18.4    17.3
63855 20170529  2.422  -85.13   36.01    22.6    14.6    18.6    18.7     0.0    13.92 C    30.1    12.9    19.8   100.0    68.0    90.2   0.351 -99.000 -99.000   0.417 -99.000    20.4    20.3 -9999.0 -9999.0 -9999.0
63855 20170530  2.422  -85.13   36.01    25.1    14.4    19.7    17.7     8.3    20.92 C    35.0    14.0    20.1   100.0    50.7    88.2   0.354   0.329   0.349   0.410   0.391    21.1    20.9    19.7    18.8    17.3
63855 20170531  2.422  -85.13   36.01    24.6    13.5    19.1    18.9     0.0    28.45 C    32.8    12.0    20.8   100.0    52.1    81.1   0.355 -99.000   0.353   0.406   0.392    21.7    21.3    20.1 -9999.0 -9999.0
63855 20170601  2.422  -85.13   36.01    25.0    11.6    18.3    18.9     0.0    22.93 C    33.0    10.3    20.1   100.0    57.9    81.3   0.332   0.317   0.344   0.401   0.392    21.6    21.4    20.3    19.3    17.6
63855 20170602  2.422  -85.13   36.01    26.0    13.2    19.6    19.9     0.0    27.21 C    34.3    12.3    21.6   100.0    45.7    74.8   0.311   0.299   0.340   0.395 -99.000    22.3    22.0    20.7    19.5    17.8
63855 20170603  2.422  -85.13   36.01    26.7    12.7    19.7    20.3     0.0    28.49 C    35.0    11.5    22.0   100.0    45.9    73.6   0.288   0.282   0.334   0.389 -99.000    22.7    22.3    21.1    19.8    18.0
63855 20170604  2.422  -85.13   36.01    24.8    14.5    19.6    19.9     4.1    16.02 C    34.0    13.5    21.3   100.0    72.6    91.2   0.298   0.270   0.332   0.387 -99.000    22.4    22.2    21.2    20.0    18.1
63855 20170605  2.422  -85.13   36.01    22.2    16.7    19.5    19.5    24.5     8.39 C    28.8    15.7    20.4   100.0    84.6    97.2   0.368 -99.000 -99.000 -99.000 -99.000    22.0    22.0 -9999.0 -9999.0 -9999.0
63855 20170606  2.422  -85.13   36.01    23.9    13.8    18.9    18.8     0.0    20.05 C    30.7    12.0    20.1   100.0    68.5    83.5   0.353 -99.000 -99.000   0.416 -99.000    22.1    21.9 -9999.0 -9999.0 -9999.0
63855 20170607  2.422  -85.13   36.01    21.1    10.4    15.8    16.3     0.0    29.30 C    31.2     8.8    18.1    94.9    51.0    73.1   0.332   0.343   0.346   0.405 -99.000    21.7    21.4    20.8    20.1    18.6
63855 20170608  2.422  -85.13   36.01    20.9     9.8    15.4    15.3     0.0    24.35 C    30.8     8.7    17.3   100.0    56.6    81.7   0.316   0.333   0.340   0.397 -99.000    21.0    21.0    20.6    20.0    18.6
63855 20170609  2.422  -85.13   36.01    23.7     8.6    16.1    16.9     0.0    27.37 C    32.8     7.3    18.4   100.0    51.1    78.4   0.296   0.322   0.335   0.391 -99.000    20.8    20.8    20.4    19.9    18.5
63855 20170610  2.422  -85.13   36.01    26.3    11.2    18.7    19.7     0.0    23.39 C    33.2     9.9    19.6   100.0    52.1    77.0   0.279   0.313   0.331   0.387 -99.000    21.3    21.2    20.6    19.9    18.4
63855 20170611  2.422  -85.13   36.01    26.5    13.5    20.0    21.2     0.0    24.81 C    32.8    11.6    21.1   100.0    52.3    78.8   0.266   0.297   0.327   0.385 -99.000    21.9    21.8    20.8    20.0    18.5
63855 20170612  2.422  -85.13   36.01    28.7    18.8    23.8    23.5     0.0    23.69 C    35.2    17.1    23.9   100.0    57.7    81.5   0.252   0.281   0.323   0.383 -99.000    23.2    22.8    21.5    20.2    18.6
63855 20170613  2.422  -85.13   36.01    28.2    17.4    22.8    22.2     1.6    18.72 C    35.2    16.0    22.9   100.0    61.5    88.2   0.242   0.271   0.319   0.382 -99.000    23.2    23.0    21.9    20.6    18.7
63855 20170614  2.422  -85.13   36.01    28.5    17.0    22.8    22.8     0.0    26.21 C    35.0    16.0    23.8   100.0    59.5    85.9   0.236   0.266   0.317   0.379 -99.000    23.7    23.5    22.1    20.8    18.9
63855 20170615  2.422  -85.13   36.01    25.8    17.1    21.5    19.7    12.5    11.01 C    30.7    16.3    20.1   100.0    72.8    95.6   0.268   0.295   0.316   0.375 -99.000    22.3    22.6    22.1    21.1    19.0
63855 20170616  2.422  -85.13   36.01    26.7    16.4    21.5    20.8     0.0    22.80 C    33.4    16.4    22.7   100.0    62.2    88.7   0.287   0.312   0.319   0.374 -99.000    23.0    22.7    21.8    20.9    19.2
63855 20170617  2.422  -85.13   36.01    27.7    15.9    21.8    22.3     0.0    23.75 C    32.3    14.9    22.5   100.0    56.0    82.6   0.269   0.295   0.316   0.373 -99.000    23.2    23.1    22.2    21.0    19.3
63855 20170618  2.422  -85.13   36.01    27.2    17.3    22.3    22.1     4.6    18.54 C    32.9    16.0    22.4   100.0    63.3    89.6   0.262   0.287   0.314   0.372 -99.000    23.1    23.1    22.3    21.2    19.4
63855 20170619  2.422  -85.13   36.01    24.2    14.9    19.6    20.3     1.5    11.96 C    29.3    13.3    20.4   100.0    63.3    91.3   0.267   0.289   0.314   0.372 -99.000    22.6    22.8    22.2    21.2    19.5
63855 20170620  2.422  -85.13   36.01    26.2    12.9    19.5    20.2     0.0    26.48 C    31.1    11.3    20.6   100.0    42.1    77.1   0.264   0.284   0.311   0.370 -99.000    22.1    22.2    21.8    21.1    19.5
63855 20170621  2.422  -85.13   36.01    26.0    14.5    20.3    21.0     0.0    19.70 C    30.6    13.6    21.3   100.0    61.0    85.7   0.255   0.277   0.309   0.368 -99.000    22.3    22.4    21.8    21.0    19.5
63855 20170622  2.422  -85.13   36.01    22.3    19.4    20.8    21.0    13.0     5.52 C    24.5    18.6    20.9   100.0    90.3    96.3   0.287   0.315   0.318   0.367 -99.000    22.1    22.3    21.8    21.1    19.5
63855 20170623  2.422  -85.13   36.01    25.2    20.9    23.0    22.3    29.8     8.14 C    29.5    20.7    22.1   100.0    76.4    95.0   0.356   0.382 -99.000   0.382 -99.000    22.3    22.4 -9999.0    20.9 -9999.0
63855 20170624  2.422  -85.13   36.01    25.1    14.3    19.7    21.4     5.9    25.37 C    30.9    12.6    22.3   100.0    52.7    81.4   0.351   0.370 -99.000 -99.000 -99.000    23.1    23.0 -9999.0 -9999.0 -9999.0
63855 20170625  2.422  -85.13   36.01    23.1    11.4    17.2    17.8     0.0    29.39 C    28.3     9.8    18.3   100.0    39.2    69.0   0.329   0.344 -99.000   0.398 -99.000    21.8    22.0 -9999.0 -9999.0    19.7
63855 20170626  2.422  -85.13   36.01    22.9    10.0    16.5    16.7     0.0    21.47 C    29.0     8.8    17.0   100.0    44.6    78.2   0.310   0.331   0.336   0.389 -99.000    20.3    20.8    21.2    20.9    19.7
63855 20170627  2.422  -85.13   36.01    22.9    10.8    16.8    16.7     0.0    20.99 C    34.1     8.8    17.5   100.0    44.7    76.0   0.296   0.320   0.331   0.386 -99.000    20.3    20.7    20.8    20.6    19.6
63855 20170628  2.422  -85.13   36.01    25.8     8.8    17.3    18.7     0.0    30.78 C    34.8     7.0    20.4   100.0    32.0    67.8   0.284   0.308   0.328   0.383 -99.000    21.4    21.2    20.7    20.4    19.5
63855 20170629  2.422  -85.13   36.01    26.7    18.5    22.6    21.6     3.1    16.50 C    34.1    14.8    21.8    98.9    64.9    86.0   0.278   0.298   0.324   0.382 -99.000    22.2    22.0    21.3    20.6    19.5
63855 20170630  2.422  -85.13   36.01    26.1    19.5    22.8    22.3     3.2    17.62 C    33.7    19.0    23.6   100.0    75.3    93.9   0.285   0.299   0.324   0.375 -99.000    23.4    22.9    21.7    20.8    19.5
63855 20170701  2.422  -85.13   36.01    27.1    17.1    22.1    22.0    20.5    15.95 C    35.8    16.0    23.2   100.0    70.7    93.0 -99.000   0.357 -99.000 -99.000 -99.000 -9999.0    23.7 -9999.0 -9999.0 -9999.0
63855 20170702  2.422  -85.13   36.01    26.8    15.0    20.9    20.7     4.5    16.77 C    36.1    14.4    22.4   100.0    64.6    92.2 -99.000   0.366 -99.000 -99.000 -99.000    23.4    23.2 -9999.0 -9999.0 -9999.0
63855 20170703  2.422  -85.13   36.01    27.4    17.7    22.5    21.6     3.1    19.55 C    35.0    16.8    23.4   100.0    62.2    91.3 -99.000   0.368 -99.000 -99.000 -99.000 -9999.0    23.8 -9999.0 -9999.0 -9999.0
63855 20170704  2.422  -85.13   36.01    25.0    18.7    21.9    21.4    10.3    12.91 C    31.1    17.3    22.3   100.0    77.8    93.9   0.396   0.373 -99.000   0.383 -99.000    23.9    23.7 -9999.0 -9999.0 -9999.0
63855 20170705  2.422  -85.13   36.01    27.0    17.8    22.4    21.0     3.7    15.07 C    34.9    16.7    22.4   100.0    71.1    95.2 -99.000   0.366 -99.000 -99.000 -99.000    23.8    23.6 -9999.0 -9999.0 -9999.0
63855 20170706  2.422  -85.13   36.01    27.1    19.2    23.1    22.0    19.4    17.31 C    31.6    18.7    23.0   100.0    70.0    92.5   0.430   0.389   0.392   0.408 -99.000    23.9    23.6    22.7    21.8    20.3
63855 20170707  2.422  -85.13   36.01    27.3    19.3    23.3    22.7     0.0    23.98 C    35.7    18.4    24.6   100.0    65.9    88.7 -99.000   0.371 -99.000 -99.000 -99.000    24.8    24.5 -9999.0 -9999.0 -9999.0
63855 20170708  2.422  -85.13   36.01    26.6    16.3    21.5    21.9     0.0    21.29 C    33.4    15.0    22.8   100.0    58.1    84.8 -99.000 -99.000 -99.000 -99.000 -99.000    24.6 -9999.0 -9999.0 -9999.0 -9999.0
63855 20170709  2.422  -85.13   36.01    26.9    14.0    20.5    21.0     0.0    29.93 C    33.5    12.9    22.3   100.0    40.1    73.7 -99.000   0.347 -99.000 -99.000 -99.000 -9999.0    24.0 -9999.0 -9999.0 -9999.0
63855 20170710  2.422  -85.13   36.01    28.4    13.8    21.1    21.8     0.0    29.72 C    34.4    12.7    22.9   100.0    37.6    74.3   0.348   0.334   0.339   0.377 -99.000    24.2    24.1    23.3 -9999.0    20.5
63855 20170711  2.422  -85.13   36.01    28.9    14.4    21.6    22.7     0.0    29.03 C    35.2    13.5    23.6   100.0    47.2    76.9   0.313   0.318   0.335   0.365 -99.000    24.6    24.4    23.5    22.4    20.7
63855 20170712  2.422  -85.13   36.01    29.2    16.8    23.0    23.4     0.0    22.60 C    35.8    16.1    24.1   100.0    62.8    86.3   0.288   0.302   0.331   0.360 -99.000    24.9    24.7    23.7    22.5    20.7
63855 20170713  2.422  -85.13   36.01    28.6    19.6    24.1    23.5     7.2    18.60 C    33.7    18.2    23.9   100.0    65.5    89.7   0.314   0.302   0.329 -99.000 -99.000    24.8    24.7    23.9    22.6    20.7
63855 20170714  2.422  -85.13   36.01    28.5    19.6    24.0    23.7     0.0    23.38 C    35.4    18.6    24.8   100.0    66.3    87.8   0.311   0.306   0.328   0.357 -99.000    25.2    25.0    24.0    22.7    20.9
63855 20170715  2.422  -85.13   36.01    26.1    20.0    23.1    22.1    31.0    12.82 C    32.4    19.4    23.0   100.0    69.2    94.3 -99.000   0.354 -99.000 -99.000 -99.000    24.2    24.4 -9999.0    22.9 -9999.0
63855 20170716  2.422  -85.13   36.01    28.0    17.6    22.8    22.5     0.0    24.89 C    35.1    16.2    23.6   100.0    63.2    84.4 -99.000   0.357 -99.000 -99.000 -99.000 -9999.0    24.6 -9999.0 -9999.0 -9999.0
63855 20170717  2.422  -85.13   36.01    27.6    16.1    21.9    22.1     0.0    27.25 C    33.4    15.3    23.2   100.0    51.1    80.7 -99.000   0.344 -99.000 -99.000 -99.000 -9999.0    24.6 -9999.0 -9999.0    21.1
63855 20170718  2.422  -85.13   36.01    28.9    17.2    23.0    23.1     0.0    26.09 C    34.4    15.8    23.8   100.0    48.7    82.6   0.323   0.328 -99.000 -99.000 -99.000    24.6    24.6 -9999.0    22.9    21.1
63855 20170719  2.422  -85.13   36.01    29.2    17.3    23.3    23.7     0.0    26.29 C    34.4    16.2    24.3   100.0    52.1    81.6   0.298   0.312   0.331   0.356 -99.000    24.7    24.7    24.0    22.9    21.3
63855 20170720  2.422  -85.13   36.01    29.5    18.7    24.1    24.3     0.0    22.42 C    35.4    17.6    24.9   100.0    59.4    84.5   0.281   0.296   0.327   0.356 -99.000    24.9    24.9    24.2    23.0    21.3
63855 20170721  2.422  -85.13   36.01    30.6    19.3    24.9    25.2     0.0    22.88 C    36.5    18.0    25.8   100.0    53.3    84.1   0.267   0.284   0.322   0.354 -99.000    25.2    25.2    24.4    23.1    21.3
63855 20170722  2.422  -85.13   36.01    30.8    19.7    25.3    25.9     0.0    26.65 C    35.7    18.6    26.1   100.0    56.1    81.9   0.247   0.270   0.317   0.352 -99.000    25.8    25.6    24.7    23.4    21.4
63855 20170723  2.422  -85.13   36.01    29.0    20.2    24.6    24.6     1.3    17.39 C    35.0    19.9    24.9   100.0    67.7    88.5   0.233   0.258   0.312   0.350 -99.000    25.6    25.6    24.8    23.5    21.5
63855 20170724  2.422  -85.13   36.01    28.5    18.0    23.3    22.9     0.0    24.88 C    34.7    16.5    23.8   100.0    55.5    85.5   0.225   0.251   0.308   0.348 -99.000    25.1    25.3    24.7    23.5    21.7
63855 20170725  2.422  -85.13   36.01    29.5    17.5    23.5    23.7     0.0    25.72 C    35.0    16.0    24.3   100.0    53.7    80.6   0.214   0.239   0.302   0.346 -99.000    24.6    24.8    24.4    23.5    21.7
63855 20170726  2.422  -85.13   36.01    30.6    17.7    24.2    24.4     0.0    23.55 C    36.1    16.5    24.6   100.0    55.6    82.6 -99.000 -99.000 -99.000 -99.000 -99.000 -9999.0 -9999.0 -9999.0 -9999.0 -9999.0
63855 20170727  2.422  -85.13   36.01    29.0    19.7    24.3    24.1    12.7    19.89 C    33.8    18.7    24.2   100.0    63.7    89.5   0.252   0.253   0.302   0.341 -99.000    24.9    24.9    24.4    23.4    21.8
63855 20170728  2.422  -85.13   36.01    24.3    20.1    22.2    21.9    31.4     5.84 C    28.3    18.8    22.1   100.0    94.1    98.9 -99.000   0.328 -99.000 -99.000 -99.000    24.0    24.3 -9999.0 -9999.0 -9999.0
63855 20170729  2.422  -85.13   36.01    23.3    16.6    20.0    19.8     0.0    23.35 C    30.4    14.8    20.9   100.0    67.6    84.8 -99.000   0.335 -99.000 -99.000 -99.000 -9999.0    23.6 -9999.0 -9999.0 -9999.0
63855 20170730  2.422  -85.13   36.01    25.3    14.9    20.1    19.9     0.0    29.01 C    31.5    12.1    20.4   100.0    43.8    74.8   0.319   0.317   0.328   0.355 -99.000    22.9    23.2    23.3    22.9    21.7
63855 20170731  2.422  -85.13   36.01    26.7    12.7    19.7    20.3     0.0    22.95 C    32.8    11.2    20.1   100.0    52.7    77.1   0.293   0.300   0.321   0.352 -99.000    22.1    22.6    22.8    22.6    21.5
63855 20170801  2.422  -85.13   36.01    25.5    14.8    20.1    20.2     0.0    13.89 C    30.2    13.0    20.0   100.0    52.8    85.2   0.279   0.289   0.316   0.350 -99.000    21.9    22.3    22.5    22.4    21.5
63855 20170802  2.422  -85.13   36.01    26.9    16.5    21.7    20.9     1.5    17.68 C    34.2    14.7    21.2   100.0    50.0    85.7   0.267   0.281   0.314   0.348 -99.000    22.5    22.7    22.5    22.1    21.3
63855 20170803  2.422  -85.13   36.01    27.5    14.4    20.9    21.2     0.0    25.36 C    36.4    12.4    22.3   100.0    47.5    79.8 -99.000 -99.000 -99.000 -99.000 -99.000 -9999.0 -9999.0 -9999.0 -9999.0 -9999.0
63855 20170804  2.422  -85.13   36.01    25.8    14.9    20.3    20.4     8.6    17.40 C    32.2    13.4    21.1   100.0    69.9    90.8 -99.000 -99.000 -99.000 -99.000 -99.000 -9999.0 -9999.0 -9999.0 -9999.0 -9999.0
63855 20170805  2.422  -85.13   36.01    24.0    11.3    17.6    17.4     0.0    28.73 C    33.3     9.3    19.3   100.0    42.8    76.9 -99.000 -99.000 -99.000 -99.000 -99.000 -9999.0 -9999.0 -9999.0 -9999.0 -9999.0
63855 20170806  2.422  -85.13   36.01    27.0    11.9    19.4    20.5     2.0    17.42 C    34.5    10.2    21.4   100.0    62.9    84.5 -99.000 -99.000 -99.000 -99.000 -99.000 -9999.0 -9999.0 -9999.0 -9999.0 -9999.0
63855 20170807  2.422  -85.13   36.01    23.9    19.0    21.5    21.1    42.7     7.92 C    31.2    18.6    21.8   100.0    83.7    98.1 -99.000   0.332 -99.000 -99.000 -99.000 -9999.0 -9999.0 -9999.0 -9999.0 -9999.0
63855 20170808  2.422  -85.13   36.01    24.5    16.1    20.3    20.2     0.0    24.67 C    32.1    13.9    21.6   100.0    56.7    82.2 -99.000   0.341 -99.000 -99.000 -99.000 -9999.0 -9999.0 -9999.0 -9999.0 -9999.0
63855 20170809  2.422  -85.13   36.01    25.8    14.7    20.2    20.2     0.5    15.92 C    35.5    12.7    21.1   100.0    65.8    88.5 -99.000   0.326 -99.000 -99.000 -99.000 -9999.0 -9999.0 -9999.0 -9999.0 -9999.0
63855 20170810  2.422  -85.13   36.01    26.9    19.0    23.0    22.0     2.7    17.22 C    35.4    17.9    23.5   100.0    67.0    91.4 -99.000   0.323 -99.000 -99.000 -99.000 -9999.0 -9999.0 -9999.0 -9999.0 -9999.0
63855 20170811  2.422  -85.13   36.01    26.6    19.4    23.0    22.2     6.3    14.12 C    34.4    18.0    23.3   100.0    71.1    94.1 -99.000 -99.000 -99.000 -99.000 -99.000 -9999.0 -9999.0 -9999.0 -9999.0 -9999.0
63855 20170812  2.422  -85.13   36.01    26.3    19.1    22.7    22.5     0.3    18.14 C    34.5    17.6    23.8   100.0    70.8    91.1 -99.000   0.337 -99.000 -99.000 -99.000 -9999.0 -9999.0 -9999.0 -9999.0 -9999.0
63855 20170813  2.422  -85.13   36.01    27.0    19.0    23.0    22.3     0.0    18.34 C    35.4    17.9    24.0   100.0    64.5    88.9 -99.000 -99.000 -99.000 -99.000 -99.000 -9999.0 -9999.0 -9999.0 -9999.0 -9999.0
63855 20170814  2.422  -85.13   36.01    26.4    20.1    23.3    22.5     3.0    10.89 C    31.9    19.5    23.2   100.0    74.8    94.6 -99.000 -99.000 -99.000 -99.000 -99.000 -9999.0 -9999.0 -9999.0 -9999.0 -9999.0
63855 20170815  2.422  -85.13   36.01    27.2    19.4    23.3    23.1     0.2    20.27 C    33.6    17.8    24.2   100.0    67.4    89.8 -99.000 -99.000 -99.000 -99.000 -99.000 -9999.0 -9999.0 -9999.0 -9999.0 -9999.0
63855 20170816  2.422  -85.13   36.01    28.7    18.0    23.3    22.9    12.5    17.68 C    34.2    16.9    23.7   100.0    66.1    91.7 -99.000 -99.000 -99.000 -99.000 -99.000 -9999.0 -9999.0 -9999.0 -9999.0 -9999.0
63855 20170817  2.422  -85.13   36.01    28.4    19.8    24.1    24.0     0.0    22.27 C    33.6    18.6    24.4   100.0    65.9    86.9 -99.000 -99.000 -99.000 -99.000 -99.000 -9999.0 -9999.0 -9999.0 -9999.0 -9999.0
63855 20170818  2.422  -85.13   36.01    26.7    16.2    21.5    22.5    11.0    23.54 C    32.7    14.5    23.3   100.0    56.1    86.0 -99.000 -99.000 -99.000 -99.000 -99.000 -9999.0 -9999.0 -9999.0 -9999.0 -9999.0
63855 20170819  2.422  -85.13   36.01    27.5    14.4    20.9    21.1     0.0    23.42 C    34.4    13.2    21.7   100.0    52.3    84.0 -99.000 -99.000 -99.000 -99.000 -99.000 -9999.0 -9999.0 -9999.0 -9999.0 -9999.0
63855 20170820  2.422  -85.13   36.01    29.2    16.5    22.9    22.9     0.0    21.88 C    35.6    15.1    23.3   100.0    52.6    82.5   0.323   0.318   0.327   0.354 -99.000    24.0    23.9    23.3    22.8    21.9
63855 20170821  2.422  -85.13   36.01    29.2    17.0    23.1    23.0     0.0    17.35 C    33.8    15.3    22.5   100.0    52.5    83.9   0.305   0.306   0.322   0.352 -99.000    23.8    23.9    23.4    22.8    21.8
63855 20170822  2.422  -85.13   36.01    29.6    17.3    23.4    23.7     0.0    22.96 C    33.6    15.8    23.6   100.0    55.4    82.3 -99.000 -99.000 -99.000 -99.000 -99.000 -9999.0 -9999.0 -9999.0 -9999.0 -9999.0
63855 20170823  2.422  -85.13   36.01    25.1    15.8    20.5    20.8     0.6    23.00 C    32.0    13.6    22.0   100.0    52.4    81.7 -99.000 -99.000 -99.000 -99.000 -99.000 -9999.0 -9999.0 -9999.0 -9999.0 -9999.0
63855 20170824  2.422  -85.13   36.01    24.0    12.2    18.1    18.3     0.0    26.01 C    30.6     9.3    18.6    99.2    48.5    72.9 -99.000 -99.000 -99.000 -99.000 -99.000 -9999.0 -9999.0 -9999.0 -9999.0 -9999.0
63855 20170825  2.422  -85.13   36.01    23.9    12.9    18.4    18.4     0.0    21.55 C    30.5    10.7    18.3    94.2    51.1    74.0 -99.000 -99.000 -99.000 -99.000 -99.000 -9999.0 -9999.0 -9999.0 -9999.0 -9999.0
63855 20170826  2.422  -85.13   36.01    25.5    12.2    18.9    18.7     0.0    20.57 C    33.2    10.2    19.0   100.0    53.2    80.2 -99.000 -99.000 -99.000 -99.000 -99.000 -9999.0 -9999.0 -9999.0 -9999.0 -9999.0
63855 20170827  2.422  -85.13   36.01    27.0    13.3    20.2    20.1     1.1    17.80 C    33.4    11.8    20.0   100.0    60.2    86.4 -99.000 -99.000 -99.000 -99.000 -99.000 -9999.0 -9999.0 -9999.0 -9999.0 -9999.0
63855 20170828  2.422  -85.13   36.01    19.7    17.5    18.6    18.3    26.8     3.81 C    21.2    16.1    18.3   100.0    84.7    97.0 -99.000 -99.000 -99.000 -99.000 -99.000 -9999.0 -9999.0 -9999.0 -9999.0 -9999.0
63855 20170829  2.422  -85.13   36.01    25.0    14.2    19.6    19.7     0.0    21.43 C    33.2    12.6    20.6   100.0    58.8    84.2 -99.000 -99.000 -99.000 -99.000 -99.000 -9999.0 -9999.0 -9999.0 -9999.0 -9999.0
63855 20170830  2.422  -85.13   36.01    25.3    14.0    19.7    19.1     3.9    12.52 C    30.7    12.6    19.2   100.0    63.7    92.7 -99.000 -99.000 -99.000 -99.000 -99.000 -9999.0 -9999.0 -9999.0 -9999.0 -9999.0
63855 20170831  2.422  -85.13   36.01    22.2    18.4    20.3    20.1    11.8     5.90 C    24.8    18.3    20.6   100.0    89.7    96.9 -99.000   0.362 -99.000 -99.000 -99.000 -9999.0 -9999.0 -9999.0 -9999.0    21.1
63855 20170901  2.422  -85.13   36.01    20.8    12.0    16.4    17.6    10.9     6.75 C    22.7    12.2    17.6   100.0    82.4    96.1 -99.000   0.373   0.353   0.355 -99.000 -9999.0 -9999.0    21.5 -9999.0    21.1
63855 20170902  2.422  -85.13   36.01    19.1     9.4    14.3    13.5     6.7     9.98 C    23.4     6.8    13.5   100.0    73.9    95.8 -99.000   0.370 -99.000 -99.000 -99.000 -9999.0 -9999.0 -9999.0 -9999.0 -9999.0
63855 20170903  2.422  -85.13   36.01    23.6     6.6    15.1    16.0     0.0    23.60 C    29.1     4.8    16.2   100.0    50.7    83.1 -99.000   0.347 -99.000 -99.000 -99.000 -9999.0    19.0 -9999.0 -9999.0 -9999.0
63855 20170904  2.422  -85.13   36.01    26.0    11.8    18.9    19.4     0.0    21.83 C    30.2    10.1    19.0   100.0    58.8    83.5   0.357   0.336   0.336   0.363 -99.000    19.6    19.8    19.8    20.3    20.5
63855 20170905  2.422  -85.13   36.01    19.7    13.5    16.6    17.1    57.8     0.77 C    20.1    12.1    16.7   100.0    92.4    98.4 -99.000   0.413 -99.000 -99.000 -99.000 -9999.0 -9999.0 -9999.0 -9999.0 -9999.0
63855 20170906  2.422  -85.13   36.01    18.4     7.7    13.1    13.5     0.0    18.93 C    24.7     5.5    13.7   100.0    51.4    82.2 -99.000 -99.000 -99.000 -99.000 -99.000 -9999.0 -9999.0 -9999.0 -9999.0 -9999.0
63855 20170907  2.422  -85.13   36.01    18.3     5.7    12.0    11.7     0.0    21.24 C    26.9     3.4    12.0   100.0    49.5    80.5   0.385   0.359   0.371   0.403 -99.000    16.5    17.3    18.6    19.7    20.1
63855 20170908  2.422  -85.13   36.01    21.0     5.8    13.4    13.9     0.0    23.53 C    27.2     3.7    13.7   100.0    46.7    75.3   0.370   0.348   0.357   0.405 -99.000    16.3    17.0    17.9    19.1    19.8
63855 20170909  2.422  -85.13   36.01    22.4     9.8    16.1    16.0     0.0    21.73 C    27.5     6.8    15.2    96.3    45.9    73.6   0.356   0.339   0.345   0.405 -99.000    17.1    17.5    18.0    18.8    19.6
63855 20170910  2.422  -85.13   36.01    21.5     9.0    15.2    15.5     0.0    23.49 C    27.9     6.4    15.4    99.9    47.8    74.3   0.341   0.329   0.339   0.395 -99.000    17.4    17.8    18.1    18.8    19.4
63855 20170911  2.422  -85.13   36.01    14.7    11.3    13.0    12.7    12.5     3.98 C    16.0     9.2    12.5    98.2    73.7    87.6   0.350   0.336   0.341   0.382 -99.000    17.0    17.5    18.0    18.8    19.2
63855 20170912  2.422  -85.13   36.01    17.4    12.5    14.9    14.8     1.4     3.99 C    18.8    12.4    14.9   100.0    84.3    96.1 -99.000   0.367 -99.000 -99.000 -99.000 -9999.0 -9999.0 -9999.0 -9999.0 -9999.0
63855 20170913  2.422  -85.13   36.01    14.9    13.3    14.1    14.1    18.7     3.09 C    15.1    13.6    14.2   100.0    94.0    98.4 -99.000   0.402 -99.000 -99.000 -99.000 -9999.0 -9999.0 -9999.0 -9999.0 -9999.0
63855 20170914  2.422  -85.13   36.01    20.6    14.1    17.3    16.9     2.2     7.11 C    25.1    14.0    17.1   100.0    82.4    96.5 -99.000   0.408 -99.000 -99.000 -99.000 -9999.0 -9999.0 -9999.0 -9999.0 -9999.0
63855 20170915  2.422  -85.13   36.01    26.0    13.7    19.8    19.3     0.0    17.43 C    32.1    11.7    19.3   100.0    53.8    87.7 -99.000   0.382 -99.000 -99.000 -99.000 -9999.0 -9999.0 -9999.0 -9999.0 -9999.0
63855 20170916  2.422  -85.13   36.01    26.7    12.8    19.7    19.2     0.0    19.94 C    31.6    10.6    18.6   100.0    49.2    83.3 -99.000   0.367 -99.000 -99.000 -99.000 -9999.0    18.8 -9999.0    18.8    18.7
63855 20170917  2.422  -85.13   36.01    26.5    12.5    19.5    19.3     0.0    17.31 C    31.8    10.7    18.5   100.0    51.2    84.0   0.373   0.356   0.358   0.422   0.394    18.5    18.7    18.6    18.8    18.7
63855 20170918  2.422  -85.13   36.01    27.4    13.1    20.3    20.1     0.0    20.25 C    31.1    11.1    19.6   100.0    47.8    81.1   0.360   0.348   0.348   0.422   0.394    18.8    19.0    18.7    18.9    18.8
63855 20170919  2.422  -85.13   36.01    26.5    14.2    20.4    18.6     1.6    12.15 C    30.0    12.5    17.8   100.0    61.7    91.8   0.349   0.341   0.342   0.421   0.394    18.9    19.2    18.9    19.0    18.9
63855 20170920  2.422  -85.13   36.01    27.7    13.4    20.6    20.1     0.0    18.35 C    31.6    11.8    19.6   100.0    57.5    87.0   0.344   0.337   0.340   0.388   0.393    18.9    19.1    18.9    19.0    18.9
63855 20170921  2.422  -85.13   36.01    28.0    15.2    21.6    21.0     0.0    18.96 C    32.2    13.6    20.4   100.0    53.6    84.9   0.333   0.327   0.338   0.371   0.393    19.6    19.7    19.2    19.2    19.0
63855 20170922  2.422  -85.13   36.01    28.3    15.1    21.7    21.3     0.0    17.40 C    31.2    13.1    20.5   100.0    50.1    84.0   0.318   0.315   0.335   0.363   0.393    19.8    19.9    19.4    19.3    19.1
63855 20170923  2.422  -85.13   36.01    28.4    15.3    21.8    21.0     0.0    16.35 C    32.5    13.4    20.0   100.0    52.8    85.7   0.306   0.305   0.333   0.360   0.389    19.9    20.0    19.6    19.4    19.2
63855 20170924  2.422  -85.13   36.01    27.2    15.1    21.2    20.3     0.0    16.12 C    30.9    13.2    19.6   100.0    52.5    85.3   0.293   0.294   0.332 -99.000 -99.000    19.7    19.9    19.6    19.5    19.3
63855 20170925  2.422  -85.13   36.01    27.1    14.0    20.5    20.0     0.0    17.91 C    32.4    12.3    19.1   100.0    51.4    83.3 -99.000   0.280   0.330   0.356   0.361 -9999.0    19.8    19.5 -9999.0    19.4
63855 20170926  2.422  -85.13   36.01    27.4    13.6    20.5    20.1     0.0    19.86 C    31.4    11.6    19.1   100.0    50.9    82.0 -99.000   0.267   0.326   0.354 -99.000 -9999.0    19.5    19.4    19.5 -9999.0
63855 20170927  2.422  -85.13   36.01    27.4    14.5    20.9    20.6     0.0    18.63 C    31.2    12.3    19.4   100.0    54.1    82.1 -99.000   0.256   0.324   0.353   0.348 -9999.0    19.4    19.3    19.5    19.5
63855 20170928  2.422  -85.13   36.01    25.3    14.5    19.9    19.6     0.0    17.11 C    29.8    12.0    19.1   100.0    51.2    80.5 -99.000 -99.000 -99.000 -99.000 -99.000 -9999.0 -9999.0 -9999.0 -9999.0 -9999.0
63855 20170929  2.422  -85.13   36.01    22.7    12.3    17.5    16.7     0.0    20.40 C    26.5     9.0    16.0    97.6    45.2    71.7 -99.000 -99.000 -99.000 -99.000 -99.000 -9999.0 -9999.0 -9999.0 -9999.0 -9999.0
63855 20170930  2.422  -85.13   36.01    20.8     8.4    14.6    14.7     0.0    17.30 C    24.4     5.9    13.0    90.4    39.6    66.8   0.230   0.228   0.312 -99.000 -99.000    17.4    18.1    18.6    19.2    19.4
63855 20171001  2.422  -85.13   36.01    21.4     6.3    13.9    14.0     0.0    17.93 C    24.8     3.9    12.5    99.2    42.4    72.0 -99.000 -99.000 -99.000 -99.000 -99.000 -9999.0 -9999.0 -9999.0 -9999.0 -9999.0
63855 20171002  2.422  -85.13   36.01    22.5     9.4    16.0    15.4     0.0    16.92 C    27.3     5.7    14.4    98.3    50.1    71.0 -99.000 -99.000 -99.000 -99.000 -99.000 -9999.0 -9999.0 -9999.0 -9999.0 -9999.0
63855 20171003  2.422  -85.13   36.01    23.8     9.7    16.8    16.2     0.0    19.77 C    28.1     7.5    15.1   100.0    42.0    77.0   0.206   0.206 -99.000   0.341 -99.000    16.8    17.3 -9999.0 -9999.0    18.8
63855 20171004  2.422  -85.13   36.01    24.6     7.7    16.1    15.7     0.0    19.51 C    28.6     5.2    14.8   100.0    44.5    79.9 -99.000   0.201   0.297 -99.000   0.314 -9999.0 -9999.0    17.0    18.0    18.6
63855 20171005  2.422  -85.13   36.01    25.0     8.2    16.6    16.2     0.0    18.59 C    29.2     6.0    15.4   100.0    46.1    81.4 -99.000   0.195 -99.000   0.337 -99.000 -9999.0 -9999.0 -9999.0    17.8 -9999.0
63855 20171006  2.422  -85.13   36.01    24.4     9.6    17.0    16.9     0.0    17.83 C    28.3     7.1    15.6   100.0    49.6    80.9   0.187   0.190   0.288   0.330   0.306    16.6    16.9    17.0    17.8 -9999.0
63855 20171007  2.422  -85.13   36.01    24.8    15.5    20.2    20.5     3.1     7.46 C    28.4    11.5    19.4    99.9    74.3    88.4   0.184   0.187   0.285   0.328   0.302    17.7    17.7    17.2    17.8    18.3
63855 20171008  2.422  -85.13   36.01    21.0    19.1    20.1    20.4    70.9     1.59 C    21.3    18.8    20.2   100.0    88.1    99.0   0.314   0.345   0.343   0.359   0.334    19.2    19.3    18.3    18.1    18.3
63855 20171009  2.422  -85.13   36.01    27.0    18.6    22.8    21.8     0.0    13.75 C    32.5    16.7    21.9   100.0    56.2    89.3   0.397   0.386   0.380   0.394   0.377    20.0 -9999.0    19.0 -9999.0    18.5
63855 20171010  2.422  -85.13   36.01    24.5    18.5    21.5    21.8     2.4     4.81 C    26.3    17.6    21.3   100.0    85.5    96.4   0.373   0.360 -99.000   0.400 -99.000    20.2 -9999.0 -9999.0    19.0 -9999.0
63855 20171011  2.422  -85.13   36.01    25.8    13.3    19.6    20.2     0.0    12.39 C    28.9    11.8    20.0   100.0    66.3    90.1 -99.000   0.350 -99.000 -99.000 -99.000 -9999.0    20.4 -9999.0 -9999.0 -9999.0
63855 20171012  2.422  -85.13   36.01    22.7     9.8    16.3    14.7     0.0    17.14 C    26.6     7.2    15.5   100.0    41.1    85.5   0.348   0.340   0.354   0.405   0.384    18.7    19.2    19.2    19.3    18.9
63855 20171013  2.422  -85.13   36.01    25.2     8.7    17.0    16.2     0.0    18.03 C    27.5     6.6    14.9   100.0    30.6    78.8   0.330   0.331   0.343   0.385   0.385    17.0    17.7    18.2    18.9    18.9
63855 20171014  2.422  -85.13   36.01    24.4    13.1    18.7    19.7     0.0     9.62 C    27.5    10.7    19.4   100.0    73.9    92.1   0.317   0.323   0.336   0.370   0.385    18.3    18.4    18.1    18.7    18.9
63855 20171015  2.422  -85.13   36.01    25.2     9.1    17.2    17.8    11.8    10.01 C    27.2     9.5    17.9   100.0    67.5    91.5   0.334   0.336   0.341   0.368 -99.000    18.7    18.9    18.6    18.8    18.7
63855 20171016  2.422  -85.13   36.01    14.3     5.2     9.7     9.7     0.0    17.10 C    19.0     2.4     9.8    89.6    53.1    73.2   0.358   0.344   0.349   0.384   0.385    16.0 -9999.0    18.1    18.7 -9999.0
63855 20171017  2.422  -85.13   36.01    17.5     2.0     9.7     9.1     0.0    18.14 C    22.1    -0.1     8.4   100.0    38.7    75.3   0.334   0.331   0.338   0.368 -99.000    13.8    14.9    16.4    18.0    18.6
63855 20171018  2.422  -85.13   36.01    19.8     2.2    11.0    10.0     0.0    17.60 C    23.9     0.0     8.9   100.0    41.5    78.3   0.330   0.321   0.333   0.361   0.382    12.9    14.0    15.3    17.1    18.3
63855 20171019  2.422  -85.13   36.01    20.7     2.7    11.7    11.2     0.0    17.70 C    23.7     0.1     9.7   100.0    37.3    76.3   0.313   0.309   0.329   0.356   0.366    12.7    13.5    14.7    16.5    17.9
63855 20171020  2.422  -85.13   36.01    23.6     4.4    14.0    12.9     0.0    17.03 C    26.4     1.8    11.3   100.0    31.4    77.2   0.305   0.298   0.325   0.353   0.352    12.9    13.6    14.4    16.1    17.6
63855 20171021  2.422  -85.13   36.01    22.1     7.0    14.5    14.7     0.0    14.94 C    23.4     4.6    12.2    99.6    36.6    70.4   0.290   0.289   0.323   0.351   0.347    13.5    14.0    14.5    15.9    17.3
63855 20171022  2.422  -85.13   36.01    22.1    12.2    17.1    18.0     0.0    12.50 C    24.2     7.4    16.1    81.0    60.4    70.0   0.278   0.280   0.320   0.350   0.341    14.9    15.1    14.9    15.9    17.2
63855 20171023  2.422  -85.13   36.01    18.5     6.9    12.7    13.5    39.3     6.68 C    22.4     5.3    13.1   100.0    73.6    94.2 -99.000   0.353 -99.000 -99.000   0.369 -9999.0 -9999.0 -9999.0 -9999.0 -9999.0
63855 20171024  2.422  -85.13   36.01    12.3     3.4     7.8     8.1     1.0    11.03 C    17.0     1.0     7.2   100.0    41.6    79.1   0.381   0.351   0.376   0.402   0.384    13.4    14.3    15.0    16.2 -9999.0
63855 20171025  2.422  -85.13   36.01    10.5     1.7     6.1     5.6     0.0    14.79 C    14.1    -0.3     5.1   100.0    40.4    77.5   0.370   0.344   0.363   0.405   0.385    11.6    12.8    14.0    15.7    17.0
63855 20171026  2.422  -85.13   36.01    17.9    -1.1     8.4     8.7     0.0    16.33 C    20.3    -2.6     7.1    99.9    34.3    73.3   0.355   0.334   0.353   0.406   0.386    10.8    11.8    13.1    15.1    16.8
63855 20171027  2.422  -85.13   36.01    19.4     6.3    12.8    14.2     0.0    14.92 C    21.8     2.9    12.7    90.9    42.8    67.8   0.341   0.326   0.338   0.379   0.386    12.3    12.7    13.1    14.7    16.4
63855 20171028  2.422  -85.13   36.01    13.8     0.6     7.2     3.6    25.9     2.27 C    11.7     0.8     4.2   100.0    80.6    92.6   0.403   0.402   0.386   0.395   0.386    11.3    12.3    13.2    14.6    16.1
63855 20171029  2.422  -85.13   36.01     1.5    -4.0    -1.3    -0.3     0.0     2.47 C     5.3    -5.5    -0.3    98.6    76.0    86.5   0.397   0.368   0.389   0.404   0.388     9.0    10.5    12.1    14.1    15.9
63855 20171030  2.422  -85.13   36.01    16.4    -4.8     5.8     5.5     0.0    15.45 C    18.6    -6.0     3.9    98.6    33.0    71.5   0.380   0.350   0.365   0.407   0.390     8.1     9.2    10.9    13.4    15.6
63855 20171031  2.422  -85.13   36.01    14.2    -0.5     6.8     6.6     0.0    14.95 C    20.6    -2.5     6.2   100.0    37.6    75.0   0.369   0.344   0.364   0.407   0.391     8.7     9.7    10.8    12.9    15.2
63855 20171101  2.422  -85.13   36.01    15.5     7.1    11.3    12.4     0.7     3.54 C    15.3     4.9    11.0    95.8    69.4    78.4   0.368   0.348   0.364   0.409   0.391    10.6    11.0    11.3    12.8    14.9
63855 20171102  2.422  -85.13   36.01    17.9    14.0    16.0    16.2     0.0     3.13 C    18.5    12.0    15.2    92.1    64.1    80.7   0.362   0.347   0.363   0.411   0.391    12.7    12.7    12.2    13.2    14.7
63855 20171103  2.422  -85.13   36.01    19.3    15.0    17.2    17.1     8.6     4.69 C    23.6    12.1    16.5   100.0    81.0    94.0   0.374   0.361   0.378   0.398   0.391    14.4    14.4    13.3    13.7    14.7
63855 20171104  2.422  -85.13   36.01    21.9    14.1    18.0    17.3     0.0     7.47 C    25.0    12.3    16.6   100.0    72.3    92.5   0.379   0.354   0.375   0.408   0.392    15.2    15.2    14.1 -9999.0    14.9
63855 20171105  2.422  -85.13   36.01    22.7    15.2    18.9    18.5     0.0     7.42 C    25.4    12.7    17.4   100.0    64.7    86.6   0.371   0.351   0.371   0.407   0.393    15.7    15.7    14.7    14.8    15.1
63855 20171106  2.422  -85.13   36.01    21.6    15.6    18.6    17.7     7.8     6.69 C    24.9    14.4    17.4   100.0    73.4    92.7   0.371   0.354 -99.000   0.391 -99.000    16.2 -9999.0 -9999.0    15.2 -9999.0
63855 20171107  2.422  -85.13   36.01    17.4     7.3    12.3    13.8    74.7     3.07 C    20.4     7.9    14.3   100.0    98.0    99.8 -99.000 -99.000 -99.000 -99.000 -99.000 -9999.0 -9999.0 -9999.0 -9999.0 -9999.0
63855 20171108  2.422  -85.13   36.01     7.3     4.9     6.1     6.2     0.0     2.57 C     9.7     5.8     7.2   100.0    88.1    96.7 -99.000 -99.000 -99.000 -99.000 -99.000 -9999.0    14.2 -9999.0 -9999.0 -9999.0
63855 20171109  2.422  -85.13   36.01    13.2     3.3     8.3     7.5     0.0    12.15 C    17.1     0.0     7.3   100.0    42.4    78.8   0.409   0.363   0.387   0.414   0.395    12.1    13.0    13.7    15.0    15.7
63855 20171110  2.422  -85.13   36.01     7.6    -1.3     3.2     3.2     0.0    13.14 C    12.7    -3.1     2.9    91.5    48.3    70.0   0.392   0.357   0.374   0.415   0.396    10.2    11.3    12.7    14.4    15.5
63855 20171111  2.422  -85.13   36.01    12.2    -2.0     5.1     5.3     0.0    12.31 C    15.0    -3.2     4.1    93.5    48.0    70.0   0.382   0.354   0.369   0.415   0.396     8.9    10.0    11.5    13.7    15.2
63855 20171112  2.422  -85.13   36.01    12.1     6.9     9.5     9.3     0.0     4.70 C    15.5     5.4     9.3    93.9    71.4    82.9   0.375   0.351   0.365   0.415   0.396    10.2    10.8    11.5    13.2    14.8
63855 20171113  2.422  -85.13   36.01     9.4     1.9     5.6     4.7     0.0     2.90 C     8.8    -0.6     5.4   100.0    79.8    88.7   0.370   0.351   0.363   0.392   0.396    10.3    11.1    11.6    13.1    14.6
63855 20171114  2.422  -85.13   36.01    13.1     0.0     6.5     5.3     0.0    13.10 C    18.1    -1.9     4.7    99.9    51.6    81.8   0.363   0.348   0.352   0.382   0.396     9.3    10.2    11.1    12.9    14.4
63855 20171115  2.422  -85.13   36.01    12.4    -0.6     5.9     7.4     0.8     7.27 C    15.8    -2.5     6.4   100.0    61.7    86.2   0.356   0.346   0.346   0.376   0.394     8.8     9.7    10.6    12.5    14.2
63855 20171116  2.422  -85.13   36.01    12.6     0.8     6.7     7.6     0.5    12.89 C    16.9    -2.0     6.5   100.0    47.7    79.7   0.353   0.347   0.344   0.366   0.395     9.9    10.6    11.0    12.4    14.0
63855 20171117  2.422  -85.13   36.01    16.0    -2.4     6.8     7.9     0.0    12.65 C    19.1    -4.1     6.7   100.0    33.1    67.0   0.344   0.343   0.338   0.362   0.394     8.7     9.5    10.4    12.2    13.8
63855 20171118  2.422  -85.13   36.01    16.2     2.7     9.4    11.5    15.3     1.32 C    15.0     2.7    10.8    98.7    55.8    80.7   0.358   0.352   0.347   0.365   0.394    10.6    10.9    10.8    12.1    13.6
63855 20171119  2.422  -85.13   36.01     4.9    -4.5     0.2     1.5     0.0     5.23 C     9.1    -6.7     0.7    97.2    58.8    78.5   0.395   0.358   0.375   0.394   0.394     8.6     9.9    10.8    12.2    13.5
63855 20171120  2.422  -85.13   36.01    11.4    -7.0     2.2     2.3     0.0    12.60 C    15.3    -8.9     0.6    96.1    27.6    62.7   0.383   0.351   0.360   0.375   0.395     6.1     7.5     9.2    11.6    13.4
63855 20171121  2.422  -85.13   36.01    15.8     3.6     9.7     9.3     0.0    12.04 C    19.5    -0.3     7.5    93.7    54.4    67.5   0.374   0.345   0.342   0.365   0.395     8.0     8.5     9.1    11.1    13.2
63855 20171122  2.422  -85.13   36.01     7.9    -2.8     2.5     3.0     0.0    10.86 C    12.8    -5.1     2.1    96.8    43.5    70.6   0.365   0.341   0.337   0.358   0.394     7.6     8.6     9.4    11.1    13.0
63855 20171123  2.422  -85.13   36.01    11.9    -5.4     3.3     2.1     0.0    12.38 C    17.0    -6.8     1.2    93.5    39.3    70.5   0.356   0.337   0.333   0.353   0.390     6.2     7.4     8.6    10.8    12.7
63855 20171124  2.422  -85.13   36.01    15.1    -3.3     5.9     6.4     0.0    12.13 C    19.1    -5.0     4.6    93.5    39.7    68.6   0.348   0.333   0.331   0.351   0.371     6.3     7.2     8.2    10.4    12.5
63855 20171125  2.422  -85.13   36.01    14.8     3.0     8.9     9.3     0.0     9.49 C    19.3    -1.9     6.9    88.2    44.3    60.1   0.341   0.330   0.329   0.350   0.357     7.9     8.5     8.7    10.3    12.3
63855 20171126  2.422  -85.13   36.01    11.3    -2.3     4.5     4.8     0.0    12.46 C    16.2    -5.7     2.4    90.7    32.3    59.1   0.334   0.325   0.327   0.349   0.351     6.9     7.9     8.7    10.4    12.1
63855 20171127  2.422  -85.13   36.01    15.6    -3.8     5.9     5.0     0.0    12.30 C    20.8    -6.7     2.6    93.6    21.0    59.0   0.327   0.321   0.325   0.348   0.345     5.7     6.9     8.0    10.1    12.0
63855 20171128  2.422  -85.13   36.01    15.3    -1.3     7.0     7.5     0.0    12.12 C    19.0    -4.8     4.1    83.7    34.6    55.3   0.320   0.318   0.324   0.347   0.339     6.2     7.1     7.8     9.8    11.9
63855 20171129  2.422  -85.13   36.01 -9999.0 -9999.0 -9999.0 -9999.0 -9999.0 -9999.00 U -9999.0 -9999.0 -9999.0 -9999.0 -9999.0 -9999.0 -99.000 -99.000 -99.000 -99.000 -99.000 -9999.0 -9999.0 -9999.0 -9999.0 -9999.0
63855 20171130  2.422  -85.13   36.01    14.7     5.9    10.3    11.1     4.1     2.85 C    16.6     4.1    10.5   100.0    66.2    91.4 -99.000   0.331   0.321 -99.000   0.334 -9999.0     8.8     8.6     9.8 -9999.0
63855 20171201  2.422  -85.13   36.01    12.9     2.8     7.9     7.2     0.0     6.85 C    17.3    -0.2     6.5   100.0    73.0    93.8 -99.000 -99.000   0.321 -99.000   0.333 -9999.0     9.6     9.4    10.3 -9999.0
63855 20171202  2.422  -85.13   36.01    16.2     1.7     8.9     8.4     0.0    10.24 C    20.4    -1.6     6.7   100.0    45.1    83.2   0.329 -99.000 -99.000 -99.000 -99.000     8.8     9.4 -9999.0 -9999.0 -9999.0
63855 20171203  2.422  -85.13   36.01    15.4    -0.5     7.5     7.2     0.0    10.95 C    19.6    -2.9     4.3    98.7    42.0    72.9 -99.000 -99.000   0.320 -99.000 -99.000 -9999.0     8.5     9.1 -9999.0 -9999.0
63855 20171204  2.422  -85.13   36.01    16.2     5.0    10.6    11.9     0.0    10.90 C    18.2     1.4     9.8    79.0    47.4    64.8 -99.000 -99.000   0.319 -99.000 -99.000 -9999.0     9.1     9.1    10.3 -9999.0
63855 20171205  2.422  -85.13   36.01    13.4     0.0     6.7     8.6    23.2     1.09 C    13.4    -0.3     8.3   100.0    73.1    89.2   0.384   0.364   0.353   0.356   0.343    10.2    10.5    10.0    10.7    11.7
63855 20171206  2.422  -85.13   36.01     5.1    -2.0     1.6     1.4     0.0     5.79 C     9.7    -3.2     0.9    91.8    44.7    69.1   0.391   0.355   0.353 -99.000 -99.000     7.6     8.6     9.3    10.7    11.8
63855 20171207  2.422  -85.13   36.01     5.4    -3.1     1.1     1.0     0.0     8.11 C    13.3    -3.1     1.1    91.5    50.4    74.3   0.381 -99.000 -99.000 -99.000   0.380     6.6 -9999.0 -9999.0 -9999.0 -9999.0
63855 20171208  2.422  -85.13   36.01    -1.5    -5.1    -3.3    -3.4     0.0     2.27 C     3.2    -5.2    -2.5    85.9    58.4    73.1   0.375 -99.000 -99.000   0.359   0.381     5.2     6.4 -9999.0 -9999.0 -9999.0
63855 20171209  2.422  -85.13   36.01     0.7    -8.1    -3.7    -2.8     0.0     6.45 C     6.3   -10.4    -2.9    90.8    45.1    69.2 -99.000 -99.000   0.331 -99.000 -99.000 -9999.0     5.5     6.7     9.2    11.4
63855 20171210  2.422  -85.13   36.01     3.7    -9.5    -2.9    -1.4     0.0    11.13 C     7.9   -11.3    -2.4    92.0    40.4    62.2   0.363   0.337   0.328 -99.000   0.353     3.4     4.6     5.9     8.6    11.0
63855 20171211  2.422  -85.13   36.01    12.5    -4.7     3.9     5.0     0.0    10.93 C    16.2    -7.8     3.1    89.0    36.0    57.7 -99.000 -99.000 -99.000 -99.000   0.346 -9999.0     5.3 -9999.0 -9999.0 -9999.0
63855 20171212  2.422  -85.13   36.01     8.2    -6.0     1.1     0.5     0.0     4.09 C     6.9    -8.5    -0.5    83.2    45.2    59.5   0.353 -99.000   0.324 -99.000 -99.000     4.7     5.7     6.4     8.3    10.4
63855 20171213  2.422  -85.13   36.01     6.8    -9.9    -1.6    -0.5     0.0    10.83 C     9.8   -11.5    -1.5    84.0    22.3    48.3 -99.000 -99.000   0.322 -99.000 -99.000 -9999.0     4.2     5.6 -9999.0 -9999.0
63855 20171214  2.422  -85.13   36.01     4.4    -2.9     0.8     1.0     0.0     7.79 C    13.4    -6.8     0.3    85.9    50.1    70.0 -99.000   0.327   0.322 -99.000   0.335 -9999.0     4.9     5.6     7.7    10.0
63855 20171215  2.422  -85.13   36.01     0.0    -5.6    -2.8    -3.0     0.0     4.73 C     5.9    -9.5    -3.5    89.1    61.0    79.8   0.330 -99.000   0.320 -99.000 -99.000     3.4     4.5     5.5 -9999.0 -9999.0
63855 20171216  2.422  -85.13   36.01     8.2    -7.3     0.4     0.2     0.0     9.29 C    12.8    -9.7    -1.7    92.8    45.1    73.1 -99.000 -99.000   0.319 -99.000 -99.000 -9999.0 -9999.0     4.9     7.3 -9999.0
63855 20171217  2.422  -85.13   36.01     6.1    -2.6     1.8     3.7     0.7     2.42 C     6.7    -5.4     3.0   100.0    68.4    85.6   0.324 -99.000   0.319 -99.000 -99.000     4.3     4.7     5.2     7.2 -9999.0
63855 20171218  2.422  -85.13   36.01    11.7     5.7     8.7     8.1     0.2     4.55 C    13.0     3.4     7.7   100.0    79.0    96.1   0.322   0.323   0.319 -99.000 -99.000     6.4     6.6     6.2     7.4     9.2
63855 20171219  2.422  -85.13   36.01    15.7     4.1     9.9    10.3     8.7     6.60 C    18.2     2.9     9.8   100.0    46.0    87.5   0.331 -99.000   0.319 -99.000   0.330     7.7     7.8     7.2 -9999.0 -9999.0
63855 20171220  2.422  -85.13   36.01    12.9     9.1    11.0    10.6    26.7     2.50 C    18.1     6.5    10.4   100.0    75.2    96.4 -99.000   0.392   0.369 -99.000 -99.000 -9999.0     9.2     8.3     8.6     9.4
63855 20171221  2.422  -85.13   36.01    12.5     5.1     8.8     9.8     0.2     2.40 C    13.4     2.3     9.3   100.0    80.2    93.6   0.388 -99.000   0.374 -99.000 -99.000     9.2     9.4     8.8     9.1 -9999.0
63855 20171222  2.422  -85.13   36.01    13.2     9.3    11.2    11.0    19.1     0.85 C    12.7     7.2    10.5   100.0    90.7    97.4   0.408 -99.000 -99.000   0.396   0.380     9.8     9.9 -9999.0 -9999.0 -9999.0
63855 20171223  2.422  -85.13   36.01    17.3     2.8    10.1     9.7    37.6     1.00 C    15.4     3.7     9.8   100.0    86.1    97.1 -99.000   0.440   0.397   0.399   0.383 -9999.0    11.3    10.1    10.0    10.2
63855 20171224  2.422  -85.13   36.01     5.0    -3.2     0.9     2.0     2.0     1.97 C     6.7    -3.8     2.8   100.0    72.3    95.7   0.441 -99.000   0.402 -99.000 -99.000     8.3     9.2     9.4    10.2    10.5
63855 20171225  2.422  -85.13   36.01    -3.2    -7.2    -5.2    -5.6     0.0     4.73 C    -1.2    -8.6    -5.1    79.9    60.4    70.1   0.414   0.396   0.399   0.403   0.387     4.6     6.2     7.7     9.6    10.6
63855 20171226  2.422  -85.13   36.01     2.8    -5.0    -1.1    -1.8     0.0     7.21 C     8.6    -7.5    -1.6    77.4    46.3    62.1 -99.000 -99.000   0.385   0.404   0.388 -9999.0     4.8     6.1 -9999.0 -9999.0
63855 20171227  2.422  -85.13   36.01    -3.9   -10.4    -7.1    -6.1     0.0     4.96 C     1.4   -11.8    -5.9    85.4    58.9    77.8 -99.000 -99.000   0.383 -99.000 -99.000 -9999.0     4.1     5.6 -9999.0 -9999.0
63855 20171228  2.422  -85.13   36.01     2.4   -12.2    -4.9    -5.4     0.0    10.85 C     9.4   -13.4    -5.3    78.0    48.5    64.8   0.385 -99.000 -99.000 -99.000 -99.000     1.6     2.8 -9999.0     7.3 -9999.0
63855 20171229  2.422  -85.13   36.01     3.3    -8.6    -2.7    -3.1     0.0     9.57 C    10.6   -11.2    -3.9    86.4    43.0    65.0   0.381   0.360 -99.000 -99.000 -99.000     1.4     2.6 -9999.0 -9999.0     9.2
63855 20171230  2.422  -85.13   36.01     0.0    -7.3    -3.7    -2.3     0.0     2.51 C     3.8    -8.5    -2.2    83.3    61.5    72.4   0.380 -99.000   0.382 -99.000 -99.000     1.7     2.7     3.8     6.2     8.9
63855 20171231  2.422  -85.13   36.01    -5.2   -13.1    -9.1    -8.9     0.0    10.63 C     6.4   -13.8    -7.6    87.4    45.7    68.0   0.380 -99.000   0.370 -99.000   0.390     1.3 -9999.0     3.7 -9999.0 -9999.0
