53961 20170101  2.422  -92.12   32.88    13.1    10.1    11.6    11.6     0.2     1.99 C    14.0    10.7    12.3   100.0   100.0   100.0   0.387   0.331   0.302 -99.000 -99.000    13.0    12.8    13.2    13.0    15.7
53961 20170102  2.422  -92.12   32.88    18.8    10.3    14.6    14.8    18.2     1.59 C    19.0     8.6    14.2   100.0   100.0   100.0   0.387   0.333   0.299 -99.000 -99.000    14.0    13.6    13.9    13.6    15.9
53961 20170103  2.422  -92.12   32.88    21.9     9.8    15.8    14.4     0.0     9.58 C    23.9     8.4    14.1   100.0    49.5    87.1   0.387   0.331   0.301 -99.000 -99.000    14.3    13.8    14.1    13.8    15.9
53961 20170104  2.422  -92.12   32.88    12.4    -1.1     5.7     5.3     0.0     5.81 C    12.4     0.4     7.3   100.0    57.5    79.6   0.387   0.334   0.299 -99.000 -99.000    12.8    13.2    13.8    13.7    15.9
53961 20170105  2.422  -92.12   32.88     4.3    -1.2     1.6     2.2     0.5     1.52 C     7.1     0.1     3.9   100.0    68.8    89.8   0.388   0.335   0.303 -99.000 -99.000     9.9    10.8    11.8    12.0    15.2
53961 20170106  2.422  -92.12   32.88     0.3    -6.2    -3.0    -2.2     1.7     4.19 C     4.1    -4.6    -0.4    81.6    61.7    69.6   0.389   0.338   0.303 -99.000 -99.000     7.6     8.8    10.1    10.4    14.5
53961 20170107  2.422  -92.12   32.88     1.7    -8.4    -3.4    -4.3     0.0    11.97 C     6.3    -6.5    -2.1    95.3    35.0    60.1   0.391   0.334   0.307 -99.000 -99.000     5.5     6.7     8.2     8.6    13.6
53961 20170108  2.422  -92.12   32.88     3.8    -9.5    -2.8    -3.5     0.0     8.57 C     6.9    -7.3    -2.0    96.8    37.2    72.2   0.389   0.339   0.305 -99.000 -99.000     4.6     5.6     7.1     7.3    12.8
53961 20170109  2.422  -92.12   32.88    13.0    -5.7     3.7     3.6     0.0     3.16 C    10.7    -4.5     2.8    99.9    54.9    76.2   0.386   0.337   0.306 -99.000 -99.000     5.1     5.5     6.7     6.8    12.3
53961 20170110  2.422  -92.12   32.88    22.2    12.9    17.6    17.1     0.0     4.67 C    22.5    10.5    14.9    97.0    70.0    82.5   0.385   0.337   0.300 -99.000 -99.000     9.9     8.8     9.0     8.6    12.8
53961 20170111  2.422  -92.12   32.88    25.4    17.6    21.5    20.9     0.0     7.03 C    26.0    14.6    18.6    97.1    52.3    78.1   0.383   0.335   0.299 -99.000 -99.000    13.3    11.9    11.6    11.0    13.6
53961 20170112  2.422  -92.12   32.88    26.5    15.3    20.9    20.4     0.0     8.43 C    28.6    12.7    18.9   100.0    47.3    85.1   0.378   0.336   0.301 -99.000 -99.000    15.2    13.9    13.5    12.9    14.4
53961 20170113  2.422  -92.12   32.88    24.2    11.8    18.0    17.3     0.0     7.71 C    29.9    11.6    17.4   100.0    63.3    93.4   0.371   0.335   0.299 -99.000 -99.000    15.6    14.6    14.4    13.9    14.9
53961 20170114  2.422  -92.12   32.88    21.4    10.9    16.2    14.1     0.0     7.66 C    25.6    10.0    15.1   100.0    67.7    94.0   0.362   0.335   0.300 -99.000 -99.000    15.3    14.7    14.7    14.2    15.3
53961 20170115  2.422  -92.12   32.88    20.2    10.8    15.5    13.5     0.0     6.06 C    24.3     9.4    13.9   100.0    72.2    95.8   0.358   0.336   0.300 -99.000 -99.000    14.8    14.4    14.5    14.2    15.4
53961 20170116  2.422  -92.12   32.88    22.9    10.6    16.7    17.9     2.3     3.46 C    24.5     9.3    16.8   100.0    83.7    98.3   0.364   0.335   0.299 -99.000 -99.000    15.2    14.6    14.7    14.3    15.6
53961 20170117  2.422  -92.12   32.88    19.7    11.1    15.4    12.8    34.2     1.10 C    18.4    11.8    13.7   100.0   100.0   100.0   0.383   0.336   0.301 -99.000 -99.000    15.1    14.8    15.0    14.7    15.8
53961 20170118  2.422  -92.12   32.88    12.9    10.5    11.7    11.7    20.6     1.24 C    14.1    11.3    12.6   100.0   100.0   100.0   0.385   0.339   0.303 -99.000 -99.000    14.1    14.0    14.3    14.1    15.7
53961 20170119  2.422  -92.12   32.88    15.8    11.6    13.7    13.5    24.5     1.31 C    17.1    12.1    13.7   100.0   100.0   100.0   0.385   0.338   0.300 -99.000 -99.000    14.1    13.8    14.2    13.9    15.7
53961 20170120  2.422  -92.12   32.88    24.3    12.9    18.6    17.1     0.0    11.83 C    25.1    12.6    16.7   100.0    38.2    83.2   0.384   0.336   0.301 -99.000 -99.000    15.7    14.8    14.8    14.4    15.9
53961 20170121  2.422  -92.12   32.88    21.7    10.4    16.1    16.7    26.7     7.55 C    24.8     9.5    16.3   100.0    68.3    91.0   0.385   0.338   0.300 -99.000 -99.000    16.0    15.3    15.4    14.9    16.2
53961 20170122  2.422  -92.12   32.88    16.5    11.1    13.8    13.6     0.5     6.78 C    19.9    10.7    13.8   100.0    58.3    85.7   0.386   0.338   0.301 -99.000 -99.000    15.4    15.1    15.3    15.0    16.2
53961 20170123  2.422  -92.12   32.88    15.1     3.1     9.1     9.2     0.0    12.87 C    20.2     3.4    10.4   100.0    50.1    77.3   0.386   0.338   0.301 -99.000 -99.000    14.1    14.1    14.5    14.4    16.1
53961 20170124  2.422  -92.12   32.88    21.8     1.4    11.6    12.1     0.0    12.75 C    23.1     1.8    11.4   100.0    36.6    72.8   0.386   0.339   0.303 -99.000 -99.000    13.1    13.0    13.6    13.4    15.7
53961 20170125  2.422  -92.12   32.88    23.1    10.0    16.6    16.2     0.0     7.00 C    25.7     8.2    15.2   100.0    27.8    72.2   0.385   0.338   0.299 -99.000 -99.000    14.9    14.2    14.4    14.0    16.0
53961 20170126  2.422  -92.12   32.88 -9999.0 -9999.0 -9999.0 -9999.0     0.0 -9999.00 U -9999.0 -9999.0 -9999.0 -9999.0 -9999.0 -9999.0 -99.000 -99.000 -99.000 -99.000 -99.000 -9999.0 -9999.0 -9999.0 -9999.0 -9999.0
53961 20170127  2.422  -92.12   32.88    12.7    -3.4     4.6     3.5     0.0    11.09 C    16.1    -2.8     3.9   100.0    26.2    67.7   0.383   0.340   0.301 -99.000 -99.000    10.2    10.9    11.9    11.9    15.0
53961 20170128  2.422  -92.12   32.88    14.8    -3.0     5.9     5.7     0.0    15.35 C    18.2    -3.2     5.0    93.0    28.0    59.5   0.374   0.340   0.305 -99.000 -99.000     9.7    10.0    11.0    10.9    14.6
53961 20170129  2.422  -92.12   32.88    16.3     2.9     9.6     8.2     0.0    15.31 C    19.9     0.6     7.0    89.4    27.9    56.2   0.371   0.339   0.302 -99.000 -99.000    10.1    10.1    10.8    10.7    14.3
53961 20170130  2.422  -92.12   32.88    22.5    -0.9    10.8     9.2     0.0    15.14 C    25.0    -1.1     8.7   100.0    25.5    71.6   0.355   0.339   0.298 -99.000 -99.000    10.5    10.3    10.9    10.7    14.2
53961 20170131  2.422  -92.12   32.88    25.1     5.3    15.2    14.7     0.0    15.40 C    27.4     2.1    11.5    95.0    21.6    56.1   0.345   0.333   0.301 -99.000 -99.000    11.5    11.0    11.5    11.1    14.2
53961 20170201  2.422  -92.12   32.88    24.6    11.1    17.9    16.3     0.0    12.15 C    29.2     6.9    14.7   100.0    49.6    84.2   0.338   0.324   0.302 -99.000 -99.000    13.1    12.3    12.5    12.0    14.5
53961 20170202  2.422  -92.12   32.88    15.1     4.5     9.8     8.1     8.6     1.79 C    14.0     5.1     8.9   100.0    72.8    92.9   0.363   0.329   0.304 -99.000 -99.000    12.4    12.4    12.8    12.5    14.7
53961 20170203  2.422  -92.12   32.88    10.2     2.7     6.4     5.4     0.0    11.40 C    15.6     0.6     6.4    75.1    34.0    57.4   0.378   0.334   0.305 -99.000 -99.000    11.1    11.2    11.8    11.7    14.4
53961 20170204  2.422  -92.12   32.88    11.1    -0.6     5.3     5.5     1.0     6.00 C    13.9    -1.1     6.2    81.4    39.2    60.4   0.378   0.333   0.308 -99.000 -99.000     9.8    10.1    10.8    10.8    14.0
53961 20170205  2.422  -92.12   32.88    10.9     7.0     8.9     9.0    18.4     1.51 C    11.9     7.8     9.7   100.0    86.5    99.9   0.379   0.333   0.303 -99.000 -99.000    11.0    10.8    11.3    11.1    14.0
53961 20170206  2.422  -92.12   32.88    23.2    10.5    16.9    18.3     0.0     4.43 C    23.9     9.8    16.4   100.0    72.6    91.4   0.380   0.335   0.306 -99.000 -99.000    13.3    12.3    12.4    11.9    14.3
53961 20170207  2.422  -92.12   32.88    28.1    11.0    19.5    19.9     0.0    11.14 C    29.5     9.7    18.3   100.0    40.7    83.7   0.377   0.333   0.302 -99.000 -99.000    16.3    14.9    14.5    13.9    15.0
53961 20170208  2.422  -92.12   32.88    26.4     8.0    17.2    16.9     0.0    11.19 C    28.3     6.8    15.5   100.0    50.4    79.5   0.378   0.334   0.301 -99.000 -99.000    15.8    15.0    14.9    14.4    15.3
53961 20170209  2.422  -92.12   32.88    12.3     0.7     6.5     5.8     0.0    16.00 C    18.5     1.5     7.7   100.0    41.7    70.2   0.379   0.336   0.303 -99.000 -99.000    13.6    13.7    14.1    13.9    15.3
53961 20170210  2.422  -92.12   32.88    23.1    -0.9    11.1    11.8     0.0    16.05 C    25.1    -0.2    11.4   100.0    38.5    75.1   0.376   0.334   0.303 -99.000 -99.000    12.9    12.6    13.1    12.8    15.0
53961 20170211  2.422  -92.12   32.88    27.8    17.6    22.7    22.5     0.0     9.08 C    28.8    15.4    20.5   100.0    55.3    80.6   0.373   0.333   0.302 -99.000 -99.000    16.4    15.0    14.8    14.2    15.6
53961 20170212  2.422  -92.12   32.88    24.5    14.8    19.6    19.6     0.0     4.83 C    28.8    11.6    18.5   100.0    50.0    81.8   0.369   0.334   0.302 -99.000 -99.000    17.4    16.4    16.1    15.5    16.1
53961 20170213  2.422  -92.12   32.88    15.3     9.6    12.4    12.6     0.0     8.93 C    24.0     7.6    13.2    77.9    33.4    47.7   0.358   0.331   0.300 -99.000 -99.000    15.7    15.4    15.6    15.3    16.1
53961 20170214  2.422  -92.12   32.88    13.9     6.5    10.2    10.7     3.8     3.07 C    16.8     7.8    11.6   100.0    48.7    72.7   0.358   0.327   0.301 -99.000 -99.000    14.5    14.5    14.9    14.7    16.0
53961 20170215  2.422  -92.12   32.88    16.7     0.9     8.8     8.8     0.0    16.79 C    22.7     1.5    10.7   100.0    35.3    79.5   0.372   0.330   0.303 -99.000 -99.000    14.3    14.0    14.4    14.2    15.9
53961 20170216  2.422  -92.12   32.88    19.1    -1.6     8.8     7.5     0.0    18.04 C    24.9    -0.8     8.8   100.0    28.0    73.5   0.361   0.331   0.302 -99.000 -99.000    12.9    12.9    13.5    13.3    15.6
53961 20170217  2.422  -92.12   32.88    19.9     2.7    11.3    11.9     0.0    11.72 C    25.3     2.0    11.5   100.0    43.2    76.5   0.348   0.326   0.300 -99.000 -99.000    13.0    12.7    13.2    12.9    15.4
53961 20170218  2.422  -92.12   32.88    18.7     9.4    14.0    14.1     0.0     6.14 C    25.9     8.5    14.6   100.0    75.1    92.4   0.342   0.322   0.300 -99.000 -99.000    14.5    13.9    14.1    13.7    15.6
53961 20170219  2.422  -92.12   32.88    26.2     8.6    17.4    15.6     0.0    13.51 C    31.1     7.5    16.0   100.0    38.3    85.6   0.336   0.320   0.297 -99.000 -99.000    15.4    14.6    14.7    14.2    15.7
53961 20170220  2.422  -92.12   32.88    27.1    10.2    18.6    18.1    41.0     9.57 C    32.3     8.8    18.3   100.0    56.6    90.0   0.337   0.317   0.299 -99.000 -99.000    16.6    15.6    15.5    15.0    16.1
53961 20170221  2.422  -92.12   32.88    19.3    13.9    16.6    15.6     8.1     7.88 C    24.7    14.3    16.7   100.0    72.2    95.7   0.366   0.325   0.304 -99.000 -99.000    17.1    16.3    16.2    15.8    16.4
53961 20170222  2.422  -92.12   32.88    23.0    10.3    16.6    15.9     0.0    15.92 C    31.3     9.8    17.8   100.0    50.5    87.8   0.367   0.326   0.301 -99.000 -99.000    18.0    16.9    16.8    16.3    16.8
53961 20170223  2.422  -92.12   32.88    26.1     7.5    16.8    17.3     0.0    18.20 C    29.1     7.4    16.7   100.0    43.9    74.8   0.366   0.325   0.303 -99.000 -99.000    17.5    16.7    16.7    16.2    16.9
53961 20170224  2.422  -92.12   32.88    26.1    12.2    19.1    19.4     0.0    14.96 C    30.3     9.0    18.2    99.3    47.3    69.3   0.364   0.327   0.300 -99.000 -99.000    18.4    17.4    17.2    16.8    17.3
53961 20170225  2.422  -92.12   32.88    13.8     0.9     7.4     7.4     0.0    19.50 C    22.4     1.7     9.6   100.0    28.1    57.7   0.360   0.325   0.305 -99.000 -99.000    15.7    15.8    16.3    16.0    17.1
53961 20170226  2.422  -92.12   32.88    19.8    -0.3     9.8    10.6     0.0    17.38 C    25.2     0.1    11.0   100.0    23.4    58.7   0.349   0.320   0.301 -99.000 -99.000    14.1    14.1    14.7    14.5    16.5
53961 20170227  2.422  -92.12   32.88    17.3    10.9    14.1    14.4    32.8     2.91 C    17.8    11.4    14.3   100.0    66.2    94.5   0.370   0.325   0.303 -99.000 -99.000    15.0    14.6    15.0    14.7    16.5
53961 20170228  2.422  -92.12   32.88    27.7    16.9    22.3    22.5     0.0    12.52 C    30.4    15.5    21.1   100.0    57.4    82.6   0.372   0.325   0.303 -99.000 -99.000    18.2    16.7    16.4    15.8    16.9
53961 20170301  2.422  -92.12   32.88    27.2    11.5    19.3    20.5     0.0    14.85 C    30.2     7.0    18.8    97.5    24.5    59.3   0.370   0.326   0.303 -99.000 -99.000    19.5    18.3    17.9    17.3    17.5
53961 20170302  2.422  -92.12   32.88    17.6     2.1     9.9    10.7     0.0    20.28 C    24.7     3.2    11.3   100.0    23.9    46.7   0.369   0.325   0.302 -99.000 -99.000    16.3    16.2    16.6    16.3    17.3
53961 20170303  2.422  -92.12   32.88    19.3    -0.6     9.3     8.4     0.0    19.96 C    26.4     0.5    10.4   100.0    27.7    70.3   0.359   0.326   0.302 -99.000 -99.000    14.8    14.7    15.3    15.0    16.9
53961 20170304  2.422  -92.12   32.88    19.8     0.2    10.0    10.3     0.0    13.90 C    25.0     0.9    11.4   100.0    21.7    66.9   0.348   0.319   0.296 -99.000 -99.000    14.2    14.0    14.6    14.3    16.6
53961 20170305  2.422  -92.12   32.88    16.0     9.5    12.8    12.6     2.5     4.54 C    18.9    10.5    13.3   100.0    64.7    92.2   0.354   0.322   0.303 -99.000 -99.000    14.8    14.5    14.8    14.5    16.5
53961 20170306  2.422  -92.12   32.88    24.5    15.6    20.0    19.2     1.2     6.12 C    27.7    14.5    18.5   100.0    66.9    91.9   0.360   0.322   0.303 -99.000 -99.000    16.7    15.7    15.7    15.2    16.7
53961 20170307  2.422  -92.12   32.88    22.3     3.9    13.1    15.0     3.1     6.90 C    23.1     4.8    15.5   100.0    28.4    86.2   0.372   0.326   0.303 -99.000 -99.000    17.3    16.7    16.6    16.2    17.1
53961 20170308  2.422  -92.12   32.88    23.6     1.6    12.6    12.5     0.0    20.83 C    28.4     2.0    13.4   100.0    17.6    62.8   0.371   0.326   0.305 -99.000 -99.000    15.7    15.2    15.6    15.3    16.8
53961 20170309  2.422  -92.12   32.88    24.5    10.2    17.4    17.6     0.0     7.20 C    26.3     9.9    17.5   100.0    64.8    87.8   0.359   0.324   0.303 -99.000 -99.000    16.8    16.1    16.1    15.7    17.0
53961 20170310  2.422  -92.12   32.88    19.7    10.1    14.9    15.9     3.0    13.28 C    25.7     9.0    16.0   100.0    40.3    75.2   0.369   0.323   0.304 -99.000 -99.000    17.5    16.8    16.7    16.3    17.3
53961 20170311  2.422  -92.12   32.88    10.4     5.1     7.7     7.9    42.6     2.12 C    12.8     6.0     9.1   100.0    61.3    81.3   0.370   0.328   0.305 -99.000 -99.000    14.5    15.0    15.6    15.5    17.0
53961 20170312  2.422  -92.12   32.88    12.7     2.4     7.5     6.4     2.6    21.18 C    20.2     2.5     9.3   100.0    47.1    78.9   0.377   0.328   0.307 -99.000 -99.000    14.0    13.7    14.4    14.0    16.5
53961 20170313  2.422  -92.12   32.88    10.5     2.2     6.4     6.4     3.5     3.91 C    15.7     2.5     7.7   100.0    78.0    95.7   0.377   0.331   0.308 -99.000 -99.000    12.4    12.9    13.6    13.5    16.1
53961 20170314  2.422  -92.12   32.88    12.7    -0.3     6.2     6.2     0.0    18.10 C    21.2     0.1     8.8    99.8    48.8    71.5   0.379   0.331   0.310 -99.000 -99.000    12.7    12.4    13.1    12.8    15.8
53961 20170315  2.422  -92.12   32.88    10.2     1.1     5.6     5.0     0.0    18.67 C    19.7     1.7     8.4    99.3    44.6    69.2   0.378   0.332   0.307 -99.000 -99.000    13.0    12.7    13.3    13.0    15.7
53961 20170316  2.422  -92.12   32.88    18.4     1.7    10.1    11.0     0.0    15.06 C    24.2     2.6    12.2    98.5    42.2    60.6   0.376   0.331   0.307 -99.000 -99.000    13.5    12.9    13.3    12.9    15.5
53961 20170317  2.422  -92.12   32.88    24.1    14.6    19.3    18.5     0.0    10.03 C    27.7    12.5    17.6    97.9    55.0    73.8   0.370   0.331   0.305 -99.000 -99.000    15.9    14.8    14.7    14.2    16.0
53961 20170318  2.422  -92.12   32.88    26.9    13.5    20.2    19.6     0.0    12.67 C    34.0    12.8    19.7   100.0    55.1    85.4   0.364   0.329   0.303 -99.000 -99.000    17.7    16.4    16.1    15.5    16.5
53961 20170319  2.422  -92.12   32.88    28.8    10.6    19.7    19.0     0.0    14.99 C    36.5    10.5    19.7   100.0    49.5    83.6   0.355   0.321   0.302 -99.000 -99.000    18.4    17.1    16.9    16.3    16.9
53961 20170320  2.422  -92.12   32.88    29.7    13.2    21.5    20.9     0.0    19.65 C    37.1    11.2    21.0   100.0    42.1    77.0   0.339   0.315   0.298 -99.000 -99.000    19.5    18.1    17.7    17.1    17.4
53961 20170321  2.422  -92.12   32.88    30.5    12.5    21.5    19.9     0.0    22.03 C    37.1    10.4    20.3   100.0    25.4    69.7   0.320   0.309   0.293 -99.000 -99.000    19.8    18.6    18.3    17.7    17.8
53961 20170322  2.422  -92.12   32.88    25.1    13.3    19.2    17.8     0.0    20.12 C    34.9    12.1    19.7    95.5    48.9    72.5   0.308   0.300   0.289 -99.000 -99.000    19.7    18.6    18.5    17.9    18.0
53961 20170323  2.422  -92.12   32.88    29.4    10.5    20.0    19.9     0.0    21.54 C    37.7    10.2    21.0   100.0    26.6    64.3   0.297   0.291   0.283 -99.000 -99.000    20.0    18.8    18.7    18.1    18.3
53961 20170324  2.422  -92.12   32.88    26.4    19.5    23.0    22.6     5.3     9.00 C    33.1    15.8    21.7    97.6    52.7    70.5   0.288   0.283   0.279 -99.000 -99.000    20.0    19.1    18.9    18.5    18.5
53961 20170325  2.422  -92.12   32.88    24.4    10.6    17.5    17.6    15.8    16.13 C    30.6    11.1    18.7   100.0    40.2    82.7   0.358   0.305   0.290 -99.000 -99.000    20.3    19.3    19.1    18.6    18.7
53961 20170326  2.422  -92.12   32.88    27.7     8.0    17.8    18.5     0.0    22.64 C    34.0     8.4    19.9   100.0    35.5    74.2   0.353   0.308   0.293 -99.000 -99.000    20.1    19.0    18.9    18.4    18.7
53961 20170327  2.422  -92.12   32.88    28.8    18.5    23.6    23.0     0.0    14.70 C    35.4    17.3    23.2   100.0    51.6    82.0   0.342   0.304   0.288 -99.000 -99.000    21.6    20.2    19.9    19.3    19.2
53961 20170328  2.422  -92.12   32.88    28.6    17.6    23.1    21.5     0.0    10.81 C    36.2    16.7    22.4   100.0    52.3    86.6   0.334   0.301   0.288 -99.000 -99.000    21.6    20.6    20.2    19.8    19.5
53961 20170329  2.422  -92.12   32.88    27.5    15.7    21.6    21.2     9.1    13.86 C    32.7    14.5    21.4   100.0    52.2    84.2   0.329   0.299   0.287 -99.000 -99.000    21.4    20.4    20.3    19.9    19.6
53961 20170330  2.422  -92.12   32.88    22.3     9.1    15.7    17.4     0.0    20.08 C    30.9     9.8    19.3   100.0    43.0    77.8   0.356   0.308   0.293 -99.000 -99.000    21.5    20.5    20.4    19.9    19.8
53961 20170331  2.422  -92.12   32.88    26.6     6.8    16.7    16.0     0.0    23.35 C    36.0     7.7    18.9   100.0    40.9    77.8   0.339   0.305   0.290 -99.000 -99.000    20.3    19.5    19.6    19.2    19.6
53961 20170401  2.422  -92.12   32.88    28.8    10.9    19.8    19.7     0.0    23.44 C    37.5    10.5    21.4   100.0    39.4    72.8   0.319   0.297   0.286 -99.000 -99.000    20.9    19.9    19.8    19.3    19.7
53961 20170402  2.422  -92.12   32.88    21.4    13.0    17.2    17.1    38.3     3.70 C    25.0    12.6    17.0   100.0    70.5    95.3   0.328   0.299   0.286 -99.000 -99.000    19.5    19.3    19.5    19.2    19.7
53961 20170403  2.422  -92.12   32.88    24.6    12.2    18.4    18.7     7.5    18.82 C    30.6    12.6    20.2   100.0    48.0    86.1   0.356   0.313   0.291 -99.000 -99.000    20.9    19.8    19.7    19.2    19.7
53961 20170404  2.422  -92.12   32.88    29.3    10.5    19.9    19.5     0.0    23.38 C    33.7    10.7    20.4   100.0    38.1    76.2   0.356   0.313   0.292 -99.000 -99.000    21.2    20.0    20.0    19.5    19.8
53961 20170405  2.422  -92.12   32.88    19.0     7.9    13.5    15.4     0.0    18.51 C    26.8     7.7    16.2   100.0    46.5    71.1   0.349   0.309   0.289 -99.000 -99.000    20.3    19.8    19.9    19.5    19.9
53961 20170406  2.422  -92.12   32.88    21.7     6.2    13.9    13.0     0.0    24.93 C    30.4     5.9    15.1   100.0    25.9    65.8   0.335   0.305   0.288 -99.000 -99.000    19.0    18.5    18.9    18.5    19.6
53961 20170407  2.422  -92.12   32.88    22.5     2.8    12.6    12.4     0.0    25.22 C    33.4     3.4    15.6   100.0    27.0    70.1   0.316   0.297   0.282 -99.000 -99.000    18.3    17.8    18.2    17.8    19.3
53961 20170408  2.422  -92.12   32.88    26.3     5.9    16.1    16.6     0.0    23.56 C    36.6     6.4    18.9   100.0    38.9    72.6   0.298   0.286   0.279 -99.000 -99.000    18.9    18.1    18.3    17.8    19.2
53961 20170409  2.422  -92.12   32.88    27.0    10.4    18.7    19.4     0.0    24.68 C    38.6     9.1    21.0   100.0    37.3    67.5   0.280   0.275   0.267 -99.000 -99.000    20.1    19.0    19.0    18.5    19.5
53961 20170410  2.422  -92.12   32.88    27.3    14.5    20.9    20.7     0.0    18.23 C    43.5    12.3    23.0   100.0    55.6    79.6   0.263   0.264   0.258 -99.000 -99.000    20.9    19.7    19.6    19.1    19.7
53961 20170411  2.422  -92.12   32.88    21.8    16.2    19.0    19.0     5.8     6.56 C    26.5    14.8    19.9   100.0    84.4    97.3   0.298   0.272   0.268 -99.000 -99.000    20.7    20.0    20.0    19.6    19.8
53961 20170412  2.422  -92.12   32.88    26.0    13.1    19.6    18.7     0.0    18.44 C    39.0    12.3    21.3   100.0    59.7    89.8   0.284   0.272   0.265 -99.000 -99.000    21.2    20.1    20.0    19.6    20.0
53961 20170413  2.422  -92.12   32.88    29.1    12.8    21.0    20.3     0.0    21.24 C    42.6    12.6    23.8   100.0    41.1    80.6   0.264   0.261   0.256 -99.000 -99.000    21.8    20.5    20.4    19.9    20.2
53961 20170414  2.422  -92.12   32.88    28.4    12.6    20.5    20.2     0.0    19.02 C    40.9    12.4    23.3   100.0    40.5    77.9   0.246   0.246   0.245 -99.000 -99.000    21.6    20.7    20.6    20.2    20.4
53961 20170415  2.422  -92.12   32.88    28.1    12.3    20.2    20.2     5.4    16.36 C    43.7    12.0    22.9   100.0    54.6    87.4   0.246   0.238   0.242 -99.000 -99.000    21.7    20.7    20.6    20.2    20.5
53961 20170416  2.422  -92.12   32.88    28.1    16.6    22.4    22.2     0.0    18.51 C    39.6    15.2    24.6   100.0    50.7    85.2   0.253   0.244   0.248 -99.000 -99.000    22.8    21.4    21.2    20.8    20.7
53961 20170417  2.422  -92.12   32.88    26.9    17.1    22.0    21.0     0.9    18.21 C    42.8    16.6    24.3   100.0    63.7    91.4   0.237   0.235   0.240 -99.000 -99.000    23.1    21.8    21.7    21.2    21.0
53961 20170418  2.422  -92.12   32.88    29.7    15.2    22.4    21.6     0.0    19.18 C    44.7    15.3    25.9   100.0    52.6    87.3   0.225   0.225   0.229 -99.000 -99.000    23.4    22.0    21.9    21.4    21.2
53961 20170419  2.422  -92.12   32.88    29.4    15.6    22.5    21.8     0.0    23.72 C    46.3    15.2    26.7   100.0    42.4    80.7   0.207   0.210   0.214 -99.000 -99.000    23.8    22.4    22.2    21.8    21.4
53961 20170420  2.422  -92.12   32.88    29.9    16.0    22.9    22.6     0.0    18.30 C    47.8    15.5    27.1   100.0    50.3    86.4   0.187   0.197   0.203 -99.000 -99.000    23.8    22.5    22.3    21.9    21.6
53961 20170421  2.422  -92.12   32.88    29.4    19.9    24.6    23.9     0.0    16.43 C    47.6    19.4    27.9   100.0    55.3    84.6   0.171   0.184   0.190 -99.000 -99.000    24.4    23.0    22.8    22.4    21.9
53961 20170422  2.422  -92.12   32.88    24.5    12.9    18.7    19.2     0.5     5.90 C    32.0    14.3    21.4   100.0    84.8    95.8   0.162   0.175   0.182 -99.000 -99.000    23.1    22.5    22.5    22.2    21.9
53961 20170423  2.422  -92.12   32.88    21.3     7.0    14.1    13.7     0.0    15.96 C    38.9     7.3    18.0   100.0    44.7    80.3   0.157   0.168   0.176 -99.000 -99.000    21.1    20.9    21.2    21.0    21.6
53961 20170424  2.422  -92.12   32.88    25.8     4.5    15.2    15.3     0.0    26.78 C    46.1     4.8    21.1   100.0    26.2    70.1   0.139   0.157   0.165 -99.000 -99.000    20.4    20.0    20.4    20.1    21.2
53961 20170425  2.422  -92.12   32.88    28.0     8.4    18.2    19.8     0.0    25.40 C    46.5     7.8    24.8   100.0    47.0    72.4   0.120   0.146   0.154 -99.000 -99.000    21.4    20.5    20.6    20.2    21.2
53961 20170426  2.422  -92.12   32.88    28.6    12.9    20.7    21.1    15.1     9.14 C    42.6    14.5    23.2   100.0    62.2    88.6   0.147   0.149   0.166 -99.000 -99.000    22.2    21.4    21.3    21.0    21.4
53961 20170427  2.422  -92.12   32.88    22.6     7.0    14.8    15.2     0.0    26.64 C    37.9     7.9    20.2   100.0    48.2    80.2   0.195   0.180   0.201 -99.000 -99.000    21.3    20.7    20.9    20.5    21.2
53961 20170428  2.422  -92.12   32.88    30.8    12.6    21.7    23.9     0.0    15.29 C    42.4    12.3    25.6   100.0    62.2    84.1   0.173   0.178   0.185 -99.000 -99.000    22.5    21.2    21.2    20.7    21.3
53961 20170429  2.422  -92.12   32.88    30.4    18.4    24.4    24.4    41.4     7.41 C    41.7    18.8    24.9   100.0    65.5    88.9   0.215   0.199   0.203 -99.000 -99.000    23.2    22.2    22.1    21.7    21.7
53961 20170430  2.422  -92.12   32.88    24.1    11.2    17.7    17.5    85.0     7.97 C    25.0    11.2    18.5   100.0    61.0    90.1   0.323   0.283   0.265 -99.000 -99.000    21.5    21.2    21.5    21.3    21.6
53961 20170501  2.422  -92.12   32.88    25.1    10.2    17.7    16.6     0.0    27.37 C    31.5     8.2    17.8   100.0    31.3    60.0   0.321   0.291   0.265 -99.000 -99.000    20.9    20.2    20.5    20.2    21.3
53961 20170502  2.422  -92.12   32.88    28.6    10.2    19.4    19.2     0.0    23.57 C    37.9    10.6    21.7   100.0    32.2    75.7   0.311   0.284   0.263 -99.000 -99.000    21.7    20.7    20.8    20.4    21.3
53961 20170503  2.422  -92.12   32.88    24.2    12.5    18.3    17.4    22.5     8.24 C    29.2    11.6    18.0   100.0    50.9    91.5   0.321   0.285   0.263 -99.000 -99.000    20.5    20.2    20.5    20.3    21.3
53961 20170504  2.422  -92.12   32.88    17.3     8.1    12.7    12.8     0.8    11.04 C    23.3     8.7    14.8   100.0    52.7    87.1   0.341   0.293   0.267 -99.000 -99.000    19.3    19.2    19.7    19.5    21.0
53961 20170505  2.422  -92.12   32.88    24.1     9.2    16.6    16.0     0.0    26.94 C    31.9     8.1    17.2   100.0    35.3    69.4   0.338   0.294   0.266 -99.000 -99.000    20.0    19.1    19.4    19.0    20.7
53961 20170506  2.422  -92.12   32.88    26.2     6.7    16.4    16.6     0.0    27.38 C    36.2     7.3    19.5   100.0    32.7    72.9   0.327   0.290   0.262 -99.000 -99.000    20.6    19.6    19.7    19.3    20.7
53961 20170507  2.422  -92.12   32.88    29.6     9.5    19.5    19.1     0.0    26.32 C    41.1     9.7    22.4   100.0    35.2    75.5   0.314   0.286   0.264 -99.000 -99.000    21.5    20.3    20.3    19.8    20.8
53961 20170508  2.422  -92.12   32.88    29.5    11.2    20.3    20.4     0.0    26.56 C    42.3    11.3    24.1   100.0    40.4    77.5   0.293   0.277   0.260 -99.000 -99.000    22.4    21.0    20.9    20.5    21.1
53961 20170509  2.422  -92.12   32.88    28.6    12.3    20.4    20.8     0.0    26.59 C    44.5    12.0    25.4   100.0    45.1    78.8   0.270   0.264   0.250 -99.000 -99.000    23.0    21.6    21.5    21.0    21.3
53961 20170510  2.422  -92.12   32.88    29.1    15.4    22.2    21.9     0.0    24.19 C    46.8    15.0    27.1   100.0    51.9    82.9   0.248   0.249   0.241 -99.000 -99.000    23.7    22.2    22.0    21.6    21.7
53961 20170511  2.422  -92.12   32.88    27.5    17.6    22.5    22.1     1.7    12.08 C    41.6    16.7    24.8   100.0    68.8    92.7   0.234   0.236   0.231 -99.000 -99.000    23.3    22.2    22.2    21.7    21.9
53961 20170512  2.422  -92.12   32.88    25.5    17.0    21.3    20.5     2.8    16.67 C    41.6    17.5    23.9   100.0    67.0    92.9   0.243   0.240   0.238 -99.000 -99.000    23.8    22.6    22.5    22.1    22.1
53961 20170513  2.422  -92.12   32.88    26.0    12.4    19.2    19.3     0.0    21.29 C    43.0    12.8    23.7   100.0    46.8    81.9   0.234   0.237   0.234 -99.000 -99.000    23.5    22.4    22.4    22.1    22.2
53961 20170514  2.422  -92.12   32.88    27.9    10.3    19.1    19.1     0.0    25.03 C    48.7    10.9    25.1   100.0    45.3    79.2   0.215   0.220   0.218 -99.000 -99.000    22.7    21.9    22.0    21.7    22.1
53961 20170515  2.422  -92.12   32.88    30.2    12.6    21.4    21.4     0.0    27.35 C    51.3    13.1    28.2   100.0    41.6    77.3   0.196   0.206   0.204 -99.000 -99.000    23.4    22.3    22.2    21.8    22.2
53961 20170516  2.422  -92.12   32.88    30.2    14.0    22.1    22.9     0.0    24.58 C    51.4    14.0    28.2   100.0    48.0    74.1   0.175   0.190   0.188 -99.000 -99.000    23.8    22.7    22.6    22.2    22.3
53961 20170517  2.422  -92.12   32.88    30.7    18.4    24.5    24.8     0.0    22.38 C    49.6    16.8    29.1   100.0    50.1    73.7   0.156   0.177   0.170 -99.000 -99.000    24.7    23.3    23.1    22.7    22.6
53961 20170518  2.422  -92.12   32.88    32.0    21.3    26.7    25.7     0.0    22.15 C    51.4    19.7    31.2   100.0    52.6    80.5   0.138   0.163   0.159 -99.000 -99.000    25.7    24.1    23.8    23.4    22.9
53961 20170519  2.422  -92.12   32.88    31.9    22.4    27.1    26.5     0.7    20.34 C    51.7    22.0    31.5   100.0    59.9    85.8   0.123   0.152   0.148 -99.000 -99.000    26.5    24.8    24.4    24.0    23.3
53961 20170520  2.422  -92.12   32.88    27.4    20.1    23.7    23.5     4.7    11.41 C    34.3    20.3    25.5   100.0    79.5    95.4   0.135   0.147   0.149 -99.000 -99.000    25.4    24.5    24.3    24.0    23.4
53961 20170521  2.422  -92.12   32.88    24.3    15.2    19.7    19.4    22.4    10.13 C    34.6    15.3    21.6   100.0    80.1    97.6   0.214   0.186   0.192 -99.000 -99.000    23.6    23.1    23.4    23.2    23.2
53961 20170522  2.422  -92.12   32.88    17.8    15.2    16.5    16.9    13.3     2.69 C    20.2    15.4    18.2   100.0   100.0   100.0   0.289   0.258   0.246 -99.000 -99.000    21.4    21.4    21.9    21.9    22.8
53961 20170523  2.422  -92.12   32.88    25.6    15.9    20.8    19.5     5.1    17.42 C    35.8    16.3    22.8   100.0    63.0    90.8   0.320   0.277   0.268 -99.000 -99.000    22.6    21.6    21.9    21.6    22.6
53961 20170524  2.422  -92.12   32.88    22.0    10.7    16.3    16.3     1.8    22.59 C    30.8    11.1    19.2   100.0    50.4    81.1   0.327   0.283   0.270 -99.000 -99.000    22.4    21.7    22.0    21.7    22.6
53961 20170525  2.422  -92.12   32.88    28.4     8.2    18.3    19.7     0.0    27.88 C    35.9     7.8    22.2   100.0    44.7    75.1   0.315   0.278   0.267 -99.000 -99.000    22.4    21.4    21.6    21.3    22.4
53961 20170526  2.422  -92.12   32.88    29.6    17.9    23.8    24.2     0.0    18.08 C    37.4    15.9    25.1   100.0    66.8    85.1   0.304   0.276   0.262 -99.000 -99.000    23.8    22.6    22.5    22.0    22.6
53961 20170527  2.422  -92.12   32.88    32.2    23.2    27.7    26.9     0.0    14.70 C    41.5    21.2    28.2   100.0    67.8    89.2   0.291   0.272   0.258 -99.000 -99.000    25.4    23.9    23.5    23.1    23.0
53961 20170528  2.422  -92.12   32.88    28.5    19.3    23.9    22.8     3.9    11.64 C    38.9    19.8    24.7   100.0    65.1    94.6   0.286   0.269   0.258 -99.000 -99.000    25.0    23.9    23.8    23.4    23.2
53961 20170529  2.422  -92.12   32.88    27.0    17.9    22.4    22.1     0.0    17.91 C    38.3    17.9    25.3   100.0    72.8    92.2   0.289   0.272   0.262 -99.000 -99.000    24.9    23.8    23.7    23.4    23.3
53961 20170530  2.422  -92.12   32.88    29.3    18.1    23.7    22.6     0.4    16.09 C    41.3    18.2    25.7   100.0    63.5    91.1   0.273   0.264   0.254 -99.000 -99.000    24.9    23.8    23.8    23.5    23.4
53961 20170531  2.422  -92.12   32.88    30.5    16.5    23.5    23.5     0.0    26.01 C    49.1    16.3    29.2   100.0    52.3    83.3   0.258   0.253   0.243 -99.000 -99.000    25.4    24.0    23.9    23.6    23.6
53961 20170601  2.422  -92.12   32.88    24.3    18.9    21.6    21.1     9.2     6.67 C    29.6    18.6    22.6   100.0    95.3    99.7   0.277   0.253   0.247 -99.000 -99.000    24.2    23.6    23.6    23.5    23.6
53961 20170602  2.422  -92.12   32.88    28.7    18.6    23.7    23.0     0.0    13.95 C    40.9    18.5    25.5   100.0    67.7    93.3   0.296   0.268   0.257 -99.000 -99.000    24.5    23.5    23.5    23.2    23.5
53961 20170603  2.422  -92.12   32.88    30.6    19.2    24.9    24.5     0.0    18.47 C    43.3    19.0    27.4   100.0    63.4    90.0   0.280   0.262   0.252 -99.000 -99.000    25.5    24.1    24.0    23.6    23.7
53961 20170604  2.422  -92.12   32.88    28.1    21.1    24.6    24.4     1.2    15.59 C    42.8    21.4    27.6   100.0    71.7    94.7   0.264   0.257   0.246 -99.000 -99.000    26.2    24.8    24.6    24.3    24.0
53961 20170605  2.422  -92.12   32.88    28.2    19.8    24.0    23.4     0.6    19.17 C    45.3    19.9    28.2   100.0    64.0    89.2   0.253   0.247   0.239 -99.000 -99.000    25.9    24.7    24.6    24.3    24.1
53961 20170606  2.422  -92.12   32.88    27.1    20.7    23.9    23.1    16.9    11.49 C    35.8    20.9    25.2   100.0    82.8    98.7   0.289   0.254   0.247 -99.000 -99.000    25.6    24.6    24.5    24.3    24.1
53961 20170607  2.422  -92.12   32.88    28.4    15.1    21.7    22.5     0.0    28.13 C    38.2    15.7    25.4   100.0    39.1    77.0   0.322   0.274   0.263 -99.000 -99.000    26.0    24.8    24.7    24.4    24.3
53961 20170608  2.422  -92.12   32.88    28.6    13.6    21.1    20.7     0.0    27.37 C    42.0    13.7    25.1   100.0    37.3    74.9   0.295   0.270   0.261 -99.000 -99.000    24.9    24.0    24.1    23.9    24.2
53961 20170609  2.422  -92.12   32.88    28.6    12.4    20.5    20.6     0.0    24.38 C    45.8    13.0    25.8   100.0    45.4    78.9   0.274   0.260   0.252 -99.000 -99.000    24.2    23.4    23.6    23.4    24.0
53961 20170610  2.422  -92.12   32.88    30.8    14.1    22.5    23.0     0.0    24.51 C    49.6    14.5    28.4   100.0    47.5    78.2   0.252   0.245   0.242 -99.000 -99.000    24.8    23.6    23.7    23.4    24.0
53961 20170611  2.422  -92.12   32.88    31.5    17.1    24.3    24.2    19.4    22.50 C    51.2    17.0    30.0   100.0    62.1    85.4   0.257   0.239   0.236 -99.000 -99.000    25.5    24.2    24.2    23.8    24.1
53961 20170612  2.422  -92.12   32.88    32.3    21.9    27.1    25.1    25.3    19.50 C    43.9    22.1    28.2   100.0    62.1    92.9   0.323   0.275   0.259 -99.000 -99.000    26.6    25.1    24.9    24.8    24.4
53961 20170613  2.422  -92.12   32.88    31.4    21.0    26.2    25.6     0.0    20.13 C    40.1    21.2    28.1   100.0    63.8    90.3   0.324   0.291   0.261 -99.000 -99.000    27.1    25.6    25.4    25.7    24.6
53961 20170614  2.422  -92.12   32.88    32.8    20.7    26.8    25.9     1.8    19.61 C    40.8    20.8    28.5   100.0    62.1    90.2   0.319   0.288   0.263 -99.000 -99.000    27.3    26.0    25.7    26.0    24.8
53961 20170615  2.422  -92.12   32.88    32.8    22.8    27.8    27.0     0.0    25.00 C    44.1    22.5    30.6   100.0    61.2    87.5   0.312   0.283   0.260 -99.000 -99.000    28.2    26.7    26.3    26.6    25.1
53961 20170616  2.422  -92.12   32.88    33.4    21.8    27.6    27.2     0.0    23.26 C    45.6    22.1    31.0   100.0    57.9    85.1   0.308   0.281   0.259 -99.000 -99.000    28.4    27.0    26.7    27.0    25.4
53961 20170617  2.422  -92.12   32.88    32.5    20.7    26.6    26.7     0.0    21.01 C    46.0    21.5    30.9   100.0    59.1    87.4   0.293   0.274   0.252 -99.000 -99.000    28.3    27.0    26.8    27.1    25.6
53961 20170618  2.422  -92.12   32.88    32.8    24.1    28.4    27.7     0.0    19.85 C    50.7    23.3    32.2   100.0    60.1    87.4   0.273   0.262   0.248 -99.000 -99.000    28.6    27.3    27.0    27.5    25.9
53961 20170619  2.422  -92.12   32.88    29.0    21.3    25.1    24.6     0.0    12.18 C    45.5    21.5    28.1   100.0    81.8    94.9   0.254   0.254   0.240 -99.000 -99.000    27.5    26.6    26.6    27.3    25.9
53961 20170620  2.422  -92.12   32.88    31.1    20.0    25.5    25.7     0.0    19.85 C    45.9    19.8    30.1   100.0    65.6    85.4   0.242   0.244   0.231 -99.000 -99.000    27.6    26.4    26.4    26.4    25.9
53961 20170621  2.422  -92.12   32.88    27.5    20.5    24.0    23.6     0.2     7.63 C    39.4    20.3    25.4   100.0    76.9    96.0   0.232   0.235   0.223 -99.000 -99.000    26.2    25.7    25.8    26.2    25.7
53961 20170622  2.422  -92.12   32.88    29.1    24.1    26.6    25.7    22.8    10.31 C    35.2    23.2    26.8   100.0    81.7    97.5   0.281   0.250   0.242 -99.000 -99.000    26.6    25.7    25.7    26.0    25.7
53961 20170623  2.422  -92.12   32.88    31.3    21.3    26.3    25.0    64.8    10.16 C    36.6    21.9    26.1   100.0    79.9    97.4   0.341   0.294   0.266 -99.000 -99.000    26.3    25.5    25.6    26.3    25.6
53961 20170624  2.422  -92.12   32.88    29.7    20.8    25.2    24.1     0.0    19.60 C    38.8    21.1    26.8   100.0    63.5    89.9   0.338   0.292   0.267 -99.000 -99.000    27.3    26.0    25.9    26.2    25.7
53961 20170625  2.422  -92.12   32.88    27.7    16.6    22.1    21.8    10.8    17.63 C    37.3    17.4    24.3   100.0    45.5    86.6   0.338   0.292   0.268 -99.000 -99.000    26.3    25.7    25.7    26.0    25.6
53961 20170626  2.422  -92.12   32.88    30.0    15.1    22.6    22.4     0.0    26.91 C    37.5    15.7    25.3   100.0    37.5    78.2   0.334   0.290   0.264 -99.000 -99.000    26.2    25.2    25.3    25.5    25.5
53961 20170627  2.422  -92.12   32.88    30.8    17.1    24.0    23.7     0.0    25.06 C    40.4    17.5    26.6   100.0    45.0    79.0   0.328   0.291   0.259 -99.000 -99.000    26.7    25.6    25.5    25.8    25.6
53961 20170628  2.422  -92.12   32.88    31.8    17.8    24.8    25.3     0.0    25.44 C    42.3    18.1    28.3   100.0    50.0    80.0   0.318   0.286   0.256 -99.000 -99.000    27.2    26.0    25.8    26.0    25.7
53961 20170629  2.422  -92.12   32.88    31.4    22.2    26.8    25.9     0.0    15.59 C    42.5    21.7    28.2   100.0    66.8    90.7   0.307   0.281   0.258 -99.000 -99.000    27.4    26.4    26.2    26.4    25.9
53961 20170630  2.422  -92.12   32.88    33.8    23.5    28.7    28.0     0.0    21.96 C    48.0    23.6    31.7   100.0    56.7    85.3   0.296   0.280   0.256 -99.000 -99.000    28.7    27.2    26.9    27.1    26.2
53961 20170701  2.422  -92.12   32.88    34.4    21.5    28.0    25.6    40.3    19.01 C    52.1    22.0    29.6   100.0    59.7    91.0   0.308   0.281   0.259 -99.000 -99.000    28.2    27.2    27.1    27.4    26.3
53961 20170702  2.422  -92.12   32.88    30.9    21.2    26.1    25.1    46.6    19.31 C    39.2    21.5    27.7   100.0    69.5    92.7   0.345   0.297   0.271 -99.000 -99.000    27.5    26.5    26.5    26.8    26.1
53961 20170703  2.422  -92.12   32.88    32.4    23.6    28.0    27.4     0.0    22.20 C    39.4    23.3    29.3   100.0    63.1    87.5   0.341   0.296   0.268 -99.000 -99.000    28.6    27.3    27.1    27.2    26.4
53961 20170704  2.422  -92.12   32.88    31.6    23.0    27.3    26.5     0.3    15.90 C    37.2    22.7    28.2   100.0    72.8    92.4   0.338   0.292   0.267 -99.000 -99.000    28.4    27.4    27.2    27.4    26.5
53961 20170705  2.422  -92.12   32.88    33.4    23.2    28.3    27.4     8.9    23.02 C    41.9    22.6    30.0   100.0    50.5    86.0   0.327   0.290   0.264 -99.000 -99.000    29.0    27.7    27.4    27.6    26.6
53961 20170706  2.422  -92.12   32.88    31.6    22.5    27.1    25.9     6.0    17.51 C    41.1    22.8    28.3   100.0    70.5    93.1   0.339   0.293   0.269 -99.000 -99.000    28.9    27.8    27.6    27.8    26.8
53961 20170707  2.422  -92.12   32.88    33.7    21.6    27.6    27.1     0.0    24.94 C    43.0    21.7    30.2   100.0    58.1    86.5   0.339   0.293   0.269 -99.000 -99.000    29.4    28.0    27.8    27.7    27.0
53961 20170708  2.422  -92.12   32.88    30.6    21.9    26.2    25.5     0.0    20.03 C    42.0    22.5    28.6   100.0    63.2    90.1   0.330   0.291   0.263 -99.000 -99.000    29.0    28.0    27.8    27.8    27.1
53961 20170709  2.422  -92.12   32.88    32.7    20.5    26.6    26.2     0.0    25.07 C    44.6    20.8    30.2   100.0    49.5    84.5   0.321   0.287   0.259 -99.000 -99.000    29.0    27.8    27.7    27.7    27.2
53961 20170710  2.422  -92.12   32.88    32.9    20.6    26.8    26.5     0.0    25.75 C    47.9    21.0    31.5   100.0    53.3    84.6   0.300   0.282   0.258 -99.000 -99.000    29.2    28.0    27.8    27.9    27.2
53961 20170711  2.422  -92.12   32.88    33.0    22.2    27.6    26.7     0.0    22.15 C    51.3    22.1    31.8   100.0    53.6    86.9   0.284   0.273   0.253 -99.000 -99.000    29.2    28.1    27.9    28.1    27.3
53961 20170712  2.422  -92.12   32.88    32.7    22.6    27.6    26.0     0.0    19.41 C    53.5    22.7    31.3   100.0    64.2    91.5   0.267   0.263   0.243 -99.000 -99.000    29.1    28.1    27.9    28.2    27.4
53961 20170713  2.422  -92.12   32.88    32.3    21.4    26.8    25.2     0.0    14.75 C    51.9    21.6    29.2   100.0    70.3    94.7   0.253   0.253   0.234 -99.000 -99.000    28.2    27.5    27.5    27.8    27.3
53961 20170714  2.422  -92.12   32.88    32.5    21.3    26.9    25.2     9.9    17.27 C    45.7    21.8    28.7   100.0    64.2    94.0   0.275   0.260   0.240 -99.000 -99.000    28.3    27.4    27.4    27.6    27.2
53961 20170715  2.422  -92.12   32.88    32.8    21.1    26.9    25.6     8.6    23.35 C    47.8    21.3    30.9   100.0    57.8    89.8   0.294   0.276   0.252 -99.000 -99.000    28.7    27.6    27.5    27.9    27.2
53961 20170716  2.422  -92.12   32.88    32.5    21.8    27.1    26.5     0.0    24.01 C    44.1    22.3    30.3   100.0    60.5    89.6   0.312   0.285   0.260 -99.000 -99.000    29.1    28.0    27.8    28.0    27.4
53961 20170717  2.422  -92.12   32.88    33.8    22.2    28.0    27.4     0.0    24.11 C    48.5    22.4    32.0   100.0    56.7    87.1   0.288   0.276   0.256 -99.000 -99.000    29.5    28.3    28.0    28.1    27.5
53961 20170718  2.422  -92.12   32.88    34.9    21.8    28.4    28.0     0.0    24.68 C    52.7    22.2    33.8   100.0    50.3    84.6   0.267   0.263   0.248 -99.000 -99.000    29.7    28.4    28.2    28.3    27.7
53961 20170719  2.422  -92.12   32.88    34.9    22.9    28.9    28.4     0.0    22.30 C    55.6    23.2    34.6   100.0    53.1    85.1   0.243   0.245   0.233 -99.000 -99.000    29.8    28.6    28.4    28.5    27.7
53961 20170720  2.422  -92.12   32.88    35.0    23.1    29.0    28.4     0.0    20.28 C    54.6    23.5    34.4   100.0    54.6    87.0   0.223   0.231   0.217 -99.000 -99.000    29.8    28.7    28.5    28.4    27.8
53961 20170721  2.422  -92.12   32.88    35.7    23.2    29.4    28.5     1.0    22.20 C    56.9    23.5    34.8   100.0    48.2    85.7   0.204   0.219   0.202 -99.000 -99.000    29.9    28.7    28.6    28.9    27.9
53961 20170722  2.422  -92.12   32.88    34.8    22.9    28.9    27.2    49.9    23.21 C    56.5    23.3    33.5   100.0    52.8    87.0   0.234   0.227   0.211 -99.000 -99.000    29.5    28.6    28.5    28.5    27.9
53961 20170723  2.422  -92.12   32.88    30.2    22.6    26.4    25.3     5.6    11.69 C    35.6    23.0    27.3   100.0    82.1    97.1   0.322   0.283   0.259 -99.000 -99.000    28.3    27.7    27.8    27.8    27.7
53961 20170724  2.422  -92.12   32.88    31.3    22.7    27.0    26.3     0.0    16.14 C    38.7    22.8    28.5   100.0    73.2    92.7   0.319   0.283   0.260 -99.000 -99.000    28.4    27.6    27.6    28.0    27.7
53961 20170725  2.422  -92.12   32.88    33.9    22.6    28.2    27.5     0.0    23.28 C    43.1    22.8    30.4   100.0    51.6    86.9   0.313   0.284   0.257 -99.000 -99.000    29.3    28.2    28.0    28.6    27.8
53961 20170726  2.422  -92.12   32.88    34.1    20.7    27.4    27.2     0.0    24.93 C    45.1    20.6    30.7   100.0    54.6    86.4   0.306   0.280   0.259 -99.000 -99.000    29.3    28.2    28.1    28.8    27.9
53961 20170727  2.422  -92.12   32.88    34.3    22.7    28.5    28.1     0.0    24.93 C    46.9    22.7    32.3   100.0    54.9    85.9   0.290   0.276   0.252 -99.000 -99.000    29.8    28.7    28.4    28.8    28.0
53961 20170728  2.422  -92.12   32.88    34.3    24.0    29.1    28.5     1.1    20.29 C    51.2    24.0    32.8   100.0    58.8    87.5   0.269   0.264   0.247 -99.000 -99.000    30.0    28.9    28.6    29.1    28.2
53961 20170729  2.422  -92.12   32.88    32.0    19.9    26.0    26.1    36.0    18.40 C    40.0    20.9    28.8   100.0    65.9    92.1   0.333   0.286   0.266 -99.000 -99.000    29.4    28.6    28.5    28.7    28.2
53961 20170730  2.422  -92.12   32.88    30.2    17.6    23.9    23.4     0.0    25.94 C    38.6    18.5    26.7   100.0    48.3    81.7   0.328   0.287   0.266 -99.000 -99.000    28.1    27.6    27.7    28.0    28.0
53961 20170731  2.422  -92.12   32.88    32.5    18.4    25.5    25.1     0.0    23.43 C    43.6    19.0    28.8   100.0    51.2    85.8   0.318   0.283   0.261 -99.000 -99.000    28.0    27.3    27.3    27.5    27.8
53961 20170801  2.422  -92.12   32.88    31.2    20.1    25.6    25.3     0.0    18.22 C    41.9    20.6    28.8   100.0    55.4    87.1   0.307   0.278   0.260 -99.000 -99.000    28.0    27.3    27.3    27.8    27.9
53961 20170802  2.422  -92.12   32.88    29.2    21.6    25.4    24.4     1.9    13.49 C    42.5    22.3    27.2   100.0    67.9    92.7   0.301   0.279   0.262 -99.000 -99.000    27.7    27.1    27.2    27.5    27.8
53961 20170803  2.422  -92.12   32.88    31.8    20.1    26.0    25.2     0.0    23.87 C    46.4    20.5    30.2   100.0    55.0    85.4   0.288   0.274   0.254 -99.000 -99.000    27.9    27.1    27.1    27.2    27.6
53961 20170804  2.422  -92.12   32.88    32.4    20.7    26.6    24.6     8.0    17.01 C    52.3    21.2    28.6   100.0    59.0    92.7   0.290   0.271   0.250 -99.000 -99.000    27.9    27.1    27.1    27.3    27.6
53961 20170805  2.422  -92.12   32.88    32.9    19.7    26.3    25.9     0.0    23.72 C    44.8    20.1    29.6   100.0    57.5    87.7   0.298   0.277   0.256 -99.000 -99.000    28.0    27.1    27.0    27.3    27.6
53961 20170806  2.422  -92.12   32.88    31.1    22.1    26.6    24.8    20.5     9.15 C    41.7    22.1    26.8   100.0    71.1    96.8   0.305   0.279   0.257 -99.000 -99.000    27.5    26.9    27.0    27.6    27.6
53961 20170807  2.422  -92.12   32.88    30.8    23.1    26.9    25.1    13.8    10.00 C    37.2    23.2    26.8   100.0    79.1    98.5   0.338   0.292   0.273 -99.000 -99.000    27.2    26.6    26.8    27.2    27.4
53961 20170808  2.422  -92.12   32.88    28.6    22.6    25.6    24.4    61.3    10.15 C    36.1    22.9    26.5   100.0    83.5    98.2   0.336   0.292   0.273 -99.000 -99.000    26.9    26.4    26.5    26.7    27.3
53961 20170809  2.422  -92.12   32.88    30.2    22.7    26.5    25.0     7.0    13.28 C    38.7    23.2    27.5   100.0    75.5    96.8   0.334   0.290   0.275 -99.000 -99.000    27.3    26.5    26.6    26.9    27.2
53961 20170810  2.422  -92.12   32.88    29.8    23.7    26.8    25.6     0.6    12.21 C    37.4    23.8    27.8   100.0    80.6    96.4   0.331   0.292   0.273 -99.000 -99.000    27.5    26.7    26.7    27.4    27.2
53961 20170811  2.422  -92.12   32.88    32.2    22.3    27.2    25.1    43.5    13.67 C    40.0    22.6    27.1   100.0    75.9    97.2   0.329   0.290   0.271 -99.000 -99.000    27.5    26.7    26.7    27.0    27.2
53961 20170812  2.422  -92.12   32.88    32.0    21.8    26.9    25.9     0.0    21.14 C    40.5    22.2    29.1   100.0    65.4    92.9   0.328   0.292   0.268 -99.000 -99.000    28.1    26.9    26.8    26.9    27.3
53961 20170813  2.422  -92.12   32.88    30.2    23.9    27.1    26.5     0.0     9.96 C    36.2    24.4    28.3   100.0    77.1    96.3   0.326   0.291   0.271 -99.000 -99.000    28.0    27.2    27.1    27.3    27.4
53961 20170814  2.422  -92.12   32.88    32.5    25.1    28.8    27.2     1.1    15.47 C    40.1    25.3    29.4   100.0    62.5    93.4   0.325   0.291   0.266 -99.000 -99.000    28.6    27.5    27.3    27.9    27.5
53961 20170815  2.422  -92.12   32.88    33.5    24.2    28.8    27.5     7.3    19.22 C    42.0    24.3    29.9   100.0    60.0    90.0   0.326   0.293   0.271 -99.000 -99.000    29.0    27.9    27.7    28.8    27.7
53961 20170816  2.422  -92.12   32.88    33.8    23.8    28.8    27.2     0.0    20.48 C    41.1    23.8    29.5   100.0    62.0    89.5   0.327   0.291   0.270 -99.000 -99.000    29.3    28.1    27.9    28.7    27.8
53961 20170817  2.422  -92.12   32.88    31.5    22.2    26.9    26.6     0.2    15.24 C    38.2    22.9    28.6   100.0    63.7    91.8   0.325   0.293   0.271 -99.000 -99.000    28.9    28.1    28.0    28.6    27.8
53961 20170818  2.422  -92.12   32.88    33.9    22.1    28.0    27.5     0.0    21.37 C    43.5    22.5    30.4   100.0    62.4    88.9   0.321   0.289   0.266 -99.000 -99.000    29.1    28.0    27.8    28.3    27.8
53961 20170819  2.422  -92.12   32.88    35.2    23.9    29.5    28.6     0.0    23.57 C    46.8    24.0    32.2   100.0    55.5    86.0   0.313   0.287   0.266 -99.000 -99.000    29.9    28.7    28.4    28.4    28.1
53961 20170820  2.422  -92.12   32.88    35.0    22.3    28.6    27.9     0.0    22.86 C    48.2    22.8    32.4   100.0    53.6    85.9   0.295   0.278   0.259 -99.000 -99.000    29.8    28.7    28.5    28.6    28.2
53961 20170821  2.422  -92.12   32.88    33.6    22.4    28.0    27.0     0.0    17.58 C    48.4    22.9    31.4   100.0    57.9    88.9   0.279   0.271   0.251 -99.000 -99.000    29.1    28.4    28.3    28.5    28.2
53961 20170822  2.422  -92.12   32.88    33.8    21.8    27.8    27.2     0.0    22.29 C    52.6    22.4    33.2   100.0    56.1    86.2   0.262   0.257   0.240 -99.000 -99.000    29.1    28.2    28.1    28.3    28.2
53961 20170823  2.422  -92.12   32.88    33.1    22.5    27.8    26.3     1.7    21.93 C    53.3    22.9    32.8   100.0    64.8    91.0   0.245   0.245   0.232 -99.000 -99.000    29.1    28.2    28.1    28.4    28.2
53961 20170824  2.422  -92.12   32.88    30.4    19.8    25.1    24.5     0.0    22.07 C    48.0    21.3    30.3   100.0    55.2    84.8   0.231   0.238   0.223 -99.000 -99.000    28.4    27.8    27.8    28.0    28.2
53961 20170825  2.422  -92.12   32.88    28.7    18.4    23.6    23.4     0.0    13.89 C    44.7    19.3    27.9   100.0    59.5    89.3   0.216   0.224   0.209 -99.000 -99.000    26.9    26.7    26.9    27.1    27.9
53961 20170826  2.422  -92.12   32.88    27.8    21.4    24.6    24.1     0.0     8.95 C    37.5    22.5    27.1   100.0    83.8    96.5   0.208   0.217   0.205 -99.000 -99.000    26.8    26.3    26.6    26.9    27.6
53961 20170827  2.422  -92.12   32.88    28.9    21.3    25.1    24.7     1.2     7.13 C    38.5    22.4    27.0   100.0    74.2    96.6   0.205   0.214   0.202 -99.000 -99.000    26.7    26.3    26.4    26.7    27.5
53961 20170828  2.422  -92.12   32.88    25.2    19.9    22.5    22.2     5.6     4.98 C    28.8    20.1    23.5   100.0    82.0    98.1   0.250   0.235   0.233 -99.000 -99.000    25.7    25.5    25.9    26.2    27.2
53961 20170829  2.422  -92.12   32.88    27.1    19.6    23.3    22.4     4.4    10.93 C    38.4    19.6    24.4   100.0    72.4    93.6   0.244   0.240   0.232 -99.000 -99.000    25.5    25.1    25.4    25.6    26.9
53961 20170830  2.422  -92.12   32.88    23.9    20.5    22.2    22.5    59.9     2.41 C    25.6    21.2    23.0   100.0   100.0   100.0   0.308   0.267   0.256 -99.000 -99.000    25.0    24.8    25.2    25.3    26.7
53961 20170831  2.422  -92.12   32.88    25.5    20.8    23.1    22.8    44.0     6.17 C    29.5    20.3    23.8   100.0    90.3    99.2   0.340   0.292   0.275 -99.000 -99.000    25.0    24.6    25.0    25.0    26.5
53961 20170901  2.422  -92.12   32.88    29.1    18.1    23.6    22.8     0.0    20.09 C    37.1    17.9    25.2   100.0    65.7    91.1   0.339   0.292   0.276 -99.000 -99.000    25.4    24.6    24.9    25.0    26.4
53961 20170902  2.422  -92.12   32.88    30.7    17.4    24.1    23.3     0.0    19.54 C    38.1    17.8    25.8   100.0    54.5    88.8   0.335   0.288   0.272 -99.000 -99.000    25.5    24.7    24.9    25.1    26.3
53961 20170903  2.422  -92.12   32.88    31.0    18.4    24.7    24.2     0.0    17.17 C    38.9    18.7    26.4   100.0    56.8    88.7   0.331   0.290   0.275 -99.000 -99.000    25.7    25.0    25.0    25.4    26.4
53961 20170904  2.422  -92.12   32.88    31.1    20.2    25.6    24.9     0.0    17.42 C    39.3    20.1    26.8   100.0    60.1    87.5   0.322   0.285   0.268 -99.000 -99.000    26.1    25.3    25.3    25.7    26.4
53961 20170905  2.422  -92.12   32.88    32.0    19.0    25.5    24.0    49.1    19.03 C    40.3    19.6    26.5   100.0    58.8    88.6   0.325   0.287   0.267 -99.000 -99.000    26.1    25.4    25.4    25.8    26.4
53961 20170906  2.422  -92.12   32.88    25.7    13.2    19.5    19.1     0.0    21.70 C    33.9    14.5    22.2   100.0    43.8    83.6   0.346   0.293   0.275 -99.000 -99.000    24.6    24.4    24.7    25.1    26.2
53961 20170907  2.422  -92.12   32.88    25.3    10.7    18.0    17.4     0.0    22.21 C    33.9    11.8    20.7   100.0    41.5    82.8   0.345   0.294   0.275 -99.000 -99.000    22.9    22.9    23.4    23.9    25.7
53961 20170908  2.422  -92.12   32.88    26.6    11.4    19.0    18.4     0.0    22.72 C    34.1    12.2    21.3   100.0    44.8    82.4   0.342   0.292   0.273 -99.000 -99.000    22.7    22.4    22.9    23.3    25.3
53961 20170909  2.422  -92.12   32.88    27.8    12.4    20.1    19.3     0.0    22.09 C    35.1    12.8    21.6   100.0    45.5    83.1   0.332   0.290   0.273 -99.000 -99.000    22.9    22.4    22.8    23.1    25.1
53961 20170910  2.422  -92.12   32.88    28.2    13.8    21.0    19.9     0.0    21.52 C    35.9    13.6    22.1   100.0    45.1    82.6   0.321   0.284   0.270 -99.000 -99.000    23.3    22.8    22.9    23.3    25.1
53961 20170911  2.422  -92.12   32.88    26.2    12.9    19.5    18.5     0.0    19.86 C    38.0    12.8    21.3   100.0    51.6    84.3   0.311   0.281   0.267 -99.000 -99.000    23.0    22.8    22.9    23.4    25.0
53961 20170912  2.422  -92.12   32.88    17.4    14.4    15.9    15.9    11.4     3.16 C    19.4    14.6    17.4   100.0    90.9    98.2   0.328   0.283   0.273 -99.000 -99.000    21.5    21.8    22.3    22.8    24.7
53961 20170913  2.422  -92.12   32.88    27.4    15.8    21.6    20.0     0.0    16.42 C    34.2    16.6    22.6   100.0    52.7    88.6   0.347   0.292   0.279 -99.000 -99.000    22.9    22.3    22.4    22.7    24.6
53961 20170914  2.422  -92.12   32.88    30.2    14.6    22.4    21.7     0.0    21.03 C    37.1    15.1    24.0   100.0    44.7    84.4   0.339   0.289   0.275 -99.000 -99.000    23.7    23.1    23.0    23.3    24.8
53961 20170915  2.422  -92.12   32.88    30.7    16.1    23.4    22.8     0.0    20.78 C    38.9    16.4    25.1   100.0    49.9    86.1   0.328   0.287   0.272 -99.000 -99.000    24.5    23.8    23.6    23.8    24.9
53961 20170916  2.422  -92.12   32.88    31.8    17.9    24.8    23.8     0.0    19.08 C    39.7    18.1    26.1   100.0    57.7    88.7   0.317   0.283   0.271 -99.000 -99.000    25.1    24.4    24.2    24.3    25.1
53961 20170917  2.422  -92.12   32.88    31.8 -9999.0 -9999.0    24.3     0.0    17.03 C    44.4    18.6    27.3   100.0    65.5    91.3   0.306   0.279   0.269 -99.000 -99.000    25.6    24.9    24.6    24.8    25.4
53961 20170918  2.422  -92.12   32.88    32.3    19.9    26.1    25.2     0.0    16.01 C    43.9    20.0    28.2   100.0    60.5    90.5   0.298   0.274   0.264 -99.000 -99.000    26.1    25.3    25.1    25.2    25.5
53961 20170919  2.422  -92.12   32.88    32.0    20.3    26.1    25.4     0.0    18.02 C    45.1    20.1    29.0   100.0    60.1    88.9   0.289   0.270   0.261 -99.000 -99.000    26.5    25.7    25.4    25.7    25.7
53961 20170920  2.422  -92.12   32.88    32.0    21.2    26.6    25.6     0.0    14.89 C    45.7    21.4    28.7   100.0    64.8    91.0   0.281   0.265   0.257 -99.000 -99.000    26.5    25.8    25.6    25.9    25.9
53961 20170921  2.422  -92.12   32.88    32.6    20.6    26.6    25.2     1.1    15.38 C    48.0    20.5    28.8   100.0    58.0    92.8   0.272   0.260   0.252 -99.000 -99.000    26.8    26.0    25.8    26.6    26.1
53961 20170922  2.422  -92.12   32.88    33.0 -9999.0 -9999.0    25.2     0.0    18.26 C    46.7    19.7    29.2   100.0    53.1    89.0   0.266   0.255   0.250 -99.000 -99.000    26.9    26.1    25.9    26.9    26.2
53961 20170923  2.422  -92.12   32.88    32.8 -9999.0 -9999.0    25.0     0.0    18.94 C    49.0    19.6    29.6   100.0    51.4    88.0   0.255   0.248   0.244 -99.000 -99.000    26.9    26.1    26.0    27.0    26.4
53961 20170924  2.422  -92.12   32.88    31.8    18.9    25.4    23.9     2.2    18.60 C    48.4    19.3    28.4   100.0    49.6    88.8   0.247   0.242   0.241 -99.000 -99.000    26.6    26.0    25.9    27.0    26.3
53961 20170925  2.422  -92.12   32.88    31.4    17.7    24.5    23.4     0.0    18.31 C    44.7    18.1    27.3   100.0    49.1    87.9   0.241   0.240   0.236 -99.000 -99.000    26.2    25.6    25.6    26.7    26.2
53961 20170926  2.422  -92.12   32.88    31.1    17.5    24.3    23.6     0.0    17.51 C    48.9    18.0    28.1   100.0    58.1    88.6   0.230   0.233   0.230 -99.000 -99.000    26.0    25.5    25.5    26.5    26.2
53961 20170927  2.422  -92.12   32.88    32.3    19.2    25.7    24.6     0.0    17.35 C    48.9    19.5    29.0   100.0    53.6    87.2   0.220   0.224   0.220 -99.000 -99.000    26.4    25.6    25.6    26.4    26.3
53961 20170928  2.422  -92.12   32.88    29.7    17.7    23.7    23.0     0.0    14.01 C    44.7    18.4    27.1   100.0    59.7    86.5   0.208   0.216   0.211 -99.000 -99.000    26.1    25.5    25.5    26.2    26.3
53961 20170929  2.422  -92.12   32.88    28.1    15.0    21.6    20.3     0.0    19.41 C    43.9    15.7    25.1   100.0    38.9    79.3   0.196   0.206   0.204 -99.000 -99.000    24.9    24.7    24.9    25.6    26.0
53961 20170930  2.422  -92.12   32.88    29.5    13.5    21.5    19.6     0.0    18.47 C    44.6    13.4    23.7   100.0    34.7    76.0   0.185   0.198   0.193 -99.000 -99.000    23.8    23.7    24.1    24.9    25.6
53961 20171001  2.422  -92.12   32.88    30.8    13.6    22.2    22.3     0.0    17.33 C    46.4    14.9    27.2   100.0    60.4    86.4   0.175   0.189   0.183 -99.000 -99.000    24.2    23.7    23.9    24.5    25.5
53961 20171002  2.422  -92.12   32.88    23.9    16.7    20.3    21.0     0.8     5.77 C    32.2    17.0    22.7   100.0    74.0    95.2   0.171   0.185   0.179 -99.000 -99.000    23.9    23.7    24.0    24.6    25.5
53961 20171003  2.422  -92.12   32.88    30.1    18.7    24.4    23.6     0.0     8.72 C    39.9    18.3    25.4   100.0    67.6    90.9   0.169   0.184   0.178 -99.000 -99.000    24.4    23.8    24.0    24.6    25.4
53961 20171004  2.422  -92.12   32.88    30.1    15.8    22.9    22.3     0.0    18.46 C    43.6    16.3    26.2   100.0    41.9    80.8   0.163   0.179   0.173 -99.000 -99.000    24.6    24.1    24.2    25.0    25.4
53961 20171005  2.422  -92.12   32.88    29.4    13.7    21.5    20.4     0.0    15.61 C    45.6    14.1    24.2   100.0    44.9    82.9   0.151   0.171   0.161 -99.000 -99.000    23.6    23.4    23.6    24.7    25.2
53961 20171006  2.422  -92.12   32.88    31.0    13.5    22.2    21.2     0.0    18.77 C    46.6    13.8    25.6   100.0    40.9    81.2   0.141   0.165   0.152 -99.000 -99.000    23.6    23.2    23.4    24.5    25.1
53961 20171007  2.422  -92.12   32.88    30.4    17.1    23.8    23.7    13.7    10.40 C    46.7    17.8    26.0   100.0    70.6    94.9   0.182   0.175   0.181 -99.000 -99.000    24.3    23.7    23.7    24.6    25.1
53961 20171008  2.422  -92.12   32.88    31.5    21.2    26.3    24.5     0.0    14.73 C    40.9    20.5    26.7   100.0    60.6    92.1   0.210   0.206   0.210 -99.000 -99.000    25.3    24.4    24.3    25.3    25.3
53961 20171009  2.422  -92.12   32.88    32.5    20.8    26.6    25.3     0.0    13.73 C    44.2    20.3    27.6   100.0    57.4    89.8   0.197   0.206   0.207 -99.000 -99.000    25.5    24.8    24.7    25.7    25.5
53961 20171010  2.422  -92.12   32.88    32.7    16.7    24.7    24.6     0.0    16.65 C    47.1    16.8    27.7   100.0    56.5    81.9   0.186   0.200   0.197 -99.000 -99.000    25.7    24.9    24.8    25.9    25.6
53961 20171011  2.422  -92.12   32.88    24.2    11.9    18.0    16.7     0.0    17.94 C    39.2    12.9    21.8   100.0    54.4    82.8   0.171   0.189   0.185 -99.000 -99.000    23.5    23.6    23.9    25.1    25.4
53961 20171012  2.422  -92.12   32.88    27.1    10.0    18.5    17.3     0.0    17.67 C    40.7    10.9    21.8   100.0    44.8    84.5   0.159   0.181   0.174 -99.000 -99.000    22.4    22.4    22.9    24.0    25.0
53961 20171013  2.422  -92.12   32.88    30.5    12.3    21.4    20.1     0.0    17.27 C    44.3    12.9    24.1   100.0    43.6    83.7   0.149   0.174   0.165 -99.000 -99.000    22.7    22.4    22.7    23.7    24.7
53961 20171014  2.422  -92.12   32.88    32.4    14.7    23.6    23.2     0.0    14.52 C    45.2    15.2    25.9   100.0    52.5    84.7   0.139   0.167   0.154 -99.000 -99.000    23.4    22.8    23.0    23.8    24.7
53961 20171015  2.422  -92.12   32.88    29.9    11.9    20.9    20.7     0.0     8.96 C    41.9    11.4    22.9   100.0    67.4    92.7   0.131   0.161   0.146 -99.000 -99.000    23.4    23.1    23.2    24.1    24.7
53961 20171016  2.422  -92.12   32.88    21.5     6.0    13.8    13.5     0.0    18.44 C    35.2     6.3    16.7   100.0    35.9    75.0   0.123   0.156   0.141 -99.000 -99.000    20.9    21.4    22.0    23.0    24.3
53961 20171017  2.422  -92.12   32.88    23.5     3.6    13.5    11.9     0.0    18.33 C    36.9     3.9    15.9   100.0    36.2    80.3   0.115   0.151   0.135 -99.000 -99.000    19.2    19.8    20.6    21.6    23.7
53961 20171018  2.422  -92.12   32.88    25.8     4.4    15.1    13.6     0.0    17.82 C    38.7     5.1    17.4   100.0    37.2    81.8   0.108   0.146   0.130 -99.000 -99.000    19.2    19.4    20.1    21.0    23.3
53961 20171019  2.422  -92.12   32.88    25.0     6.1    15.6    14.9     0.0    13.56 C    36.7     6.6    17.4   100.0    48.4    86.0   0.103   0.142   0.124 -99.000 -99.000    19.1    19.3    19.8    20.7    23.0
53961 20171020  2.422  -92.12   32.88    24.2     9.6    16.9    16.5     0.0     7.91 C    30.8     9.9    17.9   100.0    58.2    91.0   0.100   0.140   0.122 -99.000 -99.000    19.3    19.4    19.8    20.6    22.8
53961 20171021  2.422  -92.12   32.88    29.4    15.2    22.3    22.1     1.3    10.06 C    40.8    14.4    23.7   100.0    64.2    90.4   0.099   0.139   0.122 -99.000 -99.000    21.2    20.5    20.6    21.1    22.9
53961 20171022  2.422  -92.12   32.88    22.8    12.5    17.7    17.6    14.6     6.15 C    25.7    11.5    18.4   100.0    76.3    96.2   0.182   0.162   0.183 -99.000 -99.000    20.8    20.8    21.0    21.6    23.0
53961 20171023  2.422  -92.12   32.88    23.3     7.3    15.3    14.3     0.0    17.29 C    31.2     6.5    15.7   100.0    34.9    81.2   0.180   0.192   0.189 -99.000 -99.000    19.1    19.3    20.0    20.6    22.6
53961 20171024  2.422  -92.12   32.88    21.3     5.9    13.6    13.7     0.0    17.36 C    29.8     4.4    14.3   100.0    23.6    59.1   0.167   0.190   0.180 -99.000 -99.000    18.1    18.5    19.2    19.8    22.2
53961 20171025  2.422  -92.12   32.88    20.7     1.3    11.0    10.5     0.0    17.14 C    30.8     1.5    12.6   100.0    26.8    70.1   0.157   0.185   0.170 -99.000 -99.000    16.6    17.1    18.0    18.7    21.6
53961 20171026  2.422  -92.12   32.88    26.7     5.7    16.2    15.1     0.0    16.89 C    35.2     4.6    15.9   100.0    27.1    68.5   0.148   0.180   0.162 -99.000 -99.000    17.0    17.1    17.8    18.4    21.4
53961 20171027  2.422  -92.12   32.88    19.8     6.8    13.3    11.7     4.4     2.95 C    23.4     8.2    12.6   100.0    81.7    98.5   0.164   0.180   0.175 -99.000 -99.000    16.7    17.1    17.8    18.3    21.2
53961 20171028  2.422  -92.12   32.88    13.4    -1.0     6.2     5.6     0.0    16.88 C    21.5     0.0     8.3   100.0    38.7    80.2   0.178   0.188   0.193 -99.000 -99.000    15.2    15.8    16.8    17.4    20.7
53961 20171029  2.422  -92.12   32.88    17.6    -2.4     7.6     6.3     0.0    16.62 C    26.5    -1.8     8.8   100.0    24.1    75.9   0.169   0.185   0.185 -99.000 -99.000    13.8    14.5    15.6    16.2    20.0
53961 20171030  2.422  -92.12   32.88    24.9     3.6    14.2    12.6     0.0    16.24 C    32.4     2.6    13.4   100.0    26.4    72.5   0.161   0.181   0.179 -99.000 -99.000    14.8    14.9    15.7    16.2    19.8
53961 20171031  2.422  -92.12   32.88    17.7     6.1    11.9    11.6     1.2     8.92 C    27.3     4.4    13.2   100.0    49.1    77.9   0.155   0.178   0.173 -99.000 -99.000    15.0    15.1    15.8    16.3    19.7
53961 20171101  2.422  -92.12   32.88    20.6    10.9    15.8    16.8    10.4     2.65 C    20.8    11.8    16.8   100.0   100.0   100.0   0.221   0.205   0.219 -99.000 -99.000    16.6    16.1    16.6    16.9    19.8
53961 20171102  2.422  -92.12   32.88    28.9    20.6    24.8    24.0     0.0    11.59 C    31.2    18.5    22.8   100.0    62.5    89.4   0.232   0.234   0.234 -99.000 -99.000    19.8    18.5    18.4    18.6    20.4
53961 20171103  2.422  -92.12   32.88    29.9    19.0    24.4    23.6     0.7    11.42 C    33.8    17.7    23.6   100.0    57.2    90.6   0.226   0.234   0.232 -99.000 -99.000    21.1    20.0    19.7    20.0    20.9
53961 20171104  2.422  -92.12   32.88    28.4    19.0    23.7    22.7     0.0     9.27 C    34.1    17.7    22.8   100.0    64.5    91.5   0.219   0.232   0.228 -99.000 -99.000    21.3    20.5    20.3    20.6    21.3
53961 20171105  2.422  -92.12   32.88    28.4    20.0    24.2    23.4     0.0     8.22 C    32.5    18.3    22.8   100.0    64.4    90.3   0.213   0.229   0.226 -99.000 -99.000    21.5    20.8    20.7    20.9    21.5
53961 20171106  2.422  -92.12   32.88    27.4    19.1    23.3    22.7     0.0     5.48 C    30.6    17.6    22.6   100.0    72.0    94.1   0.209   0.225   0.221 -99.000 -99.000    21.6    21.0    20.9    21.2    21.7
53961 20171107  2.422  -92.12   32.88    21.7    12.3    17.0    17.8     2.9     1.76 C    22.0    13.9    18.7   100.0   100.0   100.0   0.214   0.227   0.224 -99.000 -99.000    20.8    20.6    20.8    21.1    21.8
53961 20171108  2.422  -92.12   32.88    12.3     8.5    10.4    10.4    13.6     1.75 C    15.0    10.3    12.4   100.0    84.9    96.1   0.247   0.238   0.235 -99.000 -99.000    18.1    18.7    19.4    20.1    21.4
53961 20171109  2.422  -92.12   32.88    16.9     3.1    10.0     9.4     0.0    15.17 C    22.3     4.0    11.6   100.0    50.6    87.2   0.316   0.273   0.255 -99.000 -99.000    16.9    17.2    18.1    18.8    20.9
53961 20171110  2.422  -92.12   32.88    18.2     0.5     9.3     8.0     0.0    15.18 C    22.5     1.5     9.2   100.0    36.9    82.1   0.297   0.273   0.258 -99.000 -99.000    15.2    15.7    16.8    17.5    20.3
53961 20171111  2.422  -92.12   32.88    20.0     0.7    10.3     9.8     0.0    14.59 C    24.4     1.3    11.3   100.0    38.3    82.5   0.284   0.267   0.256 -99.000 -99.000    14.9    15.1    16.0    16.7    19.9
53961 20171112  2.422  -92.12   32.88    19.3    10.1    14.7    14.3     3.2     4.39 C    24.3    10.2    15.4   100.0    75.0    95.8   0.284   0.268   0.255 -99.000 -99.000    16.3    16.1    16.6    17.1    19.8
53961 20171113  2.422  -92.12   32.88    18.5     6.8    12.6    13.4     0.0     7.82 C    23.2     6.5    14.2   100.0    67.5    91.9   0.296   0.271   0.259 -99.000 -99.000    16.9    16.7    17.1    17.7    19.9
53961 20171114  2.422  -92.12   32.88    20.5     4.3    12.4    10.8     0.0    13.67 C    24.9     4.8    12.1   100.0    47.9    87.2   0.287   0.272   0.259 -99.000 -99.000    15.7    15.7    16.4    17.1    19.6
53961 20171115  2.422  -92.12   32.88    21.0     7.0    14.0    13.1     0.0     5.97 C    24.8     7.1    13.5   100.0    63.4    92.7   0.279   0.267   0.258 -99.000 -99.000    15.6    15.6    16.2    16.8    19.4
53961 20171116  2.422  -92.12   32.88    18.6    12.2    15.4    15.3     0.0     5.03 C    22.7    11.6    15.9   100.0    81.1    94.5   0.274   0.265   0.256 -99.000 -99.000    16.7    16.4    16.8    17.3    19.4
53961 20171117  2.422  -92.12   32.88    25.9    13.0    19.4    19.3     0.0    11.78 C    28.8    12.3    18.7   100.0    60.9    85.0   0.268   0.263   0.254 -99.000 -99.000    17.9    17.1    17.4    17.8    19.6
53961 20171118  2.422  -92.12   32.88    27.6     8.3    18.0    19.4     0.9     8.28 C    30.5     6.0    18.1    97.4    54.1    74.1   0.264   0.263   0.249 -99.000 -99.000    18.8    18.2    18.3    18.8    19.9
53961 20171119  2.422  -92.12   32.88    15.7    -0.5     7.6     6.6     0.0    14.45 C    21.9     0.7     8.2   100.0    28.1    73.2   0.256   0.256   0.248 -99.000 -99.000    15.3    15.9    16.8    17.5    19.4
53961 20171120  2.422  -92.12   32.88    14.2    -2.3     5.9     3.9     0.0    12.01 C    20.7    -1.1     6.0   100.0    32.1    80.2   0.250   0.253   0.245 -99.000 -99.000    13.1    13.8    15.0    15.9    18.7
53961 20171121  2.422  -92.12   32.88    17.7    -1.4     8.1     8.7     0.0     8.01 C    21.1    -0.5     9.9   100.0    49.8    84.2   0.244   0.249   0.241 -99.000 -99.000    12.9    13.2    14.2    15.0    18.2
53961 20171122  2.422  -92.12   32.88    13.5    -2.5     5.5     7.1     0.0    13.79 C    21.3    -2.0     8.2   100.0    34.2    70.7   0.240   0.245   0.237 -99.000 -99.000    13.3    13.6    14.4    15.2    18.2
53961 20171123  2.422  -92.12   32.88    14.7    -4.0     5.3     3.5     0.0    13.60 C    22.1    -3.4     5.8   100.0    27.1    76.8   0.234   0.242   0.237 -99.000 -99.000    11.5    12.0    13.2    13.9    17.5
53961 20171124  2.422  -92.12   32.88    19.4    -1.7     8.9     7.1     0.0    11.93 C    26.1    -0.7     8.1   100.0    31.1    76.2   0.230   0.236   0.234 -99.000 -99.000    11.6    11.8    12.8    13.6    17.1
53961 20171125  2.422  -92.12   32.88    22.8     3.0    12.9    10.8     0.0    10.31 C    27.1     2.8    10.8   100.0    39.9    81.1   0.226   0.236   0.231 -99.000 -99.000    12.5    12.4    13.1    13.7    17.0
53961 20171126  2.422  -92.12   32.88    19.5     0.9    10.2     8.2     0.0    13.31 C    25.6    -0.4     8.7   100.0    23.7    74.4   0.222   0.233   0.228 -99.000 -99.000    12.1    12.2    13.0    13.7    16.9
53961 20171127  2.422  -92.12   32.88    20.9    -1.5     9.7     7.3     0.0    13.17 C    26.9    -1.0     8.4   100.0    24.6    74.4   0.217   0.228   0.222 -99.000 -99.000    11.6    11.8    12.6    13.3    16.6
53961 20171128  2.422  -92.12   32.88    21.9    -1.0    10.4     9.1     0.0    13.21 C    26.6    -1.2     9.7   100.0    27.0    76.0   0.212   0.226   0.219 -99.000 -99.000    11.6    11.7    12.4    13.1    16.4
53961 20171129  2.422  -92.12   32.88    24.4     8.5    16.5    15.6     0.0     7.98 C    31.6     7.8    15.6   100.0    62.6    88.7   0.211   0.225   0.218 -99.000 -99.000    13.7    13.1    13.5    14.0    16.6
53961 20171130  2.422  -92.12   32.88    20.5     6.5    13.5    13.4     0.0    12.18 C    27.7     4.8    13.9   100.0    53.8    84.4   0.208   0.223   0.217 -99.000 -99.000    14.1    13.7    14.1    14.6    16.8
53961 20171201  2.422  -92.12   32.88    20.0     4.3    12.2    10.3     0.0    11.75 C    26.8     3.2    11.1   100.0    43.5    82.5   0.204   0.221   0.214 -99.000 -99.000    13.3    13.3    13.9    14.5    16.7
53961 20171202  2.422  -92.12   32.88    21.9     4.3    13.1    11.5     0.0     9.98 C    28.5     4.6    12.8   100.0    46.3    83.8   0.201   0.217   0.211 -99.000 -99.000    13.4    13.2    13.8    14.4    16.7
53961 20171203  2.422  -92.12   32.88    22.3     6.4    14.4    13.2     0.0     7.46 C    29.3     5.9    13.4   100.0    47.3    85.4   0.198   0.216   0.210 -99.000 -99.000    13.9    13.6    14.1    14.7    16.7
53961 20171204  2.422  -92.12   32.88    24.8    11.4    18.1    17.6     0.6     6.98 C    28.4     8.7    16.5   100.0    65.8    88.0   0.199   0.214   0.210 -99.000 -99.000    15.0    14.3    14.6    15.1    16.9
53961 20171205  2.422  -92.12   32.88    20.8     5.4    13.1    11.2    23.4     1.60 C    18.8     6.5    12.3   100.0    67.5    91.6   0.295   0.259   0.245 -99.000 -99.000    15.2    15.0    15.3    15.8    17.2
53961 20171206  2.422  -92.12   32.88     9.4     4.1     6.8     6.3     0.0     4.07 C    12.5     5.5     7.9    95.3    43.4    75.8   0.316   0.278   0.255 -99.000 -99.000    12.9    13.3    14.1    14.8    16.8
53961 20171207  2.422  -92.12   32.88    10.2     3.1     6.6     5.6     0.0     4.99 C    13.7     3.6     6.7   100.0    48.2    71.3   0.313   0.277   0.257 -99.000 -99.000    12.0    12.4    13.3    14.0    16.5
53961 20171208  2.422  -92.12   32.88     5.5    -5.7    -0.1     0.9     0.0     6.84 C    11.0    -3.3     2.9    99.9    42.8    66.6   0.311   0.278   0.257 -99.000 -99.000    10.6    11.2    12.3    13.1    16.1
53961 20171209  2.422  -92.12   32.88    13.2    -6.4     3.4     2.0     0.0    12.52 C    14.5    -4.4     2.0    99.8    34.0    75.1   0.303   0.279   0.259 -99.000 -99.000     8.9     9.6    10.8    11.6    15.4
53961 20171210  2.422  -92.12   32.88    16.1    -4.8     5.7     4.5     0.0    12.83 C    17.0    -3.5     3.7   100.0    29.8    72.5   0.299   0.279   0.261 -99.000 -99.000     8.9     9.2    10.3    11.0    15.0
53961 20171211  2.422  -92.12   32.88    22.1     0.6    11.4     9.9     0.0    12.34 C    21.4    -1.1     6.7    98.9    21.1    63.2   0.295   0.275   0.256 -99.000 -99.000     9.7     9.6    10.5    11.1    14.9
53961 20171212  2.422  -92.12   32.88    14.5    -2.6     5.9     6.3     0.0    12.83 C    17.4    -2.1     4.9    98.2    25.8    62.1   0.290   0.273   0.258 -99.000 -99.000     9.6     9.7    10.5    11.2    14.7
53961 20171213  2.422  -92.12   32.88    17.2    -4.3     6.4     5.8     0.0    12.34 C    18.2    -3.3     4.4   100.0    24.1    64.3   0.285   0.272   0.257 -99.000 -99.000     8.8     9.0     9.9    10.7    14.3
53961 20171214  2.422  -92.12   32.88    15.8    -2.0     6.9     6.5     0.0     7.56 C    19.7    -1.9     5.1   100.0    36.3    72.6   0.280   0.270   0.254 -99.000 -99.000     9.0     9.1     9.9    10.6    14.2
53961 20171215  2.422  -92.12   32.88     9.7    -1.8     3.9     2.8     0.0     6.44 C    13.8    -1.9     3.1   100.0    43.7    79.4   0.275   0.268   0.256 -99.000 -99.000     8.5     8.9     9.7    10.4    14.0
53961 20171216  2.422  -92.12   32.88    13.9    -3.3     5.3     5.7     0.0     9.03 C    18.2    -3.6     5.5   100.0    41.1    74.2   0.272   0.266   0.253 -99.000 -99.000     8.3     8.5     9.4    10.0    13.7
53961 20171217  2.422  -92.12   32.88    10.4     6.3     8.4     7.6    24.7     2.20 C    12.2     6.6     8.8   100.0    52.0    98.7   0.312   0.281   0.261 -99.000 -99.000     9.8     9.5    10.1    10.6    13.8
53961 20171218  2.422  -92.12   32.88    10.5     7.4     8.9     8.8     0.0     2.27 C    13.3     8.1    10.0   100.0   100.0   100.0   0.320   0.283   0.262 -99.000 -99.000    10.7    10.4    10.8    11.3    14.0
53961 20171219  2.422  -92.12   32.88    19.0     9.9    14.4    14.3    20.8     1.59 C    18.7    10.2    13.8   100.0   100.0   100.0   0.324   0.286   0.266 -99.000 -99.000    12.2    11.5    11.7    12.1    14.3
53961 20171220  2.422  -92.12   32.88    20.8     8.2    14.5    16.0    20.3     9.53 C    24.2     7.2    15.7   100.0    66.1    92.5   0.327   0.289   0.267 -99.000 -99.000    14.6    13.5    13.4    13.6    14.9
53961 20171221  2.422  -92.12   32.88    23.1     6.1    14.6    14.6     0.0     9.18 C    22.5     5.8    14.0   100.0    48.5    91.4   0.327   0.290   0.271 -99.000 -99.000    13.8    13.2    13.3    13.9    15.1
53961 20171222  2.422  -92.12   32.88    24.5    18.7    21.6    21.9     8.3     4.79 C    24.4    17.2    19.8   100.0    74.6    89.1   0.324   0.292   0.274 -99.000 -99.000    16.3    14.9    14.7    15.0    15.7
53961 20171223  2.422  -92.12   32.88    18.6     5.3    11.9     7.3     3.5     1.64 C    18.6     7.7     9.7   100.0    83.7    94.1   0.327   0.293   0.272 -99.000 -99.000    14.2    14.3    14.7    15.3    15.9
53961 20171224  2.422  -92.12   32.88     9.4     0.3     4.8     5.9     0.0     2.72 C    12.8    -0.2     7.1   100.0    73.1    92.1   0.328   0.295   0.274 -99.000 -99.000    12.2    12.5    13.3    13.9    15.5
53961 20171225  2.422  -92.12   32.88     6.3    -2.8     1.8     1.5     0.0    10.19 C    11.8    -1.3     3.1   100.0    41.5    69.7   0.330   0.298   0.275 -99.000 -99.000     9.7    10.4    11.5    12.3    14.9
53961 20171226  2.422  -92.12   32.88     6.8    -1.1     2.8     3.1     1.7     3.22 C     9.3    -0.6     4.1   100.0    54.3    74.3   0.331   0.299   0.277 -99.000 -99.000     9.0     9.5    10.6    11.3    14.4
53961 20171227  2.422  -92.12   32.88     5.2    -1.9     1.7     1.2     0.0     7.07 C     9.9    -0.9     3.2   100.0    54.3    73.1   0.333   0.297   0.278 -99.000 -99.000     8.8     9.2    10.2    10.8    14.1
53961 20171228  2.422  -92.12   32.88     1.3    -3.4    -1.1    -0.6     0.0     3.67 C     5.8    -2.3     1.4    66.1    51.1    57.8   0.332   0.298   0.277 -99.000 -99.000     7.4     8.1     9.3     9.9    13.6
53961 20171229  2.422  -92.12   32.88     9.3    -4.8     2.2     3.1     0.0    12.42 C    13.1    -2.7     4.3    97.1    41.8    65.7   0.331   0.299   0.273 -99.000 -99.000     7.7     7.9     8.9     9.5    13.3
53961 20171230  2.422  -92.12   32.88     7.7     2.9     5.3     6.0     0.2     1.60 C     9.2     3.7     6.5   100.0    68.3    85.3   0.332   0.296   0.270 -99.000 -99.000     8.8     8.8     9.5    10.0    13.3
53961 20171231  2.422  -92.12   32.88     2.9    -5.3    -1.2    -0.7     0.0     7.05 C     8.2    -4.8     1.2    81.9    42.0    61.3   0.330   0.298   0.273 -99.000 -99.000     7.7     8.2     9.1     9.7    13.0
