53150 20170101  2.422 -119.82   37.76     4.6    -6.1    -0.8    -1.5     0.0    11.69 C     1.9    -6.7    -3.2    95.5    46.0    76.6   0.157   0.201   0.170   0.154   0.177     1.1     1.6     2.5     3.8     4.9
53150 20170102  2.422 -119.82   37.76    -4.5    -6.2    -5.4    -5.3     4.0     1.24 C    -3.9    -6.8    -4.9    93.2    91.7    92.4 -99.000   0.196   0.166   0.151   0.177     0.6     1.5     2.4     3.7     4.8
53150 20170103  2.422 -119.82   37.76    -0.9    -5.7    -3.3    -3.0    29.1     2.37 C    -0.8    -6.3    -3.2    97.5    71.5    89.5 -99.000   0.193   0.162   0.148   0.176     0.6     1.3     2.3     3.6     4.8
53150 20170104  2.422 -119.82   37.76     2.8    -1.0     0.9     1.3    66.5     0.26 C     1.9    -1.0     0.8    98.3    96.7    97.5 -99.000   0.243   0.209   0.194   0.182     0.3     1.0     1.9     3.4     4.7
53150 20170105  2.422 -119.82   37.76     2.7    -6.5    -1.9    -1.5    19.1     5.33 C     1.8   -11.9    -1.6    97.8    72.4    94.9 -99.000   0.284   0.226   0.210   0.205     0.1     0.6     1.3     2.7     4.2
53150 20170106  2.422 -119.82   37.76     4.0    -6.3    -1.1    -0.1     0.0    10.04 C     0.4   -14.9    -6.7    72.4    18.6    33.9 -99.000   0.225   0.195   0.176   0.199     0.3     0.8     1.5     2.7     4.0
53150 20170107  2.422 -119.82   37.76     4.4    -1.4     1.5     2.5    82.5     0.38 C     2.9    -3.1     1.0    98.1    24.1    90.7 -99.000   0.271   0.225   0.219   0.209     0.1     0.7     1.4     2.5     3.9
53150 20170108  2.422 -119.82   37.76     6.5     3.4     4.9     5.0    95.6     0.03 C     4.3     1.8     3.2    98.1    92.8    96.9 -99.000 -99.000   0.264   0.273   0.234     0.5     0.4     0.8     1.7     3.2
53150 20170109  2.422 -119.82   37.76     4.9    -2.2     1.4     0.1    62.5     2.12 C     4.2    -1.8     0.2    98.2    86.6    96.8 -99.000   0.268   0.238   0.226   0.239     1.0     1.2     1.5     1.7     2.5
53150 20170110  2.422 -119.82   37.76     1.7    -1.8     0.0    -1.0    77.4     0.79 C     1.0    -1.8    -1.0    97.7    95.0    95.9 -99.000   0.270   0.200   0.180   0.225     0.2     0.6     1.2     1.8     2.5
53150 20170111  2.422 -119.82   37.76     1.6    -3.6    -1.0    -1.9    14.3     2.88 C     1.3    -3.3    -1.6    97.8    94.3    96.0 -99.000   0.299   0.215   0.193   0.225     0.0     0.4     1.0     1.8     2.6
53150 20170112  2.422 -119.82   37.76    -2.5    -5.0    -3.8    -3.6    30.9     2.55 C    -1.7   -13.7    -4.7    94.9    87.1    92.9 -99.000   0.275   0.194   0.175   0.220     0.1     0.5     1.0     1.8     2.6
53150 20170113  2.422 -119.82   37.76     4.2    -4.7    -0.3    -0.7     0.0    12.45 C    -1.8   -15.1    -8.5    96.5    17.8    56.6 -99.000   0.258   0.185   0.167   0.215     0.1     0.5     1.1     1.9     2.7
53150 20170114  2.422 -119.82   37.76     5.3     1.8     3.5     3.5     0.0    12.26 C    -0.9   -11.3    -6.7    81.9    20.7    38.9 -99.000   0.250   0.181   0.163   0.210     0.1     0.5     1.1     1.9     2.7
53150 20170115  2.422 -119.82   37.76     5.8    -0.3     2.8     2.8     0.0    12.33 C    -0.6   -12.2    -6.9    72.6    23.2    50.4 -99.000   0.247   0.179   0.160   0.207     0.1     0.5     1.1     1.9     2.8
53150 20170116  2.422 -119.82   37.76     6.6     2.3     4.5     4.4     0.0    12.27 C    -0.3   -11.8    -6.1    58.6    16.2    36.4 -99.000   0.246   0.179   0.159   0.204     0.1     0.5     1.1     2.0     2.8
53150 20170117  2.422 -119.82   37.76     6.4     1.8     4.1     3.8     0.0    10.19 C     0.1   -11.9    -5.4    53.0    24.3    38.9 -99.000   0.245   0.178   0.159   0.203     0.2     0.6     1.2     2.0     2.8
53150 20170118  2.422 -119.82   37.76     5.7    -3.0     1.3     0.8    28.1     1.45 C    -0.1    -3.0    -1.1    98.2    31.5    73.2 -99.000   0.243   0.175   0.157   0.201     0.2     0.6     1.2     2.0     2.8
53150 20170119  2.422 -119.82   37.76    -0.7    -3.5    -2.1    -2.6    14.3     3.64 C    -0.4    -3.7    -2.4    97.3    93.8    95.2 -99.000   0.240   0.172   0.154   0.199     0.2     0.6     1.2     2.0     2.8
53150 20170120  2.422 -119.82   37.76    -2.5    -5.2    -3.9    -3.7    35.0     1.90 C    -2.1    -5.3    -3.7    95.1    92.3    93.8 -99.000   0.237   0.170   0.153   0.197     0.2     0.6     1.2     2.0     2.8
53150 20170121  2.422 -119.82   37.76    -3.0    -5.2    -4.1    -4.3     7.0     6.71 C     0.0    -5.4    -3.6    95.0    92.5    93.3 -99.000   0.235   0.168   0.152   0.195     0.2     0.6     1.2     2.0     2.8
53150 20170122  2.422 -119.82   37.76    -0.3    -4.7    -2.5    -1.9    32.8     1.04 C    -0.1    -4.8    -1.9    96.7    92.0    95.0 -99.000   0.234   0.167   0.150   0.194     0.2     0.6     1.2     2.0     2.8
53150 20170123  2.422 -119.82   37.76    -4.6    -8.1    -6.3    -6.0    15.2     4.63 C    -0.3   -10.4    -5.6    92.5    86.6    90.3 -99.000   0.232   0.165   0.149   0.193     0.2     0.6     1.2     2.0     2.8
53150 20170124  2.422 -119.82   37.76    -4.1    -8.9    -6.5    -6.5     0.0     5.69 C    -0.4   -15.4    -8.1    95.2    31.2    77.8 -99.000   0.231   0.164   0.149   0.192     0.2     0.6     1.2     2.0     2.8
53150 20170125  2.422 -119.82   37.76    -3.0    -7.1    -5.1    -4.9     0.0    11.96 C    -0.7   -15.9    -9.3    95.1    27.3    61.1 -99.000   0.230   0.163   0.147   0.190     0.2     0.6     1.2     2.0     2.8
53150 20170126  2.422 -119.82   37.76    -1.4    -6.2    -3.8    -3.6     0.0    13.88 C    -1.1   -15.2    -6.8    96.9    26.0    63.3 -99.000   0.228   0.162   0.146   0.189     0.2     0.7     1.3     2.0     2.8
53150 20170127  2.422 -119.82   37.76     7.3    -5.9     0.7     2.1     0.0    14.19 C    -0.1   -15.7    -6.7    71.5    11.4    32.6 -99.000   0.227   0.161   0.146   0.188     0.2     0.7     1.3     2.0     2.8
53150 20170128  2.422 -119.82   37.76    10.3     4.2     7.3     7.0     0.0    14.34 C    -0.4   -11.9    -5.3    33.6    10.2    19.8 -99.000   0.226   0.160   0.145   0.187     0.2     0.7     1.3     2.0     2.8
53150 20170129  2.422 -119.82   37.76    12.2     8.3    10.3    10.1     0.0    13.72 C    -0.3    -8.8    -4.1    33.6     6.9    16.1 -99.000   0.225   0.160   0.145   0.186     0.2     0.8     1.3     2.0     2.8
53150 20170130  2.422 -119.82   37.76    12.2     9.1    10.7    10.8     0.0    10.84 C    -0.4    -8.8    -4.5    33.4     9.4    17.6 -99.000   0.225   0.160   0.144   0.185     0.2     0.8     1.3     2.0     2.8
53150 20170131  2.422 -119.82   37.76    11.6     5.5     8.5     9.7     0.0    14.36 C    -0.5   -10.7    -5.0    31.1     4.9    13.8 -99.000   0.225   0.160   0.145   0.185     0.2     0.8     1.3     2.0     2.8
53150 20170201  2.422 -119.82   37.76     7.3     2.7     5.0     4.5     0.0     9.62 C     0.5    -7.0    -1.8    62.2    24.7    39.0 -99.000   0.226   0.162   0.146   0.185     0.2     0.8     1.3     2.1     2.8
53150 20170202  2.422 -119.82   37.76     3.4    -1.5     0.9     1.7     7.0     3.83 C     0.6    -2.1    -0.3    97.8    36.3    90.2 -99.000   0.226   0.163   0.146   0.185     0.2     0.8     1.3     2.0     2.8
53150 20170203  2.422 -119.82   37.76     2.9     0.1     1.5     1.3    48.6     1.92 C     1.5    -1.2     0.3    98.2    88.2    96.4 -99.000   0.257   0.194   0.173   0.198     0.1     0.8     1.1     2.0     2.8
53150 20170204  2.422 -119.82   37.76     4.1     0.3     2.2     1.6     0.0    10.30 C     0.7    -5.6    -0.8    98.0    26.2    86.9 -99.000   0.273   0.197   0.181   0.209     0.1     0.7     1.0     1.9     2.7
53150 20170205  2.422 -119.82   37.76     6.5    -1.7     2.4     3.1    11.5     3.70 C    -0.1    -5.5    -2.1    97.3    14.1    45.3 -99.000   0.269   0.191   0.175   0.208     0.1     0.7     1.0     1.8     2.6
53150 20170206  2.422 -119.82   37.76     1.5    -1.1     0.2     0.6    18.5     1.56 C     1.1    -0.9     0.2    98.3    88.2    97.2 -99.000   0.270   0.190   0.172   0.206     0.1     0.7     1.0     1.8     2.6
53150 20170207  2.422 -119.82   37.76     5.6    -0.1     2.7     3.7    96.5     1.29 C     2.7    -0.1     1.3    98.5    86.9    96.5 -99.000   0.330   0.240   0.227   0.232     0.0     0.4     0.8     1.6     2.4
53150 20170208  2.422 -119.82   37.76    10.4     3.7     7.1     6.6    44.7     1.17 C     2.6    -0.3     1.1    97.9    50.3    84.4 -99.000 -99.000   0.242   0.231   0.243    -0.1     0.2     0.4     1.1     1.9
53150 20170209  2.422 -119.82   37.76     9.2     0.8     5.0     6.0    37.6     0.85 C     0.3    -0.5    -0.1    98.1    42.2    67.8 -99.000 -99.000   0.227   0.210   0.238    -0.1     0.1     0.4     0.9     1.7
53150 20170210  2.422 -119.82   37.76     2.7    -1.0     0.9     0.7    60.5     0.74 C     2.3    -8.9    -0.1    98.4    71.5    95.8 -99.000 -99.000   0.234   0.208   0.240    -0.2     0.1     0.3     0.8     1.5
53150 20170211  2.422 -119.82   37.76     3.9    -2.3     0.8     1.2     0.0    15.62 C     0.7   -14.4    -5.2    90.2    33.9    63.5 -99.000 -99.000   0.205   0.179   0.232    -0.1     0.1     0.4     0.8     1.4
53150 20170212  2.422 -119.82   37.76     9.6     2.1     5.9     6.4     0.0    16.52 C    -0.3   -10.2    -4.1    56.9    15.2    29.3 -99.000 -99.000   0.194   0.173   0.224    -0.1     0.1     0.4     0.9     1.4
53150 20170213  2.422 -119.82   37.76     8.5     4.8     6.7     6.8     0.0    12.81 C    -0.1    -7.3    -2.8    55.1    13.8    34.1 -99.000   0.296   0.192   0.175   0.221    -0.1     0.2     0.5     1.0     1.5
53150 20170214  2.422 -119.82   37.76    10.8     5.5     8.2     7.7     0.0    16.82 C    -0.2    -7.6    -2.6    85.4    19.7    47.9 -99.000   0.298   0.194   0.175   0.219    -0.1     0.2     0.5     1.0     1.6
53150 20170215  2.422 -119.82   37.76    10.3     6.3     8.3     8.2     0.0     9.56 C     0.1    -6.1    -1.7    44.2    17.7    29.3 -99.000   0.299   0.198   0.177   0.220    -0.1     0.2     0.6     1.1     1.6
53150 20170216  2.422 -119.82   37.76     7.1    -0.6     3.2     3.2     2.8     8.60 C     0.8    -2.8    -0.6    97.5    26.5    73.9 -99.000   0.303   0.199   0.177   0.219    -0.1     0.2     0.6     1.1     1.6
53150 20170217  2.422 -119.82   37.76     0.9    -0.6     0.1    -0.1    27.3     0.70 C     0.0    -0.9    -0.2    98.5    88.4    96.9 -99.000   0.299   0.197   0.177   0.220    -0.1     0.2     0.6     1.1     1.6
53150 20170218  2.422 -119.82   37.76     1.0    -1.0     0.0    -0.1    15.5     8.15 C     1.5    -0.9    -0.3    98.2    96.0    97.4 -99.000   0.286   0.189   0.170   0.217     0.0     0.2     0.7     1.1     1.7
53150 20170219  2.422 -119.82   37.76     1.5    -0.9     0.3     0.4     4.2     6.21 C     0.8    -0.6     0.0    97.9    91.5    96.8 -99.000   0.281   0.184   0.165   0.214     0.0     0.2     0.7     1.2     1.7
53150 20170220  2.422 -119.82   37.76     3.5     0.2     1.9     2.0    68.1     0.70 C     2.2     0.0     0.9    98.1    92.2    96.9 -99.000 -99.000   0.220   0.196   0.222    -0.1     0.1     0.6     1.1     1.7
53150 20170221  2.422 -119.82   37.76     1.7    -2.4    -0.4    -0.1    29.8     2.18 C     1.1    -2.4    -0.2    97.9    96.0    97.0 -99.000 -99.000   0.225   0.200   0.228    -0.2     0.0     0.4     0.9     1.5
53150 20170222  2.422 -119.82   37.76    -1.8    -8.8    -5.3    -4.5     5.1    12.69 C     0.4   -18.0    -6.0    96.1    28.9    85.9 -99.000 -99.000   0.202   0.180   0.222    -0.1     0.1     0.5     0.9     1.5
53150 20170223  2.422 -119.82   37.76    -5.3   -10.0    -7.6    -7.5     0.5     9.86 C    -0.2   -19.6   -11.9    94.5    53.3    80.1 -99.000 -99.000   0.190   0.170   0.218    -0.1     0.1     0.5     1.0     1.5
53150 20170224  2.422 -119.82   37.76    -2.8    -8.3    -5.6    -5.7     0.0    16.33 C    -1.0   -21.2   -10.5    95.2    19.5    68.1 -99.000 -99.000   0.183   0.165   0.214    -0.1     0.1     0.6     1.0     1.5
53150 20170225  2.422 -119.82   37.76    -0.2    -6.4    -3.3    -3.8     0.0    14.65 C     0.0   -15.3    -8.2    93.7    40.8    64.0 -99.000 -99.000   0.179   0.161   0.212    -0.1     0.1     0.6     1.0     1.5
53150 20170226  2.422 -119.82   37.76     0.6    -5.7    -2.6    -3.0     0.0    17.86 C    -0.7   -17.1    -7.4    96.5    38.2    67.7 -99.000 -99.000   0.176   0.158   0.209     0.0     0.2     0.6     1.0     1.5
53150 20170227  2.422 -119.82   37.76    -3.6    -6.5    -5.1    -4.8    11.5     7.25 C     0.4   -18.5    -5.8    94.5    69.0    91.3 -99.000 -99.000   0.173   0.156   0.207    -0.1     0.2     0.6     1.1     1.6
53150 20170228  2.422 -119.82   37.76 -9999.0 -9999.0 -9999.0 -9999.0     0.0    13.49 U -9999.0 -9999.0 -9999.0 -9999.0 -9999.0 -9999.0 -99.000 -99.000   0.171   0.154   0.205     0.0     0.2     0.6     1.1     1.6
53150 20170301  2.422 -119.82   37.76 -9999.0 -9999.0 -9999.0 -9999.0     0.0     4.87 U -9999.0 -9999.0 -9999.0 -9999.0 -9999.0 -9999.0 -99.000 -99.000   0.169   0.153   0.202     0.0     0.2     0.6     1.1     1.6
53150 20170302  2.422 -119.82   37.76     9.8     2.3     6.1     6.8     0.0    19.79 C     7.4   -11.0    -4.6    57.4    11.5    32.8 -99.000 -99.000   0.169   0.152   0.200     0.0     0.2     0.6     1.1     1.6
53150 20170303  2.422 -119.82   37.76    10.0     3.1     6.6     6.9     0.0    15.72 C     0.0   -11.0    -4.5    63.5     9.5    28.9 -99.000 -99.000   0.177   0.155   0.200     0.0     0.3     0.6     1.1     1.6
53150 20170304  2.422 -119.82   37.76     5.5    -0.4     2.5     2.6     0.0    18.28 C    -0.1    -6.6    -2.1    96.7    17.1    49.4 -99.000 -99.000   0.184   0.161   0.202     0.0     0.3     0.6     1.1     1.7
53150 20170305  2.422 -119.82   37.76    -0.2    -9.0    -4.6    -5.9     0.0     5.67 C    -2.8   -12.0    -6.1    95.7    35.5    86.9 -99.000 -99.000   0.185   0.164   0.204     0.0     0.3     0.6     1.1     1.6
53150 20170306  2.422 -119.82   37.76     1.0   -10.2    -4.6    -5.4     0.0    13.30 C     0.2   -18.2    -9.2    92.5    45.8    76.3 -99.000 -99.000   0.181   0.161   0.204     0.0     0.3     0.6     1.2     1.7
53150 20170307  2.422 -119.82   37.76     6.0    -0.4     2.8     4.0     0.0    16.90 C     0.3   -12.8    -5.3    65.6    36.6    48.2 -99.000 -99.000   0.177   0.158   0.204     0.0     0.3     0.6     1.2     1.7
53150 20170308  2.422 -119.82   37.76    10.1     4.1     7.1     7.6     0.0    20.69 C     0.1    -9.1    -2.9    77.6    29.0    46.4 -99.000 -99.000   0.180   0.160   0.204     0.0     0.3     0.7     1.2     1.7
53150 20170309  2.422 -119.82   37.76    13.6     8.2    10.9    10.8     0.0    20.15 C    -0.2    -5.4    -1.9    77.2    13.4    36.9 -99.000 -99.000   0.189   0.167   0.206     0.0     0.3     0.7     1.2     1.7
53150 20170310  2.422 -119.82   37.76    11.6     7.2     9.4     9.9     0.0    11.05 C     0.1    -2.4    -1.0    86.6    21.7    40.0 -99.000 -99.000   0.195   0.174   0.209     0.0     0.3     0.6     1.2     1.7
53150 20170311  2.422 -119.82   37.76    12.8     7.4    10.1    10.2     0.0    18.04 C     0.2    -3.8    -1.2    86.4    20.9    44.3 -99.000 -99.000   0.200   0.178   0.211     0.0     0.3     0.6     1.1     1.6
53150 20170312  2.422 -119.82   37.76    13.2     8.6    10.9    11.1     0.0    21.82 C     0.0    -3.9    -1.4    65.2    13.9    35.0 -99.000 -99.000   0.208   0.185   0.214     0.0     0.2     0.6     1.1     1.6
53150 20170313  2.422 -119.82   37.76    15.4    10.6    13.0    12.7     0.0    21.86 C    -0.3    -5.3    -2.1    43.3    11.1    24.9 -99.000 -99.000   0.210   0.187   0.217    -0.1     0.2     0.6     1.0     1.6
53150 20170314  2.422 -119.82   37.76    15.4     9.5    12.5    12.4     0.0    21.86 C    -0.1    -4.7    -1.6    50.1    19.1    28.9 -99.000 -99.000   0.211   0.189   0.219    -0.1     0.1     0.6     1.0     1.5
53150 20170315  2.422 -119.82   37.76    13.7     7.7    10.7    10.0     0.0    19.94 C     0.1    -2.3    -0.8    80.9    26.4    48.3 -99.000 -99.000   0.216   0.193   0.221     0.0     0.1     0.6     1.0     1.5
53150 20170316  2.422 -119.82   37.76    12.7     7.1     9.9     9.7     0.0    20.34 C     0.0    -1.5    -0.7    80.4    37.5    56.2 -99.000 -99.000   0.216   0.192   0.222     0.0     0.2     0.5     0.9     1.5
53150 20170317  2.422 -119.82   37.76    15.6     8.4    12.0    11.4     0.0    21.16 C    -0.2    -3.1    -1.1    72.2    24.0    43.1 -99.000   0.304   0.209   0.189   0.222     0.2     0.4     0.6     1.0     1.4
53150 20170318  2.422 -119.82   37.76    11.4     7.3     9.3     9.3     0.0    13.11 C     0.3    -1.7    -0.7    71.5    28.7    49.1 -99.000   0.299   0.201   0.189   0.223     0.4     0.5     0.7     1.1     1.4
53150 20170319  2.422 -119.82   37.76    12.0     7.2     9.6     9.2     0.0    13.66 C     0.2    -1.7    -0.6    53.5    25.4    37.3 -99.000   0.296   0.195   0.187   0.223     0.5     0.7     0.8     1.1     1.4
53150 20170320  2.422 -119.82   37.76    10.3     3.2     6.7     6.8     0.0    13.08 C     0.4    -0.8    -0.2    96.9    36.3    63.8 -99.000   0.293   0.194   0.187   0.223     0.7     0.8     0.9     1.1     1.4
53150 20170321  2.422 -119.82   37.76     4.2     0.2     2.2     2.7    50.6     2.51 C     1.4    -0.2     0.4    98.1    90.9    96.5 -99.000   0.322   0.216   0.196   0.227     0.5     0.7     0.9     1.2     1.3
53150 20170322  2.422 -119.82   37.76     0.6    -2.6    -1.0    -1.0     8.3     5.69 C     0.1    -8.7    -1.0    97.8    89.5    95.8 -99.000   0.311   0.205   0.178   0.224     0.1     0.4     0.7     1.1     1.3
53150 20170323  2.422 -119.82   37.76     4.2    -4.0     0.1     0.2     0.0    21.06 C     0.6   -14.0    -3.9    97.3    55.4    81.8 -99.000   0.299   0.193   0.171   0.220     0.1     0.3     0.6     1.1     1.3
53150 20170324  2.422 -119.82   37.76     3.6    -1.3     1.1     1.2     9.2     2.42 C     0.1    -3.5    -0.6    97.7    22.6    75.1 -99.000   0.294   0.190   0.174   0.220     0.0     0.3     0.6     1.1     1.3
53150 20170325  2.422 -119.82   37.76     4.0    -0.4     1.8     1.2     3.6    13.28 C     0.8    -4.1    -0.6    97.9    72.7    93.7 -99.000   0.303   0.192   0.175   0.217     0.1     0.2     0.6     1.0     1.3
53150 20170326  2.422 -119.82   37.76     3.2    -1.4     0.9     1.3     2.1     5.64 C     0.4    -4.7    -1.1    98.0    70.4    91.8 -99.000   0.296   0.192   0.178   0.219     0.2     0.3     0.6     1.0     1.3
53150 20170327  2.422 -119.82   37.76     3.9    -2.1     0.9     0.6     3.9    18.52 C     0.8    -8.6    -1.4    97.8    35.7    84.3 -99.000   0.294   0.191   0.177   0.219     0.5     0.5     0.7     1.0     1.3
53150 20170328  2.422 -119.82   37.76    10.0     0.3     5.2     5.0     0.0    20.99 C     1.3    -6.7    -2.0    97.2    26.1    59.4 -99.000   0.289   0.191   0.180   0.221     0.8     0.7     0.8     1.1     1.3
53150 20170329  2.422 -119.82   37.76    15.4     5.7    10.5    10.1     0.0    22.70 C     3.9    -3.8     0.3    96.9    22.0    50.6 -99.000   0.286   0.191   0.183   0.223     1.5     1.2     1.2     1.2     1.3
53150 20170330  2.422 -119.82   37.76     8.1    -3.3     2.4     1.2    15.9    15.99 C     6.0    -5.7     0.1    97.7    35.0    73.2 -99.000   0.295   0.196   0.187   0.225     1.2     1.3     1.4     1.3     1.4
53150 20170331  2.422 -119.82   37.76    10.7    -2.5     4.1     4.6     0.0    23.91 C    10.8    -7.1     0.7    65.4    20.3    39.9 -99.000   0.261   0.196   0.181   0.223     1.3     1.2     1.3     1.4     1.4
53150 20170401  2.422 -119.82   37.76    12.9     5.9     9.4     9.1     0.0    24.30 C    21.2    -2.2     6.7    79.0    19.1    45.1 -99.000   0.215   0.198   0.177   0.222     3.9     2.8     2.1     1.6     1.5
53150 20170402  2.422 -119.82   37.76    13.6     6.1     9.9     9.3     0.0    23.66 C    26.3     0.0     9.9    95.8    32.3    64.7   0.185   0.212   0.191   0.172   0.220     6.5     4.7     3.6     2.2     1.6
53150 20170403  2.422 -119.82   37.76    12.9     3.3     8.1     7.6     0.0    25.28 C    26.5    -1.3     8.9    96.7    11.6    45.9   0.171   0.209   0.182   0.165   0.218     8.3     6.1     4.8     3.0     1.8
53150 20170404  2.422 -119.82   37.76    12.9     5.4     9.1     8.9     0.0    20.90 C    28.2     0.4    10.0    64.3    10.7    41.7   0.163   0.201   0.173   0.159   0.214     8.7     7.0     5.6     3.7     2.2
53150 20170405  2.422 -119.82   37.76    14.9     6.2    10.6     9.8     0.0    22.01 C    26.6     1.7    10.0    63.0    20.2    37.6   0.154   0.194   0.165   0.154   0.210     9.6     8.1     6.5     4.3     2.6
53150 20170406  2.422 -119.82   37.76     8.5    -0.1     4.2     5.5    11.2     4.68 C     9.2    -0.1     4.4    97.6    28.8    58.1   0.160   0.190   0.160   0.149   0.206     5.3     5.9     6.0     4.8     2.9
53150 20170407  2.422 -119.82   37.76     3.2    -0.8     1.2     1.3    53.4     2.31 C     1.5    -0.5     0.5    98.3    96.1    97.5   0.248   0.236   0.201   0.175   0.210     1.3     2.5     3.8     4.3     3.2
53150 20170408  2.422 -119.82   37.76     0.7    -5.7    -2.5    -2.7    19.8    16.86 C     1.6   -12.5    -3.7 -9999.0 -9999.0 -9999.0 -99.000   0.237   0.207   0.185   0.220     0.7     1.4     2.4     3.4     3.2
53150 20170409  2.422 -119.82   37.76     5.5    -3.9     0.8     1.1     0.0    25.65 C     2.2   -13.6    -4.3 -9999.0 -9999.0 -9999.0 -99.000   0.234   0.203   0.180   0.218     0.7     1.2     1.9     2.8     3.0
53150 20170410  2.422 -119.82   37.76     8.7     0.3     4.5     4.6     0.0    25.31 C    10.9    -6.3     0.4 -9999.0 -9999.0 -9999.0 -99.000   0.252   0.206   0.183   0.220     1.7     1.7     1.9     2.5     2.8
53150 20170411  2.422 -119.82   37.76     6.7     1.1     3.9     4.0     0.5     9.94 C    14.5    -0.7     3.9 -9999.0 -9999.0 -9999.0   0.190   0.228   0.198   0.179   0.219     3.0     2.7     2.4     2.4     2.7
53150 20170412  2.422 -119.82   37.76    10.8     2.4     6.6     6.0     0.0    20.72 C    22.5    -0.1     7.9 -9999.0 -9999.0 -9999.0   0.181   0.218   0.188   0.172   0.217     6.2     4.8     3.5     2.7     2.6
53150 20170413  2.422 -119.82   37.76     3.7    -3.1     0.3    -0.6    32.9     5.42 C     4.5    -8.8    -1.1 -9999.0 -9999.0 -9999.0   0.198   0.219   0.187   0.169   0.215     2.1     3.2     3.7     3.3     2.7
53150 20170414  2.422 -119.82   37.76     6.8    -3.4     1.7     1.7     0.0    26.70 C     2.6   -10.0    -3.1 -9999.0 -9999.0 -9999.0 -99.000   0.229   0.197   0.174   0.215     1.0     1.5     2.3     2.9     2.8
53150 20170415  2.422 -119.82   37.76    12.8     3.3     8.0     7.8     0.0    25.01 C    17.1    -4.2     2.8 -9999.0 -9999.0 -9999.0 -99.000   0.238   0.203   0.182   0.219     3.3     2.6     2.3     2.5     2.7
53150 20170416  2.422 -119.82   37.76    11.9     0.9     6.4     6.4    12.1    14.33 C    19.7    -0.6     5.0 -9999.0 -9999.0 -9999.0   0.212   0.228   0.198   0.179   0.219     4.7     4.0     3.3     2.7     2.6
53150 20170417  2.422 -119.82   37.76     6.8     4.1     5.5     5.3    20.8     6.47 C    11.9     4.0     6.5 -9999.0 -9999.0 -9999.0   0.237   0.237   0.208   0.187   0.221     5.3     4.8     4.1     3.2     2.7
53150 20170418  2.422 -119.82   37.76     6.3     1.2     3.8     3.8    42.3     5.27 C    16.1    -0.8     5.1 -9999.0 -9999.0 -9999.0   0.275   0.255   0.228   0.208   0.228     4.9     4.8     4.5     3.7     2.9
53150 20170419  2.422 -119.82   37.76     9.8     0.8     5.3     4.2     0.0    21.05 C    24.1    -1.4     6.7 -9999.0 -9999.0 -9999.0   0.193   0.226   0.197   0.179   0.222     6.7     5.7     4.7     3.8     3.1
53150 20170420  2.422 -119.82   37.76    10.6     0.9     5.8     5.0     0.0    19.43 C    25.4    -1.6     7.3 -9999.0 -9999.0 -9999.0   0.177   0.213   0.184   0.168   0.217     7.3     6.6     5.5     4.1     3.2
53150 20170421  2.422 -119.82   37.76    16.4     5.9    11.2    11.5     0.0    27.07 C    29.2    -0.9    11.4 -9999.0 -9999.0 -9999.0   0.166   0.203   0.174   0.160   0.213    10.0     8.3     6.4     4.5     3.4
53150 20170422  2.422 -119.82   37.76    16.2     6.7    11.5    10.9     0.0    19.82 C    26.8     2.0    10.9 -9999.0 -9999.0 -9999.0   0.158   0.196   0.167   0.155   0.209    10.5     9.3     7.7     5.3     3.6
53150 20170423  2.422 -119.82   37.76    12.0     3.3     7.7     7.3     0.0    23.94 C    27.3     1.9    10.3 -9999.0 -9999.0 -9999.0   0.152   0.190   0.161   0.150   0.206    10.1     9.3     8.0     5.8     4.0
53150 20170424  2.422 -119.82   37.76     7.4     0.3     3.8     3.7     0.5    11.30 C    18.2     0.0     6.8 -9999.0 -9999.0 -9999.0   0.151   0.187   0.157   0.147   0.203     7.2     7.5     7.3     6.0     4.2
53150 20170425  2.422 -119.82   37.76    10.7     0.8     5.7     5.2     0.0    21.63 C    25.9    -1.4     9.0 -9999.0 -9999.0 -9999.0   0.147   0.183   0.154   0.144   0.199     9.0     8.0     7.0     5.7     4.4
53150 20170426  2.422 -119.82   37.76     8.7     4.0     6.4     6.6     0.5     7.61 C    14.7     2.2     8.2 -9999.0 -9999.0 -9999.0   0.147   0.180   0.152   0.141   0.197     8.2     8.0     7.4     6.0     4.5
53150 20170427  2.422 -119.82   37.76    12.7     1.6     7.1     6.5     0.0    26.14 C    28.4    -0.3     9.7 -9999.0 -9999.0 -9999.0   0.143   0.178   0.149   0.139   0.194     9.9     8.8     7.5     6.0     4.6
53150 20170428  2.422 -119.82   37.76    12.0     1.0     6.5     6.0     0.0    28.95 C    29.2    -1.8     8.6 -9999.0 -9999.0 -9999.0   0.136   0.172   0.145   0.136   0.191     9.5     9.0     7.9     6.3     4.8
53150 20170429  2.422 -119.82   37.76    13.9     3.0     8.4     8.5     0.0    28.58 C    31.7    -2.7    10.7 -9999.0 -9999.0 -9999.0   0.129   0.167   0.141   0.134   0.188    10.2     9.3     8.0     6.4     4.9
53150 20170430  2.422 -119.82   37.76    16.8     6.9    11.8    11.6     0.0    28.36 C    34.8     0.3    13.7 -9999.0 -9999.0 -9999.0   0.125   0.162   0.137   0.131   0.184    12.2    10.8     9.0     6.7     5.0
53150 20170501  2.422 -119.82   37.76    19.2    10.7    15.0    14.7     0.0    28.47 C    38.2     3.2    16.2 -9999.0 -9999.0 -9999.0   0.121   0.158   0.134   0.128   0.180    13.8    12.2    10.0     7.3     5.3
53150 20170502  2.422 -119.82   37.76    19.8    12.0    15.9    15.4     0.0    28.29 C    39.8     4.8    17.9 -9999.0 -9999.0 -9999.0   0.115   0.153   0.130   0.125   0.177    15.1    13.3    11.0     7.9     5.5
53150 20170503  2.422 -119.82   37.76    21.8    14.1    18.0    17.3     0.0    28.41 C    42.0     6.1    19.5 -9999.0 -9999.0 -9999.0   0.110   0.149   0.126   0.122   0.172    16.2    14.4    11.9     8.6     5.9
53150 20170504  2.422 -119.82   37.76    23.2    13.5    18.3    17.6     0.0    28.27 C    43.1     7.0    20.6 -9999.0 -9999.0 -9999.0   0.105   0.144   0.122   0.118   0.168    16.9    15.1    12.6     9.2     6.2
53150 20170505  2.422 -119.82   37.76    16.8     7.1    11.9    12.1     0.0    22.65 C    35.5     5.2    15.8 -9999.0 -9999.0 -9999.0   0.101   0.139   0.120   0.115   0.165    15.1    14.3    12.7     9.6     6.6
53150 20170506  2.422 -119.82   37.76     7.7    -0.1     3.8     3.3     8.3     4.06 C    10.1    -0.1     4.7 -9999.0 -9999.0 -9999.0   0.109   0.138   0.117   0.113   0.162     8.4     9.8    10.7     9.5     6.9
53150 20170507  2.422 -119.82   37.76 -9999.0     0.5 -9999.0 -9999.0     0.2    15.80 C    24.6     0.1     7.8 -9999.0 -9999.0 -9999.0   0.142   0.148   0.120   0.114   0.160     8.6     8.5     8.6     8.4     6.9
53150 20170508  2.422 -119.82   37.76    13.8     6.3    10.1     9.9     0.0    21.93 C    31.1     1.9    12.2 -9999.0 -9999.0 -9999.0   0.125   0.146   0.121   0.113   0.159    11.5    10.4     9.2     8.0     6.8
53150 20170509  2.422 -119.82   37.76    18.0     8.3    13.1    12.6     0.0    28.38 C    34.3     2.3    15.5 -9999.0 -9999.0 -9999.0   0.113   0.141   0.118   0.112   0.157    13.4    12.1    10.4     8.3     6.7
53150 20170510  2.422 -119.82   37.76    16.8     8.5    12.7    12.1     0.0    27.78 C    34.5     4.8    16.1 -9999.0 -9999.0 -9999.0   0.104   0.137   0.116   0.110   0.154    14.5    13.2    11.3     8.8     6.8
53150 20170511  2.422 -119.82   37.76    14.8     7.2    11.0    10.3     0.0    23.31 C    33.7     5.6    15.2 -9999.0 -9999.0 -9999.0   0.099   0.134   0.114   0.108   0.153    14.7    13.5    11.8     9.3     7.0
53150 20170512  2.422 -119.82   37.76     7.5    -1.6     3.0     3.8     0.0    13.40 C    24.3    -2.2     7.9 -9999.0 -9999.0 -9999.0   0.096   0.132   0.111   0.107   0.152    10.3    11.1    11.0     9.4     7.2
53150 20170513  2.422 -119.82   37.76     8.7    -1.5     3.6     3.3     0.0    26.90 C    30.3    -4.3     8.2 -9999.0 -9999.0 -9999.0   0.094   0.130   0.110   0.106   0.150     9.7     9.6     9.4     8.8     7.3
53150 20170514  2.422 -119.82   37.76     8.4    -0.5     3.9     3.2     0.0    23.87 C    33.6    -2.7     8.8 -9999.0 -9999.0 -9999.0   0.091   0.128   0.108   0.104   0.148    10.2     9.8     9.3     8.5     7.2
53150 20170515  2.422 -119.82   37.76     5.9     1.0     3.5     2.4     6.9     7.12 C    19.0     0.6     4.9 -9999.0 -9999.0 -9999.0   0.107   0.127   0.107   0.103   0.147     7.4     8.2     8.7     8.3     7.2
53150 20170516  2.422 -119.82   37.76     7.2     1.0     4.1     3.3     1.0     9.37 C    17.5    -0.4     5.5 -9999.0 -9999.0 -9999.0   0.127   0.132   0.107   0.102   0.146     6.9     7.1     7.5     7.7     7.1
53150 20170517  2.422 -119.82   37.76    10.6     1.5     6.0     5.1     0.0    22.85 C    24.8     0.7     9.0 -9999.0 -9999.0 -9999.0   0.121   0.133   0.108   0.103   0.144     9.0     8.5     7.8     7.4     6.8
53150 20170518  2.422 -119.82   37.76    14.3     4.7     9.5     9.5     0.0    30.21 C    32.9     0.0    12.8 -9999.0 -9999.0 -9999.0   0.108   0.131   0.108   0.101   0.143    11.0    10.0     8.7     7.5     6.7
53150 20170519  2.422 -119.82   37.76    17.4     8.7    13.1    12.4     0.0    30.01 C    35.7     3.0    16.0 -9999.0 -9999.0 -9999.0   0.098   0.127   0.106   0.101   0.141    13.3    11.8    10.0     8.0     6.7
53150 20170520  2.422 -119.82   37.76    19.8    10.7    15.3    14.6     0.0    29.93 C    39.2     6.3    18.9 -9999.0 -9999.0 -9999.0   0.091   0.124   0.103   0.100   0.139    15.2    13.6    11.3     8.7     6.9
53150 20170521  2.422 -119.82   37.76    21.0    12.1    16.6    16.3     0.0    30.10 C    43.0     7.0    20.2 -9999.0 -9999.0 -9999.0   0.086   0.119   0.100   0.097   0.138    16.4    14.8    12.4     9.4     7.2
53150 20170522  2.422 -119.82   37.76    23.4    14.4    18.9    18.6     0.0    29.84 C    44.1     9.1    22.6 -9999.0 -9999.0 -9999.0   0.080   0.115   0.098   0.095   0.136    17.6    15.8    13.4    10.0     7.5
53150 20170523  2.422 -119.82   37.76    24.7    15.4    20.0    19.5     0.0    30.05 C    45.4    10.6    23.5 -9999.0 -9999.0 -9999.0   0.075   0.110   0.094   0.092   0.133    18.5    16.7    14.2    10.6     7.8
53150 20170524  2.422 -119.82   37.76    22.1    11.4    16.8    16.2     0.0    28.19 C    42.4     8.6    20.0 -9999.0 -9999.0 -9999.0   0.070   0.106   0.090   0.090   0.131    17.5    16.4    14.5    11.2     8.1
53150 20170525  2.422 -119.82   37.76    16.9     6.4    11.7    11.5     0.0    30.64 C    42.3     4.4    18.5 -9999.0 -9999.0 -9999.0   0.066   0.102   0.087   0.088   0.129    17.0    16.0    14.3    11.3     8.5
53150 20170526  2.422 -119.82   37.76    13.1     4.9     9.0     8.6     0.0    25.91 C    40.0     1.5    15.5 -9999.0 -9999.0 -9999.0   0.062   0.099   0.085   0.087   0.128    15.1    14.6    13.5    11.3     8.6
53150 20170527  2.422 -119.82   37.76    17.8     8.5    13.2    13.1     0.0    30.65 C    45.0     4.0    19.4 -9999.0 -9999.0 -9999.0   0.059   0.096   0.084   0.086   0.126    16.4    15.2    13.5    11.1     8.7
53150 20170528  2.422 -119.82   37.76    21.4    12.9    17.1    17.0     0.0    30.44 C    47.7     5.1    21.4 -9999.0 -9999.0 -9999.0   0.053   0.094   0.081   0.084   0.124    17.5    16.1    14.1    11.3     8.8
53150 20170529  2.422 -119.82   37.76    22.4    14.4    18.4    17.5     0.0    28.24 C    48.7     8.0    22.4 -9999.0 -9999.0 -9999.0   0.045   0.090   0.078   0.082   0.122    18.4    16.9    14.7    11.6     9.0
53150 20170530  2.422 -119.82   37.76    20.1    11.0    15.6    15.8     0.0    26.14 C    46.9     7.5    20.9 -9999.0 -9999.0 -9999.0   0.039   0.086   0.075   0.080   0.119    18.5    17.1    15.2    12.0     9.2
53150 20170531  2.422 -119.82   37.76    11.6     6.8     9.2     9.2     0.3     7.14 C    18.7     5.1    11.7 -9999.0 -9999.0 -9999.0   0.034   0.083   0.073   0.078   0.119    13.9    14.4    14.2    12.1     9.4
53150 20170601  2.422 -119.82   37.76    15.7     6.6    11.2    11.6     0.0    21.60 C    41.0     3.8    15.9 -9999.0 -9999.0 -9999.0   0.036   0.081   0.072   0.078   0.118    14.7    13.8    12.9    11.5     9.4
53150 20170602  2.422 -119.82   37.76    22.4    11.2    16.8    16.7     0.0    30.45 C    48.0     6.0    21.8 -9999.0 -9999.0 -9999.0   0.032   0.079   0.070   0.076   0.116    17.5    15.7    13.7    11.4     9.4
53150 20170603  2.422 -119.82   37.76    22.0    14.2    18.1    17.5     0.0    28.53 C    46.6     8.7    22.4 -9999.0 -9999.0 -9999.0   0.025   0.076   0.067   0.074   0.114    18.3    16.7    14.7    11.8     9.4
53150 20170604  2.422 -119.82   37.76    20.5    12.7    16.6    16.2     0.0    30.54 C    46.0     7.7    21.7 -9999.0 -9999.0 -9999.0   0.023   0.073   0.065   0.071   0.111    18.5    17.1    15.2    12.2     9.6
53150 20170605  2.422 -119.82   37.76    20.7    12.3    16.5    16.1     0.0    31.33 C    46.6     6.4    21.4 -9999.0 -9999.0 -9999.0   0.022   0.070   0.062   0.068   0.108    18.4    17.0    15.3    12.4     9.7
53150 20170606  2.422 -119.82   37.76    21.4    12.3    16.9    16.8     0.0    31.19 C    47.7     4.9    21.6 -9999.0 -9999.0 -9999.0   0.017   0.066   0.059   0.066   0.106    18.5    17.1    15.3    12.5     9.9
53150 20170607  2.422 -119.82   37.76    21.1    10.5    15.8    15.4     0.0    28.07 C    47.4     6.0    20.2 -9999.0 -9999.0 -9999.0   0.012   0.064   0.057   0.062   0.104    18.4    17.0    15.4    12.6    10.0
53150 20170608  2.422 -119.82   37.76    14.0     6.3    10.1     9.7     1.6    13.80 C    31.3     7.0    13.3 -9999.0 -9999.0 -9999.0   0.010   0.061   0.057   0.060   0.102    14.8    15.0    14.6    12.6    10.1
53150 20170609  2.422 -119.82   37.76    10.3     6.8     8.5     8.1     3.9    10.19 C    21.8     7.0    10.9 -9999.0 -9999.0 -9999.0   0.044   0.059   0.055   0.061   0.104    12.2    12.7    13.0    12.1    10.1
53150 20170610  2.422 -119.82   37.76    11.4     3.2     7.3     7.5     0.0    16.31 C    26.3     1.6    11.1 -9999.0 -9999.0 -9999.0   0.056   0.059   0.054   0.061   0.102    11.6    12.0    12.0    11.4    10.0
53150 20170611  2.422 -119.82   37.76     6.4    -1.8     2.3     1.7     6.8    10.29 C    26.3    -7.8     4.1 -9999.0 -9999.0 -9999.0   0.052   0.058   0.054   0.060   0.102     7.6     9.2    10.5    10.9     9.9
53150 20170612  2.422 -119.82   37.76     8.7    -1.8     3.5     2.4     0.0    15.28 C    22.9    -8.4     4.2 -9999.0 -9999.0 -9999.0   0.090   0.059   0.053   0.060   0.102     7.0     8.0     9.1    10.0     9.6
53150 20170613  2.422 -119.82   37.76    15.7     2.6     9.1     9.6     0.0    31.03 C    33.9    -0.9    13.7 -9999.0 -9999.0 -9999.0   0.092   0.065   0.054   0.059   0.101    11.7    10.8     9.7     9.4     9.3
53150 20170614  2.422 -119.82   37.76    19.5    10.0    14.7    14.9     0.0    30.91 C    40.7     4.9    18.8 -9999.0 -9999.0 -9999.0   0.075   0.067   0.054   0.058   0.100    15.5    14.1    12.0    10.0     9.0
53150 20170615  2.422 -119.82   37.76    21.4    11.8    16.6    16.8     0.0    30.31 C    43.5     5.8    21.3 -9999.0 -9999.0 -9999.0   0.063   0.067   0.053   0.057   0.099    17.5    16.0    13.6    10.8     9.2
53150 20170616  2.422 -119.82   37.76    24.4    16.2    20.3    19.9     0.0    30.48 C    48.0     9.7    24.5 -9999.0 -9999.0 -9999.0   0.053   0.066   0.053   0.056   0.098    19.6    17.8    15.1    11.6     9.4
53150 20170617  2.422 -119.82   37.76    25.4    17.6    21.5    21.4     0.0    29.90 C    49.8    11.8    26.2 -9999.0 -9999.0 -9999.0   0.041   0.064   0.052   0.054   0.096    21.1    19.2    16.4    12.4     9.7
53150 20170618  2.422 -119.82   37.76    27.9    19.2    23.5    23.9     0.0    31.41 C    52.3    13.4    29.0 -9999.0 -9999.0 -9999.0   0.030   0.063   0.051   0.052   0.094    22.7    20.5    17.5    13.1    10.0
53150 20170619  2.422 -119.82   37.76    29.0    21.8    25.4    24.8     0.0    30.34 C    53.2    14.6    28.8 -9999.0 -9999.0 -9999.0   0.024   0.060   0.049   0.051   0.091    23.5    21.4    18.5    13.8    10.4
53150 20170620  2.422 -119.82   37.76    27.8    20.6    24.2    23.8     0.0    30.40 C    51.9    13.5    28.0 -9999.0 -9999.0 -9999.0   0.018   0.058   0.048   0.048   0.089    23.4    21.3    18.8    14.4    10.7
53150 20170621  2.422 -119.82   37.76    27.0    19.9    23.5    23.0     0.0    29.67 C    51.7    13.6    27.8 -9999.0 -9999.0 -9999.0   0.012   0.055   0.047   0.045   0.086    23.6    21.4    18.9    14.7    11.1
53150 20170622  2.422 -119.82   37.76    27.8    19.6    23.7    23.6     0.0    30.61 C    52.7    12.8    28.4 -9999.0 -9999.0 -9999.0   0.009   0.053   0.046   0.043   0.084    24.0    21.6    19.1    15.0    11.3
53150 20170623  2.422 -119.82   37.76    27.3    20.7    24.0    23.6     0.0    30.51 C    52.6    13.1    28.0 -9999.0 -9999.0 -9999.0   0.008   0.051   0.046   0.042   0.082    24.2    21.9    19.4    15.2    11.6
53150 20170624  2.422 -119.82   37.76    27.0    17.2    22.1    23.4     0.5    23.53 C    51.8    11.1    24.3 -9999.0 -9999.0 -9999.0   0.005   0.048   0.044   0.039   0.078    22.6    20.9    19.1    15.4    11.8
53150 20170625  2.422 -119.82   37.76    25.5    17.7    21.6    21.6     0.0    30.30 C    50.2    12.7    26.5 -9999.0 -9999.0 -9999.0   0.005   0.046   0.042   0.039   0.076    23.2    20.9    18.9    15.3    11.9
53150 20170626  2.422 -119.82   37.76    23.1    14.9    19.0    18.6     0.0    28.77 C    48.2    10.6    24.2 -9999.0 -9999.0 -9999.0   0.004   0.045   0.041   0.037   0.074    22.5    20.8    18.9    15.4    12.0
53150 20170627  2.422 -119.82   37.76    22.6    14.8    18.7    18.0     0.0    31.62 C    49.2     7.3    23.1 -9999.0 -9999.0 -9999.0   0.004   0.043   0.039   0.035   0.072    21.5    19.9    18.3    15.3    12.1
53150 20170628  2.422 -119.82   37.76    22.2    13.1    17.7    17.3     0.0    31.33 C    49.2     6.6    22.8 -9999.0 -9999.0 -9999.0   0.003   0.041   0.039   0.034   0.070    21.3    19.6    18.1    15.2    12.2
53150 20170629  2.422 -119.82   37.76    23.0    14.9    18.9    18.7     0.0    31.22 C    50.0     7.0    23.7 -9999.0 -9999.0 -9999.0   0.004   0.040   0.038   0.033   0.069    21.5    19.7    18.0    15.1    12.2
53150 20170630  2.422 -119.82   37.76    24.4    15.6    20.0    19.7     0.0    30.93 C    50.8     9.0    25.2 -9999.0 -9999.0 -9999.0   0.004   0.039   0.038   0.032   0.067    22.4    20.2    18.2    15.1    12.2
53150 20170701  2.422 -119.82   37.76    23.7    14.1    18.9    18.2     0.0    30.76 C    49.6     9.8    24.4 -9999.0 -9999.0 -9999.0   0.003   0.038   0.038   0.031   0.065    22.4    20.4    18.5    15.3    12.3
53150 20170702  2.422 -119.82   37.76    24.0    15.0    19.5    18.6     0.0    30.61 C    50.0     9.0    24.5 -9999.0 -9999.0 -9999.0   0.003   0.037   0.037   0.031   0.063    22.2    20.3    18.4    15.3    12.3
53150 20170703  2.422 -119.82   37.76    24.0    15.4    19.7    19.2     0.0    30.02 C    49.9    10.0    25.0 -9999.0 -9999.0 -9999.0   0.003   0.037   0.037   0.031   0.061    22.7    20.5    18.5    15.4    12.4
53150 20170704  2.422 -119.82   37.76    24.4    15.5    20.0    19.9     0.0    30.88 C    49.7    10.9    25.4 -9999.0 -9999.0 -9999.0   0.003   0.037   0.037   0.030   0.060    23.0    20.7    18.7    15.5    12.5
53150 20170705  2.422 -119.82   37.76    25.9    19.4    22.7    21.8     0.0    29.58 C    50.7    10.9    26.3 -9999.0 -9999.0 -9999.0   0.004   0.035   0.036   0.029   0.059    23.2    20.8    18.8    15.6    12.6
53150 20170706  2.422 -119.82   37.76    26.6    19.9    23.3    22.6     0.0    28.06 C    51.3    13.7    27.5 -9999.0 -9999.0 -9999.0   0.003   0.035   0.036   0.029   0.057    24.0    21.4    19.1    15.7    12.6
53150 20170707  2.422 -119.82   37.76    28.6    19.4    24.0    23.9     0.0    29.91 C    53.0    13.8    28.8 -9999.0 -9999.0 -9999.0   0.003   0.035   0.035   0.029   0.056    25.0    22.1    19.6    16.0    12.7
53150 20170708  2.422 -119.82   37.76    27.4    21.0    24.2    23.7     0.0    28.68 C    52.7    14.5    28.5 -9999.0 -9999.0 -9999.0   0.004   0.037   0.035   0.029   0.055    25.2    22.5    20.0    16.2    12.8
53150 20170709  2.422 -119.82   37.76    28.3    19.7    24.0    23.0     0.0    28.08 C    52.4    14.5    27.6 -9999.0 -9999.0 -9999.0   0.004   0.037   0.034   0.028   0.055    24.9    22.4    20.1    16.4    13.0
53150 20170710  2.422 -119.82   37.76    26.4    18.2    22.3    21.9     0.0    29.85 C    51.5    12.7    26.7 -9999.0 -9999.0 -9999.0   0.005   0.037   0.033   0.027   0.055    24.4    22.1    20.0    16.5    13.1
53150 20170711  2.422 -119.82   37.76    25.4    17.1    21.2    20.8     0.0    30.72 C    50.3    11.1    25.3 -9999.0 -9999.0 -9999.0   0.005   0.036   0.034   0.026   0.054    23.6    21.7    19.8    16.5    13.2
53150 20170712  2.422 -119.82   37.76    25.2    16.3    20.7    20.2     0.0    29.85 C    50.6    10.3    25.5 -9999.0 -9999.0 -9999.0   0.005   0.036   0.033   0.025   0.053    23.5    21.4    19.5    16.5    13.3
53150 20170713  2.422 -119.82   37.76    25.0    17.9    21.5    20.7     0.0    29.39 C    50.0    11.2    25.6 -9999.0 -9999.0 -9999.0   0.005   0.036   0.033   0.025   0.052    23.7    21.5    19.5    16.5    13.4
53150 20170714  2.422 -119.82   37.76    25.2    17.3    21.2    20.9     0.0    29.48 C    49.4    11.7    25.9 -9999.0 -9999.0 -9999.0   0.005   0.035   0.033   0.026   0.052    23.8    21.7    19.6    16.5    13.4
53150 20170715  2.422 -119.82   37.76    26.7    18.6    22.7    22.2     0.0    27.70 C    54.7    10.2    26.4 -9999.0 -9999.0 -9999.0   0.005   0.035   0.033   0.025   0.051    24.1    21.7    19.6    16.5    13.5
53150 20170716  2.422 -119.82   37.76    27.7    19.2    23.4    23.1     0.0    29.32 C    54.2    13.7    28.4 -9999.0 -9999.0 -9999.0   0.004   0.035   0.033   0.025   0.050    25.0    22.3    20.0    16.6    13.5
53150 20170717  2.422 -119.82   37.76    26.0    17.7    21.8    21.6     0.0    27.99 C    52.9    11.4    25.4 -9999.0 -9999.0 -9999.0   0.005   0.035   0.033   0.025   0.050    24.1    22.0    20.0    16.8    13.5
53150 20170718  2.422 -119.82   37.76    24.4    16.2    20.3    19.2     0.0    23.71 C    47.5     9.7    22.3 -9999.0 -9999.0 -9999.0   0.005   0.034   0.033   0.024   0.049    22.5    21.0    19.5    16.7    13.7
53150 20170719  2.422 -119.82   37.76    23.4    15.9    19.7    19.1     0.0    28.06 C    49.3     8.8    23.0 -9999.0 -9999.0 -9999.0   0.006   0.034   0.033   0.023   0.049    22.3    20.5    19.0    16.5    13.7
53150 20170720  2.422 -119.82   37.76    22.8    14.3    18.5    18.0     0.0    27.80 C    48.3     7.0    22.6 -9999.0 -9999.0 -9999.0   0.005   0.034   0.032   0.023   0.048    22.1    20.3    18.9    16.4    13.7
53150 20170721  2.422 -119.82   37.76    23.4    16.2    19.8    19.1     0.0    28.91 C    51.0     7.9    24.3 -9999.0 -9999.0 -9999.0   0.005   0.033   0.032   0.023   0.048    22.5    20.5    18.8    16.3    13.7
53150 20170722  2.422 -119.82   37.76    26.2    17.7    22.0    21.2     0.0    28.62 C    53.9     9.9    26.5 -9999.0 -9999.0 -9999.0   0.005   0.034   0.032   0.023   0.048    23.6    21.2    19.1    16.3    13.6
53150 20170723  2.422 -119.82   37.76    28.0    18.2    23.1    22.5     0.0    29.18 C    54.9    11.8    28.2 -9999.0 -9999.0 -9999.0   0.005   0.033   0.031   0.023   0.047    24.7    22.0    19.7    16.5    13.7
53150 20170724  2.422 -119.82   37.76    25.3    16.6    20.9    20.6     0.0    28.49 C    51.9    13.9    27.1 -9999.0 -9999.0 -9999.0   0.005   0.034   0.031   0.023   0.047    24.6    22.2    20.0    16.7    13.7
53150 20170725  2.422 -119.82   37.76    24.6    15.5    20.1    19.0     0.0    29.11 C    52.9    12.1    26.0 -9999.0 -9999.0 -9999.0   0.006   0.033   0.030   0.023   0.046    24.1    22.0    19.9    16.9    13.8
53150 20170726  2.422 -119.82   37.76    24.5    15.7    20.1    19.4     0.0    27.82 C    53.2    10.7    25.7 -9999.0 -9999.0 -9999.0   0.005   0.033   0.030   0.023   0.047    23.9    21.7    19.8    16.9    13.9
53150 20170727  2.422 -119.82   37.76    25.1    17.5    21.3    20.2     0.0    29.08 C    53.4     9.8    25.7 -9999.0 -9999.0 -9999.0   0.005   0.033   0.030   0.023   0.046    24.1    21.9    19.9    16.9    13.9
53150 20170728  2.422 -119.82   37.76    26.1    17.7    21.9    21.2     0.0    29.00 C    54.1    10.5    26.2 -9999.0 -9999.0 -9999.0   0.006   0.032   0.030   0.022   0.047    24.2    21.9    19.9    16.9    14.0
53150 20170729  2.422 -119.82   37.76    25.9    18.2    22.0    20.9     0.0    28.93 C    53.5    10.6    26.1 -9999.0 -9999.0 -9999.0   0.006   0.033   0.030   0.022   0.045    24.2    22.0    20.0    17.0    14.0
53150 20170730  2.422 -119.82   37.76    26.8    18.8    22.8    21.9     0.0    28.95 C    54.2    10.7    27.0 -9999.0 -9999.0 -9999.0   0.006   0.032   0.030   0.022   0.045    24.6    22.1    20.0    17.0    14.1
53150 20170731  2.422 -119.82   37.76    27.8    19.9    23.9    23.3     0.0    27.15 C    55.3    11.7    28.1 -9999.0 -9999.0 -9999.0   0.006   0.032   0.030   0.021   0.045    25.3    22.6    20.3    17.1    14.2
53150 20170801  2.422 -119.82   37.76    30.4    19.9    25.1    25.5     0.0    24.53 C    58.2    14.0    28.7 -9999.0 -9999.0 -9999.0   0.006   0.032   0.030   0.021   0.046    26.2    23.3    20.8    17.3    14.2
53150 20170802  2.422 -119.82   37.76    29.2    15.0    22.1    22.7     1.1    22.29 C    55.8    14.1    25.5 -9999.0 -9999.0 -9999.0   0.007   0.032   0.030   0.021   0.045    25.1    23.0    21.0    17.5    14.3
53150 20170803  2.422 -119.82   37.76    26.2    17.5    21.9    21.3     1.0    22.07 C    50.9    14.4    24.6 -9999.0 -9999.0 -9999.0   0.007   0.031   0.030   0.020   0.045    23.8    22.1    20.5    17.5    14.5
53150 20170804  2.422 -119.82   37.76    24.4    16.0    20.2    20.1     0.4    15.93 C    40.7    13.9    22.5 -9999.0 -9999.0 -9999.0   0.006   0.032   0.030   0.021   0.045    21.9    20.9    19.9    17.4    14.5
53150 20170805  2.422 -119.82   37.76    23.9    16.8    20.3    19.3     0.0    18.99 C    47.5    11.8    23.1 -9999.0 -9999.0 -9999.0   0.005   0.032   0.030   0.021   0.045    21.8    20.5    19.3    17.2    14.5
53150 20170806  2.422 -119.82   37.76    24.2    15.6    19.9    19.1     0.0    27.65 C    51.1    10.3    24.6 -9999.0 -9999.0 -9999.0   0.005   0.032   0.030   0.020   0.044    22.9    20.9    19.3    17.0    14.4
53150 20170807  2.422 -119.82   37.76    23.3    14.7    19.0    18.2     0.0    27.74 C    51.0     9.7    24.4 -9999.0 -9999.0 -9999.0   0.006   0.031   0.029   0.020   0.045    23.2    21.2    19.5    17.0    14.4
53150 20170808  2.422 -119.82   37.76    24.6    15.3    20.0    18.7     0.0    27.49 C    51.8     9.4    24.3 -9999.0 -9999.0 -9999.0   0.006   0.031   0.029   0.020   0.045    23.1    21.3    19.6    17.0    14.4
53150 20170809  2.422 -119.82   37.76    24.4    16.2    20.3    19.0     0.0    27.65 C    52.1     9.3    24.4 -9999.0 -9999.0 -9999.0   0.006   0.031   0.029   0.019   0.045    23.4    21.4    19.6    17.1    14.4
53150 20170810  2.422 -119.82   37.76    24.5    14.8    19.7    18.9     0.0    27.96 C    52.3     8.7    24.4 -9999.0 -9999.0 -9999.0   0.006   0.031   0.029   0.019   0.045    23.5    21.4    19.7    17.1    14.5
53150 20170811  2.422 -119.82   37.76    24.9    15.3    20.1    19.2     0.0    28.04 C    52.5     8.6    24.3 -9999.0 -9999.0 -9999.0   0.006   0.031   0.029   0.019   0.044    23.5    21.5    19.7    17.1    14.5
53150 20170812  2.422 -119.82   37.76    25.3    14.7    20.0    19.3     0.0    28.22 C    52.6     7.5    24.1 -9999.0 -9999.0 -9999.0   0.006   0.031   0.028   0.020   0.044    23.4    21.4    19.7    17.1    14.6
53150 20170813  2.422 -119.82   37.76    24.4    14.3    19.4    18.7     0.0    27.63 C    51.7     7.2    23.5 -9999.0 -9999.0 -9999.0   0.006   0.030   0.028   0.020   0.044    23.1    21.3    19.7    17.2    14.6
53150 20170814  2.422 -119.82   37.76    20.9    11.8    16.4    16.2     0.0    25.49 C    47.6     9.0    22.1 -9999.0 -9999.0 -9999.0   0.006   0.030   0.028   0.020   0.044    22.0    20.8    19.5    17.1    14.6
53150 20170815  2.422 -119.82   37.76    18.5    11.1    14.8    14.1     0.0    23.58 C    44.2     6.8    20.4 -9999.0 -9999.0 -9999.0   0.005   0.030   0.028   0.021   0.043    21.3    20.1    19.0    17.0    14.6
53150 20170816  2.422 -119.82   37.76    21.4    11.8    16.6    16.7     0.0    26.22 C    46.9     8.2    23.5 -9999.0 -9999.0 -9999.0   0.006   0.030   0.028   0.021   0.044    22.5    20.5    19.0    16.8    14.6
53150 20170817  2.422 -119.82   37.76    24.9    16.1    20.5    20.1     0.0    25.50 C    53.4     9.5    25.4 -9999.0 -9999.0 -9999.0   0.006   0.030   0.028   0.021   0.044    23.8    21.4    19.5    16.9    14.5
53150 20170818  2.422 -119.82   37.76    26.0    16.6    21.3    20.6     0.0    19.65 C    49.3    10.8    23.8 -9999.0 -9999.0 -9999.0   0.006   0.031   0.028   0.021   0.044    22.8    21.2    19.7    17.1    14.5
53150 20170819  2.422 -119.82   37.76    26.6    17.0    21.8    20.6     0.0    21.57 C    52.9    12.9    24.9 -9999.0 -9999.0 -9999.0   0.006   0.030   0.028   0.021   0.044    24.0    21.7    19.8    17.2    14.6
53150 20170820  2.422 -119.82   37.76    23.4    15.6    19.5    19.3     0.0    20.89 C    48.7    11.0    23.3 -9999.0 -9999.0 -9999.0   0.006   0.031   0.028   0.021   0.045    23.5    21.6    19.9    17.3    14.7
53150 20170821  2.422 -119.82   37.76    23.5    16.7    20.1    18.3     0.0    15.31 C    48.9    10.1    19.9 -9999.0 -9999.0 -9999.0   0.006   0.029   0.028   0.020   0.045    21.2    20.3    19.5    17.3    14.7
53150 20170822  2.422 -119.82   37.76    24.0    17.0    20.5    19.4     0.0    23.42 C    47.0     9.6    23.5 -9999.0 -9999.0 -9999.0   0.005   0.029   0.027   0.020   0.045    22.1    20.3    19.0    17.1    14.7
53150 20170823  2.422 -119.82   37.76    24.8    17.7    21.2    20.4     0.0    24.66 C    48.9     9.4    24.1 -9999.0 -9999.0 -9999.0   0.006   0.030   0.027   0.020   0.045    22.9    20.9    19.3    17.1    14.7
53150 20170824  2.422 -119.82   37.76    24.9    17.3    21.1    20.0     0.0    25.71 C    51.8    10.0    25.1    40.7    28.6    35.4   0.006   0.029   0.027   0.019   0.044    23.7    21.4    19.6    17.1    14.7
53150 20170825  2.422 -119.82   37.76    26.4    17.1    21.7    20.9     0.0    25.09 C    51.7    10.3    25.2    41.2    25.1    31.0   0.006   0.030   0.026   0.019   0.043    23.8    21.6    19.9    17.2    14.7
53150 20170826  2.422 -119.82   37.76    28.8    19.7    24.3    23.3     0.0    21.75 C    53.4    11.9    25.7    33.5    22.8    27.4   0.006   0.029   0.026   0.019   0.044    24.4    22.0    20.1    17.3    14.8
53150 20170827  2.422 -119.82   37.76    29.8    20.8    25.3    23.9     0.0    22.96 C    55.7    12.5    26.8    44.8    12.9    26.5   0.006   0.029   0.026   0.019   0.043    25.2    22.5    20.4    17.5    14.8
53150 20170828  2.422 -119.82   37.76    31.2    21.3    26.3    25.3     0.0    25.26 C    55.2    12.7    28.0    24.4    13.8    18.5   0.006   0.029   0.026   0.019   0.044    25.7    22.9    20.7    17.7    14.8
53150 20170829  2.422 -119.82   37.76    30.0    22.2    26.1    25.0     0.0    20.30 C    54.0    14.8    26.7    31.3    16.7    23.1   0.006   0.029   0.026   0.019   0.043    25.2    23.0    21.0    17.9    15.0
53150 20170830  2.422 -119.82   37.76    28.3    17.6    22.9    22.9     0.0    22.68 C    52.4    14.7    26.7    50.1    22.5    29.8   0.006   0.029   0.026   0.019   0.042    24.9    22.7    20.8    18.0    15.1
53150 20170831  2.422 -119.82   37.76    27.8    19.4    23.6    22.8     0.0    23.36 C    52.6    13.9    26.6    32.3    19.7    27.3   0.006   0.029   0.026   0.019   0.042    25.2    22.8    20.9    18.0    15.1
53150 20170901  2.422 -119.82   37.76    29.3    20.8    25.0    24.0     0.0    23.43 C    50.8    12.9    26.5    37.8    12.3    26.5   0.006   0.029   0.026   0.019   0.042    25.3    22.9    20.9    18.1    15.2
53150 20170902  2.422 -119.82   37.76    29.7    22.2    26.0    25.3     0.0    22.06 C    50.6    13.3    26.4    30.1    15.8    23.2   0.006   0.029   0.026   0.018   0.042    25.0    22.8    21.0    18.1    15.3
53150 20170903  2.422 -119.82   37.76    27.8    19.6    23.7    23.7     0.0    16.06 C    48.8    15.0    25.0    44.8    18.6    26.9   0.006   0.028   0.026   0.019   0.042    24.5    22.5    20.9    18.2    15.3
53150 20170904  2.422 -119.82   37.76    26.6    19.7    23.1    22.7     0.0    13.24 C    41.6    13.6    22.6    53.7    24.0    34.9   0.006   0.028   0.025   0.019   0.042    22.5    21.5    20.5    18.1    15.4
53150 20170905  2.422 -119.82   37.76    24.8    16.3    20.5    20.6     0.0    17.98 C    42.7    11.5    22.8    80.3    30.2    50.8   0.005   0.028   0.025   0.019   0.042    22.5    21.0    19.9    17.9    15.4
53150 20170906  2.422 -119.82   37.76    23.3    14.5    18.9    17.7     0.0    18.46 C    44.8    10.7    21.3    85.2    44.6    65.8   0.006   0.029   0.024   0.019   0.041    21.7    20.7    19.7    17.7    15.4
53150 20170907  2.422 -119.82   37.76    21.6    12.7    17.1    16.4     0.0    21.84 C    46.1     9.3    21.3    83.2    41.1    63.8   0.006   0.029   0.024   0.019   0.041    21.9    20.6    19.5    17.6    15.4
53150 20170908  2.422 -119.82   37.76    20.9    13.1    17.0    15.9     0.0    21.43 C    44.8     7.9    19.8    74.3    41.4    58.9   0.006   0.028   0.024   0.020   0.041    21.1    20.1    19.2    17.5    15.3
53150 20170909  2.422 -119.82   37.76    21.3    12.9    17.1    16.0     0.0    20.01 C    44.8     5.9    18.8    65.0    37.6    50.5   0.006   0.028   0.025   0.020   0.041    20.5    19.5    18.8    17.3    15.3
53150 20170910  2.422 -119.82   37.76    24.5    14.9    19.7    19.0     0.0    22.20 C    48.6     7.6    22.3    55.1    22.2    32.0   0.006   0.028   0.025   0.019   0.041    21.8    19.9    18.7    17.1    15.2
53150 20170911  2.422 -119.82   37.76    27.1    12.5    19.8    20.1     2.4    18.13 C    48.4    10.3    22.0    86.4    19.3    37.0   0.008   0.028   0.025   0.019   0.042    22.2    20.5    19.2    17.2    15.2
53150 20170912  2.422 -119.82   37.76    24.3    15.1    19.7    18.9     0.0    22.26 C    44.8     9.7    21.2    67.4    33.1    49.0   0.020   0.028   0.024   0.020   0.041    21.2    20.3    19.1    17.2    15.1
53150 20170913  2.422 -119.82   37.76    20.9    12.3    16.6    16.2     0.0    19.72 C    42.8     8.4    19.8    72.5    41.3    59.1   0.012   0.029   0.025   0.019   0.041    20.8    20.0    19.0    17.2    15.1
53150 20170914  2.422 -119.82   37.76    16.1     9.1    12.6    12.0     0.0    13.80 C    34.2     5.8    14.2    96.3    47.3    74.1   0.007   0.029   0.024   0.020   0.040    17.8    18.2    18.3    17.1    15.1
53150 20170915  2.422 -119.82   37.76    16.3     7.9    12.1    11.2     0.0    18.98 C    43.1     5.4    15.5    96.4    54.8    77.1   0.006   0.029   0.025   0.019   0.041    17.6    17.4    17.3    16.6    15.1
53150 20170916  2.422 -119.82   37.76    20.2     9.6    14.9    14.1     0.0    20.91 C    44.5     4.4    17.8    78.3    28.0    51.7   0.006   0.028   0.025   0.017   0.040    18.8    17.8    17.2    16.3    15.0
53150 20170917  2.422 -119.82   37.76    19.5    10.9    15.2    14.2     0.0    22.14 C    43.5     3.6    17.5    61.4    29.5    42.5   0.005   0.028   0.025   0.017   0.040    19.1    18.1    17.4    16.2    14.8
53150 20170918  2.422 -119.82   37.76    18.8     8.5    13.6    12.5     0.0    21.36 C    41.9     5.2    16.9    95.0    18.1    51.0   0.007   0.028   0.024   0.018   0.041    18.9    17.9    17.3    16.1    14.7
53150 20170919  2.422 -119.82   37.76    15.8     7.6    11.7    10.8     0.0    20.87 C    40.2     4.2    15.5    88.4    50.4    65.2   0.007   0.029   0.024   0.017   0.041    18.0    17.4    17.0    16.0    14.7
53150 20170920  2.422 -119.82   37.76    15.8     2.6     9.2    10.3    15.7    20.39 C    39.6     2.2    15.8    99.5    32.6    64.7   0.018   0.028   0.024   0.017   0.041    17.8    17.0    16.7    15.8    14.6
53150 20170921  2.422 -119.82   37.76     6.5     0.9     3.7     2.4     9.7    13.73 C    21.1    -0.9     5.9   100.0    63.2    84.8   0.148   0.104   0.025   0.018   0.040    10.8    12.6    14.8    15.5    14.5
53150 20170922  2.422 -119.82   37.76     8.6     0.6     4.6     3.7     0.0    11.57 C    21.4    -1.9     3.7    82.6    43.5    63.3   0.115   0.112   0.031   0.018   0.041     8.5     9.8    12.1    14.4    14.3
53150 20170923  2.422 -119.82   37.76    11.3     3.1     7.2     6.6     0.0    17.85 C    25.6    -2.0     6.2    61.8    35.9    49.0   0.100   0.106   0.035   0.017   0.041     9.7     9.9    11.2    13.3    13.9
53150 20170924  2.422 -119.82   37.76    13.8     4.5     9.1     8.7     0.0    21.36 C    28.1    -1.0     9.4    59.5    32.4    46.5   0.087   0.098   0.038   0.018   0.041    11.8    11.4    11.8    12.9    13.5
53150 20170925  2.422 -119.82   37.76    16.0     6.8    11.4    10.7     0.0    20.32 C    29.3     0.8    11.2    51.2    31.7    43.0   0.076   0.090   0.040   0.018   0.041    13.1    12.7    12.6    12.9    13.2
53150 20170926  2.422 -119.82   37.76    17.6     9.0    13.3    12.6     0.0    21.15 C    33.8     2.4    13.2    49.3    27.5    36.5   0.066   0.081   0.039   0.020   0.040    14.6    13.8    13.4    13.1    13.0
53150 20170927  2.422 -119.82   37.76    19.3    11.6    15.5    14.5     0.0    21.01 C    36.2     4.1    15.0    37.2    25.1    30.4   0.055   0.074   0.038   0.018   0.041    15.8    14.9    14.2    13.3    12.9
53150 20170928  2.422 -119.82   37.76    19.8    11.7    15.7    14.9     0.0    20.60 C    38.0     4.1    15.5    37.4    26.0    32.3   0.044   0.066   0.036   0.020   0.041    16.5    15.6    14.9    13.7    12.9
53150 20170929  2.422 -119.82   37.76    18.3    11.2    14.7    14.1     0.0    15.75 C    35.7     3.7    13.7    40.2    25.5    32.6   0.035   0.059   0.035   0.020   0.042    15.8    15.3    15.0    14.0    13.0
53150 20170930  2.422 -119.82   37.76    16.9     9.9    13.4    12.6     0.0    20.53 C    37.3     4.6    15.2    71.5    30.3    46.7   0.031   0.053   0.032   0.020   0.042    16.4    15.5    15.0    14.0    13.0
53150 20171001  2.422 -119.82   37.76    17.1     7.8    12.4    11.8     0.0    20.34 C    37.4    -0.6    12.8    63.4     8.8    34.7   0.028   0.048   0.031   0.019   0.042    15.8    15.3    15.1    14.1    13.1
53150 20171002  2.422 -119.82   37.76    12.6     3.6     8.1     8.1     0.0    20.57 C    34.8    -2.3    10.0    64.5    18.1    38.8   0.026   0.043   0.030   0.019   0.041    14.0    13.9    14.3    14.0    13.1
53150 20171003  2.422 -119.82   37.76    10.3     2.5     6.4     5.3     0.0    16.62 C    28.7    -2.4     7.4    71.3    35.2    49.7   0.024   0.038   0.028   0.019   0.041    12.2    12.6    13.4    13.6    13.0
53150 20171004  2.422 -119.82   37.76    14.6     3.4     9.0     8.1     0.0    19.90 C    35.9    -3.4    10.1    45.1    26.6    36.9   0.022   0.036   0.028   0.020   0.041    12.9    12.4    12.8    13.2    12.9
53150 20171005  2.422 -119.82   37.76    15.9     7.0    11.4    11.4     0.0    20.29 C    37.3    -2.3    11.1    42.0     8.3    25.3   0.019   0.034   0.027   0.020   0.042    13.8    13.0    13.0    13.0    12.7
53150 20171006  2.422 -119.82   37.76    20.3    10.5    15.4    15.8     0.0    19.99 C    41.4    -0.1    14.4    31.4     5.2    18.2   0.016   0.034   0.027   0.018   0.041    15.3    13.8    13.4    12.9    12.6
53150 20171007  2.422 -119.82   37.76    22.2    13.3    17.8    16.8     0.0    19.66 C    41.4     3.0    15.3    35.5    16.6    24.2   0.011   0.032   0.028   0.018   0.040    16.5    14.9    14.1    13.1    12.5
53150 20171008  2.422 -119.82   37.76    19.1    11.8    15.4    14.9     0.0    19.57 C    39.9     1.9    14.2    42.2    12.4    24.3   0.008   0.031   0.027   0.018   0.039    16.2    14.9    14.4    13.3    12.5
53150 20171009  2.422 -119.82   37.76    16.2     8.1    12.1    11.9     0.0    19.13 C    37.1    -1.1    12.0    44.7     4.3    27.3   0.006   0.030   0.026   0.018   0.040    15.2    14.2    14.1    13.4    12.5
53150 20171010  2.422 -119.82   37.76    17.2     7.2    12.2    11.3     0.0    18.17 C    37.6    -0.7    12.0    44.1    11.2    23.2   0.003   0.029   0.026   0.016   0.040    14.9    13.8    13.8    13.3    12.5
53150 20171011  2.422 -119.82   37.76    14.3     6.4    10.4     9.6     0.0    14.94 C    32.7     0.4     9.8    58.5    17.7    34.9   0.003   0.027   0.026   0.016   0.041    13.6    13.2    13.5    13.2    12.4
53150 20171012  2.422 -119.82   37.76    14.1     5.0     9.6     8.9     0.0    18.60 C    34.2    -3.7     9.7    48.6    16.4    38.5   0.004   0.027   0.025   0.016   0.041    13.3    12.6    13.0    13.0    12.4
53150 20171013  2.422 -119.82   37.76    15.0     7.5    11.3    10.3     0.0    18.67 C    35.4    -0.1    11.3    37.2    10.9    23.7   0.004   0.027   0.024   0.017   0.040    13.7    12.7    12.8    12.7    12.3
53150 20171014  2.422 -119.82   37.76    21.2     9.3    15.3    14.9     0.0    18.54 C    39.4     0.4    13.1    24.9     2.7    10.5   0.006   0.026   0.024   0.017   0.039    14.6    13.1    12.9    12.7    12.2
53150 20171015  2.422 -119.82   37.76    20.6    13.8    17.2    16.2     0.0    18.07 C    39.9     0.9    13.6    20.6     2.7     9.9   0.007   0.026   0.024   0.017   0.038    15.1    13.5    13.2    12.7    12.1
53150 20171016  2.422 -119.82   37.76    22.4    13.6    18.0    16.8     0.0    17.08 C    41.0     2.1    14.3    20.3     5.1    11.7   0.007   0.026   0.025   0.017   0.039    15.7    14.0    13.5    12.8    12.1
53150 20171017  2.422 -119.82   37.76    20.8    13.1    16.9    15.4     0.0    12.78 C    38.6     3.6    14.0    38.9    10.5    18.8   0.006   0.026   0.025   0.018   0.038    15.2    14.0    13.7    12.9    12.1
53150 20171018  2.422 -119.82   37.76    19.0     9.6    14.3    14.1     0.0    16.89 C    37.9     3.1    14.3    46.8    21.8    34.4   0.007   0.026   0.026   0.018   0.039    16.0    14.4    13.8    12.9    12.1
53150 20171019  2.422 -119.82   37.76    15.5     4.9    10.2    10.1     0.0    17.08 C    34.6     0.1    11.9    97.2    15.8    44.8   0.006   0.027   0.025   0.018   0.038    14.7    13.7    13.7    13.0    12.1
53150 20171020  2.422 -119.82   37.76     5.2    -1.2     2.0     2.1    16.6    11.85 C    15.6    -2.4     3.6   100.0    44.5    83.7   0.125   0.035   0.026   0.017   0.038     9.4    10.9    12.6    12.9    12.1
53150 20171021  2.422 -119.82   37.76    13.0     1.6     7.3     7.6     0.0    16.61 C    21.6    -1.6     6.6    70.4    13.2    41.2   0.105   0.045   0.025   0.016   0.039     9.2     9.2    10.7    12.1    12.0
53150 20171022  2.422 -119.82   37.76    19.1     8.6    13.8    15.0     0.0    17.24 C    27.4     0.9    10.5    57.0    12.1    29.2   0.087   0.051   0.027   0.017   0.038    11.9    11.0    11.1    11.6    11.8
53150 20171023  2.422 -119.82   37.76    23.9    16.4    20.2    20.3     0.0    16.60 C    32.6     4.2    14.5    30.8     9.7    18.7   0.072   0.052   0.026   0.019   0.039    14.3    12.9    12.2    11.7    11.7
53150 20171024  2.422 -119.82   37.76    23.8    17.4    20.6    20.6     0.0    16.73 C    34.2     5.7    15.2    28.3     8.2    18.9   0.058   0.050   0.026   0.020   0.039    15.8    14.5    13.5    12.2    11.6
53150 20171025  2.422 -119.82   37.76    21.9    15.3    18.6    18.3     0.0    16.51 C    34.4     5.3    14.8    43.0    23.9    30.5   0.046   0.046   0.026   0.019   0.040    16.0    14.9    14.1    12.7    11.6
53150 20171026  2.422 -119.82   37.76    22.0    15.0    18.5    17.4     0.0    16.35 C    35.1     4.5    14.6    41.8    25.7    34.2   0.035   0.042   0.026   0.019   0.040    15.9    14.8    14.2    12.9    11.7
53150 20171027  2.422 -119.82   37.76    20.7    14.3    17.5    16.9     0.0    16.06 C    34.5     4.1    14.3    48.5    25.0    36.6   0.028   0.038   0.026   0.019   0.040    15.8    14.7    14.3    13.1    11.9
53150 20171028  2.422 -119.82   37.76    21.5    14.1    17.8    17.2     0.0    15.82 C    35.7     4.2    14.6    44.7    18.8    29.4   0.025   0.035   0.026   0.018   0.039    15.8    14.7    14.3    13.2    11.9
53150 20171029  2.422 -119.82   37.76    21.4    13.0    17.2    16.1     0.0    13.95 C    35.2     3.5    13.0    47.3    12.7    26.6   0.021   0.033   0.026   0.018   0.040    15.2    14.4    14.2    13.2    12.0
53150 20171030  2.422 -119.82   37.76    16.6     6.9    11.8    11.8     0.0    10.03 C    27.1     1.9    10.0    81.6    26.3    47.6   0.018   0.029   0.026   0.017   0.040    12.8    13.0    13.5    13.1    12.1
53150 20171031  2.422 -119.82   37.76    12.8     5.4     9.1     9.4     0.0    15.39 C    29.8    -1.2     9.0    83.1    16.1    52.9   0.017   0.028   0.026   0.016   0.040    12.3    12.1    12.7    12.8    12.0
53150 20171101  2.422 -119.82   37.76    14.5     5.0     9.8     9.9     0.0    15.26 C    31.1     0.9     9.8    90.1    23.6    49.8   0.017   0.028   0.025   0.017   0.039    12.4    11.9    12.4    12.5    12.0
53150 20171102  2.422 -119.82   37.76     7.1     1.9     4.5     4.0     1.0     3.60 C    14.1    -1.9     3.5    99.9    68.5    91.1   0.014   0.026   0.025   0.017   0.039     8.5     9.8    11.5    12.2    11.8
53150 20171103  2.422 -119.82   37.76     3.1     0.4     1.8     1.9     2.2     2.26 C     8.5     0.9     3.2   100.0    93.9    98.5   0.036   0.027   0.025   0.018   0.039     6.3     8.1    10.1    11.7    11.7
53150 20171104  2.422 -119.82   37.76     3.5    -0.1     1.7     2.0     5.5     2.08 C     7.4    -0.2     2.8   100.0    99.4    99.9   0.100   0.027   0.026   0.016   0.038     5.0     6.7     8.9    10.9    11.5
53150 20171105  2.422 -119.82   37.76     4.2    -0.6     1.8     2.1     3.1     6.25 C    13.0    -1.6     3.5   100.0    89.9    97.8   0.138   0.039   0.026   0.017   0.038     5.4     6.4     8.2    10.3    11.2
53150 20171106  2.422 -119.82   37.76     8.4    -0.5     3.9     3.0     0.0    13.83 C    16.7    -2.6     2.4   100.0    15.9    63.9   0.108   0.055   0.025   0.017   0.038     5.5     6.0     7.8     9.8    11.0
53150 20171107  2.422 -119.82   37.76 -9999.0 -9999.0 -9999.0 -9999.0 -9999.0 -9999.00 U -9999.0 -9999.0 -9999.0 -9999.0 -9999.0 -9999.0 -99.000 -99.000 -99.000 -99.000 -99.000 -9999.0 -9999.0 -9999.0 -9999.0 -9999.0
53150 20171108  2.422 -119.82   37.76    10.3     4.9     7.6     7.0     0.0    10.37 C    18.0    -1.1     5.6    78.8    14.7    49.0   0.075   0.059   0.027   0.018   0.040     6.6     6.7     7.9     9.4    10.4
53150 20171109  2.422 -119.82   37.76     7.8     3.2     5.5     5.2     1.4     6.03 C    13.2     3.1     6.3    97.4    70.8    88.7   0.081   0.060   0.026   0.018   0.040     7.1     7.4     8.2     9.4    10.2
53150 20171110  2.422 -119.82   37.76     7.6     2.4     5.0     3.9     0.0     7.65 C    19.5    -2.5     4.7    97.5    58.3    83.2   0.073   0.068   0.025   0.018   0.040     6.7     7.5     8.3     9.3    10.1
53150 20171111  2.422 -119.82   37.76     9.8     1.5     5.7     5.7     0.0    13.46 C    18.6    -4.1     3.2    73.2    17.5    48.2   0.064   0.067   0.026   0.017   0.039     5.9     6.2     7.6     9.1    10.0
53150 20171112  2.422 -119.82   37.76    12.1     4.0     8.0     7.0     0.0    11.88 C    22.0    -1.8     5.1    73.9    15.7    38.0   0.059   0.066   0.025   0.017   0.040     6.4     6.3     7.7     9.0     9.8
53150 20171113  2.422 -119.82   37.76    11.7     4.0     7.8     6.9     0.0    13.41 C    22.9    -2.6     6.1    68.1    22.1    42.0   0.052   0.064   0.026   0.017   0.040     7.1     6.4     7.7     8.9     9.7
53150 20171114  2.422 -119.82   37.76    10.5     2.4     6.4     6.2     1.4    12.93 C    20.4     1.4     6.9    97.1    19.1    72.9   0.059   0.062   0.027   0.018   0.040     8.6     7.5     8.5     9.0     9.6
53150 20171115  2.422 -119.82   37.76     9.4     5.3     7.3     7.3     3.2     1.33 C     8.8     2.2     4.9    82.0     7.3    41.4   0.060   0.059   0.026   0.018   0.040     6.0     6.9     8.2     9.1     9.6
53150 20171116  2.422 -119.82   37.76     6.5     3.4     4.9     4.9   120.4     0.18 C     5.6     2.6     4.7    97.5    68.9    93.3   0.181   0.167   0.114   0.058   0.040     5.2     6.2     7.0     8.6     9.5
53150 20171117  2.422 -119.82   37.76     6.9     1.2     4.1     3.3    19.7     6.85 C    12.9    -2.0     3.7    97.7    28.7    86.9   0.172   0.266   0.206   0.171   0.054     5.4     5.9     6.3     7.6     9.1
53150 20171118  2.422 -119.82   37.76    11.9     5.4     8.7     8.3     0.0    13.55 C    15.8    -1.6     3.4    67.0    10.3    26.0   0.137   0.235   0.169   0.152   0.090     5.1     5.4     6.2     7.5     8.7
53150 20171119  2.422 -119.82   37.76    14.1     3.7     8.9     8.7     0.0    12.36 C    15.8    -2.1     4.0    41.6     5.0    19.5   0.127   0.220   0.156   0.142   0.096     5.5     5.6     6.4     7.5     8.5
53150 20171120  2.422 -119.82   37.76    11.2     6.3     8.7     8.5     0.0     3.89 C    13.9     2.8     7.0    96.5     9.2    55.3   0.124   0.210   0.149   0.136   0.098     6.6     6.5     6.8     7.6     8.4
53150 20171121  2.422 -119.82   37.76    18.4     9.9    14.1    14.5     0.0    10.90 C    22.7     4.8    10.2    62.0    32.6    42.6   0.123   0.202   0.142   0.130   0.100     9.1     7.9     7.9     7.9     8.3
53150 20171122  2.422 -119.82   37.76    20.2    13.6    16.9    16.2     0.0    12.19 C    23.2     4.5    10.1    42.3    25.1    34.1   0.118   0.194   0.136   0.126   0.101     9.9     8.6     8.8     8.4     8.4
53150 20171123  2.422 -119.82   37.76    18.4    11.7    15.1    14.5     0.0    11.91 C    22.2     4.1    10.0    51.0    26.2    38.4   0.112   0.186   0.130   0.121   0.102    10.1     9.0     9.3     8.8     8.5
53150 20171124  2.422 -119.82   37.76    15.2     9.4    12.3    12.3     0.0    12.05 C    22.4     2.2     8.8    68.0     7.6    35.8   0.107   0.180   0.125   0.117   0.102     9.7     9.0     9.5     9.1     8.7
53150 20171125  2.422 -119.82   37.76    18.9    12.1    15.5    14.4     0.0    10.72 C    21.3     4.6     9.8    41.1     9.4    20.6   0.102   0.173   0.120   0.113   0.103     9.6     9.0     9.4     9.2     8.9
53150 20171126  2.422 -119.82   37.76    12.8     3.4     8.1     9.5     7.9     4.68 C    12.4     3.9     7.0    97.2    32.6    51.9   0.105   0.168   0.116   0.110   0.104     8.2     8.8     9.2     9.3     9.0
53150 20171127  2.422 -119.82   37.76     5.1    -3.5     0.8     0.0    36.8     8.20 C     4.5    -6.8    -1.7    97.6    30.8    84.5   0.186   0.231   0.170   0.129   0.104     3.7     6.1     7.3     8.9     9.0
53150 20171128  2.422 -119.82   37.76     8.5     2.0     5.3     6.0     0.0    12.01 C     3.7    -6.8    -1.8    75.4    16.2    39.2   0.173   0.232   0.172   0.143   0.108     3.0     4.8     5.8     7.9     8.9
53150 20171129  2.422 -119.82   37.76    11.1     4.6     7.9     7.7     0.0    12.35 C    10.9    -3.4     1.4    64.1    17.0    30.4   0.150   0.227   0.167   0.146   0.111     4.3     4.7     5.6     7.3     8.5
53150 20171130  2.422 -119.82   37.76    12.2     5.8     9.0     8.2     0.0    12.11 C    14.1    -2.7     2.7    51.6    17.1    26.1   0.136   0.221   0.159   0.142   0.114     4.8     4.8     5.9     7.2     8.2
53150 20171201  2.422 -119.82   37.76    11.8     5.6     8.7     7.9     0.0    11.75 C    15.2    -1.5     3.2    50.0    13.0    23.9   0.130   0.214   0.153   0.138   0.115     5.0     5.1     6.1     7.2     8.1
53150 20171202  2.422 -119.82   37.76    11.6     3.4     7.5     6.8     0.0     9.21 C    13.9    -1.1     3.2    50.7    19.1    28.4   0.126   0.207   0.147   0.134   0.115     4.8     5.2     6.1     7.2     8.0
53150 20171203  2.422 -119.82   37.76     3.3    -3.9    -0.3     0.1     2.7    10.27 C    11.7    -4.7     0.8    97.7    45.8    73.0   0.131   0.204   0.144   0.132   0.115     3.8     4.8     5.9     7.1     7.9
53150 20171204  2.422 -119.82   37.76     5.3    -3.3     1.0     1.0     0.0    12.26 C     9.2    -6.4    -1.4    67.0    10.1    30.9   0.123   0.200   0.143   0.130   0.116     2.5     3.6     5.2     6.9     7.8
53150 20171205  2.422 -119.82   37.76    11.2     2.2     6.7     7.7     0.0    12.12 C    13.1    -4.8     1.4    30.0     8.6    14.4   0.117   0.196   0.139   0.127   0.116     3.3     3.4     4.9     6.5     7.6
53150 20171206  2.422 -119.82   37.76    13.7     8.8    11.2    10.8     0.0    12.02 C    16.3    -3.1     3.1    36.0     4.5    14.1   0.117   0.192   0.136   0.125   0.116     4.3     4.0     5.2     6.4     7.5
53150 20171207  2.422 -119.82   37.76    14.5     5.0     9.7    10.0     0.0    12.02 C    17.5    -4.0     3.3    20.2     3.8    12.1   0.112   0.188   0.132   0.122   0.116     4.8     4.5     5.6     6.5     7.4
53150 20171208  2.422 -119.82   37.76    15.1     9.5    12.3    11.3     0.0    11.63 C    18.7    -2.6     3.7    28.1    10.1    15.6   0.110   0.183   0.129   0.119   0.115     5.2     4.9     5.9     6.7     7.3
53150 20171209  2.422 -119.82   37.76    15.3    10.4    12.9    12.2     0.0    11.09 C    18.7    -2.8     3.7    27.4     6.8    14.2   0.108   0.179   0.126   0.117   0.114     5.4     5.1     6.1     6.8     7.3
53150 20171210  2.422 -119.82   37.76    15.5     9.5    12.5    12.6     0.0    11.94 C    18.7    -2.7     3.9    21.4     4.6     9.9   0.105   0.175   0.123   0.115   0.114     5.4     5.2     6.2     6.9     7.3
53150 20171211  2.422 -119.82   37.76    14.9    10.2    12.5    12.3     0.0    11.46 C    19.6    -2.9     3.5    19.9     3.8    11.2   0.103   0.171   0.120   0.112   0.113     5.5     5.2     6.2     6.9     7.3
53150 20171212  2.422 -119.82   37.76    17.0    10.7    13.9    14.3     0.0    12.05 C    20.5    -3.0     4.6    18.2     2.1     6.9   0.101   0.167   0.117   0.110   0.112     5.7     5.3     6.3     6.9     7.3
53150 20171213  2.422 -119.82   37.76    17.4    11.0    14.2    13.9     0.0    11.59 C    22.0    -1.7     5.7    18.2     3.3     9.0   0.097   0.163   0.114   0.107   0.111     6.0     5.6     6.4     7.0     7.4
53150 20171214  2.422 -119.82   37.76    17.6    11.3    14.5    14.0     0.0    11.69 C    22.8    -1.1     5.9    23.9     3.8     9.7   0.095   0.159   0.112   0.105   0.111     6.6     6.1     6.8     7.1     7.4
53150 20171215  2.422 -119.82   37.76    15.9     6.0    11.0    11.1     0.0     8.56 C    18.4    -1.5     4.9    25.3     3.1    11.3   0.092   0.156   0.109   0.102   0.110     6.0     5.9     6.8     7.2     7.4
53150 20171216  2.422 -119.82   37.76     7.9    -0.6     3.6     4.1     0.0    11.39 C    17.1    -4.3     2.6    79.8    14.7    31.2   0.089   0.153   0.107   0.102   0.110     5.5     5.7     6.7     7.2     7.4
53150 20171217  2.422 -119.82   37.76     8.7    -1.2     3.7     3.3     0.0    11.17 C    16.8    -5.4     1.4    77.6    18.5    42.6   0.087   0.150   0.105   0.100   0.110     4.1     4.6     6.0     7.0     7.4
53150 20171218  2.422 -119.82   37.76    11.8     1.1     6.4     6.0     0.0    10.88 C    18.0    -3.8     2.7    47.6    25.4    34.9   0.087   0.148   0.103   0.099   0.109     4.5     4.6     5.8     6.8     7.4
53150 20171219  2.422 -119.82   37.76    11.0     4.0     7.5     6.8     0.0     9.57 C    17.5    -2.9     3.5    43.6    23.5    31.9   0.087   0.146   0.102   0.098   0.109     4.8     4.7     5.8     6.8     7.3
53150 20171220  2.422 -119.82   37.76     5.3    -6.8    -0.8    -2.8     6.5     7.25 C     2.5   -14.3    -4.4    95.9    29.9    69.2   0.083   0.144   0.101   0.096   0.108     2.9     4.4     5.5     6.7     7.2
53150 20171221  2.422 -119.82   37.76     5.7    -6.9    -0.6    -0.6     0.0    11.80 C     0.4   -15.4    -7.8    61.0     5.8    27.5   0.084   0.144   0.100   0.096   0.108     1.7     3.5     4.5     6.2     7.2
53150 20171222  2.422 -119.82   37.76     9.2     2.4     5.8     5.5     0.0     9.07 C     3.7    -7.8    -2.2    37.4     5.7    15.3   0.074   0.149   0.101   0.095   0.108     1.3     3.0     3.9     5.8     7.0
53150 20171223  2.422 -119.82   37.76    11.7     6.0     8.8     8.1     0.0     8.43 C     7.4    -3.1     1.2    31.6     6.3    12.5   0.116   0.155   0.103   0.095   0.107     2.5     3.2     3.9     5.5     6.8
53150 20171224  2.422 -119.82   37.76     9.5     6.2     7.9     8.0     0.0     2.89 C     5.2    -0.8     2.4    52.6     6.0    24.1   0.124   0.161   0.106   0.095   0.106     3.4     3.7     4.3     5.5     6.6
53150 20171225  2.422 -119.82   37.76    11.5     5.9     8.7     7.7     0.0     7.68 C    17.7    -0.2     4.4    55.6    36.1    47.4   0.114   0.160   0.107   0.095   0.106     4.9     4.6     4.9     5.7     6.5
53150 20171226  2.422 -119.82   37.76    12.7     5.9     9.3     8.8     0.0    11.58 C    17.9    -1.7     4.1    58.3    17.2    40.2   0.105   0.156   0.106   0.095   0.106     5.3     4.9     5.6     5.9     6.5
53150 20171227  2.422 -119.82   37.76    13.8     7.8    10.8    10.3     0.0    10.00 C    17.0    -2.3     3.3    38.4     5.0    19.8   0.099   0.152   0.104   0.095   0.105     4.8     4.8     5.6     6.1     6.5
53150 20171228  2.422 -119.82   37.76    16.9     9.8    13.4    12.9     0.0    11.07 C    20.2    -1.1     5.3    16.8     4.5    10.1   0.094   0.149   0.102   0.094   0.105     5.3     5.0     5.7     6.2     6.5
53150 20171229  2.422 -119.82   37.76    16.4    11.5    14.0    13.7     0.0    10.86 C    20.8    -2.0     4.7    18.3     3.2    10.0   0.092   0.146   0.100   0.093   0.104     5.8     5.3     6.0     6.3     6.6
53150 20171230  2.422 -119.82   37.76    14.4     9.1    11.7    11.6     0.0     9.73 C    20.9    -1.6     4.6    24.1     4.0    14.3   0.088   0.143   0.099   0.092   0.104     5.6     5.4     6.1     6.5     6.7
53150 20171231  2.422 -119.82   37.76    13.5     8.1    10.8    10.0     0.0     9.31 C    21.0    -2.3     4.8    27.4    11.5    18.0   0.085   0.140   0.097   0.091   0.103     5.5     5.3     6.1     6.5     6.7
