25382 20170101  2.424 -139.68   59.51    -4.1    -9.2    -6.7    -7.0     0.0     0.06 C   -11.4   -16.0   -13.7    99.1    94.5    96.3 -99.000 -99.000 -99.000 -99.000 -99.000 -9999.0 -9999.0 -9999.0 -9999.0 -9999.0
25382 20170102  2.424 -139.68   59.51    -4.5    -9.0    -6.8    -7.3     0.0     0.01 C   -11.8   -14.4   -13.3    97.7    93.7    95.3 -99.000 -99.000 -99.000 -99.000 -99.000 -9999.0 -9999.0 -9999.0 -9999.0 -9999.0
25382 20170103  2.424 -139.68   59.51    -5.3    -9.8    -7.5    -8.0     0.0     0.04 C    -8.1   -14.4   -13.3    96.5    92.7    94.4 -99.000 -99.000 -99.000 -99.000 -99.000 -9999.0 -9999.0 -9999.0 -9999.0 -9999.0
25382 20170104  2.424 -139.68   59.51    -0.8    -7.2    -4.0    -4.1     0.0     0.01 C    -1.4   -11.9    -6.5   100.0    94.8    97.4 -99.000 -99.000 -99.000 -99.000 -99.000 -9999.0 -9999.0 -9999.0 -9999.0 -9999.0
25382 20170105  2.424 -139.68   59.51    -3.8    -9.0    -6.4    -6.4     0.0     0.00 C    -5.7   -14.8   -10.1    97.7    93.1    95.5 -99.000 -99.000 -99.000 -99.000 -99.000 -9999.0 -9999.0 -9999.0 -9999.0 -9999.0
25382 20170106  2.424 -139.68   59.51    -2.5    -7.4    -5.0    -3.9     0.0     0.24 C    -9.8   -13.2   -11.1    92.1    26.9    41.7 -99.000 -99.000 -99.000 -99.000 -99.000 -9999.0 -9999.0 -9999.0 -9999.0 -9999.0
25382 20170107  2.424 -139.68   59.51     0.4    -9.3    -4.5    -3.2     0.0     0.59 C    -9.1   -17.1   -12.4    88.8    20.6    41.8 -99.000 -99.000 -99.000 -99.000 -99.000 -9999.0 -9999.0 -9999.0 -9999.0 -9999.0
25382 20170108  2.424 -139.68   59.51    -2.7   -12.1    -7.4    -8.2     0.0     0.38 C   -12.7   -17.9   -16.1    96.1    66.4    89.4 -99.000 -99.000 -99.000 -99.000 -99.000 -9999.0 -9999.0 -9999.0 -9999.0 -9999.0
25382 20170109  2.424 -139.68   59.51    -5.9   -10.8    -8.3    -8.8     0.0     0.12 C   -13.8   -16.8   -15.7    96.9    86.0    94.2 -99.000 -99.000 -99.000 -99.000 -99.000 -9999.0 -9999.0 -9999.0 -9999.0 -9999.0
25382 20170110  2.424 -139.68   59.51    -5.6   -12.0    -8.8    -9.6     0.0     0.12 C   -13.1   -16.6   -15.3    97.3    92.5    94.3 -99.000 -99.000 -99.000 -99.000 -99.000 -9999.0 -9999.0 -9999.0 -9999.0 -9999.0
25382 20170111  2.424 -139.68   59.51    -3.1   -12.1    -7.6    -8.1     0.6     0.24 C    -3.4   -16.5   -10.6    99.0    92.0    95.0 -99.000 -99.000 -99.000 -99.000 -99.000 -9999.0 -9999.0 -9999.0 -9999.0 -9999.0
25382 20170112  2.424 -139.68   59.51     0.3    -3.2    -1.5    -1.0     1.7     0.21 C    -0.2    -3.4    -2.1   100.0    96.4    99.5 -99.000 -99.000 -99.000 -99.000 -99.000 -9999.0 -9999.0 -9999.0 -9999.0 -9999.0
25382 20170113  2.424 -139.68   59.51     5.9     0.0     2.9     2.6    74.6     0.00 C     2.6    -0.3     1.0   100.0    97.5    99.5 -99.000 -99.000 -99.000 -99.000 -99.000 -9999.0 -9999.0 -9999.0 -9999.0 -9999.0
25382 20170114  2.424 -139.68   59.51     5.8     1.3     3.6     3.3    58.3     0.01 C     2.7     0.5     1.4   100.0    94.1    99.6 -99.000 -99.000 -99.000 -99.000 -99.000 -9999.0 -9999.0 -9999.0 -9999.0 -9999.0
25382 20170115  2.424 -139.68   59.51     5.1     0.1     2.6     2.5    26.2     0.01 C     2.1    -0.2     0.6   100.0    94.4    99.0 -99.000 -99.000 -99.000 -99.000 -99.000 -9999.0 -9999.0 -9999.0 -9999.0 -9999.0
25382 20170116  2.424 -139.68   59.51     5.2    -0.5     2.3     2.5    44.8     0.00 C     1.6    -3.9     0.1   100.0    77.7    96.9 -99.000 -99.000 -99.000 -99.000 -99.000 -9999.0 -9999.0 -9999.0 -9999.0 -9999.0
25382 20170117  2.424 -139.68   59.51     0.7    -6.1    -2.7    -2.3     3.5     0.10 C    -0.6   -14.4    -8.0   100.0    84.5    98.5 -99.000 -99.000 -99.000 -99.000 -99.000 -9999.0 -9999.0 -9999.0 -9999.0 -9999.0
25382 20170118  2.424 -139.68   59.51    -2.2    -7.0    -4.6    -4.3     1.7     0.12 C    -2.3   -12.6    -7.0   100.0    96.2    98.3 -99.000 -99.000 -99.000 -99.000 -99.000 -9999.0 -9999.0 -9999.0 -9999.0 -9999.0
25382 20170119  2.424 -139.68   59.51    -2.6    -7.8    -5.2    -4.0     5.0     0.02 C    -2.9   -19.0    -7.0    99.1    94.3    97.5 -99.000 -99.000 -99.000 -99.000 -99.000 -9999.0 -9999.0 -9999.0 -9999.0 -9999.0
25382 20170120  2.424 -139.68   59.51    -7.1   -15.2   -11.1   -11.1     0.0     0.16 C   -13.0   -25.9   -23.0    97.0    88.7    93.4 -99.000 -99.000 -99.000 -99.000 -99.000 -9999.0 -9999.0 -9999.0 -9999.0 -9999.0
25382 20170121  2.424 -139.68   59.51    -6.3   -15.3   -10.8   -11.7     0.0     0.12 C   -13.1   -25.0   -20.1    96.1    88.5    91.5 -99.000 -99.000 -99.000 -99.000 -99.000 -9999.0 -9999.0 -9999.0 -9999.0 -9999.0
25382 20170122  2.424 -139.68   59.51    -0.2   -13.9    -7.0    -7.6     8.1     0.00 C    -0.2   -20.4    -9.2   100.0    89.3    94.6 -99.000 -99.000 -99.000 -99.000 -99.000 -9999.0 -9999.0 -9999.0 -9999.0 -9999.0
25382 20170123  2.424 -139.68   59.51     3.0    -0.2     1.4     0.7    16.3     0.45 C     0.6    -0.9    -0.2   100.0    94.6    99.4 -99.000 -99.000 -99.000 -99.000 -99.000 -9999.0 -9999.0 -9999.0 -9999.0 -9999.0
25382 20170124  2.424 -139.68   59.51     5.2     0.1     2.7     2.3    85.3     0.00 C     1.1    -0.2     0.2   100.0    96.4    98.7 -99.000 -99.000 -99.000 -99.000 -99.000 -9999.0 -9999.0 -9999.0 -9999.0 -9999.0
25382 20170125  2.424 -139.68   59.51     5.8     1.6     3.7     3.7    21.1     0.32 C     1.0    -0.3     0.3   100.0    87.6    96.9 -99.000 -99.000 -99.000 -99.000 -99.000 -9999.0 -9999.0 -9999.0 -9999.0 -9999.0
25382 20170126  2.424 -139.68   59.51     5.6     2.3     3.9     3.6    16.9     0.68 C     0.7    -0.8     0.2    99.0    85.1    94.9 -99.000 -99.000 -99.000 -99.000 -99.000 -9999.0 -9999.0 -9999.0 -9999.0 -9999.0
25382 20170127  2.424 -139.68   59.51     6.2    -0.4     2.9     3.4    22.0     0.86 C     1.5    -1.4     0.2   100.0    72.6    93.5 -99.000 -99.000 -99.000 -99.000 -99.000 -9999.0 -9999.0 -9999.0 -9999.0 -9999.0
25382 20170128  2.424 -139.68   59.51     5.8    -0.9     2.5     3.4    13.0     0.08 C     1.0    -4.4    -0.5   100.0    62.8    84.0 -99.000 -99.000 -99.000 -99.000 -99.000 -9999.0 -9999.0 -9999.0 -9999.0 -9999.0
25382 20170129  2.424 -139.68   59.51     2.0    -5.1    -1.6    -1.3     5.7     1.16 C    -1.0   -14.1    -7.2   100.0    59.8    94.5 -99.000 -99.000 -99.000 -99.000 -99.000 -9999.0 -9999.0 -9999.0 -9999.0 -9999.0
25382 20170130  2.424 -139.68   59.51    -1.0    -5.9    -3.5    -2.9     0.2     0.63 C    -1.1   -13.9    -5.0    99.4    90.0    97.9 -99.000 -99.000 -99.000 -99.000 -99.000 -9999.0 -9999.0 -9999.0 -9999.0 -9999.0
25382 20170131  2.424 -139.68   59.51     0.5    -5.0    -2.3    -2.0     0.0     1.05 C    -0.3   -11.9    -5.0   100.0    91.8    98.8 -99.000 -99.000 -99.000 -99.000 -99.000 -9999.0 -9999.0 -9999.0 -9999.0 -9999.0
25382 20170201  2.424 -139.68   59.51    -0.8    -6.2    -3.5    -3.9     0.0     1.06 C    -4.3   -12.5    -8.0   100.0    97.2    99.0 -99.000 -99.000 -99.000 -99.000 -99.000 -9999.0 -9999.0 -9999.0 -9999.0 -9999.0
25382 20170202  2.424 -139.68   59.51     0.8    -9.8    -4.5    -5.6     0.0     2.64 C    -7.1   -15.1   -13.0   100.0    94.1    97.4 -99.000 -99.000 -99.000 -99.000 -99.000 -9999.0 -9999.0 -9999.0 -9999.0 -9999.0
25382 20170203  2.424 -139.68   59.51     1.5    -9.3    -3.9    -5.5     0.0     2.83 C    -6.4   -14.5   -12.3   100.0    86.6    96.5 -99.000 -99.000 -99.000 -99.000 -99.000 -9999.0 -9999.0 -9999.0 -9999.0 -9999.0
25382 20170204  2.424 -139.68   59.51     3.7    -9.3    -2.8    -4.9     0.0     2.96 C    -5.2   -13.8   -11.9   100.0    72.4    96.0 -99.000 -99.000 -99.000 -99.000 -99.000 -9999.0 -9999.0 -9999.0 -9999.0 -9999.0
25382 20170205  2.424 -139.68   59.51     1.9    -8.7    -3.4    -4.7     0.0     3.05 C    -6.7   -14.1   -11.6    99.7    73.1    95.3 -99.000 -99.000 -99.000 -99.000 -99.000 -9999.0 -9999.0 -9999.0 -9999.0 -9999.0
25382 20170206  2.424 -139.68   59.51     4.0   -10.8    -3.4    -5.7     0.0     3.60 C    -5.4   -15.1   -12.7    99.1    54.9    92.3 -99.000 -99.000 -99.000 -99.000 -99.000 -9999.0 -9999.0 -9999.0 -9999.0 -9999.0
25382 20170207  2.424 -139.68   59.51     0.6   -11.5    -5.4    -7.1     0.0     3.63 C    -8.0   -15.5   -13.4    96.3    55.7    89.5 -99.000 -99.000 -99.000 -99.000 -99.000 -9999.0 -9999.0 -9999.0 -9999.0 -9999.0
25382 20170208  2.424 -139.68   59.51    -0.2    -9.4    -4.8    -3.3     0.6     1.75 C    -0.7   -14.6    -4.3    98.9    77.5    90.2 -99.000 -99.000 -99.000 -99.000 -99.000 -9999.0 -9999.0 -9999.0 -9999.0 -9999.0
25382 20170209  2.424 -139.68   59.51    -0.1    -1.9    -1.0    -1.1     8.8     1.32 C    -0.2    -2.8    -1.6    99.9    87.8    96.7 -99.000 -99.000 -99.000 -99.000 -99.000 -9999.0 -9999.0 -9999.0 -9999.0 -9999.0
25382 20170210  2.424 -139.68   59.51     0.3    -2.7    -1.2    -1.3    24.5     0.00 C    -0.4    -9.8    -2.3   100.0    72.4    97.2 -99.000 -99.000 -99.000 -99.000 -99.000 -9999.0 -9999.0 -9999.0 -9999.0 -9999.0
25382 20170211  2.424 -139.68   59.51     5.5    -1.7     1.9     2.0    34.3     0.21 C     0.7    -4.3    -0.7   100.0    73.3    96.0 -99.000 -99.000 -99.000 -99.000 -99.000 -9999.0 -9999.0 -9999.0 -9999.0 -9999.0
25382 20170212  2.424 -139.68   59.51     2.9    -0.9     1.0     0.3    15.1     1.78 C     0.9    -2.3    -0.7   100.0    70.8    93.8 -99.000 -99.000 -99.000 -99.000 -99.000 -9999.0 -9999.0 -9999.0 -9999.0 -9999.0
25382 20170213  2.424 -139.68   59.51     6.6     2.5     4.6     5.7    91.0     0.00 C     1.6     0.2     0.9   100.0    95.8    98.6 -99.000 -99.000 -99.000 -99.000 -99.000 -9999.0 -9999.0 -9999.0 -9999.0 -9999.0
25382 20170214  2.424 -139.68   59.51     5.9     2.9     4.4     4.4    36.3     0.18 C     1.3     0.4     0.6   100.0    88.4    97.1 -99.000 -99.000 -99.000 -99.000 -99.000 -9999.0 -9999.0 -9999.0 -9999.0 -9999.0
25382 20170215  2.424 -139.68   59.51     4.9    -1.0     2.0     2.3    24.3     2.23 C     1.4    -2.3     0.0   100.0    69.3    96.2 -99.000 -99.000 -99.000 -99.000 -99.000 -9999.0 -9999.0 -9999.0 -9999.0 -9999.0
25382 20170216  2.424 -139.68   59.51     3.0    -4.1    -0.6    -1.5     0.0     5.42 C     0.0    -6.3    -3.5   100.0    65.0    95.7 -99.000 -99.000 -99.000 -99.000 -99.000 -9999.0 -9999.0 -9999.0 -9999.0 -9999.0
25382 20170217  2.424 -139.68   59.51     0.4    -3.8    -1.7    -0.9    13.6     0.39 C     0.0    -5.7    -1.6   100.0    94.2    99.2 -99.000 -99.000 -99.000 -99.000 -99.000 -9999.0 -9999.0 -9999.0 -9999.0 -9999.0
25382 20170218  2.424 -139.68   59.51     1.4    -4.1    -1.4    -0.6     7.7     5.22 C    -0.2   -16.5    -7.0   100.0    96.2    99.6 -99.000 -99.000 -99.000 -99.000 -99.000 -9999.0 -9999.0 -9999.0 -9999.0 -9999.0
25382 20170219  2.424 -139.68   59.51     1.0    -8.8    -3.9    -3.5     0.0     4.85 C    -1.1   -19.0   -10.6   100.0    92.1    96.9 -99.000 -99.000 -99.000 -99.000 -99.000 -9999.0 -9999.0 -9999.0 -9999.0 -9999.0
25382 20170220  2.424 -139.68   59.51     1.4    -4.3    -1.5    -2.1     0.0     3.34 C    -1.2   -16.2    -4.9    99.5    58.2    89.7 -99.000 -99.000 -99.000 -99.000 -99.000 -9999.0 -9999.0 -9999.0 -9999.0 -9999.0
25382 20170221  2.424 -139.68   59.51     1.1    -9.8    -4.4    -4.9     0.0     4.52 C    -3.6   -21.6   -14.8    99.5    54.3    90.4 -99.000 -99.000 -99.000 -99.000 -99.000 -9999.0 -9999.0 -9999.0 -9999.0 -9999.0
25382 20170222  2.424 -139.68   59.51    -0.3   -11.4    -5.9    -5.9     0.0     2.75 C    -1.8   -21.6   -12.0    98.7    71.5    91.8 -99.000 -99.000 -99.000 -99.000 -99.000 -9999.0 -9999.0 -9999.0 -9999.0 -9999.0
25382 20170223  2.424 -139.68   59.51     1.6    -7.5    -2.9    -3.8     0.0     4.63 C    -0.5   -16.7    -8.7    98.6    58.8    87.1 -99.000 -99.000 -99.000 -99.000 -99.000 -9999.0 -9999.0 -9999.0 -9999.0 -9999.0
25382 20170224  2.424 -139.68   59.51     0.6    -9.6    -4.5    -3.5     3.3     2.78 C    -0.1   -17.3    -5.4   100.0    71.5    91.8 -99.000 -99.000 -99.000 -99.000 -99.000 -9999.0 -9999.0 -9999.0 -9999.0 -9999.0
25382 20170225  2.424 -139.68   59.51     5.3    -3.9     0.7     0.5     2.9     7.35 C     0.0   -12.7    -4.2   100.0    71.7    96.2 -99.000 -99.000 -99.000 -99.000 -99.000 -9999.0 -9999.0 -9999.0 -9999.0 -9999.0
25382 20170226  2.424 -139.68   59.51     4.5    -6.3    -0.9    -2.5     0.0     5.84 C    -1.2   -15.3    -8.7   100.0    48.2    92.2 -99.000 -99.000 -99.000 -99.000 -99.000 -9999.0 -9999.0 -9999.0 -9999.0 -9999.0
25382 20170227  2.424 -139.68   59.51     2.3    -9.2    -3.5    -4.0     2.5     3.29 C    -0.3   -16.6    -8.1    99.5    54.2    89.0 -99.000 -99.000 -99.000 -99.000 -99.000 -9999.0 -9999.0 -9999.0 -9999.0 -9999.0
25382 20170228  2.424 -139.68   59.51     1.9    -3.2    -0.6    -0.6     0.0     5.37 C    -3.1   -15.1    -6.9    72.9    25.1    41.2 -99.000 -99.000 -99.000 -99.000 -99.000 -9999.0 -9999.0 -9999.0 -9999.0 -9999.0
25382 20170301  2.424 -139.68   59.51    -1.9    -6.2    -4.1    -3.5    11.4     0.96 C    -3.7   -18.0    -7.5    97.7    35.8    70.3 -99.000 -99.000 -99.000 -99.000 -99.000 -9999.0 -9999.0 -9999.0 -9999.0 -9999.0
25382 20170302  2.424 -139.68   59.51    -0.6   -10.1    -5.4    -4.2     0.0     5.56 C    -1.9   -22.3   -10.6    96.1    36.7    61.0 -99.000 -99.000 -99.000 -99.000 -99.000 -9999.0 -9999.0 -9999.0 -9999.0 -9999.0
25382 20170303  2.424 -139.68   59.51     0.1   -11.5    -5.7    -3.8     0.0     8.97 C    -6.8   -27.7   -13.1    74.9    19.8    37.2 -99.000 -99.000 -99.000 -99.000 -99.000 -9999.0 -9999.0 -9999.0 -9999.0 -9999.0
25382 20170304  2.424 -139.68   59.51    -2.0   -16.1    -9.0    -9.2     0.0     9.39 C    -8.1   -29.8   -22.2    86.8    21.4    57.0 -99.000 -99.000 -99.000 -99.000 -99.000 -9999.0 -9999.0 -9999.0 -9999.0 -9999.0
25382 20170305  2.424 -139.68   59.51    -3.7   -16.2   -10.0    -9.5     0.0     6.38 C    -7.5   -29.4   -19.6    86.7    19.5    43.5 -99.000 -99.000 -99.000 -99.000 -99.000 -9999.0 -9999.0 -9999.0 -9999.0 -9999.0
25382 20170306  2.424 -139.68   59.51    -6.9   -17.4   -12.2   -11.2     0.0     9.69 C   -11.2   -31.6   -21.6    66.6    19.8    32.5 -99.000 -99.000 -99.000 -99.000 -99.000 -9999.0 -9999.0 -9999.0 -9999.0 -9999.0
25382 20170307  2.424 -139.68   59.51    -3.7   -19.8   -11.7   -11.4     0.0     9.96 C    -9.1   -31.6   -22.1    81.5    17.2    46.5 -99.000 -99.000 -99.000 -99.000 -99.000 -9999.0 -9999.0 -9999.0 -9999.0 -9999.0
25382 20170308  2.424 -139.68   59.51    -3.5   -15.3    -9.4    -8.5     0.0    10.18 C    -8.0   -28.3   -18.8    70.7    23.5    38.2 -99.000 -99.000 -99.000 -99.000 -99.000 -9999.0 -9999.0 -9999.0 -9999.0 -9999.0
25382 20170309  2.424 -139.68   59.51    -1.3   -16.5    -8.9    -8.1     0.0    10.36 C    -6.2   -28.0   -19.1    80.3    20.6    44.7 -99.000 -99.000 -99.000 -99.000 -99.000 -9999.0 -9999.0 -9999.0 -9999.0 -9999.0
25382 20170310  2.424 -139.68   59.51     0.8   -16.5    -7.9    -8.1     0.0    10.69 C    -4.7   -27.5   -18.8    84.1    18.3    51.1 -99.000 -99.000 -99.000 -99.000 -99.000 -9999.0 -9999.0 -9999.0 -9999.0 -9999.0
25382 20170311  2.424 -139.68   59.51     0.2   -16.3    -8.1    -8.4     0.0    10.92 C    -4.9   -26.2   -18.6    88.3    18.9    54.1 -99.000 -99.000 -99.000 -99.000 -99.000 -9999.0 -9999.0 -9999.0 -9999.0 -9999.0
25382 20170312  2.424 -139.68   59.51     0.1   -17.1    -8.5    -7.2     0.0    10.11 C    -4.6   -28.4   -14.8    87.9    18.0    53.5 -99.000 -99.000 -99.000 -99.000 -99.000 -9999.0 -9999.0 -9999.0 -9999.0 -9999.0
25382 20170313  2.424 -139.68   59.51    -1.9    -6.0    -4.0    -3.8     2.8     2.19 C    -2.6   -15.7    -5.4    97.6    54.7    85.9 -99.000 -99.000 -99.000 -99.000 -99.000 -9999.0 -9999.0 -9999.0 -9999.0 -9999.0
25382 20170314  2.424 -139.68   59.51     0.1    -8.9    -4.4    -3.5     3.5     1.31 C    -1.1   -19.9    -6.9    97.1    55.4    83.8 -99.000 -99.000 -99.000 -99.000 -99.000 -9999.0 -9999.0 -9999.0 -9999.0 -9999.0
25382 20170315  2.424 -139.68   59.51     0.3    -3.7    -1.7    -2.0    17.1     0.16 C    -0.8    -5.2    -2.7    99.5    80.8    93.3 -99.000 -99.000 -99.000 -99.000 -99.000 -9999.0 -9999.0 -9999.0 -9999.0 -9999.0
25382 20170316  2.424 -139.68   59.51     2.0    -8.8    -3.4    -2.5     1.5     3.78 C    -0.1   -21.4    -8.2    96.7    60.1    85.1 -99.000 -99.000 -99.000 -99.000 -99.000 -9999.0 -9999.0 -9999.0 -9999.0 -9999.0
25382 20170317  2.424 -139.68   59.51     4.2   -12.9    -4.3    -4.7     0.0    12.00 C    -1.4   -23.1   -14.7    96.1    35.8    75.7 -99.000 -99.000 -99.000 -99.000 -99.000 -9999.0 -9999.0 -9999.0 -9999.0 -9999.0
25382 20170318  2.424 -139.68   59.51     1.8   -13.1    -5.6    -5.3     0.0    11.78 C    -2.8   -24.6   -14.6    95.5    37.4    70.5 -99.000 -99.000 -99.000 -99.000 -99.000 -9999.0 -9999.0 -9999.0 -9999.0 -9999.0
25382 20170319  2.424 -139.68   59.51     1.1    -5.1    -2.0    -1.4    14.8     0.81 C    -0.1    -7.3    -2.4   100.0    65.0    94.4 -99.000 -99.000 -99.000 -99.000 -99.000 -9999.0 -9999.0 -9999.0 -9999.0 -9999.0
25382 20170320  2.424 -139.68   59.51     2.7     0.0     1.4     1.2    21.5     2.20 C     0.2    -0.4     0.0   100.0    96.6    99.1 -99.000 -99.000 -99.000 -99.000 -99.000 -9999.0 -9999.0 -9999.0 -9999.0 -9999.0
25382 20170321  2.424 -139.68   59.51     5.5    -3.2     1.1     1.5     6.4    10.98 C     0.5   -11.0    -2.0   100.0    62.6    91.9 -99.000 -99.000 -99.000 -99.000 -99.000 -9999.0 -9999.0 -9999.0 -9999.0 -9999.0
25382 20170322  2.424 -139.68   59.51     6.2    -5.3     0.4    -0.4     0.0     7.57 C     0.3   -13.0    -5.5   100.0    37.9    84.2 -99.000 -99.000 -99.000 -99.000 -99.000 -9999.0 -9999.0 -9999.0 -9999.0 -9999.0
25382 20170323  2.424 -139.68   59.51     4.0    -2.7     0.7    -0.2     2.7     5.01 C     0.2    -8.7    -3.1   100.0    55.5    90.7 -99.000 -99.000 -99.000 -99.000 -99.000 -9999.0 -9999.0 -9999.0 -9999.0 -9999.0
25382 20170324  2.424 -139.68   59.51     5.8    -4.9     0.5     0.7     0.6    13.74 C     0.3   -13.6    -4.7   100.0    38.6    83.1 -99.000 -99.000 -99.000 -99.000 -99.000 -9999.0 -9999.0 -9999.0 -9999.0 -9999.0
25382 20170325  2.424 -139.68   59.51     3.9    -8.2    -2.2    -1.9     3.7     8.73 C     0.0   -17.3    -7.4    99.9    39.8    82.0 -99.000 -99.000 -99.000 -99.000 -99.000 -9999.0 -9999.0 -9999.0 -9999.0 -9999.0
25382 20170326  2.424 -139.68   59.51     6.1    -1.9     2.1     0.9     1.0     9.20 C     0.1    -7.3    -2.8   100.0    38.9    82.4 -99.000 -99.000 -99.000 -99.000 -99.000 -9999.0 -9999.0 -9999.0 -9999.0 -9999.0
25382 20170327  2.424 -139.68   59.51     4.2    -1.5     1.3     1.2    15.0     3.57 C     0.5    -3.9    -1.1   100.0    61.8    90.3 -99.000 -99.000 -99.000 -99.000 -99.000 -9999.0 -9999.0 -9999.0 -9999.0 -9999.0
25382 20170328  2.424 -139.68   59.51     3.9     0.1     2.0     2.1    23.6     3.86 C     0.5    -0.3     0.1   100.0    96.3    99.1 -99.000 -99.000 -99.000 -99.000 -99.000 -9999.0 -9999.0 -9999.0 -9999.0 -9999.0
25382 20170329  2.424 -139.68   59.51     4.1     0.0     2.1     1.9    21.6     3.31 C     0.5    -0.2     0.1   100.0    96.5    99.5 -99.000 -99.000 -99.000 -99.000 -99.000 -9999.0 -9999.0 -9999.0 -9999.0 -9999.0
25382 20170330  2.424 -139.68   59.51     3.0    -0.2     1.4     1.0    20.9     2.25 C     0.5    -1.3    -0.2   100.0    94.6    99.0 -99.000 -99.000 -99.000 -99.000 -99.000 -9999.0 -9999.0 -9999.0 -9999.0 -9999.0
25382 20170331  2.424 -139.68   59.51     4.6     0.8     2.7     3.0    64.8     2.17 C     0.6    -0.2     0.3   100.0    96.9    99.6 -99.000 -99.000 -99.000 -99.000 -99.000 -9999.0 -9999.0 -9999.0 -9999.0 -9999.0
25382 20170401  2.424 -139.68   59.51     4.6     1.0     2.8     3.1    23.1     4.30 C     1.1    -0.4     0.4   100.0    94.6    98.8 -99.000 -99.000 -99.000 -99.000 -99.000 -9999.0 -9999.0 -9999.0 -9999.0 -9999.0
25382 20170402  2.424 -139.68   59.51     4.5    -0.5     2.0     1.4     3.6     8.12 C     0.5    -2.1    -0.5   100.0    75.9    95.4 -99.000 -99.000 -99.000 -99.000 -99.000 -9999.0 -9999.0 -9999.0 -9999.0 -9999.0
25382 20170403  2.424 -139.68   59.51     4.2    -0.8     1.7     2.3    11.7     3.98 C     0.4    -2.6    -0.1   100.0    89.5    96.1 -99.000 -99.000 -99.000 -99.000 -99.000 -9999.0 -9999.0 -9999.0 -9999.0 -9999.0
25382 20170404  2.424 -139.68   59.51     9.7     1.2     5.4     4.4     5.1     7.55 C     1.3    -0.9     0.2   100.0    49.6    91.9 -99.000 -99.000 -99.000 -99.000 -99.000 -9999.0 -9999.0 -9999.0 -9999.0 -9999.0
25382 20170405  2.424 -139.68   59.51     8.4     0.8     4.6     3.7     5.7     2.77 C     1.1    -1.5     0.2   100.0    80.0    94.8 -99.000 -99.000 -99.000 -99.000 -99.000 -9999.0 -9999.0 -9999.0 -9999.0 -9999.0
25382 20170406  2.424 -139.68   59.51     7.2    -1.8     2.7     2.9     6.7    13.69 C     4.5    -3.7     0.2   100.0    70.4    93.3 -99.000 -99.000 -99.000 -99.000 -99.000 -9999.0 -9999.0 -9999.0 -9999.0 -9999.0
25382 20170407  2.424 -139.68   59.51     8.4    -3.3     2.6     1.5     0.0    13.58 C     7.2    -5.1    -0.6   100.0    35.4    83.7 -99.000 -99.000 -99.000 -99.000 -99.000 -9999.0 -9999.0 -9999.0 -9999.0 -9999.0
25382 20170408  2.424 -139.68   59.51     8.1    -4.5     1.8     1.9     0.0    14.97 C    10.0    -6.1     0.7   100.0    47.6    83.9 -99.000 -99.000 -99.000 -99.000 -99.000 -9999.0 -9999.0 -9999.0 -9999.0 -9999.0
25382 20170409  2.424 -139.68   59.51     7.0     1.4     4.2     3.6     4.6     8.32 C    14.7    -1.0     3.4   100.0    77.7    95.1 -99.000 -99.000 -99.000 -99.000 -99.000 -9999.0 -9999.0 -9999.0 -9999.0 -9999.0
25382 20170410  2.424 -139.68   59.51     9.1     1.7     5.4     5.0     3.3     9.49 C    17.7    -1.0     5.1   100.0    63.8    90.5 -99.000 -99.000 -99.000 -99.000 -99.000 -9999.0 -9999.0 -9999.0 -9999.0 -9999.0
25382 20170411  2.424 -139.68   59.51     9.8    -1.1     4.3     4.3     0.0    15.08 C    18.2    -4.7     4.3   100.0    68.3    88.8 -99.000 -99.000 -99.000 -99.000 -99.000 -9999.0 -9999.0 -9999.0 -9999.0 -9999.0
25382 20170412  2.424 -139.68   59.51    16.6    -2.8     6.9     6.3     0.0    18.21 C    19.8    -5.8     3.9   100.0    22.3    65.3 -99.000 -99.000 -99.000 -99.000 -99.000 -9999.0 -9999.0 -9999.0 -9999.0 -9999.0
25382 20170413  2.424 -139.68   59.51    14.9    -2.2     6.4     6.3     0.0    18.30 C    19.1    -5.9     3.5    95.7    22.3    58.2 -99.000 -99.000 -99.000 -99.000 -99.000 -9999.0 -9999.0 -9999.0 -9999.0 -9999.0
25382 20170414  2.424 -139.68   59.51    15.2    -2.3     6.4     6.1     0.0    18.59 C    20.6    -6.7     3.5    93.4    20.3    56.8 -99.000 -99.000 -99.000 -99.000 -99.000 -9999.0 -9999.0 -9999.0 -9999.0 -9999.0
25382 20170415  2.424 -139.68   59.51     9.5    -3.5     3.0     3.1     0.0    16.53 C    17.8    -7.5     2.5    99.1    42.1    82.4 -99.000 -99.000 -99.000 -99.000 -99.000 -9999.0 -9999.0 -9999.0 -9999.0 -9999.0
25382 20170416  2.424 -139.68   59.51     8.7    -2.5     3.1     3.3     0.0    16.49 C    20.9    -6.8     4.1   100.0    63.4    85.4 -99.000 -99.000 -99.000 -99.000 -99.000 -9999.0 -9999.0 -9999.0 -9999.0 -9999.0
25382 20170417  2.424 -139.68   59.51    12.8    -4.1     4.3     3.9     0.0    18.99 C    20.1    -8.7     2.6   100.0    24.0    64.0 -99.000 -99.000 -99.000 -99.000 -99.000 -9999.0 -9999.0 -9999.0 -9999.0 -9999.0
25382 20170418  2.424 -139.68   59.51    10.4    -3.7     3.3     3.1     0.0    19.52 C    17.7   -10.2     1.0    91.7    18.2    53.2 -99.000 -99.000 -99.000 -99.000 -99.000 -9999.0 -9999.0 -9999.0 -9999.0 -9999.0
25382 20170419  2.424 -139.68   59.51    10.0    -6.1     1.9     2.6     0.0    16.60 C    18.7   -11.6     1.8    96.8    20.8    59.7 -99.000 -99.000 -99.000 -99.000 -99.000 -9999.0 -9999.0 -9999.0 -9999.0 -9999.0
25382 20170420  2.424 -139.68   59.51    10.1     0.2     5.1     5.1     0.0    13.67 C    24.2    -4.9     6.4    88.9    41.7    67.0 -99.000 -99.000 -99.000 -99.000 -99.000 -9999.0 -9999.0 -9999.0 -9999.0 -9999.0
25382 20170421  2.424 -139.68   59.51    12.0    -0.9     5.6     6.1     0.8     9.94 C    20.9    -6.5     5.7    99.4    51.6    80.4 -99.000 -99.000 -99.000 -99.000 -99.000 -9999.0 -9999.0 -9999.0 -9999.0 -9999.0
25382 20170422  2.424 -139.68   59.51    15.8    -3.3     6.3     6.5     0.0    16.66 C    24.5    -8.2     4.9   100.0    23.9    62.2 -99.000 -99.000 -99.000 -99.000 -99.000 -9999.0 -9999.0 -9999.0 -9999.0 -9999.0
25382 20170423  2.424 -139.68   59.51    14.0    -2.4     5.8     7.0     0.0    12.39 C    23.7    -8.3     7.2    93.1    27.2    59.3 -99.000 -99.000 -99.000 -99.000 -99.000 -9999.0 -9999.0 -9999.0 -9999.0 -9999.0
25382 20170424  2.424 -139.68   59.51     9.1     5.2     7.2     7.1     6.6     3.86 C    15.6     1.7     7.1   100.0    69.5    90.4 -99.000 -99.000 -99.000 -99.000 -99.000 -9999.0 -9999.0 -9999.0 -9999.0 -9999.0
25382 20170425  2.424 -139.68   59.51     9.1     0.8     4.9     6.1     1.0     8.80 C    20.1    -4.3     7.1   100.0    60.6    88.3 -99.000 -99.000 -99.000 -99.000 -99.000 -9999.0 -9999.0 -9999.0 -9999.0 -9999.0
25382 20170426  2.424 -139.68   59.51    12.5    -1.4     5.5     6.5     0.0    11.39 C    20.3    -5.6     7.0   100.0    41.8    76.8 -99.000 -99.000 -99.000 -99.000 -99.000 -9999.0 -9999.0 -9999.0 -9999.0 -9999.0
25382 20170427  2.424 -139.68   59.51     9.5     3.8     6.7     6.2     4.6     9.67 C    23.3     0.1     7.9   100.0    66.7    90.2 -99.000 -99.000 -99.000 -99.000 -99.000 -9999.0 -9999.0 -9999.0 -9999.0 -9999.0
25382 20170428  2.424 -139.68   59.51     7.4     2.6     5.0     5.7    13.7     5.61 C    13.4    -0.9     6.8   100.0    74.6    94.2 -99.000 -99.000 -99.000 -99.000 -99.000 -9999.0 -9999.0 -9999.0 -9999.0 -9999.0
25382 20170429  2.424 -139.68   59.51     9.1    -1.1     4.0     4.7     0.0    16.33 C    20.3    -6.2     5.3   100.0    57.4    81.6 -99.000 -99.000 -99.000 -99.000 -99.000 -9999.0 -9999.0 -9999.0 -9999.0 -9999.0
25382 20170430  2.424 -139.68   59.51     8.9     3.2     6.0     5.7     1.2     8.84 C    22.1    -2.4     6.8   100.0    69.0    89.6 -99.000 -99.000 -99.000 -99.000 -99.000 -9999.0 -9999.0 -9999.0 -9999.0 -9999.0
25382 20170501  2.424 -139.68   59.51     5.6     2.3     4.0     4.0    28.5     3.06 C     8.8     0.0     4.4   100.0    94.6    98.0 -99.000 -99.000 -99.000 -99.000 -99.000 -9999.0 -9999.0 -9999.0 -9999.0 -9999.0
25382 20170502  2.424 -139.68   59.51     9.5     2.2     5.9     5.8    18.6     4.83 C    15.4     1.8     6.6    99.8    67.0    89.3 -99.000 -99.000 -99.000 -99.000 -99.000 -9999.0 -9999.0 -9999.0 -9999.0 -9999.0
25382 20170503  2.424 -139.68   59.51     8.2     2.9     5.5     5.7    15.6     7.95 C    16.1     0.3     6.2    99.4    72.8    89.4 -99.000 -99.000 -99.000 -99.000 -99.000 -9999.0 -9999.0 -9999.0 -9999.0 -9999.0
25382 20170504  2.424 -139.68   59.51     8.1    -1.2     3.4     4.0     6.1     6.38 C    17.9    -5.6     4.8   100.0    75.3    96.0 -99.000 -99.000 -99.000 -99.000 -99.000 -9999.0 -9999.0 -9999.0 -9999.0 -9999.0
25382 20170505  2.424 -139.68   59.51    11.7    -2.6     4.6     4.8     0.0    20.63 C    22.8    -7.2     5.1   100.0    47.3    80.1 -99.000 -99.000 -99.000 -99.000 -99.000 -9999.0 -9999.0 -9999.0 -9999.0 -9999.0
25382 20170506  2.424 -139.68   59.51     9.5    -0.9     4.3     5.5     0.0    19.10 C    23.4    -6.4     7.7   100.0    67.0    85.7 -99.000 -99.000 -99.000 -99.000 -99.000 -9999.0 -9999.0 -9999.0 -9999.0 -9999.0
25382 20170507  2.424 -139.68   59.51     7.0     4.5     5.7     5.8     9.5     5.77 C    13.7     1.6     6.9   100.0    73.5    92.3 -99.000 -99.000 -99.000 -99.000 -99.000 -9999.0 -9999.0 -9999.0 -9999.0 -9999.0
25382 20170508  2.424 -139.68   59.51     7.8     3.4     5.6     5.5    11.0     5.51 C    14.4     1.0     6.8   100.0    90.1    98.1 -99.000 -99.000 -99.000 -99.000 -99.000 -9999.0 -9999.0 -9999.0 -9999.0 -9999.0
25382 20170509  2.424 -139.68   59.51     8.3    -0.6     3.9     5.2     3.2     9.52 C    19.7    -4.9     6.4   100.0    75.8    94.0 -99.000 -99.000 -99.000 -99.000 -99.000 -9999.0 -9999.0 -9999.0 -9999.0 -9999.0
25382 20170510  2.424 -139.68   59.51    12.9    -1.7     5.6     6.4     0.0    20.88 C    25.2    -6.3     7.8   100.0    41.4    76.4 -99.000 -99.000 -99.000 -99.000 -99.000 -9999.0 -9999.0 -9999.0 -9999.0 -9999.0
25382 20170511  2.424 -139.68   59.51    18.6     0.0     9.3    10.0     0.0    20.42 C    34.5    -5.6    12.4   100.0    30.8    69.4 -99.000 -99.000 -99.000 -99.000 -99.000 -9999.0 -9999.0 -9999.0 -9999.0 -9999.0
25382 20170512  2.424 -139.68   59.51    12.4     3.3     7.9     7.8     0.0    18.55 C    29.2    -3.2    11.5   100.0    69.2    88.6 -99.000 -99.000 -99.000 -99.000 -99.000 -9999.0 -9999.0 -9999.0 -9999.0 -9999.0
25382 20170513  2.424 -139.68   59.51     7.7     5.4     6.5     6.6     0.5     4.55 C    14.4     4.9     8.1    99.9    78.3    91.7 -99.000 -99.000 -99.000 -99.000 -99.000 -9999.0 -9999.0 -9999.0 -9999.0 -9999.0
25382 20170514  2.424 -139.68   59.51     8.9     0.2     4.6     5.5     5.9     8.92 C    22.0    -4.4     7.3   100.0    71.3    93.7 -99.000 -99.000 -99.000 -99.000 -99.000 -9999.0 -9999.0 -9999.0 -9999.0 -9999.0
25382 20170515  2.424 -139.68   59.51    12.8    -1.2     5.8     6.2     0.0    21.39 C    27.0    -6.2     7.8   100.0    58.6    85.4 -99.000 -99.000 -99.000 -99.000 -99.000 -9999.0 -9999.0 -9999.0 -9999.0 -9999.0
25382 20170516  2.424 -139.68   59.51    16.1    -1.1     7.5     6.9     0.0    20.83 C    33.1    -6.4     9.6   100.0    45.5    86.0 -99.000 -99.000 -99.000 -99.000 -99.000 -9999.0 -9999.0 -9999.0 -9999.0 -9999.0
25382 20170517  2.424 -139.68   59.51    10.6     1.3     6.0     6.8     0.0    10.27 C    27.0    -5.4     9.2   100.0    71.8    88.4 -99.000 -99.000 -99.000 -99.000 -99.000 -9999.0 -9999.0 -9999.0 -9999.0 -9999.0
25382 20170518  2.424 -139.68   59.51    10.2     1.7     6.0     6.9     1.9     7.81 C    21.0    -5.1     8.9   100.0    68.6    89.9 -99.000 -99.000 -99.000 -99.000 -99.000 -9999.0 -9999.0 -9999.0 -9999.0 -9999.0
25382 20170519  2.424 -139.68   59.51     8.5     5.6     7.1     7.0     9.3     5.62 C    13.9     4.2     8.6   100.0    88.8    96.4 -99.000 -99.000 -99.000 -99.000 -99.000 -9999.0 -9999.0 -9999.0 -9999.0 -9999.0
25382 20170520  2.424 -139.68   59.51     8.9     5.5     7.2     7.3    28.4     4.37 C    14.7     4.6     8.5   100.0    83.6    96.9 -99.000 -99.000 -99.000 -99.000 -99.000 -9999.0 -9999.0 -9999.0 -9999.0 -9999.0
25382 20170521  2.424 -139.68   59.51     9.5     7.1     8.3     8.1    98.6     1.00 C    10.1     6.8     8.1    99.6    97.2    98.6 -99.000 -99.000 -99.000 -99.000 -99.000 -9999.0 -9999.0 -9999.0 -9999.0 -9999.0
25382 20170522  2.424 -139.68   59.51    10.9     6.1     8.5     7.9     1.7     9.55 C    25.0     6.5    10.5   100.0    73.7    93.5 -99.000 -99.000 -99.000 -99.000 -99.000 -9999.0 -9999.0 -9999.0 -9999.0 -9999.0
25382 20170523  2.424 -139.68   59.51    10.8     6.7     8.7     8.7     0.3    21.27 C    21.0     4.7    11.9   100.0    72.0    85.0 -99.000 -99.000 -99.000 -99.000 -99.000 -9999.0 -9999.0 -9999.0 -9999.0 -9999.0
25382 20170524  2.424 -139.68   59.51     9.2     6.6     7.9     7.8     1.8     7.23 C    16.6     6.2    10.1   100.0    71.6    86.9 -99.000 -99.000 -99.000 -99.000 -99.000 -9999.0 -9999.0 -9999.0 -9999.0 -9999.0
25382 20170525  2.424 -139.68   59.51     9.1     0.7     4.9     6.8     5.7     7.77 C    17.8    -3.5     8.3   100.0    73.4    93.8 -99.000 -99.000 -99.000 -99.000 -99.000 -9999.0 -9999.0 -9999.0 -9999.0 -9999.0
25382 20170526  2.424 -139.68   59.51    10.7     0.8     5.8     6.0     4.1    18.79 C    25.9    -3.5     8.0   100.0    60.6    82.1 -99.000 -99.000 -99.000 -99.000 -99.000 -9999.0 -9999.0 -9999.0 -9999.0 -9999.0
25382 20170527  2.424 -139.68   59.51    10.8     0.4     5.6     6.6     0.0    15.44 C    22.8    -4.2     9.5   100.0    58.1    78.5 -99.000 -99.000 -99.000 -99.000 -99.000 -9999.0 -9999.0 -9999.0 -9999.0 -9999.0
25382 20170528  2.424 -139.68   59.51    17.2     4.1    10.6    11.2     0.6     9.32 C    21.3     1.7    11.8    97.8    31.6    70.0 -99.000 -99.000 -99.000 -99.000 -99.000 -9999.0 -9999.0 -9999.0 -9999.0 -9999.0
25382 20170529  2.424 -139.68   59.51    11.3     6.9     9.1     9.3     0.0     3.97 C    15.5     3.9     9.3    96.9    58.4    82.0 -99.000 -99.000 -99.000 -99.000 -99.000 -9999.0 -9999.0 -9999.0 -9999.0 -9999.0
25382 20170530  2.424 -139.68   59.51    13.1     4.2     8.6     9.0     1.1    12.80 C    26.9    -2.5    11.0   100.0    63.1    86.6 -99.000 -99.000 -99.000 -99.000 -99.000 -9999.0 -9999.0 -9999.0 -9999.0 -9999.0
25382 20170531  2.424 -139.68   59.51    18.5     1.6    10.1    11.5     0.0    19.23 C    33.4    -3.1    13.7   100.0    42.4    71.2 -99.000 -99.000 -99.000 -99.000 -99.000 -9999.0 -9999.0 -9999.0 -9999.0 -9999.0
25382 20170601  2.424 -139.68   59.51    13.1     8.5    10.8    10.9     8.6     5.61 C    20.3     4.7    12.4   100.0    87.5    95.1 -99.000 -99.000 -99.000 -99.000 -99.000 -9999.0 -9999.0 -9999.0 -9999.0 -9999.0
25382 20170602  2.424 -139.68   59.51    15.2     8.8    12.0    11.5     5.2    14.46 C    28.5     7.6    15.1   100.0    69.1    88.6 -99.000 -99.000 -99.000 -99.000 -99.000 -9999.0 -9999.0 -9999.0 -9999.0 -9999.0
25382 20170603  2.424 -139.68   59.51    11.0     2.2     6.6     8.3    10.3     7.02 C    22.6    -2.3     9.7   100.0    77.9    96.1 -99.000 -99.000 -99.000 -99.000 -99.000 -9999.0 -9999.0 -9999.0 -9999.0 -9999.0
25382 20170604  2.424 -139.68   59.51    14.9     0.0     7.5     9.1     0.0    20.38 C    30.2    -3.6    12.4   100.0    38.1    76.1 -99.000 -99.000 -99.000 -99.000 -99.000 -9999.0 -9999.0 -9999.0 -9999.0 -9999.0
25382 20170605  2.424 -139.68   59.51    13.9     5.3     9.6    10.1     2.4     8.76 C    23.5    -0.1    11.2   100.0    56.0    84.2 -99.000 -99.000 -99.000 -99.000 -99.000 -9999.0 -9999.0 -9999.0 -9999.0 -9999.0
25382 20170606  2.424 -139.68   59.51    20.2     8.2    14.2    12.7     9.1    11.50 C    30.7     7.3    14.7   100.0    34.6    78.8 -99.000 -99.000 -99.000 -99.000 -99.000 -9999.0 -9999.0 -9999.0 -9999.0 -9999.0
25382 20170607  2.424 -139.68   59.51    15.8    10.2    13.0    12.3     2.2     8.44 C    26.2     8.8    14.2   100.0    70.7    90.3 -99.000 -99.000 -99.000 -99.000 -99.000 -9999.0 -9999.0 -9999.0 -9999.0 -9999.0
25382 20170608  2.424 -139.68   59.51    21.4    10.1    15.7    15.3     0.2    10.79 C    32.5     7.9    16.6    99.4    46.5    72.5 -99.000 -99.000 -99.000 -99.000 -99.000 -9999.0 -9999.0 -9999.0 -9999.0 -9999.0
25382 20170609  2.424 -139.68   59.51    12.6     9.3    11.0    10.8     1.7     4.60 C    18.3     9.2    12.7    99.9    89.4    96.3 -99.000 -99.000 -99.000 -99.000 -99.000 -9999.0 -9999.0 -9999.0 -9999.0 -9999.0
25382 20170610  2.424 -139.68   59.51    11.6     8.6    10.1    10.0     0.7     6.68 C    19.4     8.2    12.3   100.0    81.2    91.5 -99.000 -99.000 -99.000 -99.000 -99.000 -9999.0 -9999.0 -9999.0 -9999.0 -9999.0
25382 20170611  2.424 -139.68   59.51    11.0     7.5     9.2     9.1     1.4     8.22 C    20.9     7.0    11.9    99.7    76.8    91.3 -99.000 -99.000 -99.000 -99.000 -99.000 -9999.0 -9999.0 -9999.0 -9999.0 -9999.0
25382 20170612  2.424 -139.68   59.51    11.3     5.8     8.5     8.3     7.2     8.19 C    22.8     2.7    10.8   100.0    75.5    94.0 -99.000 -99.000 -99.000 -99.000 -99.000 -9999.0 -9999.0 -9999.0 -9999.0 -9999.0
25382 20170613  2.424 -139.68   59.51    12.6     4.1     8.4     8.6     0.0    15.55 C    28.1    -1.4    11.2   100.0    62.8    83.8 -99.000 -99.000 -99.000 -99.000 -99.000 -9999.0 -9999.0 -9999.0 -9999.0 -9999.0
25382 20170614  2.424 -139.68   59.51    14.1     1.9     8.0     9.2     0.0    14.87 C    29.8    -2.6    11.6   100.0    52.1    79.7 -99.000 -99.000 -99.000 -99.000 -99.000 -9999.0 -9999.0 -9999.0 -9999.0 -9999.0
25382 20170615  2.424 -139.68   59.51    12.5     5.5     9.0     9.0     7.4    13.56 C    26.4     0.0    11.0    99.9    61.6    86.4 -99.000 -99.000 -99.000 -99.000 -99.000 -9999.0 -9999.0 -9999.0 -9999.0 -9999.0
25382 20170616  2.424 -139.68   59.51    10.2     7.8     9.0     8.9    13.6     4.13 C    14.5     6.8    10.1    97.3    86.2    93.6 -99.000 -99.000 -99.000 -99.000 -99.000 -9999.0 -9999.0 -9999.0 -9999.0 -9999.0
25382 20170617  2.424 -139.68   59.51    10.6     8.8     9.7     9.6     4.5     2.62 C    14.3     8.0    10.3   100.0    87.0    94.3 -99.000 -99.000 -99.000 -99.000 -99.000 -9999.0 -9999.0 -9999.0 -9999.0 -9999.0
25382 20170618  2.424 -139.68   59.51    13.2     5.6     9.4    10.4     0.0    11.07 C    24.4    -1.2    12.3   100.0    70.6    88.6 -99.000 -99.000 -99.000 -99.000 -99.000 -9999.0 -9999.0 -9999.0 -9999.0 -9999.0
25382 20170619  2.424 -139.68   59.51    13.9     4.4     9.1     9.4     7.4     4.47 C    20.0    -0.8     9.5   100.0    78.4    96.1 -99.000 -99.000 -99.000 -99.000 -99.000 -9999.0 -9999.0 -9999.0 -9999.0 -9999.0
25382 20170620  2.424 -139.68   59.51    13.5     4.0     8.8     9.8     0.0    15.37 C    27.2    -2.1    12.0   100.0    61.5    85.6 -99.000 -99.000 -99.000 -99.000 -99.000 -9999.0 -9999.0 -9999.0 -9999.0 -9999.0
25382 20170621  2.424 -139.68   59.51    13.0     2.0     7.5     9.2     0.0     8.89 C    19.7    -2.7    10.3   100.0    62.6    82.6 -99.000 -99.000 -99.000 -99.000 -99.000 -9999.0 -9999.0 -9999.0 -9999.0 -9999.0
25382 20170622  2.424 -139.68   59.51    14.5     7.3    10.9    11.0     0.5    12.41 C    32.1     5.4    14.2    99.8    60.6    84.4 -99.000 -99.000 -99.000 -99.000 -99.000 -9999.0 -9999.0 -9999.0 -9999.0 -9999.0
25382 20170623  2.424 -139.68   59.51    16.5     5.8    11.2    12.2     0.0    21.71 C    38.7    -1.5    16.6   100.0    52.7    77.3 -99.000 -99.000 -99.000 -99.000 -99.000 -9999.0 -9999.0 -9999.0 -9999.0 -9999.0
25382 20170624  2.424 -139.68   59.51    13.2     3.8     8.5    10.1     6.4     5.16 C    19.4    -2.4    10.4   100.0    78.7    95.2 -99.000 -99.000 -99.000 -99.000 -99.000 -9999.0 -9999.0 -9999.0 -9999.0 -9999.0
25382 20170625  2.424 -139.68   59.51    16.6     7.1    11.9    12.4     0.0    22.12 C    31.8     1.8    16.3   100.0    63.4    84.3 -99.000 -99.000 -99.000 -99.000 -99.000 -9999.0 -9999.0 -9999.0 -9999.0 -9999.0
25382 20170626  2.424 -139.68   59.51    12.6     9.7    11.1    11.3     1.2     3.81 C    17.7     5.8    12.3    99.1    81.9    93.5 -99.000 -99.000 -99.000 -99.000 -99.000 -9999.0 -9999.0 -9999.0 -9999.0 -9999.0
25382 20170627  2.424 -139.68   59.51    12.5     8.9    10.7    10.5     3.7     7.02 C    20.2     6.3    12.7   100.0    77.6    93.1 -99.000 -99.000 -99.000 -99.000 -99.000 -9999.0 -9999.0 -9999.0 -9999.0 -9999.0
25382 20170628  2.424 -139.68   59.51    13.7     9.4    11.5    11.0     2.7     9.67 C    25.2     8.9    13.9   100.0    74.3    91.9 -99.000 -99.000 -99.000 -99.000 -99.000 -9999.0 -9999.0 -9999.0 -9999.0 -9999.0
25382 20170629  2.424 -139.68   59.51    13.8     9.0    11.4    10.9     5.1     5.93 C    20.6     6.3    12.4    99.8    75.3    93.6 -99.000 -99.000 -99.000 -99.000 -99.000 -9999.0 -9999.0 -9999.0 -9999.0 -9999.0
25382 20170630  2.424 -139.68   59.51    13.7     9.3    11.5    11.5     6.2     5.90 C    19.6     9.0    13.3    99.6    89.4    96.5 -99.000 -99.000 -99.000 -99.000 -99.000 -9999.0 -9999.0 -9999.0 -9999.0 -9999.0
25382 20170701  2.424 -139.68   59.51    13.1    10.1    11.6    11.3    19.5     4.43 C    18.3     9.5    12.7   100.0    96.1    98.5 -99.000 -99.000 -99.000 -99.000 -99.000 -9999.0 -9999.0 -9999.0 -9999.0 -9999.0
25382 20170702  2.424 -139.68   59.51    13.6     9.8    11.7    11.3     4.3    11.55 C    27.4     9.8    14.8   100.0    83.3    94.7 -99.000 -99.000 -99.000 -99.000 -99.000 -9999.0 -9999.0 -9999.0 -9999.0 -9999.0
25382 20170703  2.424 -139.68   59.51    15.5     6.7    11.1    11.2     0.0    12.22 C    32.2     1.8    13.8   100.0    66.4    88.0 -99.000 -99.000 -99.000 -99.000 -99.000 -9999.0 -9999.0 -9999.0 -9999.0 -9999.0
25382 20170704  2.424 -139.68   59.51    14.6     7.0    10.8    11.1     0.0    12.33 C    29.4     4.9    14.2   100.0    72.9    88.4 -99.000 -99.000 -99.000 -99.000 -99.000 -9999.0 -9999.0 -9999.0 -9999.0 -9999.0
25382 20170705  2.424 -139.68   59.51    16.0     6.4    11.2    11.8     0.0    15.60 C    33.5     1.3    14.3   100.0    66.9    86.0 -99.000 -99.000 -99.000 -99.000 -99.000 -9999.0 -9999.0 -9999.0 -9999.0 -9999.0
25382 20170706  2.424 -139.68   59.51    22.6     5.7    14.2    13.9     0.0    14.06 C    37.5     1.3    16.8   100.0    40.7    78.5 -99.000 -99.000 -99.000 -99.000 -99.000 -9999.0 -9999.0 -9999.0 -9999.0 -9999.0
25382 20170707  2.424 -139.68   59.51    15.7    10.7    13.2    13.4     1.3    11.61 C    28.6     7.7    16.9    99.3    74.8    88.1 -99.000 -99.000 -99.000 -99.000 -99.000 -9999.0 -9999.0 -9999.0 -9999.0 -9999.0
25382 20170708  2.424 -139.68   59.51    12.0     5.8     8.9    10.9    11.7     4.54 C    17.0     0.7    12.1   100.0    94.2    98.4 -99.000 -99.000 -99.000 -99.000 -99.000 -9999.0 -9999.0 -9999.0 -9999.0 -9999.0
25382 20170709  2.424 -139.68   59.51    11.3     5.3     8.3     9.5    29.3     2.44 C    13.8     0.7     9.8   100.0    96.9    99.3 -99.000 -99.000 -99.000 -99.000 -99.000 -9999.0 -9999.0 -9999.0 -9999.0 -9999.0
25382 20170710  2.424 -139.68   59.51    14.5     9.5    12.0    11.5     6.9    14.24 C    26.6     7.7    14.8   100.0    71.6    91.5 -99.000 -99.000 -99.000 -99.000 -99.000 -9999.0 -9999.0 -9999.0 -9999.0 -9999.0
25382 20170711  2.424 -139.68   59.51    13.3     7.6    10.4    10.7     5.2     5.61 C    20.8     2.7    12.2   100.0    77.6    95.1 -99.000 -99.000 -99.000 -99.000 -99.000 -9999.0 -9999.0 -9999.0 -9999.0 -9999.0
25382 20170712  2.424 -139.68   59.51    19.1     3.9    11.5    12.9     0.0    16.99 C    29.4     0.5    13.8   100.0    50.8    76.5 -99.000 -99.000 -99.000 -99.000 -99.000 -9999.0 -9999.0 -9999.0 -9999.0 -9999.0
25382 20170713  2.424 -139.68   59.51    17.5     8.0    12.7    13.6     0.0    16.77 C    30.4     1.8    16.4    99.1    69.7    85.5 -99.000 -99.000 -99.000 -99.000 -99.000 -9999.0 -9999.0 -9999.0 -9999.0 -9999.0
25382 20170714  2.424 -139.68   59.51    15.4    12.0    13.7    13.4     0.0     5.93 C    25.1    11.3    15.5    98.4    75.5    89.5 -99.000 -99.000 -99.000 -99.000 -99.000 -9999.0 -9999.0 -9999.0 -9999.0 -9999.0
25382 20170715  2.424 -139.68   59.51    14.1    11.2    12.6    12.2     2.9     5.23 C    22.4    10.5    13.9    99.9    72.4    92.1 -99.000 -99.000 -99.000 -99.000 -99.000 -9999.0 -9999.0 -9999.0 -9999.0 -9999.0
25382 20170716  2.424 -139.68   59.51    15.6    10.5    13.1    12.8     0.0     9.85 C    26.7     9.1    15.6   100.0    81.8    93.6 -99.000 -99.000 -99.000 -99.000 -99.000 -9999.0 -9999.0 -9999.0 -9999.0 -9999.0
25382 20170717  2.424 -139.68   59.51    16.0    11.6    13.8    13.7     1.6     9.61 C    25.4     6.4    15.8   100.0    77.1    91.1 -99.000 -99.000 -99.000 -99.000 -99.000 -9999.0 -9999.0 -9999.0 -9999.0 -9999.0
25382 20170718  2.424 -139.68   59.51    14.0    11.4    12.7    12.5     1.8     5.72 C    20.6    10.6    14.3   100.0    86.2    95.4 -99.000 -99.000 -99.000 -99.000 -99.000 -9999.0 -9999.0 -9999.0 -9999.0 -9999.0
25382 20170719  2.424 -139.68   59.51    15.9    11.3    13.6    13.0     0.9    11.87 C    26.1     9.4    15.8   100.0    72.4    90.6 -99.000 -99.000 -99.000 -99.000 -99.000 -9999.0 -9999.0 -9999.0 -9999.0 -9999.0
25382 20170720  2.424 -139.68   59.51    16.4    10.0    13.2    13.6     0.0     7.43 C    24.2     7.3    14.8   100.0    68.9    85.1 -99.000 -99.000 -99.000 -99.000 -99.000 -9999.0 -9999.0 -9999.0 -9999.0 -9999.0
25382 20170721  2.424 -139.68   59.51    18.5     7.7    13.1    14.1     0.0    10.88 C    31.9     1.7    15.5    99.5    55.8    77.6 -99.000 -99.000 -99.000 -99.000 -99.000 -9999.0 -9999.0 -9999.0 -9999.0 -9999.0
25382 20170722  2.424 -139.68   59.51    17.4     5.5    11.4    12.4     0.0    12.58 C    32.3     1.2    13.6   100.0    63.4    85.3 -99.000 -99.000 -99.000 -99.000 -99.000 -9999.0 -9999.0 -9999.0 -9999.0 -9999.0
25382 20170723  2.424 -139.68   59.51    17.6     9.1    13.3    14.0     0.0    15.72 C    37.8     5.5    18.3   100.0    69.5    86.8 -99.000 -99.000 -99.000 -99.000 -99.000 -9999.0 -9999.0 -9999.0 -9999.0 -9999.0
25382 20170724  2.424 -139.68   59.51    15.7    11.3    13.5    13.6     1.9     5.24 C    22.3     9.1    15.1    99.4    81.1    91.5 -99.000 -99.000 -99.000 -99.000 -99.000 -9999.0 -9999.0 -9999.0 -9999.0 -9999.0
25382 20170725  2.424 -139.68   59.51    15.2    11.4    13.3    13.0     2.4     6.81 C    24.9    11.5    15.2   100.0    85.7    95.9 -99.000 -99.000 -99.000 -99.000 -99.000 -9999.0 -9999.0 -9999.0 -9999.0 -9999.0
25382 20170726  2.424 -139.68   59.51    16.4    11.6    14.0    13.5     0.0    10.34 C    29.2    10.4    16.2   100.0    76.4    89.8 -99.000 -99.000 -99.000 -99.000 -99.000 -9999.0 -9999.0 -9999.0 -9999.0 -9999.0
25382 20170727  2.424 -139.68   59.51    15.4    11.8    13.6    13.2     2.8     6.05 C    22.6    10.4    14.7    99.8    81.5    93.8 -99.000 -99.000 -99.000 -99.000 -99.000 -9999.0 -9999.0 -9999.0 -9999.0 -9999.0
25382 20170728  2.424 -139.68   59.51    15.8    10.0    12.9    13.1     9.5     7.39 C    25.1     6.4    14.8   100.0    76.4    93.9 -99.000 -99.000 -99.000 -99.000 -99.000 -9999.0 -9999.0 -9999.0 -9999.0 -9999.0
25382 20170729  2.424 -139.68   59.51    18.8     6.1    12.5    12.2     0.3     9.45 C    28.8     2.4    12.4   100.0    55.4    88.0 -99.000 -99.000 -99.000 -99.000 -99.000 -9999.0 -9999.0 -9999.0 -9999.0 -9999.0
25382 20170730  2.424 -139.68   59.51    17.9     5.7    11.8    13.0     0.0    11.85 C    30.5     1.6    14.2   100.0    63.3    88.0 -99.000 -99.000 -99.000 -99.000 -99.000 -9999.0 -9999.0 -9999.0 -9999.0 -9999.0
25382 20170731  2.424 -139.68   59.51    17.3     8.4    12.9    13.8     7.3     9.25 C    28.8     3.5    15.1   100.0    72.2    93.2 -99.000 -99.000 -99.000 -99.000 -99.000 -9999.0 -9999.0 -9999.0 -9999.0 -9999.0
25382 20170801  2.424 -139.68   59.51    17.9     6.4    12.2    13.5     0.0     8.22 C    25.7     2.5    14.7   100.0    64.7    85.9 -99.000 -99.000 -99.000 -99.000 -99.000 -9999.0 -9999.0 -9999.0 -9999.0 -9999.0
25382 20170802  2.424 -139.68   59.51 -9999.0 -9999.0 -9999.0 -9999.0     2.4 -9999.00 U -9999.0 -9999.0 -9999.0 -9999.0 -9999.0 -9999.0 -99.000 -99.000 -99.000 -99.000 -99.000 -9999.0 -9999.0 -9999.0 -9999.0 -9999.0
25382 20170803  2.424 -139.68   59.51    18.3    13.3    15.8    15.3     0.3    11.03 C    28.0    10.8    17.3    94.6    85.4    90.8 -99.000 -99.000 -99.000 -99.000 -99.000 -9999.0 -9999.0 -9999.0 -9999.0 -9999.0
25382 20170804  2.424 -139.68   59.51    16.2     8.2    12.2    13.7     0.2    13.48 C    28.1     2.8    15.0    95.8    85.3    91.0 -99.000 -99.000 -99.000 -99.000 -99.000 -9999.0 -9999.0 -9999.0 -9999.0 -9999.0
25382 20170805  2.424 -139.68   59.51    18.2     5.6    11.9    13.0     0.0    21.34 C    31.7     1.7    16.4    96.0    73.4    88.5 -99.000 -99.000 -99.000 -99.000 -99.000 -9999.0 -9999.0 -9999.0 -9999.0 -9999.0
25382 20170806  2.424 -139.68   59.51    17.1    12.8    14.9    14.5     0.0    15.92 C    31.5    13.0    18.6    95.3    83.2    91.0 -99.000 -99.000 -99.000 -99.000 -99.000 -9999.0 -9999.0 -9999.0 -9999.0 -9999.0
25382 20170807  2.424 -139.68   59.51    17.1     9.8    13.4    14.3     0.0     9.76 C    27.0     4.1    15.9    96.9    85.4    91.7 -99.000 -99.000 -99.000 -99.000 -99.000 -9999.0 -9999.0 -9999.0 -9999.0 -9999.0
25382 20170808  2.424 -139.68   59.51    18.5     7.6    13.0    13.5     0.0    16.21 C    34.1     1.8    14.9    98.4    61.3    85.0 -99.000 -99.000 -99.000 -99.000 -99.000 -9999.0 -9999.0 -9999.0 -9999.0 -9999.0
25382 20170809  2.424 -139.68   59.51    18.2     5.3    11.7    12.7     0.0    20.00 C    33.9     0.5    14.9    98.3    69.2    86.3 -99.000 -99.000 -99.000 -99.000 -99.000 -9999.0 -9999.0 -9999.0 -9999.0 -9999.0
25382 20170810  2.424 -139.68   59.51    17.0     8.9    12.9    13.9     0.2     7.88 C    26.1     4.1    15.0    96.8    80.0    90.6 -99.000 -99.000 -99.000 -99.000 -99.000 -9999.0 -9999.0 -9999.0 -9999.0 -9999.0
25382 20170811  2.424 -139.68   59.51    15.1     8.6    11.9    12.6    35.9     3.18 C    19.1     4.6    13.1    97.2    93.3    95.4 -99.000 -99.000 -99.000 -99.000 -99.000 -9999.0 -9999.0 -9999.0 -9999.0 -9999.0
25382 20170812  2.424 -139.68   59.51    15.1    12.1    13.6    13.4     9.3     3.67 C    18.5    11.4    14.1    96.5    92.1    95.1 -99.000 -99.000 -99.000 -99.000 -99.000 -9999.0 -9999.0 -9999.0 -9999.0 -9999.0
25382 20170813  2.424 -139.68   59.51    15.3     8.5    11.9    12.4    12.9     6.06 C    21.0     3.7    13.0    98.0    86.2    94.3 -99.000 -99.000 -99.000 -99.000 -99.000 -9999.0 -9999.0 -9999.0 -9999.0 -9999.0
25382 20170814  2.424 -139.68   59.51    13.9     6.6    10.3    10.3     7.9    11.22 C    24.3     2.3    11.0    97.6    84.6    93.9 -99.000 -99.000 -99.000 -99.000 -99.000 -9999.0 -9999.0 -9999.0 -9999.0 -9999.0
25382 20170815  2.424 -139.68   59.51    17.7     6.3    12.0    11.6     0.0    17.05 C    27.4     1.0    11.7    96.9    59.1    86.1 -99.000 -99.000 -99.000 -99.000 -99.000 -9999.0 -9999.0 -9999.0 -9999.0 -9999.0
25382 20170816  2.424 -139.68   59.51    14.1     3.6     8.9     9.8    14.8     5.17 C    18.9    -0.5    10.0    97.8    82.4    94.5 -99.000 -99.000 -99.000 -99.000 -99.000 -9999.0 -9999.0 -9999.0 -9999.0 -9999.0
25382 20170817  2.424 -139.68   59.51    15.2     5.6    10.4    11.1    16.0    14.99 C    27.1     1.0    12.8    98.3    79.5    93.3 -99.000 -99.000 -99.000 -99.000 -99.000 -9999.0 -9999.0 -9999.0 -9999.0 -9999.0
25382 20170818  2.424 -139.68   59.51    15.3     4.1     9.7     9.4     8.4     9.16 C    24.3     0.7     9.9    98.8    77.0    94.0 -99.000 -99.000 -99.000 -99.000 -99.000 -9999.0 -9999.0 -9999.0 -9999.0 -9999.0
25382 20170819  2.424 -139.68   59.51    13.8     8.8    11.3    11.3    44.8     2.35 C    17.0     6.3    11.6    98.3    94.0    96.9 -99.000 -99.000 -99.000 -99.000 -99.000 -9999.0 -9999.0 -9999.0 -9999.0 -9999.0
25382 20170820  2.424 -139.68   59.51    12.5     9.0    10.7    11.2    26.4     4.02 C    16.6     6.3    12.0    96.8    94.5    95.8 -99.000 -99.000 -99.000 -99.000 -99.000 -9999.0 -9999.0 -9999.0 -9999.0 -9999.0
25382 20170821  2.424 -139.68   59.51    13.7    11.3    12.5    12.6    44.8     1.97 C    16.0    11.1    13.0    96.7    95.4    96.2 -99.000 -99.000 -99.000 -99.000 -99.000 -9999.0 -9999.0 -9999.0 -9999.0 -9999.0
25382 20170822  2.424 -139.68   59.51    14.3     9.9    12.1    12.6    13.8     3.57 C    18.1     6.4    13.0    96.5    93.2    95.5 -99.000 -99.000 -99.000 -99.000 -99.000 -9999.0 -9999.0 -9999.0 -9999.0 -9999.0
25382 20170823  2.424 -139.68   59.51    15.6     9.4    12.5    11.9     0.0    12.16 C    26.6     5.8    13.7    97.6    81.0    92.0 -99.000 -99.000 -99.000 -99.000 -99.000 -9999.0 -9999.0 -9999.0 -9999.0 -9999.0
25382 20170824  2.424 -139.68   59.51    13.0     7.7    10.4    10.5    24.2     3.38 C    16.8     4.2    10.6    98.2    90.7    95.1 -99.000 -99.000 -99.000 -99.000 -99.000 -9999.0 -9999.0 -9999.0 -9999.0 -9999.0
25382 20170825  2.424 -139.68   59.51    12.3     9.9    11.1    11.0    63.5     1.81 C    14.1     9.7    11.3    97.3    94.7    95.9 -99.000 -99.000 -99.000 -99.000 -99.000 -9999.0 -9999.0 -9999.0 -9999.0 -9999.0
25382 20170826  2.424 -139.68   59.51    13.9     9.1    11.5    10.6    50.7     6.92 C    16.8     9.3    11.2    96.6    84.8    94.6 -99.000 -99.000 -99.000 -99.000 -99.000 -9999.0 -9999.0 -9999.0 -9999.0 -9999.0
25382 20170827  2.424 -139.68   59.51    12.5     8.4    10.5     9.8    50.0     5.97 C    12.8     9.1    10.4    95.9    89.1    94.5 -99.000 -99.000 -99.000 -99.000 -99.000 -9999.0 -9999.0 -9999.0 -9999.0 -9999.0
25382 20170828  2.424 -139.68   59.51    13.9     7.0    10.4    10.4    27.7     5.99 C    15.9     6.7    11.1    96.2    84.1    93.3 -99.000 -99.000 -99.000 -99.000 -99.000 -9999.0 -9999.0 -9999.0 -9999.0 -9999.0
25382 20170829  2.424 -139.68   59.51    16.2    11.1    13.7    13.1    28.1     3.62 C    17.4    10.9    13.1    96.5    91.8    95.2 -99.000 -99.000 -99.000 -99.000 -99.000 -9999.0 -9999.0 -9999.0 -9999.0 -9999.0
25382 20170830  2.424 -139.68   59.51    13.7     9.4    11.6    12.0    45.3     5.16 C    14.9    10.0    12.4    96.1    89.8    93.9 -99.000 -99.000 -99.000 -99.000 -99.000 -9999.0 -9999.0 -9999.0 -9999.0 -9999.0
25382 20170831  2.424 -139.68   59.51    12.7     9.0    10.9    10.7    51.5     2.67 C    12.8     9.7    11.0    96.6    93.8    95.8 -99.000 -99.000 -99.000 -99.000 -99.000 -9999.0 -9999.0 -9999.0 -9999.0 -9999.0
25382 20170901  2.424 -139.68   59.51    12.2     6.9     9.6     9.9    16.5     3.80 C    13.7     5.6    10.5    96.9    90.9    95.3 -99.000 -99.000 -99.000 -99.000 -99.000 -9999.0 -9999.0 -9999.0 -9999.0 -9999.0
25382 20170902  2.424 -139.68   59.51    13.6     3.0     8.3     8.8     2.8    16.54 C    23.2     0.0    10.2    97.6    80.6    92.0 -99.000 -99.000 -99.000 -99.000 -99.000 -9999.0 -9999.0 -9999.0 -9999.0 -9999.0
25382 20170903  2.424 -139.68   59.51    15.5     0.4     7.9     8.3    15.0     9.13 C    20.5    -1.7     8.6    97.9    59.3    88.6 -99.000 -99.000 -99.000 -99.000 -99.000 -9999.0 -9999.0 -9999.0 -9999.0 -9999.0
25382 20170904  2.424 -139.68   59.51    13.3     9.7    11.5    11.7    98.1     0.23 C    12.5     9.5    11.3    97.4    96.1    96.6 -99.000 -99.000 -99.000 -99.000 -99.000 -9999.0 -9999.0 -9999.0 -9999.0 -9999.0
25382 20170905  2.424 -139.68   59.51    22.3    12.0    17.1    16.1    38.3     7.57 C    20.4    11.3    14.6    97.4    81.5    92.3 -99.000 -99.000 -99.000 -99.000 -99.000 -9999.0 -9999.0 -9999.0 -9999.0 -9999.0
25382 20170906  2.424 -139.68   59.51    14.2     8.7    11.4    12.2     8.0     4.30 C    15.7     7.2    12.6    96.7    89.2    94.3 -99.000 -99.000 -99.000 -99.000 -99.000 -9999.0 -9999.0 -9999.0 -9999.0 -9999.0
25382 20170907  2.424 -139.68   59.51    13.5     8.9    11.2    10.8    20.8     5.24 C    18.9     7.6    11.6    96.7    88.8    94.7 -99.000 -99.000 -99.000 -99.000 -99.000 -9999.0 -9999.0 -9999.0 -9999.0 -9999.0
25382 20170908  2.424 -139.68   59.51    11.8     9.0    10.4     9.8    29.2     2.12 C    14.8     8.9    10.5    95.7    93.5    94.8 -99.000 -99.000 -99.000 -99.000 -99.000 -9999.0 -9999.0 -9999.0 -9999.0 -9999.0
25382 20170909  2.424 -139.68   59.51    11.6     8.5    10.1     9.7    29.0     2.16 C    13.7     8.5    10.3    96.1    94.2    95.4 -99.000 -99.000 -99.000 -99.000 -99.000 -9999.0 -9999.0 -9999.0 -9999.0 -9999.0
25382 20170910  2.424 -139.68   59.51    10.6     7.7     9.1     9.1    15.5     2.52 C    12.9     5.8     9.6    96.5    94.5    95.8 -99.000 -99.000 -99.000 -99.000 -99.000 -9999.0 -9999.0 -9999.0 -9999.0 -9999.0
25382 20170911  2.424 -139.68   59.51    13.2     5.8     9.5     9.4     0.6     9.49 C    20.4     3.1    10.6    97.9    84.1    93.9 -99.000 -99.000 -99.000 -99.000 -99.000 -9999.0 -9999.0 -9999.0 -9999.0 -9999.0
25382 20170912  2.424 -139.68   59.51    13.5     5.8     9.7     9.7     0.3     8.19 C    21.9     1.8    10.4    98.0    84.0    93.6 -99.000 -99.000 -99.000 -99.000 -99.000 -9999.0 -9999.0 -9999.0 -9999.0 -9999.0
25382 20170913  2.424 -139.68   59.51    12.7     6.6     9.6     9.7     0.5     6.35 C    18.8     6.3    11.1    97.3    82.7    92.7 -99.000 -99.000 -99.000 -99.000 -99.000 -9999.0 -9999.0 -9999.0 -9999.0 -9999.0
25382 20170914  2.424 -139.68   59.51    12.2     7.0     9.6     9.5     2.3     5.99 C    18.8     4.0    10.7    96.8    86.7    94.2 -99.000 -99.000 -99.000 -99.000 -99.000 -9999.0 -9999.0 -9999.0 -9999.0 -9999.0
25382 20170915  2.424 -139.68   59.51    10.9     7.8     9.4     9.1    12.7     1.87 C    13.8     7.0     9.6    96.1    92.8    95.2 -99.000 -99.000 -99.000 -99.000 -99.000 -9999.0 -9999.0 -9999.0 -9999.0 -9999.0
25382 20170916  2.424 -139.68   59.51    11.0     8.5     9.7     9.4    58.7     0.23 C    10.9     8.4     9.3    95.5    93.6    94.8 -99.000 -99.000 -99.000 -99.000 -99.000 -9999.0 -9999.0 -9999.0 -9999.0 -9999.0
25382 20170917  2.424 -139.68   59.51    12.8     5.0     8.9     9.0     3.4     5.55 C    20.4     2.0     9.4    97.2    86.6    94.2 -99.000 -99.000 -99.000 -99.000 -99.000 -9999.0 -9999.0 -9999.0 -9999.0 -9999.0
25382 20170918  2.424 -139.68   59.51    13.2     4.9     9.0     8.8     0.0     9.72 C    22.2     2.9     9.6    97.2    86.4    93.5 -99.000 -99.000 -99.000 -99.000 -99.000 -9999.0 -9999.0 -9999.0 -9999.0 -9999.0
25382 20170919  2.424 -139.68   59.51    13.8     4.3     9.1     9.1     0.0     9.24 C    20.6    -0.5     8.5    97.4    81.1    92.4 -99.000 -99.000 -99.000 -99.000 -99.000 -9999.0 -9999.0 -9999.0 -9999.0 -9999.0
25382 20170920  2.424 -139.68   59.51    14.0     1.6     7.8     7.4     0.0    10.85 C    20.6    -1.6     6.3    98.0    80.4    93.6 -99.000 -99.000 -99.000 -99.000 -99.000 -9999.0 -9999.0 -9999.0 -9999.0 -9999.0
25382 20170921  2.424 -139.68   59.51     9.8     6.5     8.1     8.7    16.4     1.04 C    11.4     6.5     9.1    96.6    95.1    95.9 -99.000 -99.000 -99.000 -99.000 -99.000 -9999.0 -9999.0 -9999.0 -9999.0 -9999.0
25382 20170922  2.424 -139.68   59.51    13.3     8.8    11.0    11.0    10.0     2.51 C    16.9     8.7    11.6    97.9    95.5    96.3 -99.000 -99.000 -99.000 -99.000 -99.000 -9999.0 -9999.0 -9999.0 -9999.0 -9999.0
25382 20170923  2.424 -139.68   59.51    14.0     9.9    12.0    11.5     0.5     4.48 C    20.0     9.1    12.3    97.3    87.8    94.9 -99.000 -99.000 -99.000 -99.000 -99.000 -9999.0 -9999.0 -9999.0 -9999.0 -9999.0
25382 20170924  2.424 -139.68   59.51    13.2     7.1    10.1    10.4    17.9     3.37 C    19.3     2.4    10.3    96.8    87.4    94.8 -99.000 -99.000 -99.000 -99.000 -99.000 -9999.0 -9999.0 -9999.0 -9999.0 -9999.0
25382 20170925  2.424 -139.68   59.51    12.7     3.0     7.8     7.8     0.0     6.39 C    18.6    -0.7     7.5    97.3    79.0    93.5 -99.000 -99.000 -99.000 -99.000 -99.000 -9999.0 -9999.0 -9999.0 -9999.0 -9999.0
25382 20170926  2.424 -139.68   59.51    11.4     6.7     9.0     9.2    39.7     0.25 C    11.3     6.0     9.1    97.5    95.2    96.0 -99.000 -99.000 -99.000 -99.000 -99.000 -9999.0 -9999.0 -9999.0 -9999.0 -9999.0
25382 20170927  2.424 -139.68   59.51    13.7    10.1    11.9    12.0    95.6     0.03 C    12.8     9.7    11.4    99.1    93.3    96.3 -99.000 -99.000 -99.000 -99.000 -99.000 -9999.0 -9999.0 -9999.0 -9999.0 -9999.0
25382 20170928  2.424 -139.68   59.51    13.3     5.3     9.3    10.3     4.2     5.65 C    17.4     2.2    10.6    97.3    82.0    93.7 -99.000 -99.000 -99.000 -99.000 -99.000 -9999.0 -9999.0 -9999.0 -9999.0 -9999.0
25382 20170929  2.424 -139.68   59.51    12.1     1.1     6.6     6.3     0.0     9.68 C    16.7    -0.5     5.2    98.6    73.6    91.7 -99.000 -99.000 -99.000 -99.000 -99.000 -9999.0 -9999.0 -9999.0 -9999.0 -9999.0
25382 20170930  2.424 -139.68   59.51    12.0     1.8     6.9     6.9     0.0     7.73 C    16.6    -1.8     6.2    96.2    77.3    92.1 -99.000 -99.000 -99.000 -99.000 -99.000 -9999.0 -9999.0 -9999.0 -9999.0 -9999.0
25382 20171001  2.424 -139.68   59.51    13.0    -0.6     6.2     5.2     0.0     8.53 C    19.4    -3.1     3.2    96.3    64.1    90.5 -99.000 -99.000 -99.000 -99.000 -99.000 -9999.0 -9999.0 -9999.0 -9999.0 -9999.0
25382 20171002  2.424 -139.68   59.51     8.3     2.6     5.4     6.6    50.1     0.04 C     8.1    -0.2     6.0    96.1    93.9    95.1 -99.000 -99.000 -99.000 -99.000 -99.000 -9999.0 -9999.0 -9999.0 -9999.0 -9999.0
25382 20171003  2.424 -139.68   59.51    10.8     7.8     9.3     9.4   125.8     0.22 C     9.8     7.7     9.0    98.4    94.6    95.8 -99.000 -99.000 -99.000 -99.000 -99.000 -9999.0 -9999.0 -9999.0 -9999.0 -9999.0
25382 20171004  2.424 -139.68   59.51    10.5     9.0     9.8     9.8    50.0     0.47 C     9.6     8.6     9.3    98.5    93.6    97.0 -99.000 -99.000 -99.000 -99.000 -99.000 -9999.0 -9999.0 -9999.0 -9999.0 -9999.0
25382 20171005  2.424 -139.68   59.51    10.6     7.1     8.8     9.0    37.1     0.38 C    10.4     7.5     8.8    98.5    93.3    95.8 -99.000 -99.000 -99.000 -99.000 -99.000 -9999.0 -9999.0 -9999.0 -9999.0 -9999.0
25382 20171006  2.424 -139.68   59.51     9.7     3.1     6.4     7.6    12.7     5.13 C    14.0     0.9     8.2    98.9    89.7    94.6 -99.000 -99.000 -99.000 -99.000 -99.000 -9999.0 -9999.0 -9999.0 -9999.0 -9999.0
25382 20171007  2.424 -139.68   59.51    11.7     0.1     5.9     5.3     0.0     7.94 C    14.9    -1.4     4.1    98.8    72.6    92.6 -99.000 -99.000 -99.000 -99.000 -99.000 -9999.0 -9999.0 -9999.0 -9999.0 -9999.0
25382 20171008  2.424 -139.68   59.51    10.2     5.8     8.0     8.1    50.5     1.01 C    10.1     6.2     7.5    95.4    85.9    93.0 -99.000 -99.000 -99.000 -99.000 -99.000 -9999.0 -9999.0 -9999.0 -9999.0 -9999.0
25382 20171009  2.424 -139.68   59.51    10.4     0.4     5.4     5.6    12.7     5.99 C    13.4    -1.9     5.1    96.1    70.6    92.2 -99.000 -99.000 -99.000 -99.000 -99.000 -9999.0 -9999.0 -9999.0 -9999.0 -9999.0
25382 20171010  2.424 -139.68   59.51     9.6    -1.4     4.1     2.9     0.0     5.27 C    12.0    -3.6     1.2    96.8    78.4    93.7 -99.000 -99.000 -99.000 -99.000 -99.000 -9999.0 -9999.0 -9999.0 -9999.0 -9999.0
25382 20171011  2.424 -139.68   59.51    10.3    -1.7     4.3     2.4     0.0     6.84 C    12.7    -5.2     0.0    98.1    61.4    90.6 -99.000 -99.000 -99.000 -99.000 -99.000 -9999.0 -9999.0 -9999.0 -9999.0 -9999.0
25382 20171012  2.424 -139.68   59.51    10.4    -3.0     3.7     2.5     0.3     6.89 C    12.7    -6.6     0.3    97.2    53.7    90.0 -99.000 -99.000 -99.000 -99.000 -99.000 -9999.0 -9999.0 -9999.0 -9999.0 -9999.0
25382 20171013  2.424 -139.68   59.51     8.7     3.4     6.0     5.8    23.2     0.77 C     9.6     3.0     5.7    95.9    92.4    95.2 -99.000 -99.000 -99.000 -99.000 -99.000 -9999.0 -9999.0 -9999.0 -9999.0 -9999.0
25382 20171014  2.424 -139.68   59.51     8.2     4.0     6.1     5.6    17.6     1.27 C    10.9     1.1     5.3    95.8    89.5    95.0 -99.000 -99.000 -99.000 -99.000 -99.000 -9999.0 -9999.0 -9999.0 -9999.0 -9999.0
25382 20171015  2.424 -139.68   59.51     7.2     2.5     4.8     4.9    23.5     1.31 C     9.8    -0.7     4.4    96.2    91.6    94.9 -99.000 -99.000 -99.000 -99.000 -99.000 -9999.0 -9999.0 -9999.0 -9999.0 -9999.0
25382 20171016  2.424 -139.68   59.51     6.0     1.8     3.9     3.6    14.3     2.83 C    10.9    -0.5     3.5    96.3    92.0    95.3 -99.000 -99.000 -99.000 -99.000 -99.000 -9999.0 -9999.0 -9999.0 -9999.0 -9999.0
25382 20171017  2.424 -139.68   59.51     5.7     0.7     3.2     2.9     7.0     1.94 C    10.1    -2.0     2.1    96.1    93.8    95.1 -99.000 -99.000 -99.000 -99.000 -99.000 -9999.0 -9999.0 -9999.0 -9999.0 -9999.0
25382 20171018  2.424 -139.68   59.51     8.4     1.6     5.0     3.9     0.0     2.12 C    11.2    -0.5     3.4    96.9    80.4    94.4 -99.000 -99.000 -99.000 -99.000 -99.000 -9999.0 -9999.0 -9999.0 -9999.0 -9999.0
25382 20171019  2.424 -139.68   59.51     7.7     2.0     4.8     3.7     7.7     2.27 C    10.7    -0.6     3.7    96.0    82.2    94.2 -99.000 -99.000 -99.000 -99.000 -99.000 -9999.0 -9999.0 -9999.0 -9999.0 -9999.0
25382 20171020  2.424 -139.68   59.51     4.6    -0.2     2.2     1.3     7.2     2.87 C     9.8    -3.0     0.4    96.4    93.1    95.4 -99.000 -99.000 -99.000 -99.000 -99.000 -9999.0 -9999.0 -9999.0 -9999.0 -9999.0
25382 20171021  2.424 -139.68   59.51     7.8    -1.8     3.0     1.7     3.7     3.85 C     9.7    -6.5    -0.1    98.0    77.5    94.5 -99.000 -99.000 -99.000 -99.000 -99.000 -9999.0 -9999.0 -9999.0 -9999.0 -9999.0
25382 20171022  2.424 -139.68   59.51     3.5    -3.6    -0.1    -0.5    12.6     2.37 C     3.2    -7.7    -2.5    97.0    95.9    96.5 -99.000 -99.000 -99.000 -99.000 -99.000 -9999.0 -9999.0 -9999.0 -9999.0 -9999.0
25382 20171023  2.424 -139.68   59.51     7.7    -0.3     3.7     3.1     9.1     2.90 C     8.6    -2.0     1.9    98.6    90.4    95.9 -99.000 -99.000 -99.000 -99.000 -99.000 -9999.0 -9999.0 -9999.0 -9999.0 -9999.0
25382 20171024  2.424 -139.68   59.51     5.8    -2.1     1.8     1.5     0.3     2.29 C     8.0    -6.7    -0.5    99.1    94.9    97.5 -99.000 -99.000 -99.000 -99.000 -99.000 -9999.0 -9999.0 -9999.0 -9999.0 -9999.0
25382 20171025  2.424 -139.68   59.51     4.4    -2.7     0.9     0.6    22.3     0.37 C     3.1    -6.9    -0.6    97.5    94.5    96.0 -99.000 -99.000 -99.000 -99.000 -99.000 -9999.0 -9999.0 -9999.0 -9999.0 -9999.0
25382 20171026  2.424 -139.68   59.51     9.5     2.7     6.1     5.0    83.8     0.02 C     8.2     2.3     4.5    98.7    94.9    96.7 -99.000 -99.000 -99.000 -99.000 -99.000 -9999.0 -9999.0 -9999.0 -9999.0 -9999.0
25382 20171027  2.424 -139.68   59.51    10.2     5.4     7.8     8.4    30.0     1.91 C     9.2     2.9     7.1    99.3    86.2    96.0 -99.000 -99.000 -99.000 -99.000 -99.000 -9999.0 -9999.0 -9999.0 -9999.0 -9999.0
25382 20171028  2.424 -139.68   59.51     8.6    -0.6     4.0     3.2     0.3     3.35 C     9.2    -3.0     1.4    96.0    84.3    95.1 -99.000 -99.000 -99.000 -99.000 -99.000 -9999.0 -9999.0 -9999.0 -9999.0 -9999.0
25382 20171029  2.424 -139.68   59.51     4.8    -1.3     1.8     1.7     0.9     0.53 C     3.8    -4.2     0.5    96.0    95.1    95.6 -99.000 -99.000 -99.000 -99.000 -99.000 -9999.0 -9999.0 -9999.0 -9999.0 -9999.0
25382 20171030  2.424 -139.68   59.51     9.0     3.6     6.3     6.5    39.3     0.01 C     7.9     3.2     5.7    99.1    95.2    96.6 -99.000 -99.000 -99.000 -99.000 -99.000 -9999.0 -9999.0 -9999.0 -9999.0 -9999.0
25382 20171031  2.424 -139.68   59.51     8.1    -0.6     3.7     5.3     1.2     1.80 C    10.9    -3.6     3.9    98.3    94.6    95.8 -99.000 -99.000 -99.000 -99.000 -99.000 -9999.0 -9999.0 -9999.0 -9999.0 -9999.0
25382 20171101  2.424 -139.68   59.51     6.3    -1.9     2.2     0.7     0.0     3.29 C     2.1    -5.5    -3.1    96.3    95.2    95.9 -99.000 -99.000 -99.000 -99.000 -99.000 -9999.0 -9999.0 -9999.0 -9999.0 -9999.0
25382 20171102  2.424 -139.68   59.51     1.8    -2.4    -0.3    -0.6     0.0     1.96 C     1.3    -6.3    -3.2    96.4    95.4    95.9 -99.000 -99.000 -99.000 -99.000 -99.000 -9999.0 -9999.0 -9999.0 -9999.0 -9999.0
25382 20171103  2.424 -139.68   59.51     4.0    -1.3     1.3     0.3     0.0     1.80 C     4.6    -5.9    -1.5    97.2    95.4    95.8 -99.000 -99.000 -99.000 -99.000 -99.000 -9999.0 -9999.0 -9999.0 -9999.0 -9999.0
25382 20171104  2.424 -139.68   59.51     2.5    -3.6    -0.6    -1.1     0.0     2.49 C    -0.4    -9.0    -5.7    97.2    95.0    95.8 -99.000 -99.000 -99.000 -99.000 -99.000 -9999.0 -9999.0 -9999.0 -9999.0 -9999.0
25382 20171105  2.424 -139.68   59.51     1.8    -4.4    -1.3    -1.4     1.6     0.66 C     0.6    -9.5    -3.3    96.4    95.2    95.9 -99.000 -99.000 -99.000 -99.000 -99.000 -9999.0 -9999.0 -9999.0 -9999.0 -9999.0
25382 20171106  2.424 -139.68   59.51     2.6    -1.3     0.7     0.1     0.0     1.21 C     1.0    -5.2    -1.6    96.0    87.8    95.0 -99.000 -99.000 -99.000 -99.000 -99.000 -9999.0 -9999.0 -9999.0 -9999.0 -9999.0
25382 20171107  2.424 -139.68   59.51     8.3    -5.3     1.5     0.6     0.0     2.07 C    -0.3   -10.9    -6.2    95.6    24.2    76.4 -99.000 -99.000 -99.000 -99.000 -99.000 -9999.0 -9999.0 -9999.0 -9999.0 -9999.0
25382 20171108  2.424 -139.68   59.51     2.5    -7.8    -2.7    -4.4     0.0     1.90 C    -1.8   -11.8    -8.9    96.3    87.0    94.9 -99.000 -99.000 -99.000 -99.000 -99.000 -9999.0 -9999.0 -9999.0 -9999.0 -9999.0
25382 20171109  2.424 -139.68   59.51     1.1    -8.3    -3.6    -3.8     0.0     1.58 C    -1.0   -12.0    -6.7    96.7    90.7    94.5 -99.000 -99.000 -99.000 -99.000 -99.000 -9999.0 -9999.0 -9999.0 -9999.0 -9999.0
25382 20171110  2.424 -139.68   59.51     1.3    -1.3     0.0     0.2     1.7     0.47 C     0.1    -4.8    -1.3    99.2    71.2    91.0 -99.000 -99.000 -99.000 -99.000 -99.000 -9999.0 -9999.0 -9999.0 -9999.0 -9999.0
25382 20171111  2.424 -139.68   59.51     2.4    -7.6    -2.6    -1.7     0.0     1.36 C    -2.1   -14.5    -8.8    88.8    45.6    69.5 -99.000 -99.000 -99.000 -99.000 -99.000 -9999.0 -9999.0 -9999.0 -9999.0 -9999.0
25382 20171112  2.424 -139.68   59.51    -1.5   -10.2    -5.8    -5.6     0.0     1.09 C    -5.1   -15.5   -10.0    94.2    79.3    88.4 -99.000 -99.000 -99.000 -99.000 -99.000 -9999.0 -9999.0 -9999.0 -9999.0 -9999.0
25382 20171113  2.424 -139.68   59.51     5.0    -6.4    -0.7    -2.4     0.0     1.40 C    -0.2   -13.0    -7.4    93.8    25.9    71.9 -99.000 -99.000 -99.000 -99.000 -99.000 -9999.0 -9999.0 -9999.0 -9999.0 -9999.0
25382 20171114  2.424 -139.68   59.51     3.8    -9.1    -2.6    -5.3     0.0     0.94 C    -3.9   -14.8   -12.1    94.1    29.9    82.7 -99.000 -99.000 -99.000 -99.000 -99.000 -9999.0 -9999.0 -9999.0 -9999.0 -9999.0
25382 20171115  2.424 -139.68   59.51    -2.0   -11.3    -6.7    -8.0     0.0     0.72 C    -7.9   -16.0   -13.7    95.8    81.3    92.0 -99.000 -99.000 -99.000 -99.000 -99.000 -9999.0 -9999.0 -9999.0 -9999.0 -9999.0
25382 20171116  2.424 -139.68   59.51    -0.5   -11.3    -5.9    -5.3     4.7     0.55 C    -0.9   -15.5    -7.3    99.7    65.6    88.1 -99.000 -99.000 -99.000 -99.000 -99.000 -9999.0 -9999.0 -9999.0 -9999.0 -9999.0
25382 20171117  2.424 -139.68   59.51     0.5    -7.4    -3.5    -1.7     9.6     0.00 C    -0.5   -19.9    -5.5   100.0    79.6    95.2 -99.000 -99.000 -99.000 -99.000 -99.000 -9999.0 -9999.0 -9999.0 -9999.0 -9999.0
25382 20171118  2.424 -139.68   59.51    -5.2   -13.2    -9.2    -8.9     0.0     0.09 C   -12.4   -24.0   -19.7    97.3    91.7    94.9 -99.000 -99.000 -99.000 -99.000 -99.000 -9999.0 -9999.0 -9999.0 -9999.0 -9999.0
25382 20171119  2.424 -139.68   59.51    -3.7   -15.4    -9.5    -8.9     0.7     0.03 C    -4.4   -25.2   -12.8    95.8    83.1    91.1 -99.000 -99.000 -99.000 -99.000 -99.000 -9999.0 -9999.0 -9999.0 -9999.0 -9999.0
25382 20171120  2.424 -139.68   59.51     1.5    -4.2    -1.3    -0.8     0.0     0.00 C    -1.3    -5.8    -3.1    93.7    53.9    73.9 -99.000 -99.000 -99.000 -99.000 -99.000 -9999.0 -9999.0 -9999.0 -9999.0 -9999.0
25382 20171121  2.424 -139.68   59.51     0.8    -7.8    -3.5    -2.5     0.6     0.08 C    -1.3   -17.5    -6.7    97.4    56.1    86.8 -99.000 -99.000 -99.000 -99.000 -99.000 -9999.0 -9999.0 -9999.0 -9999.0 -9999.0
25382 20171122  2.424 -139.68   59.51    -2.2    -9.1    -5.6    -5.6     1.4     0.16 C    -4.6   -17.6   -11.0    97.1    90.5    94.3 -99.000 -99.000 -99.000 -99.000 -99.000 -9999.0 -9999.0 -9999.0 -9999.0 -9999.0
25382 20171123  2.424 -139.68   59.51    -0.9    -4.4    -2.7    -2.5     4.3     0.00 C    -1.7   -13.0    -3.9    97.5    93.1    95.3 -99.000 -99.000 -99.000 -99.000 -99.000 -9999.0 -9999.0 -9999.0 -9999.0 -9999.0
25382 20171124  2.424 -139.68   59.51     1.4    -3.1    -0.8    -0.3     0.0     0.39 C    -1.6   -12.4    -4.7    95.4    46.1    67.7 -99.000 -99.000 -99.000 -99.000 -99.000 -9999.0 -9999.0 -9999.0 -9999.0 -9999.0
25382 20171125  2.424 -139.68   59.51     2.0    -3.2    -0.6     0.2     0.0     0.38 C    -0.7   -12.3    -3.5    91.3    44.5    65.3 -99.000 -99.000 -99.000 -99.000 -99.000 -9999.0 -9999.0 -9999.0 -9999.0 -9999.0
25382 20171126  2.424 -139.68   59.51    -1.6    -8.2    -4.9    -4.3     1.8     0.21 C    -3.4   -19.0   -10.7    93.8    77.3    88.4 -99.000 -99.000 -99.000 -99.000 -99.000 -9999.0 -9999.0 -9999.0 -9999.0 -9999.0
25382 20171127  2.424 -139.68   59.51     1.4    -3.1    -0.9    -0.4     8.2     0.34 C     0.0    -3.5    -1.2    99.5    93.9    97.1 -99.000 -99.000 -99.000 -99.000 -99.000 -9999.0 -9999.0 -9999.0 -9999.0 -9999.0
25382 20171128  2.424 -139.68   59.51     2.0    -0.6     0.7     0.3     7.8     0.09 C     0.3    -5.0    -1.3    99.5    95.7    98.2 -99.000 -99.000 -99.000 -99.000 -99.000 -9999.0 -9999.0 -9999.0 -9999.0 -9999.0
25382 20171129  2.424 -139.68   59.51     5.1     0.2     2.6     2.0    27.4     0.53 C     1.1    -2.5     0.0    99.4    88.4    97.9 -99.000 -99.000 -99.000 -99.000 -99.000 -9999.0 -9999.0 -9999.0 -9999.0 -9999.0
25382 20171130  2.424 -139.68   59.51     1.4    -0.7     0.4     0.2     1.8     0.37 C     0.1    -4.5    -1.7    98.9    95.5    96.7 -99.000 -99.000 -99.000 -99.000 -99.000 -9999.0 -9999.0 -9999.0 -9999.0 -9999.0
25382 20171201  2.424 -139.68   59.51    -0.1    -4.3    -2.2    -2.5     0.0     0.08 C    -1.5   -12.6    -8.6    96.5    95.4    96.0 -99.000 -99.000 -99.000 -99.000 -99.000 -9999.0 -9999.0 -9999.0 -9999.0 -9999.0
25382 20171202  2.424 -139.68   59.51     0.0    -3.1    -1.5    -1.4     2.2     0.01 C    -0.2    -6.6    -2.4    98.5    95.3    96.6 -99.000 -99.000 -99.000 -99.000 -99.000 -9999.0 -9999.0 -9999.0 -9999.0 -9999.0
25382 20171203  2.424 -139.68   59.51     5.3    -0.2     2.6     2.0    44.6     0.00 C     1.2    -0.9     0.2    99.4    96.9    98.3 -99.000 -99.000 -99.000 -99.000 -99.000 -9999.0 -9999.0 -9999.0 -9999.0 -9999.0
25382 20171204  2.424 -139.68   59.51     6.9     1.3     4.1     4.8     0.6     0.44 C     0.8    -1.7     0.0    98.8    73.1    90.6 -99.000 -99.000 -99.000 -99.000 -99.000 -9999.0 -9999.0 -9999.0 -9999.0 -9999.0
25382 20171205  2.424 -139.68   59.51     7.6     1.2     4.4     5.1    43.5     0.00 C     5.3    -0.9     2.1    99.8    90.8    96.9 -99.000 -99.000 -99.000 -99.000 -99.000 -9999.0 -9999.0 -9999.0 -9999.0 -9999.0
25382 20171206  2.424 -139.68   59.51     7.3     5.8     6.6     6.6    99.2     0.00 C     5.7     3.9     4.8    98.7    96.2    97.6 -99.000 -99.000 -99.000 -99.000 -99.000 -9999.0 -9999.0 -9999.0 -9999.0 -9999.0
25382 20171207  2.424 -139.68   59.51     8.9     4.5     6.7     6.5    97.3     0.00 C     5.7     2.9     4.6    98.4    68.5    91.8 -99.000 -99.000 -99.000 -99.000 -99.000 -9999.0 -9999.0 -9999.0 -9999.0 -9999.0
25382 20171208  2.424 -139.68   59.51     9.0     5.2     7.1     7.5    53.4     0.00 C     6.6     2.8     5.6    98.9    69.3    94.5 -99.000 -99.000 -99.000 -99.000 -99.000 -9999.0 -9999.0 -9999.0 -9999.0 -9999.0
25382 20171209  2.424 -139.68   59.51     8.8     5.7     7.3     7.0    17.1     0.00 C     6.8     5.0     5.9    99.9    90.2    97.3 -99.000 -99.000 -99.000 -99.000 -99.000 -9999.0 -9999.0 -9999.0 -9999.0 -9999.0
25382 20171210  2.424 -139.68   59.51     9.4     4.9     7.2     6.3    13.0     0.01 C     7.4     3.2     5.1    98.8    86.6    95.6 -99.000 -99.000 -99.000 -99.000 -99.000 -9999.0 -9999.0 -9999.0 -9999.0 -9999.0
25382 20171211  2.424 -139.68   59.51     8.8     0.0     4.4     4.1     5.9     0.37 C     7.4    -1.3     2.3    99.4    92.6    96.9 -99.000 -99.000 -99.000 -99.000 -99.000 -9999.0 -9999.0 -9999.0 -9999.0 -9999.0
25382 20171212  2.424 -139.68   59.51     5.3     0.1     2.7     2.6     4.7     0.11 C     5.7    -2.6     0.8    99.2    95.3    97.5 -99.000 -99.000 -99.000 -99.000 -99.000 -9999.0 -9999.0 -9999.0 -9999.0 -9999.0
25382 20171213  2.424 -139.68   59.51     8.2     1.7     5.0     6.4    74.1     0.00 C     7.0    -0.6     5.2    99.0    94.1    97.4 -99.000 -99.000 -99.000 -99.000 -99.000 -9999.0 -9999.0 -9999.0 -9999.0 -9999.0
25382 20171214  2.424 -139.68   59.51     8.1     2.9     5.5     5.5    42.8     0.00 C     6.1     2.1     4.8    99.5    92.1    97.2 -99.000 -99.000 -99.000 -99.000 -99.000 -9999.0 -9999.0 -9999.0 -9999.0 -9999.0
25382 20171215  2.424 -139.68   59.51     3.2     0.2     1.7     2.2    18.1     0.25 C     3.2    -0.3     1.6    99.3    97.9    98.8 -99.000 -99.000 -99.000 -99.000 -99.000 -9999.0 -9999.0 -9999.0 -9999.0 -9999.0
25382 20171216  2.424 -139.68   59.51     5.5     0.2     2.8     2.6    32.5     0.04 C     2.2    -0.3     0.7    99.4    89.2    97.4 -99.000 -99.000 -99.000 -99.000 -99.000 -9999.0 -9999.0 -9999.0 -9999.0 -9999.0
25382 20171217  2.424 -139.68   59.51     1.2    -0.7     0.2     0.2     9.7     0.02 C     0.2    -4.1    -0.8    99.3    96.3    98.7 -99.000 -99.000 -99.000 -99.000 -99.000 -9999.0 -9999.0 -9999.0 -9999.0 -9999.0
25382 20171218  2.424 -139.68   59.51    -0.5    -6.6    -3.6    -3.5     0.0     0.01 C    -4.1   -10.9    -8.4    97.9    95.3    96.2 -99.000 -99.000 -99.000 -99.000 -99.000 -9999.0 -9999.0 -9999.0 -9999.0 -9999.0
25382 20171219  2.424 -139.68   59.51    -0.8    -7.1    -4.0    -3.6     1.4     0.18 C    -0.9   -11.1    -4.8    99.2    95.1    97.2 -99.000 -99.000 -99.000 -99.000 -99.000 -9999.0 -9999.0 -9999.0 -9999.0 -9999.0
25382 20171220  2.424 -139.68   59.51     1.0    -5.8    -2.4    -1.8     2.9     0.02 C    -0.2   -11.1    -5.5    99.3    95.4    97.8 -99.000 -99.000 -99.000 -99.000 -99.000 -9999.0 -9999.0 -9999.0 -9999.0 -9999.0
25382 20171221  2.424 -139.68   59.51    -5.0   -10.5    -7.7    -7.6     0.0     0.01 C   -11.0   -14.5   -12.7    96.3    93.8    95.1 -99.000 -99.000 -99.000 -99.000 -99.000 -9999.0 -9999.0 -9999.0 -9999.0 -9999.0
25382 20171222  2.424 -139.68   59.51    -6.2   -10.6    -8.4    -9.2     0.0     0.01 C   -11.0   -14.6   -13.3    95.4    93.2    94.5 -99.000 -99.000 -99.000 -99.000 -99.000 -9999.0 -9999.0 -9999.0 -9999.0 -9999.0
25382 20171223  2.424 -139.68   59.51    -7.0   -11.7    -9.4    -9.9     0.0     0.00 C   -11.3   -14.6   -13.5    95.2    92.9    94.3 -99.000 -99.000 -99.000 -99.000 -99.000 -9999.0 -9999.0 -9999.0 -9999.0 -9999.0
25382 20171224  2.424 -139.68   59.51    -6.6   -11.4    -9.0    -9.7     0.0     0.15 C    -6.9   -14.0   -11.9    94.8    92.9    94.0 -99.000 -99.000 -99.000 -99.000 -99.000 -9999.0 -9999.0 -9999.0 -9999.0 -9999.0
25382 20171225  2.424 -139.68   59.51    -1.5    -6.6    -4.1    -3.4     1.0     0.02 C    -1.1    -7.0    -3.5    98.6    94.4    97.1 -99.000 -99.000 -99.000 -99.000 -99.000 -9999.0 -9999.0 -9999.0 -9999.0 -9999.0
25382 20171226  2.424 -139.68   59.51    -2.7   -10.9    -6.8    -6.6     0.0     0.00 C    -3.9   -14.5    -9.9    98.2    91.8    94.9 -99.000 -99.000 -99.000 -99.000 -99.000 -9999.0 -9999.0 -9999.0 -9999.0 -9999.0
25382 20171227  2.424 -139.68   59.51    -8.2   -13.8   -11.0   -11.6     0.0     0.00 C   -12.6   -16.5   -14.8    94.7    89.7    92.6 -99.000 -99.000 -99.000 -99.000 -99.000 -9999.0 -9999.0 -9999.0 -9999.0 -9999.0
25382 20171228  2.424 -139.68   59.51    -9.7   -14.8   -12.3   -12.9     0.0     0.00 C   -12.7   -16.9   -15.5    94.2    87.2    90.9 -99.000 -99.000 -99.000 -99.000 -99.000 -9999.0 -9999.0 -9999.0 -9999.0 -9999.0
25382 20171229  2.424 -139.68   59.51    -5.7   -13.3    -9.5    -7.6     0.7     0.01 C    -5.4   -15.9    -8.4    94.5    90.5    93.5 -99.000 -99.000 -99.000 -99.000 -99.000 -9999.0 -9999.0 -9999.0 -9999.0 -9999.0
25382 20171230  2.424 -139.68   59.51    -5.2    -6.7    -6.0    -5.9     3.1     0.01 C    -5.0    -7.2    -6.0    96.1    92.2    94.7 -99.000 -99.000 -99.000 -99.000 -99.000 -9999.0 -9999.0 -9999.0 -9999.0 -9999.0
25382 20171231  2.424 -139.68   59.51     0.0    -9.7    -4.8    -5.1     4.8     0.00 C    -0.2   -14.9    -6.2    99.2    93.6    96.4 -99.000 -99.000 -99.000 -99.000 -99.000 -9999.0 -9999.0 -9999.0 -9999.0 -9999.0
