53960 20170101  2.422  -91.87   30.09    22.4    17.3    19.8    19.6     4.0     2.34 C    24.5    16.7    19.7   100.0    85.8    95.6   0.414   0.436   0.403   0.439   0.444    18.7    18.2    18.2    18.2    18.5
53960 20170102  2.422  -91.87   30.09    24.2    13.8    19.0    19.6    14.4     2.96 C    24.6    12.9    19.6    97.9    87.7    92.7   0.411   0.435   0.401   0.445   0.441    19.3    18.9    18.9    18.8    18.8
53960 20170103  2.422  -91.87   30.09    23.4    10.7    17.0    16.3     0.0    12.63 C    27.3    10.4    17.0   100.0    45.7    81.7   0.388   0.422   0.383   0.445   0.438    18.2    18.4    18.2    18.7    18.6
53960 20170104  2.422  -91.87   30.09    16.2     7.2    11.7    12.4     0.0     8.17 C    24.3     6.4    13.4    91.1    54.7    77.5   0.368   0.404   0.365   0.437   0.419    17.4    17.9    17.7    18.5    18.5
53960 20170105  2.422  -91.87   30.09    20.0     6.3    13.1    11.9     4.0     6.42 C    23.2     5.3    12.5    95.1    69.9    84.9   0.367   0.399   0.360   0.431   0.415    16.5    17.2    17.0    18.0    18.1
53960 20170106  2.422  -91.87   30.09     7.6    -2.1     2.7     2.4     7.1     0.96 C     7.6    -2.4     2.4    93.8    76.8    89.1   0.390   0.418   0.381   0.436   0.433    14.6    16.2    15.9    17.4    17.7
53960 20170107  2.422  -91.87   30.09     2.7    -5.3    -1.3    -1.7     0.0    14.75 C     9.0    -6.1     0.2    76.2    45.2    61.7   0.372   0.408   0.370   0.439   0.427    11.8    14.1    13.5    16.0    16.6
53960 20170108  2.422  -91.87   30.09     9.0    -4.8     2.1     1.5     0.0    14.63 C    14.6    -6.2     2.6    76.8    24.9    52.5   0.358   0.396   0.357   0.434   0.413    10.5    12.8    12.1    14.8    15.6
53960 20170109  2.422  -91.87   30.09    17.0     3.0    10.0    10.2     0.0    10.70 C    20.6     2.6    10.8    88.3    48.6    67.1   0.353   0.392   0.353   0.426   0.409    11.8    12.8    12.5    14.2    15.3
53960 20170110  2.422  -91.87   30.09    23.5    14.3    18.9    18.7     0.0    12.08 C    27.0    13.7    19.3    84.2    56.0    72.0   0.350   0.389   0.351   0.425   0.408    14.5    14.3    14.1    14.8    15.6
53960 20170111  2.422  -91.87   30.09    24.0    15.8    19.9    19.9     0.0    10.62 C    27.3    15.5    20.7    95.4    68.3    83.9   0.347   0.388   0.351   0.425   0.407    16.5    15.8    15.7    15.7    16.1
53960 20170112  2.422  -91.87   30.09    25.7    17.3    21.5    20.9     0.0    11.80 C    30.1    16.9    21.8    95.7    59.5    82.1   0.345   0.387   0.350   0.425   0.408    17.9    16.9    17.0    16.6    16.7
53960 20170113  2.422  -91.87   30.09    26.3    16.6    21.5    20.1     0.0     7.57 C    30.0    16.0    20.6    97.8    58.3    86.4   0.342   0.385   0.349   0.422   0.405    18.4    17.6    17.7    17.3    17.2
53960 20170114  2.422  -91.87   30.09    24.3    14.3    19.3    18.9     0.0    11.43 C    31.4    13.8    20.0    97.6    53.3    82.2   0.340   0.384   0.347   0.420   0.404    18.4    17.8    17.9    17.6    17.5
53960 20170115  2.422  -91.87   30.09    24.1    14.3    19.2    19.2     0.0     7.88 C    27.1    13.9    19.7    97.5    57.6    82.6   0.337   0.382   0.346   0.422   0.403    18.5    18.0    18.1    17.9    17.8
53960 20170116  2.422  -91.87   30.09    25.6    16.1    20.9    20.9     0.0     9.34 C    28.9    15.8    21.4    95.3    63.9    85.3   0.334   0.380   0.344   0.422   0.403    18.9    18.3    18.3    18.1    18.1
53960 20170117  2.422  -91.87   30.09    25.2    19.4    22.3    21.7     0.0     8.04 C    28.6    18.9    22.3    93.5    66.2    85.7   0.332   0.378   0.343   0.421   0.401    20.0    19.0    19.2    18.6    18.5
53960 20170118  2.422  -91.87   30.09    24.9    20.2    22.6    22.1     0.0     6.53 C    28.1    20.0    22.6    94.2    72.6    87.8   0.330   0.376   0.342   0.419   0.400    20.4    19.4    19.6    19.0    18.8
53960 20170119  2.422  -91.87   30.09    22.1    15.1    18.6    18.8    31.4     1.48 C    21.9    14.7    18.4    96.7    88.6    93.0   0.405   0.428   0.402   0.445   0.442    20.1    19.7    19.8    19.5    19.1
53960 20170120  2.422  -91.87   30.09    25.2    16.9    21.1    20.3     0.0    11.55 C    30.3    16.4    21.4   100.0    54.6    87.7   0.389   0.426   0.386   0.450   0.448    19.8    19.4    19.3    19.3    19.1
53960 20170121  2.422  -91.87   30.09    24.8    16.6    20.7    20.9     5.8     8.04 C    29.1    16.0    21.4    93.3    74.1    86.7   0.397   0.431   0.396   0.452   0.451    20.6    19.9    20.0    19.5    19.3
53960 20170122  2.422  -91.87   30.09    20.3    13.8    17.0    17.3     0.0    12.31 C    21.7    13.1    17.7    93.6    33.3    59.5   0.371   0.410   0.374   0.449   0.434    19.3    19.5    19.5    19.6    19.3
53960 20170123  2.422  -91.87   30.09    19.0     8.0    13.5    13.5     0.0    15.40 C    24.2     6.7    14.7    89.8    38.3    57.0   0.355   0.395   0.360   0.440   0.419    17.5    18.2    18.0    18.9    18.8
53960 20170124  2.422  -91.87   30.09    22.1     6.6    14.3    14.7     0.0    15.30 C    26.9     4.8    15.5    97.3    32.2    72.3   0.345   0.388   0.353   0.434   0.414    16.6    17.4    17.1    18.2    18.3
53960 20170125  2.422  -91.87   30.09 -9999.0 -9999.0 -9999.0 -9999.0     0.3 -9999.00 U -9999.0 -9999.0 -9999.0 -9999.0 -9999.0 -9999.0 -99.000 -99.000 -99.000 -99.000 -99.000 -9999.0 -9999.0 -9999.0 -9999.0 -9999.0
53960 20170126  2.422  -91.87   30.09    16.2     3.9    10.1    11.1     0.0    10.34 C    20.3     2.5    12.0    86.3    31.9    49.3   0.335   0.381   0.349   0.430   0.412    17.2    17.8    17.6    18.3    18.3
53960 20170127  2.422  -91.87   30.09    11.8     3.0     7.4     7.6     0.0    10.35 C    18.9     1.6     8.4    88.6    26.0    54.3   0.330   0.376   0.345   0.425   0.407    14.9    16.3    15.9    17.5    17.7
53960 20170128  2.422  -91.87   30.09    14.3     5.7    10.0     9.1     0.0     9.73 C    18.2     4.4     9.5    70.2    20.8    48.9   0.327   0.373   0.343   0.425   0.404    14.5    15.6    15.3    16.8    17.2
53960 20170129  2.422  -91.87   30.09    18.5     1.6    10.1    10.5     0.0    15.80 C    21.8     0.6    10.9    82.8    23.5    51.4   0.323   0.368   0.340   0.424   0.400    13.6    14.9    14.4    16.2    16.7
53960 20170130  2.422  -91.87   30.09    22.8     3.3    13.1    12.9     0.0    15.84 C    26.2     1.9    13.4    91.3    24.9    63.3   0.318   0.364   0.337   0.422   0.397    13.8    14.7    14.3    15.8    16.3
53960 20170131  2.422  -91.87   30.09    22.7     6.3    14.5    15.2     0.0    13.09 C    26.8     5.1    15.5    99.4    48.5    79.3   0.314   0.361   0.333   0.422   0.394    14.6    15.0    14.8    15.8    16.3
53960 20170201  2.422  -91.87   30.09    24.3    13.7    19.0    18.5     0.0    11.94 C    29.1    13.1    19.3    91.4    52.3    77.6   0.311   0.358   0.332   0.419   0.393    16.1    15.9    15.7    16.2    16.6
53960 20170202  2.422  -91.87   30.09    25.1    11.4    18.3    17.9     0.0    12.22 C    32.2    11.4    19.2   100.0    56.4    86.9   0.308   0.356   0.329   0.419   0.390    17.2    16.7    16.6    16.7    16.9
53960 20170203  2.422  -91.87   30.09    16.4     8.0    12.2    10.8     0.0    12.32 C    23.2     7.5    12.3    93.8    54.9    74.5   0.305   0.353   0.326   0.419   0.387    16.9    16.9    16.9    17.1    17.1
53960 20170204  2.422  -91.87   30.09    15.8     5.1    10.5    10.2     0.0    10.54 C    22.9     4.6    11.3    79.1    42.8    56.5   0.300   0.348   0.322   0.418   0.384    15.4    16.0    15.9    16.8    16.9
53960 20170205  2.422  -91.87   30.09    24.0    11.1    17.6    17.3     0.0    12.25 C    27.7    10.6    18.0    95.9    63.2    82.8   0.297   0.346   0.319   0.416   0.381    16.2    16.2    16.1    16.6    16.8
53960 20170206  2.422  -91.87   30.09    24.1    15.8    20.0    19.7     0.0     9.90 C    27.8    15.2    20.3    97.7    62.5    83.7   0.296   0.344   0.317   0.415   0.379    17.7    17.1    17.1    17.1    17.2
53960 20170207  2.422  -91.87   30.09    25.5    19.2    22.4    21.6     1.8     7.97 C    27.3    18.8    21.8    93.2    67.7    85.5   0.296   0.343   0.315   0.413   0.379    18.9    18.0    18.0    17.6    17.6
53960 20170208  2.422  -91.87   30.09    26.5    17.9    22.2    21.8     0.0    12.10 C    29.4    17.2    22.3    95.2    62.7    84.7   0.296   0.344   0.315   0.413   0.379    19.9    18.8    18.9    18.3    18.1
53960 20170209  2.422  -91.87   30.09    20.3     9.4    14.9    14.6     0.0    17.06 C    28.2     7.6    16.5    95.8    26.6    54.5   0.292   0.340   0.311   0.411   0.376    18.6    18.6    18.5    18.5    18.2
53960 20170210  2.422  -91.87   30.09    23.0     6.7    14.9    16.1     0.0    14.04 C    26.7     5.1    16.7    88.6    56.7    72.4   0.286   0.336   0.305   0.410   0.372    17.1    17.5    17.4    18.0    17.9
53960 20170211  2.422  -91.87   30.09    25.8    19.6    22.7    22.0     0.0    10.20 C    29.4    19.5    22.6    93.0    68.2    83.9   0.285   0.335   0.302   0.410   0.371    19.3    18.4    18.4    18.2    18.2
53960 20170212  2.422  -91.87   30.09    26.6    17.5    22.0    21.9     0.0     7.15 C    31.4    17.2    22.7    96.6    65.6    85.0   0.283   0.333   0.300   0.409   0.369    20.3    19.3    19.4    18.8    18.7
53960 20170213  2.422  -91.87   30.09    21.3    15.0    18.2    18.7     0.0     4.52 C    24.6    14.3    19.2    97.6    56.4    75.7   0.280   0.331   0.296   0.409   0.366    19.8    19.3    19.4    19.1    18.8
53960 20170214  2.422  -91.87   30.09    23.6    12.5    18.0    18.9     2.7     7.71 C    27.3    12.4    19.3    95.2    60.9    84.2   0.278   0.330   0.293   0.408   0.365    19.5    19.1    19.1    19.1    18.9
53960 20170215  2.422  -91.87   30.09    14.6     5.9    10.3    10.7     0.0     7.78 C    20.5     4.9    11.5    85.4    52.4    72.1   0.280   0.327   0.291   0.404   0.364    17.7    18.3    18.2    18.8    18.7
53960 20170216  2.422  -91.87   30.09    18.8     3.0    10.9    10.9     0.0    18.32 C    26.4     1.9    12.9    96.7    32.6    68.6   0.276   0.326   0.288   0.402   0.360    16.2    17.1    16.9    18.0    18.1
53960 20170217  2.422  -91.87   30.09    15.6     6.3    11.0    11.8     5.0     3.28 C    17.5     5.7    11.4    95.2    69.5    87.4   0.275   0.323   0.285   0.402   0.359    15.6    16.5    16.3    17.4    17.7
53960 20170218  2.422  -91.87   30.09    23.3    10.8    17.0    16.6     0.0    10.84 C    31.0    10.4    17.8    97.9    66.7    89.3   0.286   0.325   0.287   0.402   0.360    17.0    16.8    16.7    17.3    17.6
53960 20170219  2.422  -91.87   30.09    26.1    16.9    21.5    20.6     0.0    12.20 C    30.4    16.8    21.6    98.4    66.6    87.2   0.287   0.328   0.290   0.400   0.363    18.9    18.1    18.1    17.9    17.9
53960 20170220  2.422  -91.87   30.09    25.6    15.5    20.6    20.7    42.1     6.74 C    28.2    15.0    21.0    94.2    69.9    85.3   0.327   0.355   0.320   0.414   0.387    19.7    18.9    19.0    18.6    18.4
53960 20170221  2.422  -91.87   30.09    20.2    13.0    16.6    16.1    12.7    10.58 C    27.2    12.3    17.4    95.9    56.6    84.1   0.409   0.430   0.405   0.447   0.447    18.6    18.4    18.4    18.6    18.4
53960 20170222  2.422  -91.87   30.09    22.9    12.1    17.5    17.4     0.0    14.87 C    30.7    11.3    19.7    94.2    52.0    78.5   0.383   0.417   0.386   0.446   0.434    18.9    18.5    18.4    18.6    18.5
53960 20170223  2.422  -91.87   30.09    24.3    10.0    17.2    17.5     0.0    19.23 C    30.2     9.3    19.1    98.3    51.2    78.6   0.363   0.399   0.369   0.440   0.418    18.7    18.5    18.4    18.6    18.5
53960 20170224  2.422  -91.87   30.09    25.2    14.4    19.8    19.9     0.0    15.37 C    29.9    14.0    20.8    98.2    58.1    82.4   0.352   0.391   0.360   0.436   0.411    19.5    18.9    18.9    18.8    18.7
53960 20170225  2.422  -91.87   30.09    19.9     9.8    14.8    14.7     0.0    20.07 C    26.4     7.9    16.9    89.7    28.1    48.8   0.343   0.384   0.351   0.434   0.406    18.7    18.7    18.7    18.9    18.7
53960 20170226  2.422  -91.87   30.09    22.6     6.1    14.3    15.0     0.0    19.01 C    26.5     5.0    16.0    77.5    46.6    60.6   0.335   0.377   0.346   0.429   0.401    17.4    17.8    17.7    18.4    18.3
53960 20170227  2.422  -91.87   30.09    25.5    17.6    21.5    22.0     1.2     9.88 C    29.3    16.9    22.4    92.1    73.2    84.3   0.333   0.375   0.342   0.427   0.397    19.6    18.7    18.7    18.6    18.6
53960 20170228  2.422  -91.87   30.09    25.5    21.3    23.4    23.0     0.0     8.25 C    27.8    21.2    23.5    91.4    71.6    84.7   0.332   0.374   0.341   0.426   0.396    21.0    19.8    19.9    19.3    19.1
53960 20170301  2.422  -91.87   30.09    27.4    18.5    22.9    22.9     3.7    12.98 C    31.1    17.9    23.5    89.2    37.4    73.2   0.332   0.372   0.337   0.422   0.394    21.6    20.5    20.6    19.9    19.5
53960 20170302  2.422  -91.87   30.09    19.4    10.9    15.1    15.1     0.0    20.18 C    25.8     8.5    16.5    51.7    17.6    33.1   0.328   0.370   0.334   0.420   0.391    19.5    19.7    19.9    19.8    19.5
53960 20170303  2.422  -91.87   30.09    21.1     6.0    13.5    13.4     0.0    21.18 C    26.3     4.2    14.5    80.0    18.0    43.8   0.319   0.365   0.329   0.421   0.387    17.6    18.3    18.4    19.0    18.9
53960 20170304  2.422  -91.87   30.09    21.1     6.4    13.8    14.7     0.0    13.33 C    25.7     5.6    15.1    88.5    38.3    62.5   0.313   0.360   0.323   0.419   0.380    17.2    17.7    17.7    18.5    18.5
53960 20170305  2.422  -91.87   30.09    19.7    13.3    16.5    16.8     3.7     3.60 C    19.2    12.9    16.3    86.5    66.2    77.9   0.312   0.358   0.319   0.416   0.376    17.6    17.8    17.8    18.3    18.5
53960 20170306  2.422  -91.87   30.09    23.6    16.4    20.0    20.6     0.0     8.55 C    25.4    15.8    20.9    93.8    68.0    81.2   0.315   0.360   0.320   0.417   0.377    18.7    18.3    18.3    18.4    18.5
53960 20170307  2.422  -91.87   30.09    25.4    14.0    19.7    21.0     3.8     9.55 C    28.2    13.3    21.4    92.6    73.3    84.1   0.316   0.359   0.320   0.416   0.378    20.2    19.3    19.3    19.0    18.9
53960 20170308  2.422  -91.87   30.09    22.9    13.3    18.1    17.5     0.0    13.97 C    28.3    12.7    18.3    89.2    45.4    68.4   0.319   0.359   0.320   0.415   0.380    19.5    19.2    19.3    19.2    19.0
53960 20170309  2.422  -91.87   30.09    25.2    14.0    19.6    19.7     0.0    14.19 C    30.9    13.3    21.0    96.8    66.3    84.1   0.314   0.358   0.318   0.410   0.379    19.9    19.4    19.4    19.3    19.2
53960 20170310  2.422  -91.87   30.09    26.3    18.7    22.5    21.3     1.3    11.98 C    36.3    18.3    23.1    97.0    62.1    86.2   0.312   0.357   0.316   0.406   0.378    21.2    20.2    20.2    19.8    19.5
53960 20170311  2.422  -91.87   30.09    23.1    14.6    18.8    19.6     1.3     6.47 C    26.1    14.7    19.9    97.5    71.6    89.1   0.311   0.356   0.314   0.407   0.376    20.9    20.3    20.4    20.1    19.7
53960 20170312  2.422  -91.87   30.09    16.5     8.3    12.4    12.3     1.4    11.98 C    21.5     8.5    13.3    93.3    61.6    82.1   0.311   0.355   0.314   0.406   0.376    19.2    19.5    19.6    19.8    19.6
53960 20170313  2.422  -91.87   30.09    18.1     6.7    12.4    13.5     0.0     7.00 C    24.5     5.9    14.5    93.1    63.1    76.0   0.308   0.353   0.312   0.403   0.375    18.5    18.8    18.9    19.3    19.3
53960 20170314  2.422  -91.87   30.09    15.7     5.7    10.7    10.2     0.0    22.43 C    23.1     5.1    12.8    94.6    43.2    68.2   0.304   0.350   0.310   0.403   0.374    17.4    18.0    18.0    18.7    18.9
53960 20170315  2.422  -91.87   30.09    15.8     5.3    10.5     9.8     0.0    19.93 C    23.6     4.5    11.9    85.2    43.6    65.1   0.299   0.347   0.305   0.402   0.371    16.8    17.5    17.6    18.3    18.6
53960 20170316  2.422  -91.87   30.09    18.8     4.3    11.6    12.7     0.0    12.91 C    24.5     3.6    13.7    90.0    51.2    69.2   0.294   0.343   0.300   0.400   0.364    16.6    17.1    17.2    18.0    18.3
53960 20170317  2.422  -91.87   30.09    23.6    12.7    18.1    17.8     0.0    16.41 C    29.0    12.1    19.0    91.2    56.8    76.0   0.291   0.341   0.296   0.400   0.362    17.9    17.7    17.7    18.0    18.3
53960 20170318  2.422  -91.87   30.09    27.5    12.1    19.8    19.7     0.0    19.23 C    37.7    11.3    21.8    97.7    44.5    78.8   0.286   0.338   0.292   0.400   0.358    19.1    18.5    18.5    18.5    18.6
53960 20170319  2.422  -91.87   30.09    27.0    16.5    21.8    21.0     0.0    17.17 C    34.9    15.6    22.8    97.8    51.2    81.5   0.281   0.334   0.286   0.396   0.355    20.7    19.6    19.7    19.2    19.0
53960 20170320  2.422  -91.87   30.09    27.4    16.0    21.7    20.7     0.0    20.31 C    32.6    15.3    22.1    98.5    45.0    79.7   0.275   0.330   0.280   0.395   0.351    21.0    20.1    20.1    19.7    19.4
53960 20170321  2.422  -91.87   30.09    27.4    17.3    22.4    21.3     0.0    20.90 C    32.7    16.6    22.8    99.5    45.2    80.6   0.267   0.325   0.274   0.395   0.344    21.5    20.5    20.6    20.1    19.7
53960 20170322  2.422  -91.87   30.09    28.0    15.8    21.9    21.3     0.0    21.19 C    37.1    15.0    23.9   100.0    39.5    78.9   0.259   0.320   0.267   0.395   0.340    21.8    20.9    20.9    20.4    20.0
53960 20170323  2.422  -91.87   30.09    29.2    14.9    22.0    21.8     0.0    22.70 C    36.6    14.4    24.3   100.0    33.2    75.7   0.251   0.314   0.258   0.393   0.334    22.0    21.1    21.2    20.7    20.2
53960 20170324  2.422  -91.87   30.09    25.5    19.5    22.5    22.2     0.0     9.97 C    28.0    19.1    22.7    91.2    64.2    79.8   0.243   0.309   0.253   0.393   0.330    21.9    21.2    21.4    21.0    20.5
53960 20170325  2.422  -91.87   30.09    24.6    15.4    20.0    20.6    21.5    11.24 C    29.8    15.0    21.2    93.4    51.9    78.9   0.324   0.335   0.278   0.390   0.373    21.4    21.0    21.0    20.9    20.5
53960 20170326  2.422  -91.87   30.09    26.5    16.0    21.2    21.2     0.0    19.45 C    32.6    15.5    23.0   100.0    60.8    85.0   0.319   0.346   0.292   0.388   0.386    21.9    21.1    21.2    20.9    20.6
53960 20170327  2.422  -91.87   30.09    26.7    20.9    23.8    23.2     0.0    17.82 C    31.2    20.5    24.3    93.3    63.5    81.0   0.305   0.341   0.287   0.383   0.376    22.8    21.7    22.0    21.3    20.9
53960 20170328  2.422  -91.87   30.09    27.8    20.6    24.2    23.6     0.0    22.34 C    34.0    20.5    25.6    93.5    56.5    78.5   0.295   0.335   0.282   0.383   0.367    23.4    22.3    22.5    21.7    21.2
53960 20170329  2.422  -91.87   30.09    27.1    20.0    23.5    23.3    12.6    12.81 C    31.4    19.7    24.1    92.0    64.5    79.6   0.296   0.332   0.279   0.383   0.365    23.3    22.4    22.6    22.0    21.4
53960 20170330  2.422  -91.87   30.09    24.1    12.4    18.3    19.3     6.4    10.27 C    28.7    11.3    19.7    95.8    70.9    86.9   0.358   0.369   0.333   0.409   0.418    22.5    22.0    22.2    21.9    21.4
53960 20170331  2.422  -91.87   30.09    26.0    10.8    18.4    18.8     0.0    24.66 C    33.2     9.7    21.2    98.1    41.1    72.8   0.327   0.361   0.326   0.406   0.399    21.7    21.4    21.5    21.5    21.2
53960 20170401  2.422  -91.87   30.09    28.5    13.6    21.0    21.0     0.0    23.70 C    32.6    12.5    22.3    97.5    37.1    69.5   0.312   0.354   0.316   0.401   0.389    21.9    21.5    21.7    21.5    21.2
53960 20170402  2.422  -91.87   30.09    27.2    18.5    22.9    23.0     4.9     3.86 C    29.8    18.1    23.0    93.9    74.6    87.2   0.305   0.349   0.309   0.401   0.380    22.2    21.6    21.7    21.6    21.3
53960 20170403  2.422  -91.87   30.09    26.5    15.5    21.0    21.4     8.7    24.31 C    32.3    15.1    23.1    96.2    40.7    73.8   0.355   0.381   0.347   0.420   0.417    23.1    22.2    22.4    21.8    21.5
53960 20170404  2.422  -91.87   30.09    29.2    13.1    21.1    22.0     0.0    24.38 C    34.9    12.4    24.1    98.6    25.3    66.6   0.326   0.368   0.332   0.417   0.399    22.6    22.1    22.3    21.9    21.5
53960 20170405  2.422  -91.87   30.09    26.9    10.6    18.7    21.7     0.0    23.33 C    31.4     9.7    23.1    93.3    33.8    65.4   0.313   0.360   0.322   0.410   0.391    23.6    22.7    23.0    22.3    21.8
53960 20170406  2.422  -91.87   30.09    22.3     8.6    15.5    15.6     0.0    25.80 C    29.5     7.9    17.8    90.6    24.6    56.7   0.301   0.351   0.312   0.405   0.378    21.5    21.7    21.9    21.8    21.5
53960 20170407  2.422  -91.87   30.09    23.8     7.2    15.5    15.4     0.0    23.52 C    32.1     6.2    18.0    94.7    29.6    61.7   0.293   0.345   0.303   0.401   0.367    20.7    21.0    21.1    21.3    21.2
53960 20170408  2.422  -91.87   30.09    24.6     9.0    16.8    17.4     0.0    23.63 C    32.5     8.2    19.4    96.9    41.1    66.6   0.283   0.339   0.295   0.399   0.359    20.8    20.8    20.8    21.1    21.0
53960 20170409  2.422  -91.87   30.09    24.9    11.4    18.2    19.4     0.0    25.75 C    30.2    10.5    21.3    93.7    43.6    66.4   0.276   0.334   0.286   0.394   0.351    21.3    21.0    21.1    21.2    21.0
53960 20170410  2.422  -91.87   30.09    26.7    16.3    21.5    21.1     0.0    21.84 C    33.7    15.4    22.9    89.2    52.2    70.4   0.270   0.330   0.278   0.391   0.344    22.2    21.5    21.7    21.4    21.2
53960 20170411  2.422  -91.87   30.09    27.6    16.7    22.1    21.5     0.0    17.84 C    33.7    16.2    22.8    96.5    46.7    76.7   0.263   0.325   0.269   0.387   0.339    22.6    21.9    22.0    21.7    21.4
53960 20170412  2.422  -91.87   30.09    27.3    15.7    21.5    21.0     0.0    20.49 C    35.4    15.0    22.9    97.1    50.5    78.3   0.256   0.321   0.263   0.383   0.334    22.8    22.1    22.2    21.9    21.5
53960 20170413  2.422  -91.87   30.09    28.0    13.9    20.9    20.9     0.0    22.05 C    35.5    13.1    22.8    98.0    37.5    72.2   0.248   0.316   0.254   0.380   0.326    22.8    22.3    22.3    22.0    21.6
53960 20170414  2.422  -91.87   30.09    27.7    14.2    20.9    21.2     0.0    19.69 C    33.4    13.7    22.4    97.8    47.9    75.9   0.239   0.312   0.247   0.378   0.318    22.8    22.3    22.4    22.1    21.7
53960 20170415  2.422  -91.87   30.09    27.6    17.6    22.6    22.6     0.0    21.27 C    32.8    17.6    24.3    95.5    57.3    78.7   0.232   0.306   0.240   0.376   0.312    23.7    22.7    22.9    22.3    21.9
53960 20170416  2.422  -91.87   30.09    27.9    19.4    23.6    22.8     0.0    18.33 C    35.0    18.8    24.6    95.0    60.3    81.2   0.225   0.302   0.234   0.377   0.303    24.0    23.1    23.2    22.7    22.2
53960 20170417  2.422  -91.87   30.09    26.7    18.2    22.4    21.6     5.5    11.79 C    36.3    17.9    22.7    97.8    66.0    88.4   0.229   0.298   0.231   0.372   0.296    23.8    23.1    23.2    22.8    22.3
53960 20170418  2.422  -91.87   30.09    27.8    18.2    23.0    22.3     6.6    17.43 C    32.8    17.4    23.3    96.7    49.6    81.0   0.244   0.298   0.232   0.369   0.294    24.2    23.3    23.4    22.9    22.4
53960 20170419  2.422  -91.87   30.09    28.0    17.2    22.6    21.6    21.2    13.73 C    33.5    16.8    22.4    96.8    61.3    85.2   0.297   0.331   0.276   0.393   0.341    23.6    23.1    23.2    22.9    22.4
53960 20170420  2.422  -91.87   30.09    28.7    18.4    23.6    23.5     0.0    21.48 C    35.4    18.0    25.3    97.1    61.4    82.9   0.321   0.358   0.325   0.418   0.383    24.4    23.4    23.5    23.0    22.6
53960 20170421  2.422  -91.87   30.09    27.9    19.2    23.5    23.4     0.0    22.70 C    33.6    18.8    25.3    97.0    61.8    80.5   0.304   0.350   0.313   0.409   0.368    25.0    23.9    24.1    23.4    22.9
53960 20170422  2.422  -91.87   30.09    28.7    16.5    22.6    22.9     0.8    19.09 C    35.9    16.3    24.4    96.9    60.4    80.6   0.292   0.343   0.303   0.400   0.357    24.9    24.1    24.2    23.6    23.0
53960 20170423  2.422  -91.87   30.09    19.0    10.2    14.6    15.2     0.0    16.06 C    25.9     9.0    16.7    95.8    54.9    72.7   0.284   0.337   0.294   0.396   0.350    23.4    23.4    23.5    23.4    23.0
53960 20170424  2.422  -91.87   30.09    25.2     8.2    16.7    17.2     0.0    27.88 C    34.6     7.6    20.3    97.8    31.4    66.4   0.276   0.330   0.286   0.392   0.342    22.6    22.6    22.4    22.8    22.5
53960 20170425  2.422  -91.87   30.09    25.8    11.4    18.6    20.0     0.0    21.32 C    31.8    10.5    21.4    96.5    55.2    76.1   0.268   0.325   0.279   0.386   0.336    22.7    22.5    22.4    22.6    22.3
53960 20170426  2.422  -91.87   30.09    27.5    18.8    23.1    24.2     0.0    16.70 C    32.0    18.1    25.1    91.1    66.3    77.5   0.263   0.321   0.273   0.381   0.332    24.0    23.2    23.2    22.9    22.6
53960 20170427  2.422  -91.87   30.09    28.2    15.0    21.6    21.0     0.0    26.08 C    37.3    14.8    24.2    84.2    40.4    67.9   0.256   0.317   0.266   0.378   0.325    24.7    23.7    23.7    23.2    22.8
53960 20170428  2.422  -91.87   30.09    28.5    23.6    26.1    26.3     0.0     9.13 C    31.6    23.4    26.9    86.9    74.6    80.6   0.249   0.314   0.260   0.377   0.318    25.1    24.1    24.2    23.6    23.0
53960 20170429  2.422  -91.87   30.09    29.0    25.4    27.2    27.0     0.0    13.83 C    31.5    25.3    27.6    83.3    68.4    76.2   0.243   0.309   0.254   0.373   0.312    25.4    24.4    24.5    23.8    23.3
53960 20170430  2.422  -91.87   30.09    26.5    12.4    19.5    21.0    34.5    13.17 C    33.5    11.1    22.2    92.3    48.4    75.9   0.320   0.358   0.330   0.417   0.385    24.2    23.8    23.7    23.7    23.1
53960 20170501  2.422  -91.87   30.09    27.3    10.0    18.7    19.3     0.0    28.39 C    36.0     8.5    22.3    97.4    24.8    63.2   0.313   0.359   0.333   0.423   0.381    23.3    23.1    23.1    23.2    22.9
53960 20170502  2.422  -91.87   30.09    29.5    11.4    20.4    21.2     0.0    27.79 C    37.2    10.4    23.8    97.3    30.2    66.5   0.296   0.349   0.320   0.413   0.365    23.9    23.4    23.4    23.2    22.9
53960 20170503  2.422  -91.87   30.09    21.7    16.8    19.2    18.6   147.8     1.38 C    22.1    16.2    18.0    94.5    76.0    88.2   0.379   0.404   0.374   0.445   0.410    21.5    21.8    21.9    22.2    22.2
53960 20170504  2.422  -91.87   30.09    18.9    10.9    14.9    15.7     3.8    19.01 C    25.0     9.9    17.1    94.6    53.5    77.7   0.392   0.424   0.397   0.448   0.434    20.6    20.8    20.8    21.3    21.7
53960 20170505  2.422  -91.87   30.09    24.0    11.8    17.9    17.6     0.0    26.72 C    29.7    10.7    19.8    93.2    33.5    60.8   0.355   0.398   0.369   0.439   0.409    20.9    20.9    20.9    21.4    21.6
53960 20170506  2.422  -91.87   30.09    25.6    10.3    17.9    18.4     0.0    28.12 C    33.8     9.4    21.3    98.1    34.2    66.2   0.337   0.385   0.356   0.430   0.397    21.8    21.4    21.5    21.6    21.6
53960 20170507  2.422  -91.87   30.09    26.9    11.8    19.4    20.0     0.0    27.58 C    35.8    11.0    23.2    97.6    41.1    69.7   0.326   0.378   0.347   0.424   0.386    22.8    22.1    22.2    21.9    21.8
53960 20170508  2.422  -91.87   30.09    27.2    13.4    20.3    20.6     0.0    25.40 C    34.3    12.3    23.0    97.7    46.7    74.0   0.315   0.370   0.339   0.419   0.374    23.4    22.7    22.8    22.4    22.1
53960 20170509  2.422  -91.87   30.09    27.5    14.1    20.8    21.5     0.0    27.98 C    34.5    13.6    24.1    97.5    37.7    73.6   0.305   0.364   0.331   0.413   0.364    24.1    23.1    23.3    22.8    22.4
53960 20170510  2.422  -91.87   30.09    27.5    17.1    22.3    22.4     0.0    23.94 C    34.2    16.4    24.3    94.6    55.2    76.2   0.295   0.358   0.323   0.410   0.355    24.6    23.6    23.9    23.2    22.7
53960 20170511  2.422  -91.87   30.09    28.0    18.3    23.1    23.3     0.0    20.00 C    34.3    18.0    25.2    97.0    58.2    80.5   0.288   0.354   0.316   0.406   0.348    25.0    24.0    24.2    23.5    23.0
53960 20170512  2.422  -91.87   30.09    30.0    18.5    24.2    24.1    27.5    19.69 C    33.7    17.6    25.1    95.7    41.3    74.9   0.342   0.385   0.360   0.426   0.397    25.0    24.1    24.2    23.7    23.2
53960 20170513  2.422  -91.87   30.09    25.6    16.3    21.0    20.5     0.0    13.36 C    34.6    15.5    22.3    94.7    61.9    79.7   0.338   0.382   0.360   0.433   0.396    24.2    23.8    24.0    23.6    23.3
53960 20170514  2.422  -91.87   30.09    28.1    14.3    21.2    21.4     0.0    26.17 C    39.2    13.8    24.9    97.8    43.5    77.1   0.327   0.375   0.350   0.427   0.386    24.5    23.8    23.9    23.6    23.2
53960 20170515  2.422  -91.87   30.09    29.0    15.9    22.4    23.1     0.0    27.57 C    37.9    15.4    26.3    98.1    45.2    75.8   0.315   0.368   0.340   0.419   0.374    25.4    24.4    24.5    23.9    23.4
53960 20170516  2.422  -91.87   30.09    28.9    17.0    23.0    23.8     0.0    25.94 C    34.8    16.5    25.6    98.0    43.9    73.6   0.304   0.361   0.330   0.411   0.364    25.5    24.6    24.9    24.2    23.7
53960 20170517  2.422  -91.87   30.09    29.3    21.5    25.4    25.0     0.0    22.64 C    34.8    21.1    26.6    91.6    52.7    76.8   0.293   0.355   0.322   0.405   0.355    25.7    24.8    25.0    24.3    23.8
53960 20170518  2.422  -91.87   30.09    30.2    22.7    26.4    26.4     0.0    20.50 C    35.7    22.2    28.1    95.0    62.8    80.0   0.285   0.350   0.315   0.403   0.347    26.3    25.2    25.4    24.6    24.1
53960 20170519  2.422  -91.87   30.09    30.5    24.4    27.5    27.2     0.0    22.93 C    36.5    24.1    29.0    92.9    61.8    77.5   0.277   0.343   0.308   0.396   0.341    27.2    25.8    26.1    25.0    24.5
53960 20170520  2.422  -91.87   30.09    30.4    23.6    27.0    26.9     0.0    22.49 C    36.5    23.6    28.9    91.7    65.3    80.7   0.266   0.337   0.300   0.392   0.332    27.7    26.3    26.6    25.4    24.8
53960 20170521  2.422  -91.87   30.09    31.2    20.7    26.0    24.8     6.0    13.90 C    41.0    20.3    26.5    95.4    63.5    86.1   0.258   0.330   0.292   0.388   0.325    27.5    26.4    26.8    25.7    25.1
53960 20170522  2.422  -91.87   30.09    24.2    20.5    22.4    22.2    25.2     4.72 C    26.3    20.3    22.1    95.6    83.9    91.8   0.303   0.342   0.303   0.386   0.338    25.6    25.4    25.6    25.4    24.8
53960 20170523  2.422  -91.87   30.09    27.0    20.3    23.7    22.9     0.0    17.90 C    36.3    19.9    25.5    95.2    59.8    82.6   0.365   0.390   0.365   0.409   0.402    25.9    25.2    25.4    25.0    24.7
53960 20170524  2.422  -91.87   30.09    25.1    13.3    19.2    20.2     0.0    25.90 C    29.3    12.3    21.9    92.6    36.5    65.4   0.334   0.375   0.350   0.406   0.382    25.5    25.1    25.4    25.0    24.6
53960 20170525  2.422  -91.87   30.09    28.4    11.5    19.9    21.2     0.0    26.95 C    33.8    11.0    23.4    96.8    51.3    71.7   0.319   0.365   0.339   0.397   0.369    24.7    24.4    24.6    24.5    24.4
53960 20170526  2.422  -91.87   30.09    28.8    21.1    24.9    25.1     0.0    22.74 C    34.9    20.5    26.8    89.2    62.8    76.0   0.308   0.358   0.329   0.393   0.358    25.7    24.9    25.2    24.6    24.6
53960 20170527  2.422  -91.87   30.09    30.2    25.3    27.8    27.3     0.0    22.48 C    35.4    25.2    29.0    90.6    67.4    81.5   0.299   0.352   0.321   0.389   0.350    27.2    25.8    26.2    25.1    24.9
53960 20170528  2.422  -91.87   30.09    31.4    21.8    26.6    26.9     0.0    17.78 C    39.4    21.6    29.0    93.3    62.5    80.6   0.289   0.345   0.312   0.383   0.343    27.9    26.5    27.0    25.7    25.3
53960 20170529  2.422  -91.87   30.09    28.3    20.4    24.3    23.6     2.7    14.34 C    35.8    19.7    25.0    94.9    64.1    83.1   0.283   0.340   0.304   0.379   0.338    27.1    26.3    26.7    25.9    25.4
53960 20170530  2.422  -91.87   30.09    25.1    19.8    22.5    22.1    74.0     8.39 C    28.8    19.1    22.2    95.9    77.8    90.0   0.362   0.388   0.361   0.422   0.396    25.4    25.2    25.3    25.3    25.1
53960 20170531  2.422  -91.87   30.09    30.0    21.1    25.6    24.7     0.0    20.36 C    38.1    20.7    27.1    94.9    64.6    84.1   0.365   0.397   0.371   0.436   0.409    26.3    25.3    25.5    25.1    25.0
53960 20170601  2.422  -91.87   30.09    29.4    20.7    25.1    24.0    13.9    17.09 C    36.0    20.4    25.3    95.9    66.7    87.6   0.393   0.416   0.391   0.438   0.434    26.9    25.9    26.3    25.5    25.2
53960 20170602  2.422  -91.87   30.09    29.5    22.1    25.8    25.1     7.3    19.55 C    36.4    21.7    26.8    96.7    65.6    85.6   0.388   0.415   0.385   0.440   0.429    27.3    26.3    26.7    25.8    25.5
53960 20170603  2.422  -91.87   30.09    30.1    23.6    26.8    26.3     3.1    20.08 C    36.2    23.3    27.7    95.5    67.6    83.1   0.388   0.418   0.388   0.443   0.438    27.8    26.7    27.1    26.1    25.7
53960 20170604  2.422  -91.87   30.09    29.3    20.2    24.7    24.3     9.7    12.75 C    34.5    19.9    25.2    92.8    66.2    84.6   0.387   0.416   0.384   0.436   0.431    27.5    26.7    27.1    26.3    25.9
53960 20170605  2.422  -91.87   30.09    27.6    21.0    24.3    23.3    34.6     8.90 C    35.8    20.7    24.4    96.3    75.0    91.2   0.409   0.433   0.404   0.451   0.453    26.4    26.2    26.4    26.1    25.8
53960 20170606  2.422  -91.87   30.09    27.3    21.3    24.3    23.0     6.4     9.96 C    34.9    20.9    23.7    97.0    73.0    91.9   0.404   0.432   0.407   0.453   0.459    26.4    26.0    26.1    25.9    25.6
53960 20170607  2.422  -91.87   30.09    29.1    17.4    23.3    23.6     0.0    24.67 C    37.3    16.4    26.5    95.8    49.4    78.1   0.382   0.414   0.384   0.448   0.436    26.9    26.1    26.4    25.8    25.6
53960 20170608  2.422  -91.87   30.09    28.4    16.4    22.4    22.4     0.0    29.14 C    37.0    15.3    25.7    95.5    37.7    67.3   0.359   0.398   0.365   0.436   0.416    26.5    26.0    26.3    25.8    25.6
53960 20170609  2.422  -91.87   30.09    29.2    16.0    22.6    22.8     0.0    24.69 C    40.1    15.1    25.8    94.5    41.4    70.1   0.343   0.388   0.356   0.430   0.405    26.3    25.8    26.1    25.7    25.5
53960 20170610  2.422  -91.87   30.09    29.4    17.9    23.7    24.2     0.0    18.84 C    37.2    17.4    26.3    96.7    55.1    76.7   0.331   0.381   0.348   0.428   0.393    26.2    25.7    26.0    25.7    25.5
53960 20170611  2.422  -91.87   30.09    31.0    20.1    25.5    25.3     8.5    19.97 C    36.8    19.6    26.6    95.7    67.5    86.3   0.324   0.374   0.342   0.424   0.383    26.9    26.0    26.4    25.7    25.6
53960 20170612  2.422  -91.87   30.09    31.0    22.9    27.0    25.8    18.8    19.73 C    36.8    21.5    27.0    94.3    66.9    86.0   0.393   0.406   0.379   0.435   0.434    27.7    26.8    27.1    26.3    26.0
53960 20170613  2.422  -91.87   30.09    30.8    22.9    26.8    26.1     0.0    13.71 C    36.7    22.6    27.4    95.7    66.7    84.4   0.387   0.414   0.383   0.445   0.432    27.7    26.9    27.1    26.5    26.1
53960 20170614  2.422  -91.87   30.09    31.7    23.6    27.7    27.1     0.0    19.67 C    38.2    23.2    29.1    95.8    62.8    82.5   0.369   0.402   0.369   0.440   0.416    28.5    27.3    27.5    26.6    26.3
53960 20170615  2.422  -91.87   30.09    31.7    22.3    27.0    26.8     0.9    22.45 C    39.0    22.1    28.9    97.2    61.1    83.1   0.356   0.394   0.359   0.433   0.407    29.0    27.7    28.0    27.0    26.5
53960 20170616  2.422  -91.87   30.09    32.9    22.5    27.7    27.2     0.0    26.50 C    39.3    22.2    29.3    97.1    52.5    78.8   0.344   0.388   0.353   0.428   0.399    29.4    28.0    28.3    27.3    26.7
53960 20170617  2.422  -91.87   30.09    31.0    22.7    26.9    26.5     0.5    13.42 C    36.6    22.3    27.4    96.3    65.3    84.5   0.335   0.383   0.345   0.427   0.388    28.8    28.0    28.2    27.4    26.8
53960 20170618  2.422  -91.87   30.09    31.5    22.8    27.2    26.3    15.7    12.43 C    38.2    21.5    27.1    95.6    63.6    86.1   0.364   0.400   0.365   0.434   0.406    28.4    27.7    28.0    27.4    26.8
53960 20170619  2.422  -91.87   30.09    31.7    22.5    27.1    27.1     0.0    22.24 C    41.3    22.3    30.2    95.5    59.5    78.4   0.375   0.408   0.376   0.442   0.416    29.1    27.9    28.1    27.4    26.9
53960 20170620  2.422  -91.87   30.09    27.6    21.9    24.8    24.3     8.9     7.76 C    30.8    21.5    24.7    95.0    73.8    87.3   0.372   0.402   0.365   0.440   0.411    28.1    27.8    28.0    27.5    26.9
53960 20170621  2.422  -91.87   30.09    30.0    21.7    25.8    25.4    25.7    16.04 C    32.9    21.2    25.8    93.5    73.4    86.2   0.425   0.443   0.419   0.461   0.458    27.0    26.8    26.6    26.7    26.5
53960 20170622  2.422  -91.87   30.09    29.5    24.4    27.0    27.1    34.5    18.44 C    32.9    23.7    27.5    91.8    71.4    84.0   0.430   0.448   0.422   0.473   0.464    27.5    26.9    26.9    26.7    26.5
53960 20170623  2.422  -91.87   30.09    30.8    26.9    28.9    28.4     0.2    20.40 C    35.0    26.6    29.7    92.5    73.7    83.4   0.391   0.420   0.390   0.460   0.438    28.7    27.5    27.7    27.0    26.7
53960 20170624  2.422  -91.87   30.09    31.9    22.5    27.2    26.3    57.5    17.55 C    39.3    22.2    28.2    96.9    67.7    88.2   0.418   0.441   0.416   0.466   0.459    28.9    28.0    28.2    27.6    27.0
53960 20170625  2.422  -91.87   30.09    31.4    22.5    26.9    25.9     0.0    21.59 C    39.4    22.2    28.3    97.1    62.6    85.1   0.395   0.424   0.397   0.464   0.449    28.9    27.9    28.1    27.6    27.0
53960 20170626  2.422  -91.87   30.09    30.9    22.0    26.4    25.2     0.0    20.97 C    39.5    21.8    27.4    95.8    62.8    81.6   0.374   0.406   0.373   0.450   0.423    29.3    28.3    28.5    27.7    27.2
53960 20170627  2.422  -91.87   30.09    29.3    22.1    25.7    25.1     0.0    15.28 C    36.2    21.7    26.8    96.0    63.3    85.2   0.364   0.399   0.364   0.440   0.415    29.0    28.2    28.6    27.8    27.3
53960 20170628  2.422  -91.87   30.09    26.2    21.4    23.8    23.7     4.8     5.87 C    29.8    20.9    24.0    96.5    76.8    90.4   0.361   0.396   0.358   0.438   0.409    27.7    27.5    27.8    27.6    27.2
53960 20170629  2.422  -91.87   30.09    28.2    23.2    25.7    25.3    72.5     6.27 C    30.8    22.8    25.5    95.3    80.3    91.4   0.431   0.450   0.423   0.468   0.463    26.7    26.5    26.6    26.8    26.7
53960 20170630  2.422  -91.87   30.09    31.1    25.7    28.4    28.0     0.0    22.99 C    37.2    25.5    29.8    94.7    62.0    82.2   0.397   0.426   0.393   0.461   0.444    28.4    27.3    27.4    27.0    26.8
53960 20170701  2.422  -91.87   30.09    31.9    23.2    27.6    27.5     0.0    26.24 C    39.6    22.7    30.1    97.2    62.2    82.6   0.373   0.406   0.371   0.450   0.421    29.5    28.2    28.5    27.5    27.2
53960 20170702  2.422  -91.87   30.09    32.6    21.9    27.2    27.4     0.0    26.11 C    42.5    21.6    31.0    97.4    53.0    78.3   0.358   0.396   0.361   0.442   0.411    29.7    28.5    28.8    27.9    27.4
53960 20170703  2.422  -91.87   30.09    32.8    22.6    27.7    27.8     0.0    26.25 C    40.2    22.3    30.4    97.0    55.1    78.6   0.345   0.389   0.353   0.436   0.398    30.1    28.8    29.2    28.2    27.7
53960 20170704  2.422  -91.87   30.09    32.1    22.3    27.2    27.3     2.7    24.37 C    38.5    22.0    29.6    96.8    56.2    80.2   0.336   0.382   0.345   0.430   0.385    30.0    28.9    29.4    28.4    27.9
53960 20170705  2.422  -91.87   30.09    33.0    23.7    28.4    28.5     0.0    26.30 C    42.4    23.3    31.5    95.6    48.3    75.9   0.326   0.377   0.337   0.428   0.371    30.4    29.1    29.6    28.5    28.0
53960 20170706  2.422  -91.87   30.09    32.5    23.1    27.8    27.8     0.0    24.87 C    41.8    22.8    31.1    96.7    58.8    79.0   0.313   0.371   0.327   0.422   0.361    30.6    29.4    29.8    28.8    28.3
53960 20170707  2.422  -91.87   30.09    32.2    22.9    27.6    26.8     1.4    18.78 C    41.9    22.6    29.3    97.1    58.7    83.0   0.303   0.364   0.319   0.424   0.357    30.2    29.3    29.7    28.9    28.3
53960 20170708  2.422  -91.87   30.09    33.1    23.1    28.1    26.4    10.3    18.09 C    41.3    22.7    28.1    96.6    53.8    85.6   0.319   0.363   0.316   0.416   0.350    29.7    29.0    29.4    28.8    28.3
53960 20170709  2.422  -91.87   30.09    31.4    22.2    26.8    25.0    16.3    15.04 C    42.1    21.9    27.1    97.2    65.7    88.0   0.370   0.392   0.350   0.432   0.389    28.9    28.6    28.9    28.5    28.1
53960 20170710  2.422  -91.87   30.09    30.1    21.7    25.9    24.3    26.6    12.14 C    39.9    21.4    25.9    97.2    68.7    91.8   0.401   0.424   0.396   0.452   0.434    28.1    27.9    28.2    28.1    27.8
53960 20170711  2.422  -91.87   30.09    31.6    22.0    26.8    25.0    11.3    13.70 C    41.7    21.6    26.7    97.4    60.5    90.3   0.409   0.434   0.402   0.457   0.448    28.1    27.7    27.9    27.8    27.6
53960 20170712  2.422  -91.87   30.09    32.3    22.8    27.5    26.9     0.0    26.17 C    40.6    22.5    29.8    97.1    59.8    82.6   0.391   0.422   0.390   0.454   0.440    29.0    28.1    28.3    27.9    27.7
53960 20170713  2.422  -91.87   30.09    33.2    22.9    28.0    25.8    35.3    18.14 C    42.0    22.4    28.1    96.7    52.2    85.7   0.399   0.425   0.396   0.454   0.438    29.3    28.5    28.9    28.3    27.9
53960 20170714  2.422  -91.87   30.09    32.1    22.3    27.2    25.4    27.6    16.31 C    42.7    22.2    27.4    97.2    62.3    89.0   0.416   0.443   0.409   0.462   0.460    28.7    28.2    28.4    28.2    27.8
53960 20170715  2.422  -91.87   30.09    32.1    22.8    27.4    26.0     0.0    22.42 C    43.8    22.7    28.7    97.2    57.0    86.3   0.396   0.427   0.395   0.461   0.449    29.1    28.3    28.5    28.1    27.9
53960 20170716  2.422  -91.87   30.09    32.2    22.6    27.4    26.4    23.6    19.78 C    40.9    22.4    28.8    97.1    56.9    85.8   0.395   0.424   0.395   0.460   0.443    29.3    28.6    28.9    28.4    28.0
53960 20170717  2.422  -91.87   30.09    30.0    23.6    26.8    26.6     0.0    17.34 C    37.7    23.4    29.1    96.3    69.5    84.9   0.397   0.427   0.395   0.459   0.453    29.2    28.6    28.8    28.4    28.0
53960 20170718  2.422  -91.87   30.09    32.6    23.0    27.8    26.5     0.0    18.55 C    42.7    22.7    29.3    96.7    61.7    84.5   0.381   0.411   0.378   0.453   0.432    29.6    28.8    29.0    28.5    28.1
53960 20170719  2.422  -91.87   30.09    33.7    22.4    28.1    26.5    11.2    19.65 C    43.9    22.3    29.0    96.6    55.8    84.9   0.394   0.418   0.387   0.453   0.440    29.8    29.0    29.2    28.6    28.3
53960 20170720  2.422  -91.87   30.09    34.4    23.0    28.7    28.2     0.0    25.03 C    44.6    22.8    32.0    97.2    50.1    78.8   0.395   0.421   0.389   0.456   0.444    30.6    29.4    29.6    28.9    28.4
53960 20170721  2.422  -91.87   30.09    34.5    24.2    29.3    27.5     0.5    23.05 C    43.9    23.9    30.3    97.0    49.6    81.6   0.373   0.406   0.371   0.447   0.427    31.1    29.8    30.2    29.2    28.7
53960 20170722  2.422  -91.87   30.09    31.6    23.0    27.3    26.3     0.0    14.51 C    40.4    23.1    28.5    95.8    60.1    83.2   0.364   0.398   0.365   0.441   0.418    30.2    29.5    29.9    29.2    28.7
53960 20170723  2.422  -91.87   30.09    27.7    22.1    24.9    24.7     4.2     8.87 C    32.1    21.4    25.1    96.8    77.1    88.9   0.373   0.397   0.362   0.439   0.413    29.0    28.8    29.0    28.8    28.5
53960 20170724  2.422  -91.87   30.09    32.5    24.7    28.6    27.7     0.0    17.86 C    36.4    24.5    29.6    94.7    60.3    80.6   0.371   0.397   0.361   0.435   0.414    29.4    28.7    29.0    28.6    28.4
53960 20170725  2.422  -91.87   30.09    32.2    24.5    28.4    27.9     0.0    16.22 C    42.5    24.3    29.9    94.7    63.9    83.3   0.363   0.392   0.357   0.431   0.409    29.9    29.0    29.3    28.7    28.4
53960 20170726  2.422  -91.87   30.09    34.4    24.2    29.3    28.3     0.0    23.50 C    44.1    23.7    31.9    96.1    48.0    78.7   0.353   0.387   0.351   0.428   0.401    30.7    29.4    29.8    28.9    28.7
53960 20170727  2.422  -91.87   30.09    34.3    21.9    28.1    28.2     0.0    26.28 C    43.2    21.5    31.4    97.7    37.9    74.8   0.339   0.380   0.342   0.425   0.389    30.8    29.6    30.1    29.2    28.8
53960 20170728  2.422  -91.87   30.09    34.4    23.1    28.7    28.7     0.0    25.30 C    41.2    22.6    31.0    97.3    45.8    76.5   0.323   0.372   0.333   0.423   0.375    30.9    29.8    30.2    29.3    28.9
53960 20170729  2.422  -91.87   30.09    30.0    24.7    27.4    27.2     0.8     8.47 C    33.1    24.4    28.0    95.8    70.3    87.1   0.315   0.366   0.326   0.422   0.365    30.3    29.7    30.0    29.4    28.9
53960 20170730  2.422  -91.87   30.09    31.7    21.6    26.6    26.6     0.0    24.89 C    40.8    20.9    29.7    96.3    48.1    75.9   0.308   0.362   0.321   0.413   0.356    30.4    29.5    29.8    29.2    28.8
53960 20170731  2.422  -91.87   30.09    33.3    20.8    27.0    26.7     0.0    23.23 C    41.2    19.9    29.0    96.3    43.5    73.7   0.293   0.354   0.311   0.412   0.344    29.9    29.2    29.5    29.1    28.7
53960 20170801  2.422  -91.87   30.09    32.2    23.0    27.6    27.0     0.0    20.93 C    38.7    22.5    29.1    95.7    48.2    73.9   0.278   0.346   0.301   0.409   0.331    29.8    29.1    29.5    29.1    28.7
53960 20170802  2.422  -91.87   30.09    30.5    21.7    26.1    25.8     0.3    12.03 C    38.5    21.2    27.0    96.6    54.2    84.5   0.271   0.338   0.293   0.406   0.321    29.2    28.9    29.1    28.9    28.6
53960 20170803  2.422  -91.87   30.09    29.6    23.8    26.7    25.2    16.0    10.38 C    37.7    23.4    26.0    94.3    72.1    90.0   0.299   0.344   0.294   0.403   0.329    28.9    28.6    28.9    28.7    28.5
53960 20170804  2.422  -91.87   30.09    31.5    23.9    27.7    26.8     0.0    18.60 C    42.0    23.7    29.4    96.2    61.3    84.2   0.326   0.352   0.301   0.399   0.338    29.5    28.7    29.0    28.6    28.5
53960 20170805  2.422  -91.87   30.09    32.8    22.8    27.8    26.6    22.9    19.72 C    41.2    22.5    29.1    97.0    59.2    84.7   0.333   0.362   0.318   0.407   0.359    29.7    28.9    29.3    28.7    28.5
53960 20170806  2.422  -91.87   30.09    31.0    23.0    27.0    26.9    30.3    14.96 C    36.3    22.4    28.1    97.1    64.1    85.7   0.398   0.412   0.386   0.447   0.435    28.8    28.5    28.7    28.5    28.3
53960 20170807  2.422  -91.87   30.09    31.1    23.7    27.4    26.6    60.7    15.06 C    38.9    23.1    27.7    95.4    71.2    86.8   0.423   0.438   0.405   0.457   0.449    29.1    28.5    28.7    28.5    28.3
53960 20170808  2.422  -91.87   30.09    31.0    22.8    26.9    26.3     0.3    17.31 C    40.9    22.6    28.4    97.5    63.0    88.1   0.410   0.433   0.396   0.457   0.443    29.1    28.4    28.6    28.4    28.2
53960 20170809  2.422  -91.87   30.09    30.1    24.0    27.0    26.0     7.2     9.85 C    36.4    23.4    27.6    95.4    77.9    90.4   0.410   0.431   0.396   0.455   0.442    29.2    28.7    28.9    28.6    28.3
53960 20170810  2.422  -91.87   30.09    32.1    23.8    28.0    27.2     0.0    16.24 C    40.2    23.5    29.5    95.7    59.9    86.5   0.399   0.420   0.384   0.450   0.435    29.5    28.7    29.0    28.5    28.3
53960 20170811  2.422  -91.87   30.09    32.1    24.0    28.1    27.5     0.8    18.95 C    38.6    23.8    29.3    96.9    66.6    85.5   0.386   0.408   0.373   0.444   0.423    29.8    29.0    29.3    28.7    28.5
53960 20170812  2.422  -91.87   30.09    32.7    22.8    27.7    25.7    34.4    11.10 C    39.9    22.4    26.4    96.6    62.6    89.8   0.409   0.428   0.395   0.452   0.444    29.4    29.0    29.1    28.8    28.5
53960 20170813  2.422  -91.87   30.09    32.6    22.6    27.6    27.3     0.0    19.49 C    41.5    22.4    29.8    96.6    63.1    84.1   0.407   0.431   0.394   0.458   0.450    29.3    28.6    28.8    28.6    28.4
53960 20170814  2.422  -91.87   30.09    33.6    24.2    28.9    27.2    37.8    18.49 C    39.9    22.7    28.5    97.2    52.7    83.7   0.406   0.426   0.396   0.462   0.444    29.5    28.9    29.1    28.8    28.5
53960 20170815  2.422  -91.87   30.09    30.7    24.1    27.4    25.9     2.8     8.40 C    36.4    23.8    26.8    96.3    70.4    90.3   0.417   0.434   0.401   0.461   0.460    28.8    28.6    28.7    28.7    28.3
53960 20170816  2.422  -91.87   30.09    31.8    24.2    28.0    27.3     0.8    13.58 C    38.5    24.0    28.4    95.9    63.5    86.0   0.409   0.424   0.392   0.459   0.451    29.0    28.4    28.6    28.4    28.3
53960 20170817  2.422  -91.87   30.09    34.0    24.3    29.1    28.7     0.0    23.12 C    40.6    24.1    31.0    96.5    52.2    79.3   0.394   0.412   0.378   0.452   0.433    29.8    28.8    29.1    28.5    28.4
53960 20170818  2.422  -91.87   30.09    33.9    23.1    28.5    28.3     0.0    22.47 C    43.0    22.8    31.4    97.4    47.7    79.2   0.379   0.402   0.366   0.443   0.421    30.4    29.3    29.6    28.9    28.6
53960 20170819  2.422  -91.87   30.09    34.1    22.7    28.4    27.8     0.0    22.66 C    44.9    22.4    31.2    97.1    53.6    80.6   0.366   0.394   0.359   0.436   0.410    30.7    29.6    29.9    29.2    28.8
53960 20170820  2.422  -91.87   30.09    33.5    22.1    27.8    26.9     0.0    23.92 C    42.2    21.7    30.0    96.6    52.5    79.6   0.353   0.387   0.350   0.430   0.398    30.6    29.6    30.0    29.3    28.9
53960 20170821  2.422  -91.87   30.09    32.7    22.5    27.6    27.0     0.0    20.06 C    41.0    22.1    29.6    95.9    54.1    80.3   0.339   0.379   0.342   0.429   0.382    30.3    29.5    29.9    29.3    28.9
53960 20170822  2.422  -91.87   30.09    32.6    22.5    27.6    25.3     4.8    14.79 C    43.2    22.2    27.1    96.6    57.2    88.2   0.333   0.372   0.334   0.426   0.372    29.9    29.4    29.6    29.3    28.9
53960 20170823  2.422  -91.87   30.09    32.6    21.1    26.8    26.5     0.0    22.17 C    41.6    20.9    29.6    97.3    54.0    81.2   0.333   0.370   0.331   0.424   0.366    29.8    29.2    29.3    29.0    28.8
53960 20170824  2.422  -91.87   30.09    32.3    23.9    28.1    26.7     0.4    18.07 C    38.5    23.5    28.3    95.9    63.9    84.8   0.325   0.366   0.326   0.422   0.360    30.2    29.5    29.7    29.2    28.9
53960 20170825  2.422  -91.87   30.09    28.1    24.2    26.2    25.6     6.9     5.85 C    30.8    23.8    25.9    95.5    75.4    88.8   0.323   0.364   0.321   0.418   0.353    29.2    29.0    29.3    29.1    28.7
53960 20170826  2.422  -91.87   30.09    31.6    24.3    28.0    26.6     3.6    12.95 C    36.1    23.4    27.5    95.6    68.1    87.9   0.343   0.366   0.322   0.414   0.352    29.2    28.8    28.9    28.8    28.6
53960 20170827  2.422  -91.87   30.09    26.9    23.4    25.1    24.9    41.8     2.66 C    27.6    23.1    24.7    95.3    89.4    93.3   0.386   0.408   0.370   0.437   0.396    28.3    28.2    28.4    28.5    28.2
53960 20170828  2.422  -91.87   30.09    24.5    23.1    23.8    23.8    83.3     4.76 C    25.6    22.7    23.6    95.5    86.9    92.5   0.443   0.459   0.422   0.477   0.457    26.6    26.8    26.8    27.2    27.3
53960 20170829  2.422  -91.87   30.09    27.3    23.0    25.2    24.7    65.7    10.56 C    30.3    22.6    24.7    94.6    84.7    92.2   0.445   0.463   0.424   0.477   0.463    26.5    26.3    26.4    26.7    26.9
53960 20170830  2.422  -91.87   30.09    27.5    23.9    25.7    25.3     6.0    12.15 C    31.2    23.8    25.6    93.3    74.4    84.1   0.431   0.450   0.415   0.474   0.458    26.9    26.5    26.7    26.9    27.1
53960 20170831  2.422  -91.87   30.09    29.3    22.3    25.8    25.4     6.1    14.00 C    33.0    22.0    26.1    95.4    63.5    79.2   0.407   0.425   0.396   0.465   0.437    26.7    26.4    26.6    26.9    27.0
53960 20170901  2.422  -91.87   30.09    30.6    21.3    25.9    25.2     0.0    20.08 C    40.7    20.9    28.6    97.5    56.4    83.1   0.406   0.424   0.397   0.463   0.440    27.6    26.9    27.0    27.1    27.1
53960 20170902  2.422  -91.87   30.09    30.9    20.6    25.8    25.3     0.0    21.77 C    42.5    20.1    29.0    97.7    46.5    81.0   0.387   0.408   0.378   0.455   0.421    28.0    27.4    27.5    27.3    27.2
53960 20170903  2.422  -91.87   30.09    30.9    20.9    25.9    25.5     0.0    19.68 C    41.0    20.5    28.4    96.8    52.6    79.8   0.374   0.399   0.369   0.449   0.411    28.2    27.6    27.7    27.5    27.4
53960 20170904  2.422  -91.87   30.09    31.3    20.9    26.1    25.9     0.0    19.72 C    40.4    20.5    28.6    96.6    57.2    81.3   0.359   0.393   0.362   0.441   0.399    28.5    27.8    27.9    27.8    27.5
53960 20170905  2.422  -91.87   30.09    31.9    21.8    26.9    25.8     5.6    17.90 C    43.5    21.6    28.7    97.0    52.2    83.1   0.367   0.392   0.357   0.438   0.386    28.7    28.0    28.1    27.9    27.6
53960 20170906  2.422  -91.87   30.09    26.9    16.4    21.6    22.4     0.0    19.52 C    34.5    15.1    24.6    94.3    44.0    74.9   0.367   0.392   0.356   0.433   0.384    28.1    27.6    28.0    27.8    27.6
53960 20170907  2.422  -91.87   30.09    26.8    14.5    20.7    20.3     0.0    23.88 C    34.1    13.2    22.4    94.7    42.7    72.4   0.354   0.387   0.351   0.431   0.378    26.5    26.4    26.8    27.3    27.2
53960 20170908  2.422  -91.87   30.09    27.4    14.3    20.8    20.6     0.0    24.35 C    34.4    13.2    22.8    94.7    41.5    71.7   0.343   0.381   0.344   0.428   0.368    26.0    25.9    26.2    26.9    26.9
53960 20170909  2.422  -91.87   30.09    28.7    15.3    22.0    21.5     0.0    21.17 C    34.6    14.0    23.6    95.8    48.2    75.6   0.334   0.376   0.337   0.427   0.357    25.9    25.6    25.9    26.5    26.7
53960 20170910  2.422  -91.87   30.09    29.0    17.4    23.2    23.0     0.0    22.62 C    36.1    15.9    25.1    92.2    49.3    68.8   0.325   0.371   0.329   0.420   0.348    26.3    25.8    26.1    26.4    26.6
53960 20170911  2.422  -91.87   30.09    27.9    16.8    22.3    21.9     0.0    22.59 C    34.8    16.0    24.4    91.3    42.3    67.2   0.314   0.364   0.321   0.417   0.338    26.4    25.9    26.2    26.5    26.5
53960 20170912  2.422  -91.87   30.09    28.1    14.8    21.4    21.0     0.0    22.66 C    35.8    14.0    23.5    93.9    40.3    70.0   0.302   0.358   0.312   0.412   0.326    25.9    25.6    25.8    26.3    26.4
53960 20170913  2.422  -91.87   30.09    29.9    16.3    23.1    23.2     0.0    19.94 C    35.4    15.9    24.7    96.0    51.3    76.0   0.291   0.352   0.304   0.410   0.315    25.9    25.5    25.7    26.2    26.2
53960 20170914  2.422  -91.87   30.09    30.2    17.7    24.0    23.7     0.0    22.20 C    40.4    17.3    26.4    97.9    45.8    76.5   0.280   0.344   0.294   0.404   0.304    26.4    25.9    26.0    26.2    26.3
53960 20170915  2.422  -91.87   30.09    31.7    18.6    25.1    24.7     0.0    17.28 C    40.6    18.0    27.0    96.8    50.5    80.3   0.272   0.338   0.285   0.402   0.290    26.8    26.1    26.3    26.4    26.3
53960 20170916  2.422  -91.87   30.09    30.6    20.4    25.5    25.1     0.7    12.93 C    39.2    20.1    26.6    98.1    65.2    88.4   0.266   0.333   0.278   0.398   0.282    27.1    26.4    26.6    26.6    26.4
53960 20170917  2.422  -91.87   30.09    32.2    21.5    26.8    25.7     0.0    17.80 C    44.3    21.4    28.5   100.0    54.0    85.8   0.261   0.328   0.273   0.392   0.274    27.6    26.8    26.9    26.8    26.6
53960 20170918  2.422  -91.87   30.09    32.8    21.1    26.9    26.3     0.0    20.63 C    41.9    20.9    29.0   100.0    50.0    82.2   0.252   0.320   0.265   0.392   0.264    28.1    27.3    27.3    27.1    26.8
53960 20170919  2.422  -91.87   30.09    32.6    21.4    27.0    26.7     0.0    17.87 C    40.5    21.3    28.8    97.5    53.1    80.4   0.241   0.311   0.257   0.387   0.252    28.2    27.5    27.5    27.2    27.0
53960 20170920  2.422  -91.87   30.09    32.1    22.3    27.2    26.6     0.0    15.18 C    39.2    22.1    28.2    96.7    54.5    81.0   0.233   0.302   0.248   0.383   0.242    28.2    27.5    27.6    27.4    27.1
53960 20170921  2.422  -91.87   30.09    32.5    20.7    26.6    25.3     0.0    17.62 C    40.9    20.2    27.8    96.8    48.3    81.9   0.225   0.291   0.241   0.381   0.233    28.0    27.4    27.5    27.4    27.1
53960 20170922  2.422  -91.87   30.09    33.0    20.9    26.9    26.0     0.0    19.36 C    41.5    20.5    28.4    97.6    47.5    78.5   0.217   0.278   0.231   0.378   0.223    27.9    27.3    27.4    27.3    27.1
53960 20170923  2.422  -91.87   30.09    32.5    20.1    26.3    25.0     0.0    18.14 C    41.2    19.7    26.8    97.4    47.1    80.6   0.208   0.265   0.222   0.374   0.213    27.8    27.3    27.4    27.3    27.1
53960 20170924  2.422  -91.87   30.09    31.8    19.8    25.8    24.8     0.0    18.39 C    38.4    19.2    26.4    96.8    49.2    78.5   0.201   0.254   0.213   0.370   0.204    27.4    26.9    27.1    27.2    26.9
53960 20170925  2.422  -91.87   30.09    31.3    19.5    25.4    24.9     0.0    17.11 C    39.1    19.0    26.8    97.4    53.0    78.2   0.195   0.245   0.205   0.365   0.197    27.2    26.8    26.9    27.1    26.9
53960 20170926  2.422  -91.87   30.09    31.9    19.7    25.8    24.9     0.0    17.51 C    42.4    19.3    27.4    97.6    48.7    82.2   0.191   0.239   0.200   0.361   0.193    27.3    26.8    26.9    27.0    26.8
53960 20170927  2.422  -91.87   30.09    32.6    20.9    26.7    26.2     0.4    18.28 C    42.4    20.5    28.9    97.7    47.8    79.6   0.186   0.233   0.194   0.355   0.188    27.8    27.1    27.2    27.1    26.9
53960 20170928  2.422  -91.87   30.09    32.6    21.5    27.1    26.5     0.0    18.89 C    40.2    21.1    28.9    97.5    44.9    77.4   0.183   0.227   0.190   0.349   0.185    28.1    27.5    27.5    27.3    27.0
53960 20170929  2.422  -91.87   30.09    32.3    20.2    26.3    25.8     0.0    18.35 C    38.4    19.6    27.9    94.8    47.3    70.6   0.179   0.222   0.187   0.346   0.180    27.8    27.3    27.4    27.3    27.0
53960 20170930  2.422  -91.87   30.09    31.7    17.6    24.6    24.3     0.0    19.73 C    40.4    16.7    27.3    90.0    41.6    69.6   0.175   0.218   0.183   0.344   0.177    27.3    26.9    27.0    27.1    26.9
53960 20171001  2.422  -91.87   30.09    31.7    20.6    26.1    24.7     3.9    12.09 C    37.6    19.8    25.4    91.9    56.3    82.6   0.174   0.216   0.180   0.336   0.175    27.1    26.8    26.9    27.0    26.8
53960 20171002  2.422  -91.87   30.09    29.2    21.4    25.3    24.1     0.9     8.43 C    33.3    21.3    24.6    94.2    69.6    86.2   0.177   0.217   0.180   0.335   0.176    26.8    26.5    26.7    26.9    26.7
53960 20171003  2.422  -91.87   30.09    31.7    21.2    26.4    26.3     0.0    14.85 C    35.9    20.3    27.1    92.2    54.1    78.0   0.177   0.217   0.180   0.333   0.177    27.3    26.7    26.9    26.9    26.7
53960 20171004  2.422  -91.87   30.09    30.5    19.1    24.8    24.1     0.0    17.89 C    36.0    18.3    25.6    95.5    45.4    75.3   0.174   0.215   0.178   0.331   0.176    26.8    26.4    26.7    26.8    26.6
53960 20171005  2.422  -91.87   30.09    30.5    17.8    24.1    23.0     0.0    19.12 C    36.5    17.1    24.6    96.5    41.5    74.9   0.171   0.212   0.177   0.327   0.172    26.2    26.0    26.3    26.6    26.4
53960 20171006  2.422  -91.87   30.09    31.1    17.0    24.1    24.2     0.0    18.34 C    35.6    16.2    25.7    97.2    46.4    74.3   0.168   0.209   0.174   0.324   0.169    25.8    25.7    25.8    26.3    26.3
53960 20171007  2.422  -91.87   30.09    31.0    22.6    26.8    25.2     2.3     9.49 C    37.2    22.3    25.6    95.9    65.7    89.5   0.169   0.210   0.174   0.322   0.170    26.7    26.2    26.4    26.4    26.4
53960 20171008  2.422  -91.87   30.09    33.1    20.4    26.7    26.1     0.0    18.44 C    42.4    20.2    28.7    97.7    53.0    82.7   0.170   0.209   0.174   0.317   0.169    27.2    26.6    26.7    26.5    26.5
53960 20171009  2.422  -91.87   30.09    29.8    22.9    26.4    25.2    28.1     8.97 C    40.2    22.8    25.8    97.5    75.4    92.8   0.232   0.256   0.185   0.327   0.239    27.3    26.8    27.0    26.8    26.6
53960 20171010  2.422  -91.87   30.09    32.2    22.9    27.5    26.4     9.6    14.26 C    40.7    22.7    28.5    98.3    56.1    86.2   0.323   0.328   0.242   0.349   0.362    27.6    27.0    27.0    26.9    26.7
53960 20171011  2.422  -91.87   30.09    30.6    19.7    25.1    24.3     0.0    17.56 C    38.8    19.4    27.0    95.1    60.9    78.9   0.296   0.312   0.245   0.346   0.336    27.4    26.9    27.1    27.0    26.7
53960 20171012  2.422  -91.87   30.09    31.2    20.2    25.7    24.8     0.0    16.51 C    40.4    19.8    27.5    92.5    55.5    77.9   0.277   0.301   0.241   0.345   0.323    27.1    26.7    26.9    26.9    26.7
53960 20171013  2.422  -91.87   30.09    31.5    19.6    25.6    24.9     0.0    17.87 C    39.9    18.7    27.4    94.6    48.3    76.8   0.262   0.291   0.237   0.340   0.314    27.0    26.6    26.7    26.8    26.6
53960 20171014  2.422  -91.87   30.09    32.1    20.4    26.3    25.8     1.5    17.68 C    38.2    19.8    27.4    97.2    43.7    78.5   0.247   0.281   0.232   0.338   0.305    26.9    26.5    26.6    26.7    26.6
53960 20171015  2.422  -91.87   30.09    31.8    21.3    26.5    25.7     0.0    14.12 C    39.8    21.0    27.8    96.9    56.0    82.1   0.236   0.274   0.227   0.335   0.298    27.1    26.6    26.7    26.8    26.6
53960 20171016  2.422  -91.87   30.09    23.7    14.2    18.9    19.0     0.0    17.27 C    29.7    13.3    20.6    83.8    33.9    56.1   0.226   0.265   0.221   0.331   0.290    25.5    25.6    26.2    26.5    26.4
53960 20171017  2.422  -91.87   30.09    24.7     8.7    16.7    16.1     0.0    18.65 C    32.0     7.0    18.1    95.9    34.5    68.6   0.213   0.255   0.215   0.334   0.281    23.3    23.7    24.3    25.5    25.7
53960 20171018  2.422  -91.87   30.09    27.3    11.8    19.5    19.3     0.0    18.13 C    35.2    10.8    21.1    97.4    45.9    76.3   0.204   0.248   0.210   0.329   0.271    22.9    23.2    23.5    24.8    25.1
53960 20171019  2.422  -91.87   30.09    28.1    12.2    20.2    20.6     0.0    15.55 C    33.2    11.3    22.0    98.4    50.6    77.6   0.198   0.241   0.204   0.330   0.262    23.0    23.2    23.4    24.5    24.8
53960 20171020  2.422  -91.87   30.09    26.1    18.9    22.5    22.5     0.0     7.49 C    28.2    18.5    22.9    93.2    67.2    83.0   0.193   0.238   0.199   0.332   0.257    23.8    23.7    23.9    24.5    24.8
53960 20171021  2.422  -91.87   30.09    30.0    21.5    25.7    23.9    28.7     9.50 C    34.6    20.9    24.4    96.6    69.8    89.2   0.223   0.265   0.199   0.331   0.260    24.8    24.4    24.5    24.7    24.9
53960 20171022  2.422  -91.87   30.09    24.3    13.0    18.6    19.2    54.5     5.64 C    29.1    12.5    19.3    96.3    72.0    87.5   0.407   0.412   0.392   0.429   0.423    23.6    23.7    23.8    24.3    24.5
53960 20171023  2.422  -91.87   30.09    22.9    10.5    16.7    16.0     0.0    18.10 C    30.2     9.3    18.4    97.2    31.6    74.7   0.369   0.394   0.365   0.420   0.405    22.1    22.5    22.9    23.9    24.2
53960 20171024  2.422  -91.87   30.09    23.1    10.6    16.8    16.3     0.0    17.92 C    29.9     9.4    17.9    96.5    21.2    54.7   0.348   0.379   0.352   0.408   0.387    20.9    21.4    21.9    23.3    23.7
53960 20171025  2.422  -91.87   30.09    21.0     4.3    12.7    12.6     0.0    17.99 C    27.3     3.3    14.4    91.4    24.4    59.8   0.334   0.368   0.343   0.401   0.371    19.5    20.1    20.8    22.5    23.1
53960 20171026  2.422  -91.87   30.09    24.8     6.9    15.8    16.4     0.0    17.42 C    30.6     5.6    17.9    96.3    31.2    72.1   0.324   0.362   0.337   0.399   0.360    19.4    19.7    20.1    21.8    22.6
53960 20171027  2.422  -91.87   30.09    26.9     9.8    18.3    17.9    34.3    10.07 C    31.5     9.3    18.5    96.4    53.4    85.2   0.353   0.383   0.359   0.409   0.379    20.4    20.4    20.7    21.7    22.3
53960 20171028  2.422  -91.87   30.09    15.0     5.9    10.5    10.0     0.3    16.86 C    21.1     4.5    11.7    91.9    40.7    69.3   0.391   0.416   0.388   0.435   0.424    19.3    19.7    20.2    21.3    22.0
53960 20171029  2.422  -91.87   30.09    17.8     2.1    10.0     9.9     0.0    17.48 C    24.4     1.4    11.9    89.5    21.5    59.8   0.363   0.391   0.366   0.430   0.403    17.5    18.2    18.8    20.6    21.4
53960 20171030  2.422  -91.87   30.09    23.7     5.4    14.5    14.9     0.0    15.34 C    29.1     4.0    16.1    96.2    39.6    71.3   0.352   0.382   0.356   0.424   0.393    17.6    18.0    18.4    20.1    20.9
53960 20171031  2.422  -91.87   30.09    25.0    10.6    17.8    17.9     0.0    15.09 C    31.7     9.9    19.6    94.8    40.8    72.1   0.345   0.377   0.350   0.413   0.385    18.7    18.7    19.0    20.2    20.9
53960 20171101  2.422  -91.87   30.09    23.9    16.6    20.3    20.8    55.0     1.60 C    25.0    16.0    20.3    95.5    73.9    87.4   0.381   0.412   0.377   0.429   0.409    19.7    19.6    19.7    20.4    20.9
53960 20171102  2.422  -91.87   30.09    28.4    21.6    25.0    24.1     0.0    11.72 C    32.7    21.2    25.1    92.6    67.4    84.1   0.382   0.409   0.381   0.440   0.423    21.5    20.9    20.8    21.0    21.3
53960 20171103  2.422  -91.87   30.09    28.7    20.2    24.4    23.6     0.0    14.22 C    35.8    19.9    25.4    96.5    61.4    84.1   0.366   0.395   0.366   0.431   0.409    22.5    21.9    21.8    21.7    21.8
53960 20171104  2.422  -91.87   30.09    28.1    20.0    24.1    23.0     6.9     9.43 C    35.4    19.7    23.9    97.7    67.7    89.3   0.380   0.403   0.370   0.429   0.418    23.1    22.5    22.4    22.3    22.2
53960 20171105  2.422  -91.87   30.09    28.4    20.7    24.6    23.6     0.0    12.06 C    33.5    20.4    24.9    97.0    62.9    85.4   0.378   0.400   0.373   0.435   0.418    23.4    22.8    22.8    22.7    22.5
53960 20171106  2.422  -91.87   30.09    29.0    19.6    24.3    23.7     0.0    13.60 C    35.8    19.1    25.0    98.2    61.9    86.4   0.366   0.389   0.363   0.428   0.410    23.7    23.2    23.1    23.0    22.8
53960 20171107  2.422  -91.87   30.09    28.5    19.7    24.1    23.2     0.0     9.48 C    34.0    19.6    24.3   100.0    55.5    87.2   0.359   0.384   0.357   0.424   0.403    23.6    23.2    23.3    23.2    22.9
53960 20171108  2.422  -91.87   30.09    21.6    14.0    17.8    17.5     0.0     4.78 C    22.1    14.0    18.1    97.7    76.7    87.5   0.355   0.379   0.355   0.422   0.399    22.9    22.7    23.0    23.1    23.0
53960 20171109  2.422  -91.87   30.09    15.8     8.4    12.1    12.3     0.7     6.10 C    20.6     7.6    12.7    97.9    73.5    86.2   0.352   0.377   0.352   0.420   0.393    21.1    21.3    21.9    22.6    22.7
53960 20171110  2.422  -91.87   30.09    20.6     7.7    14.1    13.1     0.0    15.49 C    27.0     6.4    14.2    97.8    37.0    72.7   0.345   0.372   0.349   0.416   0.388    19.2    19.7    20.3    21.6    21.9
53960 20171111  2.422  -91.87   30.09    23.0     7.9    15.5    14.9     0.0    14.97 C    29.8     6.2    16.5    96.0    45.0    75.4   0.342   0.368   0.345   0.417   0.381    18.6    19.0    19.4    20.9    21.4
53960 20171112  2.422  -91.87   30.09    26.0    13.2    19.6    19.0     0.0    12.56 C    34.1    12.3    20.4    97.3    56.3    82.3   0.339   0.364   0.342   0.414   0.375    19.7    19.6    19.8    20.7    21.3
53960 20171113  2.422  -91.87   30.09    24.2    13.9    19.1    18.2     0.0    13.61 C    31.1    12.9    19.3    97.1    54.2    78.5   0.334   0.360   0.339   0.412   0.370    20.1    20.0    20.2    20.9    21.2
53960 20171114  2.422  -91.87   30.09    22.7    11.4    17.1    15.9     0.0    14.14 C    29.3    10.0    17.3    96.9    45.2    77.9   0.328   0.355   0.335   0.412   0.365    19.5    19.7    19.9    20.8    21.1
53960 20171115  2.422  -91.87   30.09    24.5     9.6    17.0    16.5     0.0    12.22 C    33.6     8.8    18.1    97.8    51.1    82.0   0.323   0.351   0.331   0.406   0.359    18.9    19.2    19.4    20.5    20.9
53960 20171116  2.422  -91.87   30.09    25.7    11.2    18.5    17.5     0.0    12.40 C    33.6    10.6    19.2    99.2    49.1    82.9   0.319   0.347   0.328   0.403   0.355    19.3    19.3    19.5    20.4    20.7
53960 20171117  2.422  -91.87   30.09    25.2    12.4    18.8    19.4     0.0    12.14 C    30.4    11.3    20.3    98.2    54.2    81.9   0.314   0.345   0.324   0.402   0.350    19.6    19.6    19.7    20.5    20.8
53960 20171118  2.422  -91.87   30.09    26.9    14.9    20.9    22.1     1.4     8.49 C    29.9    14.5    22.6    90.9    51.6    75.5   0.311   0.341   0.321   0.400   0.347    20.7    20.3    20.4    20.7    21.0
53960 20171119  2.422  -91.87   30.09    16.9     4.7    10.8    11.6     0.0    14.83 C    23.2     3.4    13.0    86.0    26.8    51.9   0.306   0.337   0.318   0.398   0.344    19.0    19.3    19.8    20.6    20.8
53960 20171120  2.422  -91.87   30.09    16.5     3.5    10.0     9.5     0.0    12.12 C    24.2     2.6    10.6    94.8    31.7    66.2   0.300   0.331   0.313   0.396   0.338    16.8    17.5    18.0    19.7    20.1
53960 20171121  2.422  -91.87   30.09    21.7     6.3    14.0    13.9     1.8     5.72 C    26.1     5.4    13.9    95.7    58.9    84.1   0.297   0.328   0.311   0.393   0.336    16.9    17.3    17.6    19.1    19.7
53960 20171122  2.422  -91.87   30.09    18.9     7.2    13.0    13.4     0.8    13.11 C    25.3     6.2    14.8    93.0    50.8    69.0   0.298   0.327   0.310   0.393   0.333    17.7    17.8    18.1    19.1    19.7
53960 20171123  2.422  -91.87   30.09    15.7     1.6     8.7     7.8     0.0    13.86 C    23.2     0.0     9.7    87.8    27.6    62.7   0.291   0.324   0.307   0.390   0.332    15.9    16.6    17.1    18.6    19.3
53960 20171124  2.422  -91.87   30.09    18.5     0.8     9.7     8.7     0.0    14.21 C    27.4    -1.0    10.7    96.8    22.0    67.1   0.288   0.320   0.304   0.388   0.328    14.6    15.4    15.8    17.8    18.6
53960 20171125  2.422  -91.87   30.09    22.9     3.5    13.2    12.9     0.0    13.43 C    32.1     2.6    15.1    96.9    42.4    77.0   0.286   0.317   0.302   0.388   0.325    14.9    15.4    15.7    17.4    18.2
53960 20171126  2.422  -91.87   30.09    22.0     7.8    14.9    13.4     0.0    13.46 C    29.4     5.8    14.9    98.0    36.8    70.6   0.283   0.315   0.299   0.385   0.324    15.4    15.8    16.0    17.4    18.1
53960 20171127  2.422  -91.87   30.09    20.6     3.4    12.0    11.6     0.0    14.04 C    28.9     1.6    12.9    96.4    24.5    63.1   0.279   0.312   0.297   0.383   0.320    14.6    15.2    15.5    17.2    17.8
53960 20171128  2.422  -91.87   30.09    25.1     4.5    14.8    14.8     0.0    11.03 C    30.1     3.1    15.3    94.9    50.4    76.0   0.276   0.309   0.293   0.383   0.318    14.8    15.2    15.3    16.8    17.6
53960 20171129  2.422  -91.87   30.09    26.8    13.9    20.3    19.4     0.0     9.21 C    33.9    13.2    20.4    96.2    61.4    86.4   0.276   0.307   0.292   0.383   0.316    17.0    16.7    16.6    17.3    17.9
53960 20171130  2.422  -91.87   30.09    23.6    11.4    17.5    18.1     5.3     9.40 C    31.4    10.4    19.6    98.7    43.9    79.6   0.282   0.308   0.291   0.381   0.317    18.2    17.9    17.8    18.1    18.3
53960 20171201  2.422  -91.87   30.09    22.3     9.1    15.7    14.5     0.0    12.83 C    30.1     8.1    16.5    98.2    47.9    81.8   0.282   0.308   0.292   0.378   0.316    16.9    17.1    17.2    18.1    18.3
53960 20171202  2.422  -91.87   30.09    21.4     7.8    14.6    13.1     0.0     9.07 C    29.0     6.9    14.0    99.0    60.6    90.5   0.280   0.307   0.290   0.377   0.313    16.2    16.5    16.6    17.8    18.1
53960 20171203  2.422  -91.87   30.09    22.2     9.4    15.8    14.7     0.0     8.82 C    27.1     8.8    15.4   100.0    51.6    88.6   0.278   0.306   0.289   0.375   0.313    16.6    16.7    16.8    17.7    18.0
53960 20171204  2.422  -91.87   30.09    26.0    15.2    20.6    20.2     0.0     7.96 C    29.4    14.8    20.8    95.7    63.6    84.9   0.278   0.305   0.289   0.376   0.313    17.9    17.6    17.5    18.0    18.3
53960 20171205  2.422  -91.87   30.09    27.5     8.3    17.9    18.4    38.7     7.32 C    31.2     7.9    18.9    97.2    67.0    89.0   0.333   0.344   0.335   0.402   0.361    19.1    18.8    18.6    18.7    18.7
53960 20171206  2.422  -91.87   30.09     8.3     5.0     6.6     6.2    53.6     2.65 C     7.9     4.4     5.8    93.2    77.4    87.9   0.421   0.415   0.408   0.451   0.434    15.1    15.8    15.7    17.0    17.4
53960 20171207  2.422  -91.87   30.09     6.6     3.5     5.1     5.6    21.0     1.09 C     6.2     3.1     5.1    93.8    85.4    90.6   0.420   0.418   0.407   0.447   0.435    13.9    14.6    14.6    16.1    17.0
53960 20171208  2.422  -91.87   30.09     3.5    -0.2     1.7     1.6    13.1     1.79 C     3.1    -1.0     1.3    97.4    78.7    90.4   0.427   0.427   0.410   0.450   0.439    11.8    12.9    12.9    14.8    16.0
53960 20171209  2.422  -91.87   30.09    12.2    -2.2     5.0     4.2     0.0    13.30 C    17.1    -4.3     5.0    96.7    38.7    75.0   0.394   0.400   0.391   0.447   0.426    10.9    11.9    12.1    14.4    15.6
53960 20171210  2.422  -91.87   30.09    16.2     0.2     8.2     7.0     0.0    13.22 C    22.9    -1.0     8.6    98.4    25.6    69.8   0.377   0.384   0.377   0.442   0.413    11.0    11.8    11.9    14.1    15.2
53960 20171211  2.422  -91.87   30.09    21.3     1.4    11.4    10.9     0.0    12.83 C    25.3     0.4    11.2    96.7    28.9    70.0   0.368   0.377   0.367   0.436   0.406    11.3    11.9    11.9    13.9    14.9
53960 20171212  2.422  -91.87   30.09    16.8     4.9    10.9    11.3     0.0    13.21 C    23.7     3.1    12.9    87.0    33.7    58.7   0.362   0.373   0.362   0.435   0.402    12.5    12.7    12.8    14.1    15.0
53960 20171213  2.422  -91.87   30.09    15.9    -1.1     7.4     7.9     0.0    11.93 C    19.7    -2.1     8.8    97.6    35.8    71.5   0.357   0.368   0.358   0.431   0.398    11.5    12.1    12.3    14.0    14.7
53960 20171214  2.422  -91.87   30.09    18.6     3.2    10.9    10.8     0.0     8.55 C    23.9     2.2    11.4    99.5    39.7    80.4   0.354   0.366   0.355   0.430   0.396    12.1    12.4    12.5    13.9    14.7
53960 20171215  2.422  -91.87   30.09    10.8     5.6     8.2     8.4     0.3     2.82 C    10.8     4.9     8.4    85.7    56.4    69.3   0.354   0.364   0.354   0.425   0.394    12.6    12.8    13.0    14.1    14.8
53960 20171216  2.422  -91.87   30.09    16.6     5.4    11.0    11.0     0.0    10.63 C    20.3     4.8    11.9    84.7    32.4    59.8   0.352   0.363   0.353   0.422   0.391    12.7    12.9    12.9    14.1    14.8
53960 20171217  2.422  -91.87   30.09    20.6    14.7    17.7    17.8    32.7     2.39 C    20.6    14.6    17.8    97.9    84.9    93.8   0.403   0.407   0.395   0.442   0.438    15.3    14.8    14.7    14.8    15.2
53960 20171218  2.422  -91.87   30.09    18.7    16.8    17.8    17.8     0.9     1.68 C    19.4    16.8    17.9    97.7    91.7    95.6   0.396   0.398   0.393   0.443   0.439    16.1    15.7    15.6    15.5    15.7
53960 20171219  2.422  -91.87   30.09    24.8    18.4    21.6    20.8     0.3     4.31 C    27.3    18.3    21.2    97.8    79.2    94.4   0.387   0.391   0.381   0.442   0.423    17.4    16.7    16.4    16.2    16.2
53960 20171220  2.422  -91.87   30.09    25.8    11.8    18.8    20.3    13.6    11.66 C    30.7    10.9    21.2    98.2    39.7    79.8   0.408   0.407   0.399   0.452   0.440    18.6    18.0    17.7    17.2    17.0
53960 20171221  2.422  -91.87   30.09    22.9     9.3    16.1    16.8     0.0     6.21 C    26.4     8.5    17.3   100.0    72.7    95.5   0.389   0.392   0.386   0.448   0.431    17.2    17.1    17.0    17.2    17.0
53960 20171222  2.422  -91.87   30.09    25.6    19.8    22.7    22.1     0.0     7.76 C    28.8    19.7    22.7    97.4    70.8    89.3   0.381   0.384   0.376   0.443   0.420    19.0    18.3    17.9    17.6    17.4
53960 20171223  2.422  -91.87   30.09    22.2     8.5    15.4    13.6     3.6     6.93 C    22.1     8.2    14.4    93.0    64.1    79.9   0.392   0.391   0.377   0.443   0.425    18.7    18.4    18.3    18.1    17.8
53960 20171224  2.422  -91.87   30.09    16.9     7.4    12.1    10.8     0.0    12.44 C    22.2     6.7    12.5    87.9    46.3    71.8   0.377   0.381   0.370   0.442   0.416    16.8    17.0    17.0    17.6    17.5
53960 20171225  2.422  -91.87   30.09    11.7     4.0     7.8     7.6     0.0    12.75 C    17.0     3.6     8.7    85.0    28.6    57.4   0.368   0.363   0.365   0.437   0.407    15.1    15.2    15.8    17.0    17.1
53960 20171226  2.422  -91.87   30.09     9.7     6.2     7.9     8.2    15.2     1.21 C     9.4     5.6     8.0    95.9    50.6    83.6   0.400   0.372   0.385   0.440   0.426    14.0    13.4    14.7    16.1    16.5
53960 20171227  2.422  -91.87   30.09     7.7     3.8     5.8     5.7     3.3     1.37 C     7.5     3.4     5.4    95.7    88.0    92.6   0.411   0.381   0.402   0.453   0.444    13.4    12.7    14.1    15.4    16.1
53960 20171228  2.422  -91.87   30.09     6.6     2.0     4.3     4.1     1.0     4.22 C    10.2     1.8     4.5    96.0    72.3    86.5   0.394   0.368   0.389   0.450   0.432    12.7    11.8    13.4    15.0    15.7
53960 20171229  2.422  -91.87   30.09    13.6     2.8     8.2     8.3     0.0    12.03 C    20.5     3.0    10.0    77.3    42.9    61.2   0.379   0.356   0.373   0.444   0.417    12.9    12.0    13.3    14.6    15.4
53960 20171230  2.422  -91.87   30.09    19.1     8.7    13.9    12.8     1.7     6.93 C    22.5     8.4    13.3    95.2    54.1    75.6   0.373   0.350   0.367   0.437   0.410    13.9    13.1    13.9    14.8    15.4
53960 20171231  2.422  -91.87   30.09    10.7    -2.1     4.3     5.2     1.3     2.58 C    10.5    -2.5     5.2    95.7    63.0    84.8   0.378   0.354   0.368   0.435   0.411    13.7    13.0    14.1    15.0    15.4
