94088 20170101  2.422 -104.44   44.52    -1.8   -13.4    -7.6    -8.5     0.6     7.59 C    -6.4   -19.1   -12.9    93.2    45.6    69.2   0.232   0.185   0.211   0.238   0.290     0.0     0.5     1.1     2.0     3.5
94088 20170102  2.422 -104.44   44.52   -13.1   -21.3   -17.2   -17.6     3.3     3.17 C   -12.0   -21.6   -17.0    86.8    79.9    83.1   0.231   0.212   0.191   0.237   0.290     0.0     0.3     1.0     1.9     3.4
94088 20170103  2.422 -104.44   44.52   -17.7   -24.6   -21.1   -21.1     0.3     3.67 C   -18.4   -32.7   -24.5    82.5    76.6    80.1 -99.000   0.253   0.188   0.237   0.291    -0.1     0.2     0.9     1.9     3.3
94088 20170104  2.422 -104.44   44.52   -19.6   -22.4   -21.0   -20.9     0.0     4.28 C   -18.7   -29.8   -23.0    81.7    79.0    80.3 -99.000   0.251   0.189   0.236   0.291    -0.3     0.1     0.8     1.9     3.3
94088 20170105  2.422 -104.44   44.52   -17.9   -24.8   -21.4   -21.4     0.5     7.62 C   -21.3   -27.0   -24.3    81.8    58.1    78.0 -99.000 -99.000   0.187   0.237   0.292    -0.5     0.0     0.7     1.8     3.2
94088 20170106  2.422 -104.44   44.52   -11.6   -18.0   -14.8   -13.8     0.9     7.65 C   -14.8   -26.0   -19.5    78.6    35.6    55.1 -99.000 -99.000   0.187   0.236   0.291    -0.7    -0.2     0.5     1.7     3.2
94088 20170107  2.422 -104.44   44.52    -4.1   -16.9   -10.5    -8.6     0.7     8.11 C    -8.5   -26.1   -16.3    77.7    29.3    45.3 -99.000 -99.000   0.192   0.237   0.292    -0.9    -0.4     0.4     1.6     3.1
94088 20170108  2.422 -104.44   44.52    -1.2    -8.1    -4.7    -6.1     0.6     5.86 C    -3.3   -14.8    -8.7    86.5    54.0    72.5 -99.000 -99.000   0.238   0.236   0.289    -0.9    -0.4     0.3     1.4     3.0
94088 20170109  2.422 -104.44   44.52     5.9    -7.2    -0.6     2.0     1.8     3.23 C     0.0    -5.3    -0.9    95.3    46.9    75.5 -99.000 -99.000   0.247   0.235   0.289    -0.7    -0.4     0.2     1.4     2.9
94088 20170110  2.422 -104.44   44.52    -1.8   -19.9   -10.8    -5.6     0.7     5.47 C    -4.0   -17.1    -7.7    94.4    57.8    74.8 -99.000 -99.000   0.245   0.234   0.290    -0.6    -0.3     0.3     1.3     2.8
94088 20170111  2.422 -104.44   44.52   -11.4   -22.4   -16.9   -18.5     5.7     1.92 C   -15.1   -21.9   -17.7    84.5    71.5    79.1 -99.000 -99.000   0.211   0.235   0.289    -0.6    -0.2     0.3     1.3     2.7
94088 20170112  2.422 -104.44   44.52    -7.8   -19.9   -13.9   -12.4     0.0     7.64 C   -12.2   -30.0   -17.9    82.2    30.4    59.4 -99.000 -99.000   0.216   0.235   0.290    -0.6    -0.3     0.3     1.3     2.7
94088 20170113  2.422 -104.44   44.52    -0.4   -10.3    -5.4    -5.0     0.0     8.93 C    -7.3   -22.3   -16.6    75.5    19.8    38.8 -99.000 -99.000   0.244   0.236   0.290    -0.8    -0.4     0.2     1.3     2.7
94088 20170114  2.422 -104.44   44.52     1.8    -8.9    -3.5    -2.9     0.0     9.02 C    -5.0   -23.3   -14.9    66.5    14.3    31.2 -99.000 -99.000   0.246   0.235   0.290    -1.0    -0.5     0.2     1.2     2.7
94088 20170115  2.422 -104.44   44.52     3.6    -6.4    -1.4    -1.2     0.2     8.42 C    -5.8   -21.4   -16.1    36.4     8.8    18.3 -99.000 -99.000 -99.000   0.235   0.290    -1.1    -0.6     0.1     1.2     2.6
94088 20170116  2.422 -104.44   44.52    -0.8    -7.3    -4.1    -3.7     0.0     8.95 C    -5.6   -19.7   -13.9    52.9    23.0    41.0 -99.000 -99.000 -99.000   0.236   0.290    -1.2    -0.7     0.0     1.1     2.5
94088 20170117  2.422 -104.44   44.52     6.8    -2.9     1.9     3.6     0.0     9.00 C    -1.3   -12.5    -6.1    34.8    18.5    27.0 -99.000 -99.000 -99.000   0.233   0.289    -1.2    -0.8    -0.1     1.0     2.5
94088 20170118  2.422 -104.44   44.52    13.9     3.5     8.7     8.5     0.0     9.22 C    -0.3    -6.7    -2.4    41.2    14.8    28.4 -99.000 -99.000 -99.000   0.234   0.286    -0.9    -0.6    -0.1     1.0     2.4
94088 20170119  2.422 -104.44   44.52     8.8    -2.1     3.3     3.6     0.0     9.29 C    -0.3    -9.8    -5.2    68.7    17.9    39.2 -99.000 -99.000 -99.000   0.234   0.287    -0.6    -0.5    -0.1     0.9     2.3
94088 20170120  2.422 -104.44   44.52    -0.5    -4.3    -2.4    -2.2     2.5     2.28 C    -0.1   -10.3    -4.1    98.0    58.3    90.5 -99.000 -99.000 -99.000   0.234   0.288    -0.6    -0.4     0.0     0.9     2.3
94088 20170121  2.422 -104.44   44.52    -0.4    -6.8    -3.6    -3.6     1.2     9.42 C    -3.2   -16.0    -9.6    96.2    64.9    83.7 -99.000 -99.000 -99.000   0.233   0.287    -0.6    -0.4     0.0     0.9     2.2
94088 20170122  2.422 -104.44   44.52    -0.5    -6.7    -3.6    -3.6     0.8     9.19 C    -4.0   -15.1    -9.8    85.3    50.8    66.6 -99.000 -99.000 -99.000   0.232   0.288    -0.6    -0.4     0.0     0.9     2.2
94088 20170123  2.422 -104.44   44.52    -0.4    -9.9    -5.2    -4.0     0.0     9.57 C    -2.5   -11.4    -6.3    95.0    43.5    77.2 -99.000 -99.000 -99.000   0.233   0.288    -0.7    -0.4     0.0     0.9     2.2
94088 20170124  2.422 -104.44   44.52    -8.0   -13.5   -10.7   -11.8     7.1     2.95 C    -7.3   -14.2   -11.3    92.0    86.6    88.2 -99.000 -99.000 -99.000   0.233   0.289    -0.7    -0.4     0.1     1.0     2.2
94088 20170125  2.422 -104.44   44.52   -11.1   -12.9   -12.0   -12.2     0.9     2.83 C   -10.9   -13.7   -12.4    88.7    86.9    87.6 -99.000 -99.000 -99.000   0.233   0.289    -0.7    -0.4     0.1     1.0     2.2
94088 20170126  2.422 -104.44   44.52    -8.3   -11.7   -10.0   -10.1     0.4     5.09 C    -6.6   -17.1   -13.2    90.9    75.9    88.0 -99.000 -99.000 -99.000   0.232   0.289    -0.6    -0.4     0.1     0.9     2.2
94088 20170127  2.422 -104.44   44.52    -4.6   -10.1    -7.3    -7.0     1.0     6.08 C    -5.7   -14.1    -9.5    90.0    57.8    73.3 -99.000 -99.000 -99.000   0.232   0.289    -0.6    -0.4     0.1     0.9     2.1
94088 20170128  2.422 -104.44   44.52     0.8    -5.6    -2.4    -2.1     1.7     7.17 C    -2.7    -9.9    -5.4    63.7    51.1    58.4 -99.000 -99.000 -99.000   0.232   0.289    -0.6    -0.4     0.1     0.9     2.1
94088 20170129  2.422 -104.44   44.52     5.0     0.3     2.6     2.7     0.2     9.65 C    -1.1    -6.9    -4.6    51.6    31.2    42.2 -99.000 -99.000 -99.000   0.231   0.289    -0.6    -0.4     0.0     0.9     2.1
94088 20170130  2.422 -104.44   44.52     5.8    -5.8     0.0     0.9     0.0    10.39 C    -2.2   -11.6    -6.4    72.4    28.1    43.9 -99.000 -99.000 -99.000   0.231   0.289    -0.5    -0.4     0.1     0.9     2.1
94088 20170131  2.422 -104.44   44.52    -4.4   -13.9    -9.1    -8.5     3.5     3.21 C    -5.0   -19.0    -9.4    94.4    46.5    84.7 -99.000 -99.000 -99.000   0.232   0.289    -0.6    -0.4     0.1     0.9     2.0
94088 20170201  2.422 -104.44   44.52   -12.9   -19.6   -16.2   -15.5     3.3     5.90 C   -12.1   -28.8   -16.9    88.0    60.6    81.9 -99.000 -99.000 -99.000   0.232   0.289    -0.6    -0.4     0.1     0.9     2.0
94088 20170202  2.422 -104.44   44.52   -13.6   -20.8   -17.2   -17.0     1.6     6.66 C   -12.6   -31.8   -19.5    86.7    74.2    83.1 -99.000 -99.000 -99.000   0.231   0.289    -0.7    -0.4     0.0     0.9     2.0
94088 20170203  2.422 -104.44   44.52     1.0   -19.7    -9.4    -8.0     2.3     9.29 C    -3.7   -31.7   -13.0    84.6    30.7    60.1 -99.000 -99.000 -99.000   0.231   0.289    -0.8    -0.5     0.0     0.9     2.0
94088 20170204  2.422 -104.44   44.52     2.7    -4.8    -1.1     0.5     0.4    10.08 C    -1.0    -8.4    -4.9    68.1    49.2    58.9 -99.000 -99.000 -99.000   0.229   0.288    -0.7    -0.5     0.0     0.8     1.9
94088 20170205  2.422 -104.44   44.52     5.4    -0.1     2.6     2.6     0.0    10.69 C    -0.4    -6.7    -3.7    66.2    41.6    53.8 -99.000 -99.000 -99.000   0.221   0.287    -0.6    -0.4     0.0     0.8     1.9
94088 20170206  2.422 -104.44   44.52     5.8   -12.2    -3.2     3.5     0.2     8.36 C    -0.1    -8.4    -2.0    92.0    48.0    55.6 -99.000 -99.000 -99.000   0.217   0.286    -0.5    -0.3     0.0     0.8     1.9
94088 20170207  2.422 -104.44   44.52    -8.3   -16.6   -12.4   -11.2     2.4     6.56 C    -5.7   -15.3    -9.8    93.3    77.7    86.1 -99.000 -99.000 -99.000   0.224   0.286    -0.4    -0.2     0.0     0.8     1.9
94088 20170208  2.422 -104.44   44.52    -4.7   -17.5   -11.1   -11.2     1.5     8.74 C    -5.9   -24.9   -12.9    86.7    62.1    76.1 -99.000 -99.000 -99.000   0.229   0.287    -0.5    -0.2     0.1     0.8     1.9
94088 20170209  2.422 -104.44   44.52     8.4    -5.8     1.3     3.5     2.4     9.82 C     0.1    -7.8    -2.5    80.0    50.9    60.6 -99.000 -99.000 -99.000   0.230   0.287    -0.5    -0.3     0.0     0.8     1.9
94088 20170210  2.422 -104.44   44.52     9.9    -0.7     4.6     5.9     1.1     7.07 C     0.6    -2.1    -0.3    90.7    47.7    63.7 -99.000 -99.000 -99.000   0.231   0.286    -0.4    -0.2     0.1     0.8     1.9
94088 20170211  2.422 -104.44   44.52     3.3    -7.5    -2.1    -0.8     0.6     7.56 C     0.0   -11.3    -3.2    86.7    41.5    67.1 -99.000 -99.000 -99.000   0.231   0.287    -0.3    -0.1     0.1     0.8     1.9
94088 20170212  2.422 -104.44   44.52     1.5    -6.8    -2.6    -2.1     0.5    13.10 C    -1.1   -12.0    -7.1    60.8    37.0    46.6 -99.000 -99.000 -99.000   0.230   0.287    -0.3    -0.1     0.1     0.9     1.8
94088 20170213  2.422 -104.44   44.52     3.0    -2.9     0.0    -0.1     0.0    13.08 C    -0.4    -8.5    -5.8    58.1    27.5    42.6 -99.000 -99.000 -99.000   0.230   0.287    -0.3    -0.1     0.2     0.9     1.8
94088 20170214  2.422 -104.44   44.52     3.7    -2.2     0.7     0.8     0.0    12.55 C    -0.1    -8.7    -4.3    60.9    38.2    48.8 -99.000 -99.000   0.124   0.229   0.287    -0.3    -0.1     0.2     0.9     1.8
94088 20170215  2.422 -104.44   44.52    12.4     2.1     7.2     8.6     0.0    12.75 C     0.4    -4.4    -1.5    49.3    15.6    24.4 -99.000 -99.000   0.124   0.228   0.287    -0.3    -0.1     0.2     0.9     1.8
94088 20170216  2.422 -104.44   44.52    13.7     5.7     9.7    10.2     0.0    13.79 C     1.1    -3.8    -0.9    34.3     9.4    19.5 -99.000 -99.000   0.125   0.228   0.287    -0.2     0.0     0.2     0.9     1.8
94088 20170217  2.422 -104.44   44.52     7.3    -1.8     2.8     4.8     0.0    13.86 C     3.8    -7.4    -1.4    57.7    27.5    36.3 -99.000 -99.000   0.180   0.229   0.288    -0.2     0.0     0.3     0.9     1.8
94088 20170218  2.422 -104.44   44.52    11.3     3.7     7.5     7.0     0.0    12.49 C    11.5    -1.5     2.3    59.1    32.6    45.7 -99.000 -99.000   0.226   0.244   0.288    -0.2     0.0     0.3     0.9     1.8
94088 20170219  2.422 -104.44   44.52    10.8     2.5     6.6     7.0     0.3    10.13 C    14.9    -3.4     3.3    78.2    42.7    54.4 -99.000 -99.000   0.293   0.295   0.294     0.0     0.1     0.3     0.9     1.8
94088 20170220  2.422 -104.44   44.52     9.0     0.1     4.6     4.4     3.2    15.21 C    13.4    -3.5     2.2    97.7    25.2    62.1 -99.000   0.362   0.296   0.288   0.323     0.5     0.4     0.5     0.9     1.8
94088 20170221  2.422 -104.44   44.52    12.6     3.7     8.1     7.1     0.2    11.48 C    23.9    -0.6     5.3    79.0    28.4    51.7   0.281   0.339   0.296   0.286   0.320     1.4     0.9     0.9     0.9     1.8
94088 20170222  2.422 -104.44   44.52     4.8    -5.3    -0.3    -0.5     0.9     9.07 C    19.9    -4.0     1.1    96.4    53.8    75.2   0.266   0.333   0.298   0.283   0.320     1.5     1.2     1.3     1.2     1.8
94088 20170223  2.422 -104.44   44.52    -5.2    -9.7    -7.5    -7.6     4.5     2.45 C    -2.7    -9.4    -6.2    94.1    89.9    91.9   0.277   0.326   0.295   0.281   0.318     0.5     0.7     1.1     1.3     1.9
94088 20170224  2.422 -104.44   44.52    -7.9   -11.3    -9.6    -9.7     0.9     4.18 C    -5.1   -13.5    -9.4    91.4    87.3    89.8 -99.000   0.321   0.287   0.280   0.316     0.3     0.4     0.9     1.3     2.0
94088 20170225  2.422 -104.44   44.52    -7.5   -10.5    -9.0    -9.0     4.6     7.37 C    -4.5   -16.9   -10.0    92.6    76.9    86.4 -99.000   0.317   0.284   0.278   0.315     0.1     0.4     0.7     1.3     2.0
94088 20170226  2.422 -104.44   44.52    -5.3   -10.4    -7.8    -8.2     1.3    10.79 C    -5.6   -17.0   -11.7    79.8    53.9    66.3 -99.000   0.314   0.282   0.277   0.316     0.1     0.3     0.7     1.2     2.0
94088 20170227  2.422 -104.44   44.52    -1.3    -9.4    -5.4    -5.6     0.6    10.64 C    -1.9   -13.9    -9.1    84.5    38.8    60.7 -99.000 -99.000   0.281   0.277   0.316     0.0     0.2     0.6     1.2     1.9
94088 20170228  2.422 -104.44   44.52    -3.1    -9.1    -6.1    -6.4     3.2    13.17 C    -2.2   -18.3    -8.5    94.0    45.6    77.8 -99.000 -99.000   0.280   0.276   0.316     0.0     0.2     0.5     1.1     1.9
94088 20170301  2.422 -104.44   44.52    -1.7   -11.1    -6.4    -6.6     4.7    11.21 C    -4.4   -16.2    -8.2    94.7    39.0    74.1 -99.000 -99.000   0.279   0.277   0.317     0.0     0.2     0.5     1.1     1.9
94088 20170302  2.422 -104.44   44.52    -2.6    -8.7    -5.7    -5.8     3.1    11.22 C    -2.8   -13.9    -7.5    93.8    61.2    78.7 -99.000 -99.000   0.278   0.275   0.315     0.0     0.2     0.5     1.0     1.9
94088 20170303  2.422 -104.44   44.52     7.2    -3.3     2.0     2.3     0.0    16.57 C    -0.2    -9.3    -5.0    66.1    22.9    39.9 -99.000 -99.000   0.276   0.275   0.316    -0.1     0.1     0.5     1.0     1.8
94088 20170304  2.422 -104.44   44.52    11.3     2.1     6.7     5.6     0.5    16.48 C     0.5    -4.9    -2.1    46.7    20.8    36.4 -99.000 -99.000   0.277   0.275   0.314     0.0     0.1     0.5     1.0     1.8
94088 20170305  2.422 -104.44   44.52    10.1     3.6     6.9     6.8     0.0    10.91 C     3.3    -4.7    -0.5    43.5    24.2    35.2 -99.000 -99.000   0.290   0.278   0.312     0.0     0.1     0.4     0.9     1.8
94088 20170306  2.422 -104.44   44.52     7.4    -9.2    -0.9    -5.1     2.6     6.56 C     1.9   -13.0    -6.2    97.5    33.7    76.7 -99.000 -99.000   0.297   0.289   0.314     0.0     0.1     0.5     0.9     1.8
94088 20170307  2.422 -104.44   44.52    -3.0    -9.1    -6.0    -6.5     1.4    12.22 C    -2.3   -14.3    -9.3    71.5    27.7    53.1 -99.000 -99.000   0.293   0.289   0.314     0.0     0.1     0.4     0.9     1.8
94088 20170308  2.422 -104.44   44.52     8.2   -11.4    -1.6    -1.9     0.9    12.84 C    11.0   -16.2    -5.2    78.7    26.7    51.8 -99.000 -99.000   0.294   0.289   0.313    -0.1     0.1     0.4     0.9     1.8
94088 20170309  2.422 -104.44   44.52    -1.7   -10.4    -6.0    -6.3     2.3     4.51 C    -0.6    -9.0    -5.6    95.2    68.8    86.5 -99.000 -99.000   0.302   0.291   0.313    -0.1     0.1     0.4     0.9     1.7
94088 20170310  2.422 -104.44   44.52     5.0    -7.8    -1.4    -1.0     2.7     6.50 C    12.4    -8.2    -1.1    97.5    76.9    86.9 -99.000 -99.000   0.313   0.293   0.313    -0.2     0.0     0.3     0.9     1.7
94088 20170311  2.422 -104.44   44.52     3.5    -7.6    -2.0    -0.2     0.6    16.58 C    17.4    -5.2     1.7    96.0    52.5    75.6 -99.000 -99.000 -99.000   0.299   0.313    -0.2     0.0     0.3     0.9     1.7
94088 20170312  2.422 -104.44   44.52     3.7   -13.8    -5.1    -4.5     9.9     2.52 C     0.9   -20.3    -5.4    97.7    53.1    86.0 -99.000 -99.000 -99.000   0.303   0.314    -0.1     0.1     0.3     0.8     1.7
94088 20170313  2.422 -104.44   44.52     2.0   -14.8    -6.4    -3.2     3.1     7.88 C    -0.2   -21.2    -6.4    92.7    59.5    78.6 -99.000 -99.000 -99.000   0.302   0.315    -0.1     0.1     0.3     0.8     1.7
94088 20170314  2.422 -104.44   44.52     7.3     1.3     4.3     4.2     1.3    11.78 C     3.6    -2.0     0.7    92.6    55.2    68.7 -99.000 -99.000 -99.000   0.315   0.372    -0.1     0.1     0.3     0.8     1.6
94088 20170315  2.422 -104.44   44.52    15.1     5.2    10.1    10.8     0.2    15.29 C    27.0    -1.6     7.0    71.9    29.7    41.0 -99.000 -99.000 -99.000   0.347   0.468     0.2     0.2     0.3     0.8     1.6
94088 20170316  2.422 -104.44   44.52    14.1     3.8     8.9     9.7     0.0    12.63 C    28.2    -1.4     7.5    71.6    23.8    41.8   0.309   0.347   0.310   0.343   0.457     1.7     1.0     0.8     0.8     1.6
94088 20170317  2.422 -104.44   44.52     6.1    -1.7     2.2     2.5     0.0    18.83 C    22.1    -5.9     3.7    79.9    28.1    43.4   0.287   0.327   0.308   0.340   0.455     2.0     1.6     1.4     1.0     1.6
94088 20170318  2.422 -104.44   44.52    19.5     5.4    12.4    13.2     0.0    18.37 C    31.9     1.1    12.8    50.0    20.1    30.8   0.274   0.323   0.305   0.337   0.455     3.6     2.7     2.0     1.3     1.7
94088 20170319  2.422 -104.44   44.52    16.5     2.4     9.4    11.2     1.1    13.44 C    35.2    -1.0    11.1    67.3    24.9    39.6   0.261   0.318   0.302   0.338   0.454     5.2     4.4     3.3     1.7     1.8
94088 20170320  2.422 -104.44   44.52     8.5    -2.7     2.9     2.6     6.3    11.13 C    30.2    -3.8     5.5    97.7    44.1    69.2   0.252   0.314   0.300   0.337   0.455     4.4     4.1     3.6     2.3     2.1
94088 20170321  2.422 -104.44   44.52     4.9    -4.4     0.2    -0.4     4.0     9.94 C     7.7    -4.1    -0.6    98.6    65.2    87.8   0.268   0.315   0.303   0.338   0.453     2.9     3.2     3.2     2.6     2.3
94088 20170322  2.422 -104.44   44.52    15.0     2.3     8.6     8.4     0.5    17.66 C    30.1    -0.5     9.2    80.0    40.2    57.5   0.280   0.324   0.308   0.343   0.452     4.0     3.4     3.1     2.6     2.5
94088 20170323  2.422 -104.44   44.52     8.7    -0.4     4.2     2.5     7.3     4.75 C    14.9    -2.4     2.8    99.9    72.8    94.3   0.302   0.332   0.310   0.345   0.453     4.1     4.0     3.7     2.8     2.6
94088 20170324  2.422 -104.44   44.52    10.0    -0.5     4.7     4.6     0.0    21.36 C    25.2    -6.4     5.6    98.2    30.3    61.5   0.305   0.337   0.314   0.348   0.464     4.0     3.6     3.5     2.9     2.8
94088 20170325  2.422 -104.44   44.52    12.1     2.3     7.2     7.0     0.0    19.40 C    30.1    -0.4     9.7    72.9    36.0    50.5   0.285   0.330   0.310   0.347   0.476     4.9     4.3     3.9     3.0     2.9
94088 20170326  2.422 -104.44   44.52     4.4    -1.9     1.3     1.2     2.9     5.66 C    12.5    -5.5     1.6    98.4    63.3    85.9   0.277   0.324   0.306   0.345   0.481     4.2     4.2     4.1     3.3     3.0
94088 20170327  2.422 -104.44   44.52    10.5     0.4     5.5     5.0     1.0    16.34 C    29.3    -5.5     4.6    91.5    42.5    63.0   0.271   0.320   0.304   0.344   0.475     3.9     3.7     3.7     3.3     3.2
94088 20170328  2.422 -104.44   44.52     8.4     1.1     4.8     4.1     0.0    10.84 C    23.9    -3.3     5.4    94.0    58.9    77.1   0.264   0.317   0.302   0.342   0.438     4.2     4.0     3.8     3.4     3.3
94088 20170329  2.422 -104.44   44.52     9.7    -0.8     4.5     4.4     0.7    21.72 C    28.2    -7.1     5.8    97.6    37.1    66.0   0.256   0.314   0.300   0.340   0.435     4.6     4.2     4.0     3.5     3.3
94088 20170330  2.422 -104.44   44.52    10.0     2.7     6.4     6.3     1.2    11.44 C    27.3     0.7     7.7    84.5    46.5    65.3   0.248   0.310   0.298   0.339   0.431     4.9     4.5     4.2     3.6     3.4
94088 20170331  2.422 -104.44   44.52     6.4    -1.6     2.4     2.3     0.0     9.97 C    22.4    -7.2     4.2    90.4    52.7    73.9   0.242   0.307   0.297   0.339   0.433     4.8     4.7     4.5     3.8     3.5
94088 20170401  2.422 -104.44   44.52     7.4    -3.3     2.0     2.1     0.0    21.66 C    23.8    -8.9     4.6    95.7    58.3    78.2   0.237   0.304   0.295   0.338   0.432     4.5     4.3     4.2     3.8     3.7
94088 20170402  2.422 -104.44   44.52     6.1    -0.4     2.9     3.2     4.7     7.61 C    13.1    -1.0     4.1    98.0    57.3    74.9   0.233   0.302   0.294   0.337   0.430     4.5     4.4     4.3     3.9     3.7
94088 20170403  2.422 -104.44   44.52    -0.2    -5.2    -2.7    -1.7    11.6     4.22 C    -0.1   -14.8    -2.9    98.3    93.1    96.7   0.241   0.300   0.293   0.338   0.431     3.5     3.8     4.1     3.9     3.8
94088 20170404  2.422 -104.44   44.52    -0.1    -4.5    -2.3    -2.9     4.0    11.08 C    -0.2   -13.7    -4.3    97.2    76.2    91.6   0.254   0.300   0.293   0.335   0.430     2.9     3.2     3.6     3.8     3.8
94088 20170405  2.422 -104.44   44.52     6.6    -4.5     1.0     1.4     0.0    21.85 C     5.7   -13.8    -3.2    92.3    31.1    54.5   0.265   0.309   0.300   0.346   0.450     2.4     2.7     3.1     3.6     3.8
94088 20170406  2.422 -104.44   44.52    12.4     0.5     6.4     7.7     0.0    22.72 C    25.1    -4.8     7.5    58.9    34.2    40.7   0.281   0.328   0.311   0.357   0.498     3.5     3.2     3.1     3.4     3.8
94088 20170407  2.422 -104.44   44.52    18.7     8.5    13.6    13.7     0.0    17.98 C    29.7     4.3    13.0    42.0    22.8    33.0   0.268   0.325   0.309   0.353   0.503     5.7     4.9     4.2     3.5     3.7
94088 20170408  2.422 -104.44   44.52    12.4     2.0     7.2     6.3     0.0     8.54 C    23.3    -1.8     6.4    96.7    39.3    69.0   0.257   0.319   0.305   0.348   0.504     5.7     5.4     4.9     3.9     3.8
94088 20170409  2.422 -104.44   44.52     8.1    -4.3     1.9     1.8    16.2     4.68 C    15.2    -4.4     1.7    98.7    54.6    85.0   0.270   0.319   0.304   0.346   0.504     4.5     4.6     4.6     4.1     3.9
94088 20170410  2.422 -104.44   44.52     1.8    -5.1    -1.6    -1.9     6.2    19.88 C     0.7    -7.1    -3.3    96.3    38.4    77.7   0.300   0.329   0.309   0.347   0.505     3.5     3.8     4.1     4.1     4.0
94088 20170411  2.422 -104.44   44.52     7.5    -0.1     3.7     3.1     0.0    24.00 C    19.1    -5.0     2.3    76.4    30.0    56.0   0.315   0.340   0.319   0.369   0.513     2.9     3.2     3.6     3.9     4.0
94088 20170412  2.422 -104.44   44.52    11.4     1.8     6.6     5.7     0.3    15.78 C    26.2    -2.4     6.7    63.3    43.2    52.2   0.296   0.335   0.315   0.360   0.513     4.2     3.9     3.8     3.8     4.0
94088 20170413  2.422 -104.44   44.52    18.6     6.3    12.5    12.9     0.0    24.26 C    25.8     2.0    12.8    61.2    35.0    44.0   0.276   0.326   0.309   0.353   0.509     5.9     5.1     4.5     3.9     4.0
94088 20170414  2.422 -104.44   44.52    13.5     1.9     7.7     8.9     0.6    18.67 C    29.6    -3.5    10.2    80.4    44.1    66.3   0.261   0.319   0.305   0.349   0.478     7.3     6.5     5.6     4.2     4.0
94088 20170415  2.422 -104.44   44.52     7.2    -0.8     3.2     3.0     0.2    20.35 C    25.8    -9.8     3.7    92.9    29.2    52.0   0.249   0.313   0.303   0.347   0.447     5.9     5.7     5.6     4.6     4.2
94088 20170416  2.422 -104.44   44.52     9.5    -1.2     4.1     3.2     0.0    25.59 C    27.7   -10.3     4.9    63.8    29.2    40.4   0.239   0.308   0.299   0.344   0.442     5.0     4.9     5.0     4.7     4.3
94088 20170417  2.422 -104.44   44.52    14.0    -1.3     6.4     5.9     3.7    12.73 C    15.9    -6.2     5.1    94.4    42.6    63.0   0.231   0.303   0.296   0.342   0.441     4.8     4.8     4.9     4.6     4.4
94088 20170418  2.422 -104.44   44.52    10.0     2.0     6.0     6.2     0.0    12.71 C    18.5    -1.8     6.3    85.6    41.8    63.4   0.235   0.303   0.295   0.342   0.440     5.3     5.1     5.0     4.6     4.5
94088 20170419  2.422 -104.44   44.52     7.0     0.1     3.5     3.1    26.3     4.20 C     6.9    -2.6     3.5    98.2    77.9    93.9   0.321   0.351   0.319   0.363   0.471     5.3     5.3     5.2     4.7     4.5
94088 20170420  2.422 -104.44   44.52    11.0     1.0     6.0     5.2     0.0    25.52 C    27.3    -3.1     7.3    91.3    24.8    57.0   0.301   0.343   0.319   0.366   0.519     5.6     5.2     5.0     4.7     4.6
94088 20170421  2.422 -104.44   44.52    10.4     0.0     5.2     4.6     3.2    14.58 C    29.4    -4.2     6.0    94.6    48.0    70.2   0.291   0.333   0.313   0.358   0.513     5.8     5.6     5.4     4.8     4.6
94088 20170422  2.422 -104.44   44.52    10.8    -0.3     5.2     6.1     0.0    20.76 C    24.9    -3.6     7.1    96.0    44.0    65.5   0.295   0.333   0.313   0.356   0.511     6.1     5.8     5.6     4.9     4.7
94088 20170423  2.422 -104.44   44.52    15.5     5.4    10.5     9.2     2.0    22.24 C    31.5     2.1    11.6    81.7    29.8    55.0   0.276   0.325   0.309   0.353   0.496     7.3     6.6     6.0     5.0     4.8
94088 20170424  2.422 -104.44   44.52    10.3    -0.3     5.0     4.6     3.8    16.90 C    27.2     0.0     8.4    98.6    43.7    83.0   0.272   0.321   0.306   0.351   0.454     7.7     7.1     6.6     5.3     4.9
94088 20170425  2.422 -104.44   44.52    -0.3   -10.0    -5.2    -5.8    31.3    10.17 C     0.0   -16.3    -5.8    98.3    88.8    93.0   0.284   0.320   0.305   0.350   0.448     5.6     6.0     6.2     5.5     5.0
94088 20170426  2.422 -104.44   44.52     3.4   -11.6    -4.1    -2.2     0.6    27.83 C     0.1   -21.9    -7.6    94.1    47.7    75.5   0.307   0.329   0.312   0.355   0.464     4.0     4.7     5.2     5.4     5.1
94088 20170427  2.422 -104.44   44.52     3.8    -2.4     0.7     0.0     4.3    14.41 C     0.8    -5.6    -1.7    98.6    65.9    88.5   0.315   0.340   0.321   0.368   0.506     3.5     4.0     4.5     5.1     5.2
94088 20170428  2.422 -104.44   44.52     0.2    -3.7    -1.7    -2.1     9.9    10.37 C    -0.9   -12.8    -3.9    96.1    61.0    83.7   0.307   0.339   0.320   0.366   0.509     3.2     3.6     4.1     4.8     5.1
94088 20170429  2.422 -104.44   44.52     4.8    -6.4    -0.8     0.0     0.0    21.38 C     0.8   -17.1    -6.8    87.8    22.6    50.7   0.309   0.337   0.319   0.362   0.508     2.9     3.4     3.9     4.5     5.0
94088 20170430  2.422 -104.44   44.52     8.8    -2.8     3.0     4.0     0.0    27.57 C     0.5   -13.3    -4.0    61.3    25.1    41.0   0.323   0.345   0.325   0.378   0.513     2.4     2.9     3.5     4.3     4.8
94088 20170501  2.422 -104.44   44.52     5.2    -0.4     2.4     2.7     2.9    13.17 C     1.4    -4.8    -0.5    90.0    56.0    75.1   0.335   0.352   0.327   0.381   0.520     2.5     2.8     3.2     4.0     4.7
94088 20170502  2.422 -104.44   44.52     5.8    -0.6     2.6     2.6     7.1    10.28 C     3.7    -5.0    -0.3    98.0    50.7    73.3   0.320   0.346   0.322   0.369   0.512     2.9     3.0     3.2     3.9     4.5
94088 20170503  2.422 -104.44   44.52     7.5    -1.0     3.3     2.2     9.2    16.02 C     7.7    -4.8     0.0    98.7    47.3    78.5   0.327   0.348   0.324   0.377   0.520     2.9     3.1     3.3     3.9     4.4
94088 20170504  2.422 -104.44   44.52    16.7     4.8    10.7    11.0     0.0    27.54 C    32.8    -2.5    11.5    64.6    33.2    45.3   0.311   0.344   0.320   0.365   0.514     5.2     4.3     3.8     3.8     4.3
94088 20170505  2.422 -104.44   44.52    21.3     9.7    15.5    15.4     0.0    27.96 C    36.2     1.9    16.1    62.5    25.9    44.5   0.282   0.332   0.313   0.357   0.499     7.9     6.7     5.5     4.1     4.2
94088 20170506  2.422 -104.44   44.52    24.8    15.3    20.0    20.3     0.0    28.15 C    33.7     9.2    19.3    43.2    18.6    27.6   0.259   0.321   0.308   0.353   0.456     9.4     8.2     6.8     4.8     4.4
94088 20170507  2.422 -104.44   44.52    23.1     8.0    15.5    18.6     0.0    22.51 C    34.9     5.1    17.6    97.3    22.7    43.8   0.236   0.311   0.303   0.351   0.451    10.3     9.2     7.8     5.5     4.7
94088 20170508  2.422 -104.44   44.52    10.1     2.4     6.3     6.6     1.7    21.14 C    27.6     0.7    11.2    98.5    60.6    80.3   0.223   0.304   0.300   0.350   0.448     9.9     9.1     8.2     6.0     5.0
94088 20170509  2.422 -104.44   44.52    12.2     4.3     8.2     7.6     4.9     7.84 C    23.7     0.6     9.0    98.1    59.2    78.1   0.218   0.299   0.297   0.348   0.445     8.6     8.4     8.0     6.3     5.3
94088 20170510  2.422 -104.44   44.52    12.4     4.6     8.5     7.8     1.4    22.18 C    28.3     0.6    11.3    98.6    48.1    76.8   0.228   0.297   0.295   0.347   0.450     9.1     8.5     7.8     6.4     5.6
94088 20170511  2.422 -104.44   44.52    17.3     6.1    11.7    11.7     0.0    28.92 C    34.0     3.8    14.2    90.6    37.5    59.0   0.217   0.292   0.293   0.345   0.450     9.8     9.1     8.3     6.6     5.8
94088 20170512  2.422 -104.44   44.52    21.9    11.5    16.7    16.7     0.0    27.79 C    33.4     6.2    16.9    53.9    24.4    41.5   0.202   0.283   0.289   0.344   0.448    10.7     9.8     8.8     6.9     5.9
94088 20170513  2.422 -104.44   44.52    21.0     6.7    13.8    15.5     3.4    24.97 C    35.4     7.5    17.2    96.5    33.2    58.1   0.194   0.271   0.283   0.342   0.447    11.6    10.6     9.4     7.3     6.1
94088 20170514  2.422 -104.44   44.52    15.8     2.9     9.3     8.9     2.5    29.14 C    30.7    -0.2    13.4    98.3    20.3    61.4   0.190   0.262   0.278   0.341   0.446    11.5    10.7     9.8     7.6     6.4
94088 20170515  2.422 -104.44   44.52    17.1     5.1    11.1    10.7     3.5    19.17 C    27.4     2.2    12.5    97.8    40.6    75.6   0.188   0.256   0.275   0.340   0.443    11.0    10.5     9.8     7.9     6.6
94088 20170516  2.422 -104.44   44.52     9.2     4.2     6.7     6.3    10.2     7.88 C    19.2     2.5     8.4    98.4    81.3    94.4   0.292   0.284   0.278   0.341   0.446    10.2    10.0     9.7     8.1     6.9
94088 20170517  2.422 -104.44   44.52     6.0     0.7     3.4     4.1     3.4     2.24 C     7.2     1.6     5.3    98.7    95.5    98.1   0.301   0.303   0.288   0.341   0.447     8.8     8.9     9.0     8.1     7.1
94088 20170518  2.422 -104.44   44.52     2.9    -2.2     0.4     0.0     3.6     8.28 C    13.1    -1.1     2.2    99.0    62.1    90.1   0.304   0.312   0.295   0.338   0.447     7.3     7.6     8.1     7.9     7.2
94088 20170519  2.422 -104.44   44.52     2.2    -2.3    -0.1    -0.2     5.2     5.87 C     7.0    -2.1     0.6    98.3    86.8    94.6   0.309   0.316   0.301   0.339   0.447     6.1     6.6     7.3     7.5     7.2
94088 20170520  2.422 -104.44   44.52     7.6    -0.9     3.4     3.4     0.0     9.53 C    17.3    -4.3     3.9    97.3    57.4    77.9   0.307   0.326   0.308   0.339   0.446     6.4     6.5     6.9     7.2     7.1
94088 20170521  2.422 -104.44   44.52    10.0     1.3     5.6     5.8     6.8    19.23 C    22.0    -4.8     5.3    93.0    56.4    71.0   0.316   0.334   0.311   0.340   0.446     6.5     6.5     6.8     6.9     7.0
94088 20170522  2.422 -104.44   44.52     7.4     1.4     4.4     4.4     6.2    14.12 C    18.6    -0.5     5.2    98.0    62.0    84.6   0.333   0.356   0.327   0.360   0.481     6.7     6.6     6.8     6.8     6.9
94088 20170523  2.422 -104.44   44.52    12.2     1.6     6.9     7.1     0.0    28.30 C    27.6    -1.7     9.7    86.6    38.2    59.0   0.308   0.344   0.323   0.370   0.515     8.0     7.4     7.1     6.7     6.8
94088 20170524  2.422 -104.44   44.52    21.2     6.0    13.6    13.7     0.0    30.48 C    31.4     3.2    15.3    97.0    34.3    48.6   0.284   0.331   0.316   0.365   0.517     9.8     8.9     8.0     6.8     6.7
94088 20170525  2.422 -104.44   44.52    12.4     2.5     7.5     7.1     0.0    21.76 C    28.2    -0.3     8.9    82.1    33.9    57.9   0.264   0.321   0.311   0.360   0.515     9.9     9.4     8.8     7.2     6.8
94088 20170526  2.422 -104.44   44.52    10.4     2.0     6.2     6.5     0.0    18.14 C    25.7    -0.7     8.3    94.2    46.3    66.7   0.250   0.314   0.307   0.357   0.493     9.2     8.9     8.6     7.5     6.9
94088 20170527  2.422 -104.44   44.52    13.5     4.0     8.7     9.0     0.0    21.65 C    29.7     1.9    10.4    92.5    37.2    60.0   0.240   0.309   0.304   0.355   0.457     9.6     9.1     8.7     7.6     7.1
94088 20170528  2.422 -104.44   44.52    16.3     6.5    11.4    10.3     0.3    20.19 C    29.0     0.7    11.0    78.8    38.3    60.2   0.230   0.301   0.300   0.353   0.453    10.0     9.4     8.9     7.6     7.1
94088 20170529  2.422 -104.44   44.52    13.1     2.6     7.9     8.3     0.0    31.51 C    28.8    -3.9     9.7    61.0    28.0    44.4   0.209   0.292   0.296   0.351   0.451    10.0     9.5     9.0     7.8     7.2
94088 20170530  2.422 -104.44   44.52    16.2     2.3     9.3    10.7     0.0    31.24 C    31.9    -4.4    11.4    60.7    28.7    39.1   0.189   0.280   0.289   0.349   0.451    10.1     9.5     9.1     7.9     7.3
94088 20170531  2.422 -104.44   44.52    20.8     6.3    13.5    15.7     0.0    30.67 C    33.9     0.0    17.1    61.9    32.5    44.5   0.171   0.264   0.280   0.345   0.451    11.2    10.4     9.5     8.1     7.4
94088 20170601  2.422 -104.44   44.52    24.9    14.1    19.5    19.9     0.0    30.70 C    35.6     9.9    20.0    64.0    21.3    37.6   0.157   0.244   0.268   0.344   0.449    12.7    11.6    10.4     8.4     7.5
94088 20170602  2.422 -104.44   44.52    19.7     7.6    13.7    14.9     3.1    22.77 C    31.9     2.7    14.8    91.7    41.9    59.3   0.145   0.225   0.257   0.342   0.449    12.7    12.0    11.0     8.8     7.7
94088 20170603  2.422 -104.44   44.52    21.9    11.1    16.5    16.1     0.0    27.89 C    34.9     2.9    16.2    76.0    29.9    51.5   0.133   0.209   0.247   0.340   0.448    12.6    11.8    10.9     9.1     7.9
94088 20170604  2.422 -104.44   44.52    24.6    14.2    19.4    19.3     0.0    30.36 C    35.1     7.8    19.4    55.3    24.1    37.2   0.123   0.191   0.234   0.339   0.449    13.3    12.3    11.3     9.2     8.1
94088 20170605  2.422 -104.44   44.52    26.4    10.2    18.3    19.3     0.6    21.86 C    39.0     9.5    19.3    89.7    27.2    46.7   0.118   0.176   0.221   0.337   0.447    13.9    12.8    11.7     9.5     8.3
94088 20170606  2.422 -104.44   44.52    17.3     7.1    12.2    11.7     0.0    27.71 C    32.3     4.5    14.8    93.8    49.3    69.8   0.114   0.168   0.214   0.335   0.442    13.5    12.7    11.8     9.8     8.5
94088 20170607  2.422 -104.44   44.52    22.7     6.9    14.8    16.2     0.0    24.92 C    35.5     3.3    17.2    84.1    48.7    65.9   0.111   0.162   0.206   0.331   0.442    13.7    12.8    11.8     9.9     8.7
94088 20170608  2.422 -104.44   44.52    25.1     8.9    17.0    19.9     0.0    29.71 C    35.1     4.9    20.1    77.5    30.7    48.2   0.109   0.156   0.200   0.329   0.442    14.7    13.6    12.3    10.1     8.9
94088 20170609  2.422 -104.44   44.52    25.6     9.6    17.6    20.8     0.0    30.01 C    37.3     9.8    21.3    87.6    25.2    42.9   0.106   0.149   0.192   0.326   0.442    15.4    14.2    12.9    10.4     9.0
94088 20170610  2.422 -104.44   44.52    21.4     5.7    13.6    13.1     5.2    25.84 C    33.6     3.2    16.1    94.6    39.1    68.3   0.110   0.144   0.186   0.324   0.439    14.7    13.9    13.0    10.7     9.2
94088 20170611  2.422 -104.44   44.52    18.5     8.1    13.3    12.7     5.8    25.91 C    30.0     6.1    15.2    95.7    44.3    64.2   0.128   0.143   0.183   0.321   0.437    14.3    13.6    12.8    10.9     9.4
94088 20170612  2.422 -104.44   44.52    21.2     7.0    14.1    13.7    13.8    24.05 C    31.4     7.2    15.5    97.6    45.4    71.0   0.271   0.164   0.183   0.320   0.438    14.2    13.5    12.8    10.9     9.6
94088 20170613  2.422 -104.44   44.52    17.4     6.9    12.1    11.9     0.0    27.32 C    27.9     5.3    13.0    81.3    27.4    42.0   0.270   0.251   0.183   0.320   0.433    14.1    13.5    12.9    11.0     9.7
94088 20170614  2.422 -104.44   44.52    17.3     6.2    11.8    11.5     0.0    28.79 C    31.1     3.8    13.1    82.0    41.2    57.9   0.236   0.238   0.184   0.318   0.433    13.7    13.2    12.7    11.1     9.8
94088 20170615  2.422 -104.44   44.52    19.9     9.2    14.5    14.2     0.0    27.56 C    33.4     2.1    15.2    66.3    27.2    43.5   0.209   0.223   0.184   0.316   0.434    13.8    13.2    12.7    11.1     9.9
94088 20170616  2.422 -104.44   44.52    17.7     9.2    13.4    13.7     4.7    11.75 C    30.4     8.4    13.8    93.3    42.4    56.0   0.190   0.211   0.185   0.314   0.431    13.6    13.2    12.8    11.2    10.0
94088 20170617  2.422 -104.44   44.52    14.1     6.7    10.4     9.8     5.7    17.70 C    23.3     1.8    11.1    97.7    45.9    76.3   0.275   0.212   0.184   0.313   0.430    13.1    12.9    12.6    11.2    10.1
94088 20170618  2.422 -104.44   44.52    16.2     5.3    10.7    10.9     3.0    17.41 C    26.9     0.8    10.7    79.8    42.7    58.2   0.261   0.220   0.184   0.313   0.431    12.3    12.2    12.1    11.1    10.1
94088 20170619  2.422 -104.44   44.52    18.9     7.6    13.2    13.5     0.0    27.82 C    32.4     3.3    14.2    76.0    37.7    52.2   0.237   0.214   0.183   0.310   0.431    13.2    12.6    12.2    11.0    10.2
94088 20170620  2.422 -104.44   44.52    27.0     7.8    17.4    18.5     1.0    26.37 C    34.7     3.3    17.7    77.3    29.3    51.4   0.209   0.204   0.183   0.308   0.425    14.2    13.4    12.6    11.1    10.2
94088 20170621  2.422 -104.44   44.52    23.4    11.8    17.6    19.0     0.0    31.00 C    33.8     7.2    19.0    71.7    39.4    50.0   0.184   0.193   0.184   0.308   0.426    15.6    14.6    13.5    11.3    10.2
94088 20170622  2.422 -104.44   44.52    17.7     5.4    11.6    12.5     0.0    26.17 C    32.0     6.4    15.5    87.0    30.7    53.2   0.163   0.182   0.183   0.307   0.428    15.4    14.7    13.9    11.6    10.4
94088 20170623  2.422 -104.44   44.52    13.1     2.4     7.7     7.5     0.0    29.94 C    28.7    -2.0    11.3    88.2    33.7    58.8   0.146   0.173   0.182   0.306   0.428    14.0    13.7    13.4    11.7    10.5
94088 20170624  2.422 -104.44   44.52    16.1     2.5     9.3     9.8     0.0    27.11 C    31.3    -2.6    10.9    67.9    31.9    45.6   0.130   0.163   0.179   0.305   0.428    12.8    12.7    12.7    11.6    10.6
94088 20170625  2.422 -104.44   44.52    18.9     2.8    10.9    12.5     0.0    29.44 C    34.3    -0.8    13.6    70.2    25.7    42.2   0.119   0.155   0.178   0.301   0.425    13.1    12.7    12.5    11.5    10.7
94088 20170626  2.422 -104.44   44.52    22.0     4.5    13.2    17.1     0.0    31.36 C    32.9    -0.1    17.1    68.2    27.5    36.6   0.110   0.147   0.176   0.298   0.423    13.7    13.1    12.6    11.4    10.7
94088 20170627  2.422 -104.44   44.52    24.2    10.8    17.5    17.2     7.5    21.67 C    35.2     8.7    18.0    87.3    30.4    58.9   0.114   0.142   0.172   0.293   0.418    14.8    14.0    13.2    11.5    10.7
94088 20170628  2.422 -104.44   44.52    20.6     9.2    14.9    13.2     1.6    22.59 C    31.4     6.1    14.1    91.1    38.1    71.3   0.132   0.140   0.172   0.291   0.416    14.5    13.9    13.3    11.6    10.7
94088 20170629  2.422 -104.44   44.52    16.9     7.6    12.3    10.6    10.3    19.67 C    28.1     6.7    12.9    97.6    46.9    80.1   0.201   0.140   0.172   0.291   0.417    14.2    13.7    13.3    11.7    10.8
94088 20170630  2.422 -104.44   44.52    16.7     5.4    11.1    11.0     0.0    23.15 C    25.4     2.0    11.8    93.8    42.3    69.8   0.255   0.141   0.172   0.290   0.417    13.7    13.4    13.1    11.8    10.8
94088 20170701  2.422 -104.44   44.52    23.4     9.3    16.3    17.0     0.0    31.20 C    32.5     2.8    16.7    63.9    27.1    44.1   0.223   0.144   0.171   0.288   0.416    14.4    13.7    13.1    11.7    10.9
94088 20170702  2.422 -104.44   44.52    26.7    10.5    18.6    18.7     1.1    23.00 C    35.0     5.4    17.6    91.0    27.0    50.1   0.186   0.145   0.172   0.288   0.412    15.3    14.5    13.7    11.8    10.9
94088 20170703  2.422 -104.44   44.52    25.4    14.2    19.8    20.3     0.0    29.16 C    33.8     9.5    19.4    68.7    36.0    48.0   0.160   0.145   0.172   0.285   0.413    16.2    15.3    14.2    12.1    11.0
94088 20170704  2.422 -104.44   44.52    26.8    14.7    20.7    22.1     0.0    28.00 C    37.8     9.5    20.2    65.9    25.0    39.7   0.137   0.144   0.171   0.283   0.407    16.7    15.8    14.7    12.3    11.1
94088 20170705  2.422 -104.44   44.52    30.5    16.7    23.6    24.4     0.0    28.72 C    39.0    10.3    22.4    52.7    15.4    29.3   0.117   0.140   0.170   0.279   0.401    17.2    16.2    15.0    12.6    11.3
94088 20170706  2.422 -104.44   44.52    28.4    14.4    21.4    23.0     0.4    27.40 C    38.3    10.5    22.1    66.2    15.6    35.4   0.105   0.137   0.167   0.274   0.393    17.4    16.5    15.3    12.8    11.4
94088 20170707  2.422 -104.44   44.52    27.7    16.1    21.9    21.5     0.0    28.73 C    49.5     6.6    22.5    54.5    23.7    38.6   0.098   0.134   0.165   0.269   0.406    17.5    16.7    15.6    13.1    11.7
94088 20170708  2.422 -104.44   44.52    27.9    12.5    20.2    21.8     0.0    30.58 C    48.1     5.4    25.1    60.7    20.2    32.3   0.094   0.131   0.163   0.267   0.423    17.3    16.6    15.6    13.2    11.9
94088 20170709  2.422 -104.44   44.52    31.0    18.9    25.0    24.7     0.0    27.59 C    51.2    14.7    28.5    55.0    17.0    31.3   0.092   0.129   0.162   0.261   0.422    18.3    17.4    16.1    13.4    12.0
94088 20170710  2.422 -104.44   44.52    26.2    12.1    19.1    21.1     1.2    24.98 C    44.2     8.3    23.9    94.4    29.0    47.6   0.090   0.128   0.160   0.258   0.423    17.9    17.4    16.3    13.6    12.2
94088 20170711  2.422 -104.44   44.52    26.4    11.4    18.9    19.6     9.2    29.39 C    48.5     7.6    24.7    95.1    29.5    57.4   0.106   0.138   0.160   0.263   0.423    18.4    17.6    16.4    13.7    12.4
94088 20170712  2.422 -104.44   44.52    23.1    11.9    17.5    16.7     5.3    21.15 C    43.6     9.6    20.8    94.6    47.1    71.5   0.159   0.178   0.163   0.279   0.418    18.2    17.5    16.5    13.9    12.5
94088 20170713  2.422 -104.44   44.52    26.3    12.5    19.4    20.8     0.0    28.68 C    47.0     9.7    25.6    78.1    44.0    55.7   0.147   0.174   0.164   0.275   0.421    18.9    18.1    16.9    14.0    12.7
94088 20170714  2.422 -104.44   44.52    30.5    18.1    24.3    23.6     2.4    23.91 C    49.2    12.9    25.1    63.1    22.4    36.7   0.135   0.167   0.166   0.274   0.421    19.0    18.5    17.3    14.3    12.8
94088 20170715  2.422 -104.44   44.52    27.9    13.3    20.6    22.7     0.0    25.18 C    49.5     8.8    24.8    68.4    30.8    44.3   0.125   0.161   0.165   0.273   0.422    19.0    18.3    17.3    14.5    13.0
94088 20170716  2.422 -104.44   44.52    29.7    14.3    22.0    24.1     1.0    29.51 C    47.5    13.6    27.4    90.5    22.4    37.5   0.115   0.154   0.166   0.271   0.424    19.2    18.6    17.5    14.6    13.2
94088 20170717  2.422 -104.44   44.52    28.6    14.3    21.4    22.0     0.0    25.22 C    51.5     9.3    24.8    80.4    26.8    46.7   0.107   0.148   0.165   0.269   0.425    19.5    18.8    17.7    14.8    13.3
94088 20170718  2.422 -104.44   44.52    26.3    10.6    18.4    19.2     0.0    25.23 C    51.4     8.0    24.2    93.5    39.4    65.5   0.102   0.143   0.164   0.265   0.425    19.3    18.7    17.7    15.0    13.4
94088 20170719  2.422 -104.44   44.52    27.4    18.1    22.7    22.8     0.0    25.54 C    49.1    15.0    26.7    70.2    26.2    51.8   0.097   0.139   0.164   0.264   0.425    19.8    18.9    17.8    15.1    13.6
94088 20170720  2.422 -104.44   44.52    30.4    14.9    22.6    22.5    31.5    26.78 C    48.1    13.2    25.9    93.6    26.3    53.9   0.120   0.154   0.167   0.283   0.430    19.3    18.8    17.9    15.3    13.7
94088 20170721  2.422 -104.44   44.52    26.1    12.7    19.4    19.9     0.0    24.63 C    42.9     7.2    21.1    65.0    19.4    43.8   0.197   0.208   0.199   0.349   0.447    18.6    18.1    17.5    15.3    13.9
94088 20170722  2.422 -104.44   44.52    25.9    10.6    18.2    19.3     0.0    27.63 C    44.9     5.9    21.9    59.7    18.9    33.1   0.175   0.196   0.198   0.340   0.442    18.5    17.9    17.4    15.3    13.9
94088 20170723  2.422 -104.44   44.52    27.9    10.9    19.4    21.4     0.3    26.93 C    46.8     6.3    24.5    83.4    21.8    39.6   0.158   0.189   0.197   0.334   0.444    18.8    18.2    17.4    15.3    14.0
94088 20170724  2.422 -104.44   44.52    30.0    14.3    22.1    22.7     0.7    27.94 C    46.1     9.8    24.1    79.6    17.2    42.5   0.154   0.188   0.196   0.331   0.440    19.7    18.9    17.9    15.4    14.1
94088 20170725  2.422 -104.44   44.52    24.2    13.6    18.9    18.2     2.3    13.61 C    40.5     9.9    19.2    95.6    30.1    68.1   0.150   0.185   0.195   0.327   0.433    18.6    18.3    17.9    15.5    14.2
94088 20170726  2.422 -104.44   44.52    23.4    13.0    18.2    17.9     0.0    13.59 C    36.5    11.1    19.4    93.8    48.2    65.3   0.155   0.183   0.194   0.324   0.438    18.3    17.9    17.4    15.5    14.3
94088 20170727  2.422 -104.44   44.52    25.1    12.6    18.8    17.9    23.5    18.08 C    43.9    10.1    19.7    95.6    55.1    73.3   0.189   0.219   0.205   0.342   0.444    17.4    17.2    17.2    15.5    14.3
94088 20170728  2.422 -104.44   44.52    25.7    13.1    19.4    18.9     0.0    27.08 C    41.3     9.2    21.3    80.5    28.7    56.0   0.220   0.247   0.226   0.354   0.447    18.3    17.5    16.9    15.3    14.3
94088 20170729  2.422 -104.44   44.52    25.2    14.4    19.8    20.3     0.0    20.02 C    42.0    10.9    21.1    81.2    37.0    54.4   0.202   0.235   0.230   0.348   0.445    18.5    18.0    17.4    15.4    14.3
94088 20170730  2.422 -104.44   44.52    25.2    12.5    18.9    19.9     0.0    26.96 C    44.4     9.7    22.5    80.8    37.4    52.8   0.188   0.227   0.231   0.341   0.443    18.9    18.2    17.6    15.5    14.4
94088 20170731  2.422 -104.44   44.52    28.1    15.2    21.6    21.4     0.0    19.86 C    44.4    10.2    21.7    76.5    23.0    45.1   0.175   0.220   0.230   0.337   0.439    18.9    18.3    17.8    15.7    14.5
94088 20170801  2.422 -104.44   44.52    25.5    12.4    19.0    19.0     2.9    21.85 C    41.0    10.8    20.7    88.9    29.5    51.7   0.168   0.213   0.228   0.334   0.436    18.5    18.1    17.6    15.7    14.5
94088 20170802  2.422 -104.44   44.52    18.9     8.2    13.5    13.4     2.6    15.90 C    33.3     4.8    15.2    93.2    48.7    71.5   0.201   0.240   0.226   0.331   0.439    17.5    17.4    17.4    15.7    14.6
94088 20170803  2.422 -104.44   44.52    15.3     4.7    10.0    10.3     0.0    28.11 C    35.1     1.1    15.3    97.5    41.4    68.9   0.190   0.232   0.225   0.329   0.439    16.7    16.5    16.6    15.6    14.6
94088 20170804  2.422 -104.44   44.52    22.9    10.4    16.6    16.4     0.0    26.89 C    39.8     7.6    19.5    73.2    30.1    53.9   0.177   0.223   0.223   0.326   0.436    17.1    16.7    16.5    15.3    14.6
94088 20170805  2.422 -104.44   44.52    16.9     9.1    13.0    12.8     1.6    12.44 C    31.7     7.3    14.1    95.3    59.5    78.9   0.169   0.218   0.222   0.323   0.431    16.7    16.5    16.5    15.2    14.5
94088 20170806  2.422 -104.44   44.52    16.8     7.5    12.1    12.1     0.0    21.48 C    33.7     4.4    15.1    96.6    48.2    72.8   0.164   0.214   0.220   0.321   0.429    16.4    16.2    16.2    15.1    14.5
94088 20170807  2.422 -104.44   44.52    19.4     5.3    12.4    13.2     0.0    18.38 C    38.7     3.1    15.2    96.9    46.4    69.3   0.157   0.208   0.219   0.318   0.435    15.9    15.7    15.9    15.0    14.5
94088 20170808  2.422 -104.44   44.52    22.9     8.9    15.9    16.3     0.0    21.23 C    36.7     6.0    17.6    88.1    24.3    58.8   0.150   0.202   0.216   0.315   0.429    16.3    16.0    15.9    14.8    14.4
94088 20170809  2.422 -104.44   44.52    18.7     5.7    12.2    13.2     0.0    19.69 C    33.3     1.1    13.9    84.3    34.5    62.7   0.142   0.194   0.213   0.312   0.427    15.8    15.6    15.7    14.8    14.3
94088 20170810  2.422 -104.44   44.52    20.2     5.2    12.7    13.1     0.0    25.02 C    37.2     1.1    15.9    86.8    25.5    57.8   0.134   0.187   0.209   0.309   0.428    15.6    15.3    15.4    14.6    14.2
94088 20170811  2.422 -104.44   44.52    21.1    10.8    16.0    15.8     0.0    18.93 C    34.0     7.8    16.4    90.4    37.1    55.5   0.127   0.180   0.206   0.307   0.429    15.7    15.5    15.5    14.5    14.2
94088 20170812  2.422 -104.44   44.52    22.8    10.5    16.6    16.4     0.0    22.24 C    38.7     4.7    18.1    77.1    24.1    51.8   0.122   0.173   0.202   0.302   0.425    16.2    15.8    15.5    14.5    14.1
94088 20170813  2.422 -104.44   44.52    20.9     7.9    14.4    15.6     0.0    22.51 C    37.4     2.9    17.3    82.1    32.3    58.5   0.116   0.165   0.198   0.299   0.422    16.1    15.8    15.6    14.5    14.1
94088 20170814  2.422 -104.44   44.52    22.3    12.3    17.3    17.5     0.4    18.99 C    40.0    11.0    20.0    94.5    45.9    64.6   0.112   0.159   0.195   0.296   0.420    16.9    16.4    15.9    14.5    14.0
94088 20170815  2.422 -104.44   44.52    14.7     8.0    11.4    12.7     5.1     9.70 C    21.4     5.7    13.6    97.1    73.8    87.9   0.136   0.160   0.193   0.293   0.421    16.4    16.2    16.0    14.6    14.0
94088 20170816  2.422 -104.44   44.52    20.5     7.5    14.0    14.8     0.0    23.56 C    36.9     3.3    16.1    96.6    31.3    57.9   0.142   0.162   0.192   0.291   0.416    15.8    15.5    15.5    14.6    14.1
94088 20170817  2.422 -104.44   44.52    24.2    10.5    17.3    17.5     0.0    16.02 C    38.8     5.6    16.3    76.7    26.4    42.7   0.129   0.158   0.189   0.288   0.412    15.8    15.6    15.5    14.5    14.0
94088 20170818  2.422 -104.44   44.52    24.8    13.2    19.0    19.0     0.0    24.93 C    37.4     7.7    18.9    49.1    19.9    33.5   0.119   0.152   0.186   0.285   0.409    16.1    15.6    15.4    14.4    14.0
94088 20170819  2.422 -104.44   44.52    27.1    14.8    20.9    21.2     0.0    23.03 C    39.6     9.5    21.3    45.1    17.5    29.3   0.108   0.146   0.182   0.280   0.407    16.7    16.1    15.7    14.4    14.0
94088 20170820  2.422 -104.44   44.52    22.7    10.9    16.8    17.2     2.5    22.73 C    36.3     7.9    19.2    72.6    36.7    52.6   0.100   0.140   0.177   0.274   0.404    16.5    16.1    15.8    14.5    14.0
94088 20170821  2.422 -104.44   44.52    20.1     8.5    14.3    15.4     0.0    18.98 C    31.7     2.9    14.7    75.6    29.1    49.0   0.097   0.137   0.174   0.271   0.400    16.1    15.8    15.7    14.5    14.0
94088 20170822  2.422 -104.44   44.52    24.1     9.4    16.7    17.4     0.0    24.66 C    37.7     3.4    17.7    57.2    22.3    40.2   0.093   0.134   0.171   0.268   0.395    15.6    15.3    15.3    14.4    14.0
94088 20170823  2.422 -104.44   44.52    28.0    14.1    21.0    21.1     0.0    21.65 C    40.4     6.0    19.5    66.5    15.9    37.2   0.091   0.131   0.168   0.263   0.393    16.4    15.9    15.5    14.4    14.0
94088 20170824  2.422 -104.44   44.52    27.2    12.5    19.9    20.1    16.1    21.74 C    42.1     7.4    20.5    94.1    26.1    46.3   0.096   0.135   0.165   0.265   0.398    16.5    16.1    15.7    14.4    14.0
94088 20170825  2.422 -104.44   44.52    23.5     9.2    16.4    17.0     1.0    23.33 C    33.7     8.0    18.3    95.1    35.6    64.4   0.134   0.184   0.164   0.305   0.429    17.0    16.3    15.8    14.5    14.0
94088 20170826  2.422 -104.44   44.52    25.9    11.3    18.6    19.7     0.0    22.33 C    37.5     5.8    19.1    75.2    26.4    43.8   0.125   0.174   0.164   0.298   0.425    17.3    16.7    16.2    14.6    14.0
94088 20170827  2.422 -104.44   44.52    24.2     9.9    17.1    17.5     0.0    23.06 C    36.9     6.3    17.7    94.9    22.1    54.1   0.116   0.163   0.164   0.294   0.420    16.7    16.3    16.1    14.7    14.0
94088 20170828  2.422 -104.44   44.52    27.6    14.9    21.3    21.2     0.0    22.76 C    38.3     7.4    19.8    53.9    18.7    33.7   0.109   0.153   0.164   0.288   0.417    17.0    16.5    16.1    14.7    14.1
94088 20170829  2.422 -104.44   44.52    28.3    16.1    22.2    22.2     0.0    20.09 C    39.2     7.0    20.5    55.1    15.1    35.1   0.102   0.145   0.162   0.282   0.414    17.0    16.5    16.1    14.8    14.2
94088 20170830  2.422 -104.44   44.52    26.0    16.7    21.4    21.3     0.0    20.59 C    37.3     9.3    20.9    45.4    26.3    36.4   0.096   0.138   0.161   0.275   0.408    17.3    16.8    16.3    14.8    14.2
94088 20170831  2.422 -104.44   44.52    24.8    13.2    19.0    19.4     2.2    12.10 C    35.4    12.1    18.6    91.7    34.2    51.7   0.092   0.133   0.160   0.270   0.404    17.0    16.6    16.3    14.9    14.2
94088 20170901  2.422 -104.44   44.52    22.6    10.4    16.5    17.2     0.0    19.64 C    31.7     5.8    16.3    83.6    27.0    47.5   0.096   0.130   0.160   0.266   0.402    16.7    16.3    16.1    14.9    14.2
94088 20170902  2.422 -104.44   44.52    26.3    10.3    18.3    19.6     0.0    20.87 C    36.7     5.7    17.9    69.7    20.2    35.7   0.088   0.128   0.159   0.261   0.396    16.2    15.8    15.8    14.8    14.2
94088 20170903  2.422 -104.44   44.52    26.6    10.5    18.5    21.1     0.0    17.78 C    34.1     3.8    17.7    61.1    14.0    27.5   0.084   0.125   0.158   0.256   0.395    15.9    15.6    15.7    14.7    14.2
94088 20170904  2.422 -104.44   44.52    14.9     3.6     9.2    11.0     0.0    15.18 C    25.7    -4.7    10.1    68.0    37.5    49.2   0.081   0.122   0.156   0.251   0.391    14.3    14.5    15.0    14.6    14.2
94088 20170905  2.422 -104.44   44.52    15.9     0.6     8.2     8.4     0.0    23.18 C    33.2    -5.4     9.2    77.9    17.8    42.9   0.078   0.120   0.153   0.247   0.388    13.1    13.2    14.1    14.2    14.2
94088 20170906  2.422 -104.44   44.52    22.6     4.3    13.5    14.0     0.0    19.51 C    37.7    -2.3    13.9    48.3    13.4    26.1   0.077   0.118   0.152   0.243   0.386    13.4    13.3    13.7    13.8    14.0
94088 20170907  2.422 -104.44   44.52    24.6     9.8    17.2    17.9     0.0    22.42 C    39.2     1.1    16.9    43.8    14.3    22.4   0.076   0.117   0.151   0.238   0.380    14.2    13.9    13.9    13.7    13.8
94088 20170908  2.422 -104.44   44.52    25.7    15.1    20.4    21.1     0.0    20.57 C    39.0     6.0    20.6    41.2    20.3    30.0   0.075   0.115   0.149   0.233   0.376    14.9    14.5    14.3    13.6    13.7
94088 20170909  2.422 -104.44   44.52    26.9    16.3    21.6    20.8     0.0    19.09 C    39.3     8.9    20.5    57.8    17.2    40.0   0.075   0.115   0.149   0.229   0.373    16.0    15.4    14.9    13.7    13.6
94088 20170910  2.422 -104.44   44.52    26.3    15.4    20.9    21.8     0.0    16.24 C    41.6     8.6    20.7    51.4    24.3    33.8   0.074   0.114   0.149   0.226   0.368    16.2    15.6    15.2    13.8    13.6
94088 20170911  2.422 -104.44   44.52    27.7    13.5    20.6    22.4     0.0    19.40 C    40.5     7.3    22.2    58.0    25.2    35.5   0.073   0.113   0.148   0.223   0.364    16.8    16.1    15.5    14.0    13.6
94088 20170912  2.422 -104.44   44.52    27.8    16.0    21.9    21.9     0.4    13.35 C    41.3     7.3    18.7    67.9    18.8    34.4   0.072   0.112   0.147   0.222   0.361    16.6    16.2    15.7    14.1    13.7
94088 20170913  2.422 -104.44   44.52    27.9    12.0    19.9    20.9     0.0    16.24 C    40.0     5.7    18.0    53.7    17.9    29.4   0.071   0.110   0.146   0.220   0.357    15.7    15.5    15.4    14.2    13.8
94088 20170914  2.422 -104.44   44.52    18.3     8.4    13.4    12.5     3.0    14.21 C    37.0     4.3    14.3    97.9    36.5    63.7   0.070   0.109   0.145   0.217   0.354    14.9    14.8    15.0    14.1    13.8
94088 20170915  2.422 -104.44   44.52     8.4     1.2     4.8     5.2    26.3     2.97 C    13.1     2.8     7.2    98.5    97.6    98.2   0.164   0.222   0.143   0.216   0.351    12.4    12.9    14.0    14.0    13.8
94088 20170916  2.422 -104.44   44.52     3.8    -0.5     1.6     1.4     2.8     6.75 C    17.5    -0.2     4.4    98.8    87.8    95.2   0.181   0.259   0.143   0.215   0.347    11.1    11.5    12.7    13.5    13.7
94088 20170917  2.422 -104.44   44.52    14.6     0.8     7.7     7.1     0.2    17.51 C    24.3    -0.6     7.7    94.2    41.7    70.0   0.171   0.247   0.143   0.215   0.348    10.8    11.1    12.0    13.0    13.5
94088 20170918  2.422 -104.44   44.52    20.5     3.5    12.0    14.0     0.0    18.75 C    30.9    -1.5    12.2    54.6    19.3    34.1   0.163   0.239   0.143   0.214   0.347    11.3    11.3    11.9    12.6    13.3
94088 20170919  2.422 -104.44   44.52    16.9     2.0     9.5     8.6     5.0     6.46 C    26.3    -0.7     8.5    97.5    31.8    68.3   0.170   0.244   0.145   0.214   0.344    11.5    11.7    12.2    12.4    13.1
94088 20170920  2.422 -104.44   44.52    14.1     1.5     7.8     8.9     0.0    19.05 C    21.7    -0.5     8.6    83.0    22.3    43.7   0.190   0.262   0.145   0.214   0.345    10.2    10.5    11.4    12.3    12.9
94088 20170921  2.422 -104.44   44.52    16.4     4.1    10.2    11.5     0.6    19.49 C    29.7     1.5    12.3    71.6    33.2    50.1   0.178   0.252   0.146   0.213   0.347    11.6    11.3    11.6    12.0    12.7
94088 20170922  2.422 -104.44   44.52     7.8     0.5     4.2     3.8     3.3     6.56 C    21.8     0.5     6.7    98.4    68.8    84.0   0.169   0.245   0.146   0.213   0.345    10.7    11.0    11.6    11.9    12.6
94088 20170923  2.422 -104.44   44.52     4.2     0.4     2.3     1.9    13.9     1.96 C     8.2     0.5     3.8    98.7    97.6    98.3   0.208   0.279   0.146   0.213   0.342     9.2     9.8    10.9    11.7    12.5
94088 20170924  2.422 -104.44   44.52     2.8     1.2     2.0     1.8     5.6     3.69 C     8.4     2.5     4.3    98.7    97.9    98.5   0.223   0.322   0.171   0.213   0.342     8.7     9.1    10.0    11.3    12.3
94088 20170925  2.422 -104.44   44.52     5.1     0.0     2.5     2.5     8.6     6.55 C    13.9     0.0     4.3    98.6    83.9    95.1   0.229   0.329   0.207   0.212   0.340     8.7     9.0     9.7    11.0    12.0
94088 20170926  2.422 -104.44   44.52    10.2     0.2     5.2     5.0     0.0    15.76 C    22.5    -2.1     4.9    95.9    46.2    73.7   0.216   0.316   0.245   0.211   0.340     8.8     9.0     9.6    10.7    11.8
94088 20170927  2.422 -104.44   44.52    15.1     4.3     9.7     8.6     0.0    17.82 C    29.0    -1.0     7.9    82.8    35.2    58.4   0.207   0.305   0.261   0.210   0.340     9.1     9.1     9.6    10.5    11.6
94088 20170928  2.422 -104.44   44.52    16.0     6.2    11.1    10.8     0.0    13.31 C    28.2     0.0     8.8    73.3    40.9    54.2   0.199   0.297   0.262   0.210   0.335     9.5     9.5     9.8    10.4    11.4
94088 20170929  2.422 -104.44   44.52    13.5     7.3    10.4    10.4     0.0    14.83 C    22.0     2.2    10.5    88.7    56.9    71.6   0.192   0.290   0.262   0.210   0.336     9.9     9.8    10.1    10.4    11.3
94088 20170930  2.422 -104.44   44.52    18.4     6.9    12.7    12.1     0.0    16.76 C    27.4     5.1    11.8    91.0    28.1    58.1   0.187   0.285   0.261   0.211   0.336    10.7    10.4    10.4    10.5    11.2
94088 20171001  2.422 -104.44   44.52    10.6     2.0     6.3     5.3     9.4     3.34 C    11.8    -0.3     5.7    98.0    61.3    87.7   0.216   0.309   0.263   0.211   0.336     9.6     9.9    10.5    10.6    11.2
94088 20171002  2.422 -104.44   44.52     2.8    -0.3     1.3     1.1     8.6     3.32 C    10.1    -0.2     2.6    98.5    85.8    95.6   0.241   0.334   0.278   0.211   0.335     8.2     8.7     9.6    10.4    11.1
94088 20171003  2.422 -104.44   44.52     3.6    -4.6    -0.5    -0.8     0.0    14.77 C    14.9    -6.9     0.6    98.3    54.4    74.0   0.231   0.327   0.292   0.211   0.335     7.4     7.8     8.8    10.0    11.0
94088 20171004  2.422 -104.44   44.52    14.1    -3.8     5.2     6.5     0.0    16.59 C    23.7    -7.2     5.9    97.1    59.7    75.8   0.223   0.316   0.290   0.210   0.334     7.2     7.4     8.2     9.6    10.8
94088 20171005  2.422 -104.44   44.52    12.1     1.9     7.0     6.6     0.0    16.83 C    24.9    -0.8     7.7    97.9    42.4    73.5   0.218   0.310   0.289   0.211   0.334     8.6     8.5     8.7     9.4    10.6
94088 20171006  2.422 -104.44   44.52    10.3     3.5     6.9     7.1     5.8     7.52 C    17.8    -0.9     6.4    93.2    60.5    77.4   0.237   0.321   0.289   0.211   0.334     8.6     8.7     9.0     9.5    10.5
94088 20171007  2.422 -104.44   44.52    17.7     2.0     9.8    10.4     0.0    16.33 C    22.6     1.9     8.4    82.4    23.4    46.2   0.236   0.322   0.293   0.210   0.334     8.7     8.7     9.0     9.4    10.4
94088 20171008  2.422 -104.44   44.52     2.0    -2.4    -0.2     0.1     7.5     2.00 C     6.1    -3.5     0.9    98.1    75.1    88.1   0.233   0.316   0.292   0.210   0.333     7.4     8.0     8.8     9.4    10.3
94088 20171009  2.422 -104.44   44.52     4.5    -5.8    -0.7    -0.7     0.0    16.27 C    12.5   -10.1    -1.1    88.8    40.5    64.4   0.243   0.320   0.292   0.210   0.331     6.5     6.9     7.9     9.1    10.2
94088 20171010  2.422 -104.44   44.52    10.9     0.0     5.4     5.9     0.0    15.96 C    18.0    -4.5     4.8    62.4    25.5    39.1   0.242   0.321   0.294   0.209   0.329     6.1     6.4     7.4     8.8    10.1
94088 20171011  2.422 -104.44   44.52    14.8     5.8    10.3    10.3     0.8    13.23 C    21.5     2.1     8.4    44.0    26.1    33.7   0.235   0.315   0.293   0.209   0.331     6.8     6.9     7.4     8.5     9.8
94088 20171012  2.422 -104.44   44.52    11.9    -2.6     4.7     2.6     0.0    11.84 C    18.1    -7.0     2.2    89.4    32.8    67.5   0.229   0.309   0.292   0.209   0.328     6.7     7.0     7.6     8.4     9.7
94088 20171013  2.422 -104.44   44.52    11.3     0.6     5.9     5.4     0.0    15.65 C    18.9    -6.2     3.7    78.1    16.6    42.8   0.223   0.305   0.289   0.208   0.328     6.0     6.3     7.1     8.3     9.5
94088 20171014  2.422 -104.44   44.52     7.0    -3.2     1.9    -0.9     2.1     2.03 C     2.9    -6.0    -1.5    97.5    29.5    79.7   0.219   0.301   0.288   0.208   0.329     5.1     5.7     6.8     8.1     9.4
94088 20171015  2.422 -104.44   44.52     8.3    -1.4     3.5     4.2     0.0    15.18 C    15.1    -3.9     2.6    80.1    38.2    48.4   0.216   0.298   0.286   0.207   0.328     4.8     5.1     6.1     7.7     9.2
94088 20171016  2.422 -104.44   44.52    15.8     7.0    11.4    11.8     0.0    14.67 C    22.3    -1.5     6.9    38.8    20.5    26.7   0.212   0.295   0.284   0.207   0.327     5.8     5.8     6.3     7.5     9.0
94088 20171017  2.422 -104.44   44.52    17.8    10.1    14.0    14.2     0.0    15.00 C    25.0    -0.8    10.1    25.7    14.7    19.5   0.207   0.292   0.283   0.206   0.326     6.5     6.4     6.7     7.5     8.9
94088 20171018  2.422 -104.44   44.52    15.1     3.1     9.1    11.5     0.0    13.82 C    22.3    -4.4     9.2    53.7    17.4    27.9   0.202   0.289   0.281   0.208   0.328     7.1     7.0     7.2     7.5     8.8
94088 20171019  2.422 -104.44   44.52    20.5     8.1    14.3    15.6     0.0    12.75 C    26.7    -0.4    10.9    26.2    12.0    17.4   0.197   0.285   0.279   0.208   0.327     7.4     7.3     7.4     7.6     8.6
94088 20171020  2.422 -104.44   44.52    20.1     4.8    12.4    14.4     0.9    13.57 C    25.6     2.6    11.8    76.0    21.7    33.6   0.191   0.281   0.277   0.207   0.328     8.0     7.8     7.8     7.8     8.6
94088 20171021  2.422 -104.44   44.52     6.4     0.1     3.3     2.3     0.6     9.66 C    15.9    -9.4     0.4    65.4    31.0    45.3   0.184   0.277   0.276   0.208   0.328     6.7     7.1     7.7     8.0     8.7
94088 20171022  2.422 -104.44   44.52 -9999.0 -9999.0 -9999.0 -9999.0     1.1 -9999.00 U -9999.0 -9999.0 -9999.0 -9999.0 -9999.0 -9999.0 -99.000 -99.000 -99.000 -99.000 -99.000 -9999.0 -9999.0 -9999.0 -9999.0 -9999.0
94088 20171023  2.422 -104.44   44.52     6.2    -0.4     2.9     3.0     0.0     8.86 C    13.3    -5.3     0.8    57.7    32.3    44.1   0.176   0.271   0.271   0.214   0.293     5.5     5.9     6.7     7.7     8.6
94088 20171024  2.422 -104.44   44.52    10.2    -1.9     4.2     5.1     0.0    12.35 C    16.8    -7.7     2.9    61.9    30.3    43.1   0.173   0.268   0.269   0.213   0.293     4.9     5.2     6.1     7.5     8.5
94088 20171025  2.422 -104.44   44.52    19.5     7.7    13.6    13.8     0.0    13.32 C    28.0     1.6     9.7    49.0    10.1    20.4   0.171   0.266   0.268   0.212   0.291     6.0     5.9     6.2     7.3     8.4
94088 20171026  2.422 -104.44   44.52     7.7    -9.2    -0.7    -5.1     2.2     2.38 C     5.7    -9.8    -4.2    95.8    51.3    88.3   0.167   0.264   0.267   0.213   0.291     5.0     5.6     6.4     7.3     8.3
94088 20171027  2.422 -104.44   44.52     2.0   -12.9    -5.4    -3.8     0.0     8.57 C     2.5   -18.8    -6.3    90.8    11.2    52.0   0.165   0.261   0.266   0.212   0.292     3.4     4.1     5.4     7.1     8.2
94088 20171028  2.422 -104.44   44.52    10.1    -2.7     3.7     4.2     0.0    10.78 C    13.5    -5.6     2.0    74.3    42.3    57.7   0.166   0.261   0.264   0.211   0.293     3.7     4.0     4.9     6.7     8.1
94088 20171029  2.422 -104.44   44.52    11.3    -5.8     2.7     1.2     2.7     1.24 C     5.2    -9.7    -0.2    98.0    31.9    74.3   0.166   0.260   0.264   0.211   0.289     4.0     4.3     5.1     6.4     7.8
94088 20171030  2.422 -104.44   44.52    -5.7   -10.3    -8.0    -8.2     2.9     3.49 C    -6.5   -22.9   -11.2    92.6    64.6    81.8   0.164   0.259   0.263   0.211   0.290     3.0     3.5     4.6     6.3     7.6
94088 20171031  2.422 -104.44   44.52     2.0    -8.7    -3.4    -2.9     6.0     8.92 C    -1.1   -18.7    -6.2    95.8    25.6    62.2   0.164   0.259   0.262   0.209   0.290     2.8     3.3     4.3     6.0     7.5
94088 20171101  2.422 -104.44   44.52    -0.2    -5.8    -3.0    -1.7    13.3     3.38 C    -0.1    -5.6    -1.8    98.2    93.4    96.0   0.164   0.258   0.261   0.211   0.289     3.1     3.4     4.2     5.8     7.4
94088 20171102  2.422 -104.44   44.52    -1.1    -8.0    -4.6    -5.8     0.2     4.73 C    -1.3    -7.8    -5.4    97.8    91.2    93.2   0.164   0.260   0.261   0.210   0.289     3.1     3.5     4.2     5.7     7.2
94088 20171103  2.422 -104.44   44.52     5.1    -1.2     2.0     1.7     0.2     4.40 C     0.3    -1.5    -0.4    98.8    70.1    89.1   0.183   0.281   0.261   0.210   0.289     3.0     3.4     4.2     5.5     7.1
94088 20171104  2.422 -104.44   44.52     5.1    -8.4    -1.7    -4.2     1.5     2.91 C    -0.4    -8.3    -4.1    97.9    67.1    88.6   0.218   0.303   0.271   0.210   0.289     2.9     3.3     4.0     5.4     6.9
94088 20171105  2.422 -104.44   44.52    -3.0   -11.3    -7.1    -5.9     0.0     7.77 C    -3.6   -18.9   -10.1    95.7    61.6    82.1   0.222   0.299   0.272   0.210   0.286     2.8     3.2     3.9     5.3     6.7
94088 20171106  2.422 -104.44   44.52    -3.9   -16.8   -10.3    -8.8     0.0     1.63 C    -3.7   -22.4    -9.4    95.6    82.8    90.8   0.222   0.294   0.273   0.209   0.286     2.4     2.9     3.7     5.2     6.6
94088 20171107  2.422 -104.44   44.52    -1.4   -16.3    -8.8    -6.0     0.0    10.33 C    -5.3   -22.4   -12.1    90.2    36.3    66.4   0.219   0.292   0.274   0.209   0.286     1.9     2.5     3.4     5.0     6.5
94088 20171108  2.422 -104.44   44.52     0.4    -6.8    -3.2    -2.9     0.0     5.33 C    -2.7   -11.0    -7.2    91.5    24.8    55.2   0.219   0.290   0.274   0.209   0.286     1.7     2.3     3.1     4.8     6.4
94088 20171109  2.422 -104.44   44.52     0.5    -9.0    -4.2    -2.6     0.0     6.26 C    -1.2   -15.3    -5.9    92.3    52.9    70.4   0.218   0.289   0.274   0.209   0.285     1.7     2.2     3.0     4.6     6.2
94088 20171110  2.422 -104.44   44.52     7.2    -1.8     2.7     3.2     0.0     5.01 C    -0.1    -9.9    -3.9    73.1    38.2    54.7   0.218   0.287   0.273   0.209   0.286     1.8     2.2     2.9     4.4     6.1
94088 20171111  2.422 -104.44   44.52     5.9    -2.8     1.5     1.3     1.2     7.05 C    -0.2   -11.3    -4.0    97.1    46.9    67.6   0.219   0.286   0.273   0.210   0.286     1.7     2.1     2.8     4.3     5.9
94088 20171112  2.422 -104.44   44.52     5.3    -4.2     0.5     2.0     0.0    10.00 C    -1.4   -14.4    -5.2    89.6    41.2    57.8   0.224   0.288   0.274   0.209   0.287     1.9     2.2     2.8     4.2     5.8
94088 20171113  2.422 -104.44   44.52    11.9     0.0     6.0     7.4     0.0     9.68 C     0.0   -10.1    -3.1    48.3     9.6    25.6   0.235   0.292   0.274   0.208   0.285     1.9     2.2     2.8     4.1     5.7
94088 20171114  2.422 -104.44   44.52     9.0    -3.0     3.0     3.8     1.1     4.40 C     1.1    -7.6    -2.1    97.5    26.2    55.0   0.261   0.305   0.276   0.208   0.284     2.0     2.3     2.8     4.1     5.6
94088 20171115  2.422 -104.44   44.52     6.0    -4.4     0.8     0.5     0.0     6.47 C    -1.2   -14.5    -5.8    82.7    33.5    56.0   0.267   0.312   0.282   0.208   0.284     1.7     2.1     2.8     4.1     5.5
94088 20171116  2.422 -104.44   44.52    12.2     0.5     6.3     7.1     0.0     3.21 C     2.4    -3.0     0.2    70.3    30.2    41.5   0.280   0.330   0.288   0.209   0.285     1.7     2.0     2.6     4.0     5.4
94088 20171117  2.422 -104.44   44.52     0.5    -4.0    -1.8    -1.4     2.1     1.64 C     0.4    -8.7    -2.1    98.3    65.1    86.7   0.281   0.341   0.306   0.210   0.285     1.9     2.2     2.7     3.9     5.3
94088 20171118  2.422 -104.44   44.52    -0.4    -6.6    -3.5    -3.3     0.0     8.14 C     0.2   -10.3    -6.3    78.4    44.6    58.8   0.269   0.331   0.304   0.210   0.284     1.4     1.8     2.5     3.9     5.3
94088 20171119  2.422 -104.44   44.52     7.0    -2.1     2.5     2.8     0.0     6.71 C     4.4    -7.3    -2.7    47.7    19.8    33.7   0.260   0.324   0.301   0.210   0.283     1.0     1.4     2.2     3.7     5.2
94088 20171120  2.422 -104.44   44.52     9.8    -4.6     2.6     4.7     0.6     7.23 C    12.4    -4.0     0.6    96.7    18.2    37.8   0.261   0.321   0.298   0.210   0.284     1.0     1.3     2.1     3.5     5.1
94088 20171121  2.422 -104.44   44.52     4.2    -8.6    -2.2    -3.5     0.9     6.73 C    -0.7    -7.8    -4.3    94.2    43.4    78.7   0.261   0.320   0.299   0.211   0.283     1.0     1.3     2.0     3.4     4.9
94088 20171122  2.422 -104.44   44.52    12.9     3.2     8.0     9.2     0.0     7.59 C    16.1    -0.9     4.2    63.7    35.8    50.5   0.265   0.321   0.298   0.213   0.284     1.9     1.8     2.1     3.3     4.8
94088 20171123  2.422 -104.44   44.52    15.3     8.5    11.9    11.0     0.0     6.58 C    21.0     2.4     6.4    62.1    33.2    46.0   0.264   0.322   0.300   0.213   0.284     3.2     2.9     2.8     3.4     4.7
94088 20171124  2.422 -104.44   44.52    10.8    -1.9     4.5     4.0     1.7     8.03 C     9.2    -8.0     0.9    93.7    38.0    55.7   0.266   0.323   0.299   0.215   0.284     3.2     3.2     3.3     3.7     4.7
94088 20171125  2.422 -104.44   44.52     7.4    -0.4     3.5     3.6     0.0     7.65 C    11.3    -8.0    -0.8    47.8    31.2    39.7   0.261   0.320   0.300   0.215   0.284     1.7     2.1     2.9     3.8     4.7
94088 20171126  2.422 -104.44   44.52    14.6     5.6    10.1    10.6     0.0     5.85 C    16.4    -2.0     5.9    32.4    13.6    24.0   0.258   0.318   0.299   0.217   0.283     2.2     2.2     2.6     3.6     4.8
94088 20171127  2.422 -104.44   44.52    12.5    -1.8     5.3     6.1     1.7     1.64 C    10.1    -5.4     3.8    97.9    26.1    53.6   0.256   0.317   0.298   0.218   0.284     3.0     3.0     3.1     3.7     4.7
94088 20171128  2.422 -104.44   44.52     2.2    -5.1    -1.5    -1.3     0.0     8.23 C     2.3    -9.5    -4.4    79.8    40.5    54.2   0.254   0.315   0.297   0.220   0.284     1.8     2.2     2.9     3.7     4.7
94088 20171129  2.422 -104.44   44.52     3.9    -3.1     0.4     0.3     0.0     4.32 C     5.0    -7.7    -2.5    65.5    37.4    52.2   0.251   0.312   0.297   0.221   0.285     1.2     1.7     2.4     3.6     4.7
94088 20171130  2.422 -104.44   44.52     4.1    -5.4    -0.7    -0.5     0.0     7.18 C     8.8   -13.2    -5.4    57.8    20.8    35.7   0.241   0.310   0.295   0.220   0.285     0.7     1.2     2.0     3.4     4.6
94088 20171201  2.422 -104.44   44.52     3.8    -4.2    -0.2     0.6     0.0     7.01 C     8.2   -10.6    -3.6    64.2    19.1    35.8   0.238   0.308   0.294   0.222   0.282     0.5     0.9     1.8     3.1     4.5
94088 20171202  2.422 -104.44   44.52     6.1    -1.5     2.3     2.7     0.0     6.72 C    11.3   -10.8    -1.4    58.3    26.9    36.2   0.259   0.309   0.293   0.223   0.282     0.3     0.7     1.5     3.0     4.4
94088 20171203  2.422 -104.44   44.52     8.0    -4.8     1.6     4.4     5.2     1.99 C     6.3    -4.7     1.8    97.7    33.6    52.6   0.242   0.307   0.292   0.222   0.283     0.4     0.7     1.4     2.8     4.3
94088 20171204  2.422 -104.44   44.52    -4.6   -13.3    -9.0   -10.0    16.0     5.84 C    -4.6   -18.8   -11.9    94.1    68.5    84.0   0.236   0.303   0.292   0.224   0.284     0.6     0.8     1.4     2.7     4.2
94088 20171205  2.422 -104.44   44.52    -2.9   -10.5    -6.7    -6.6     2.6     2.89 C    -4.6   -13.9    -8.4    94.3    61.1    74.7   0.235   0.303   0.291   0.224   0.281     0.5     0.8     1.4     2.6     4.0
94088 20171206  2.422 -104.44   44.52    -6.7   -13.5   -10.1   -10.0     6.0     0.93 C    -6.7   -13.4   -10.0    93.3    83.8    89.6   0.234   0.303   0.290   0.225   0.280     0.5     0.7     1.3     2.5     4.0
94088 20171207  2.422 -104.44   44.52    -0.6   -11.5    -6.1    -5.4     0.0     4.26 C    -5.0   -14.2    -8.0    90.9    50.6    73.2   0.234   0.302   0.289   0.226   0.280     0.4     0.7     1.3     2.5     4.0
94088 20171208  2.422 -104.44   44.52     1.7    -3.0    -0.7    -0.6     0.0     6.62 C    -4.4   -10.4    -7.2    53.2    38.3    44.5   0.232   0.301   0.289   0.226   0.280     0.5     0.7     1.2     2.4     3.9
94088 20171209  2.422 -104.44   44.52     5.1    -0.4     2.3     2.5     0.0     7.81 C    -3.4    -9.6    -7.0    42.9    21.4    28.9   0.231   0.308   0.289   0.228   0.281     0.4     0.7     1.2     2.4     3.8
94088 20171210  2.422 -104.44   44.52     6.6     1.7     4.2     4.2     0.0     7.37 C    -2.2    -9.7    -6.1    32.5    17.2    23.1   0.231   0.311   0.288   0.229   0.282     0.4     0.7     1.2     2.3     3.7
94088 20171211  2.422 -104.44   44.52     3.6    -4.2    -0.3    -1.2     0.0     4.96 C    -2.7   -12.9    -6.9    67.0    32.6    51.0   0.230   0.311   0.287   0.229   0.281     0.4     0.7     1.2     2.3     3.7
94088 20171212  2.422 -104.44   44.52    10.1    -0.9     4.6     5.6     0.0     7.22 C    -0.5    -9.2    -3.7    38.8    16.7    27.4   0.244   0.310   0.287   0.230   0.281     0.3     0.6     1.2     2.2     3.6
94088 20171213  2.422 -104.44   44.52     2.7    -3.7    -0.5    -1.7     0.0     5.51 C    -2.3    -8.6    -5.3    81.6    38.2    61.2   0.234   0.310   0.287   0.231   0.280     0.3     0.6     1.1     2.2     3.5
94088 20171214  2.422 -104.44   44.52    -3.3    -7.5    -5.4    -5.5     2.3     1.04 C    -4.0   -13.8    -7.5    94.5    66.2    84.5   0.255   0.324   0.287   0.231   0.280     0.2     0.5     1.0     2.1     3.5
94088 20171215  2.422 -104.44   44.52     6.9    -3.9     1.5     3.1     0.0     4.25 C    -0.8   -10.0    -5.2    68.9    24.0    32.6   0.255   0.328   0.286   0.232   0.280     0.1     0.4     0.9     2.1     3.4
94088 20171216  2.422 -104.44   44.52     3.0    -6.2    -1.6    -4.2     2.3     2.17 C    -3.5    -9.8    -5.3    96.2    35.2    83.7   0.255   0.327   0.286   0.233   0.280     0.1     0.4     0.9     2.0     3.3
94088 20171217  2.422 -104.44   44.52    -3.1    -6.2    -4.7    -5.2     0.3     5.04 C    -5.5   -11.3    -8.1    95.0    61.9    81.8   0.254   0.326   0.285   0.233   0.280     0.1     0.4     0.9     2.0     3.3
94088 20171218  2.422 -104.44   44.52     4.8    -3.4     0.7     1.0     0.0     5.49 C    -0.1    -9.0    -3.7    97.4    45.9    57.1 -99.000   0.326   0.284   0.234   0.280     0.0     0.3     0.9     1.9     3.2
94088 20171219  2.422 -104.44   44.52     1.7    -7.5    -2.9    -2.4     0.0     6.62 C    -1.6   -12.6    -5.1    96.2    63.2    79.2 -99.000   0.324   0.285   0.234   0.280     0.1     0.3     0.8     1.9     3.2
94088 20171220  2.422 -104.44   44.52     7.0   -13.3    -3.1    -0.6     0.0     6.35 C     0.0   -13.2    -4.8    94.5    31.0    60.7 -99.000   0.323   0.284   0.235   0.280     0.1     0.3     0.8     1.8     3.1
94088 20171221  2.422 -104.44   44.52    -9.2   -16.6   -12.9   -13.1     0.6     4.93 C    -7.2   -18.4   -14.4    89.4    64.1    82.4 -99.000   0.323   0.283   0.236   0.281     0.0     0.3     0.7     1.8     3.0
94088 20171222  2.422 -104.44   44.52    -9.8   -15.6   -12.7   -12.4     0.8     2.05 C    -9.9   -16.6   -12.8    92.4    67.7    84.0 -99.000 -99.000   0.294   0.235   0.280    -0.2     0.1     0.7     1.7     3.0
94088 20171223  2.422 -104.44   44.52   -14.8   -20.6   -17.7   -17.6     0.8     2.02 C   -14.5   -26.6   -18.7    85.9    80.1    82.8 -99.000 -99.000   0.302   0.235   0.279    -0.3     0.0     0.6     1.7     3.0
94088 20171224  2.422 -104.44   44.52   -13.5   -18.7   -16.1   -16.6     0.0     5.45 C   -14.0   -23.8   -19.0    85.6    61.8    78.1 -99.000 -99.000   0.306   0.237   0.279    -0.5    -0.1     0.5     1.6     2.9
94088 20171225  2.422 -104.44   44.52   -17.7   -23.6   -20.7   -20.7     0.0     4.20 C   -16.4   -25.2   -20.6    85.5    70.8    79.0 -99.000 -99.000   0.305   0.238   0.279    -0.8    -0.2     0.4     1.5     2.9
94088 20171226  2.422 -104.44   44.52   -12.3   -22.4   -17.3   -18.2     0.0     5.59 C   -16.2   -28.1   -21.1    79.2    57.6    69.9 -99.000 -99.000   0.304   0.239   0.280    -1.0    -0.4     0.3     1.5     2.8
94088 20171227  2.422 -104.44   44.52    -3.0   -12.8    -7.9    -7.1     4.1     4.55 C    -5.9   -19.6   -10.5    93.7    36.6    63.7 -99.000 -99.000 -99.000   0.239   0.280    -1.0    -0.5     0.2     1.4     2.8
94088 20171228  2.422 -104.44   44.52    -2.6   -11.8    -7.2    -7.1     1.1     4.17 C    -5.5   -16.6    -9.2    93.6    68.2    84.7 -99.000 -99.000 -99.000   0.239   0.279    -0.7    -0.4     0.1     1.3     2.7
94088 20171229  2.422 -104.44   44.52     0.0   -22.9   -11.5   -15.8     1.3     2.70 C    -3.0   -19.7   -14.2    92.7    58.9    78.1 -99.000 -99.000 -99.000   0.239   0.278    -0.6    -0.4     0.1     1.2     2.6
94088 20171230  2.422 -104.44   44.52   -14.8   -24.4   -19.6   -21.5     0.9     2.17 C   -14.1   -31.1   -20.0    83.1    76.6    80.2 -99.000 -99.000 -99.000   0.240   0.278    -0.8    -0.4     0.1     1.2     2.5
94088 20171231  2.422 -104.44   44.52   -17.4   -22.9   -20.2   -20.2     0.2     1.59 C   -16.3   -31.0   -20.7    84.3    72.6    79.4 -99.000 -99.000 -99.000   0.240   0.279    -0.8    -0.5     0.0     1.1     2.5
