03759 20170101  2.423  -78.47   38.00    12.5     3.6     8.0     8.0     0.0     9.10 C    21.8     0.7     8.1    90.0    42.2    52.0   0.335   0.357 -99.000 -99.000 -99.000     5.6     5.6 -9999.0 -9999.0 -9999.0
03759 20170102  2.423  -78.47   38.00     5.3     3.6     4.4     4.4     7.4     0.76 C     6.7     3.9     4.9    96.4    91.1    95.7   0.366   0.386 -99.000 -99.000 -99.000     6.4     6.4 -9999.0 -9999.0 -9999.0
03759 20170103  2.423  -78.47   38.00    10.4     3.6     7.0     5.5    15.5     2.45 C     9.6     3.8     6.1    99.7    83.6    95.3   0.383   0.399 -99.000 -99.000 -99.000     6.6     6.6 -9999.0 -9999.0 -9999.0
03759 20170104  2.423  -78.47   38.00    13.3    -0.4     6.4     8.2     0.0     5.51 C    14.4    -4.8     5.7    95.1    23.4    48.6   0.366   0.380 -99.000 -99.000 -99.000     7.1     7.2 -9999.0 -9999.0 -9999.0
03759 20170105  2.423  -78.47   38.00     1.3    -1.8    -0.3    -0.2     0.0     2.90 C     5.5    -4.9    -0.3    58.7    28.0    39.5   0.354   0.372 -99.000 -99.000 -99.000     4.8     5.5 -9999.0 -9999.0 -9999.0
03759 20170106  2.423  -78.47   38.00     0.7    -4.6    -2.0    -2.2     1.0     3.42 C     8.7    -4.4    -0.7    93.8    50.8    72.0   0.349   0.367 -99.000 -99.000 -99.000     4.4     4.9 -9999.0 -9999.0 -9999.0
03759 20170107  2.423  -78.47   38.00    -4.6   -11.6    -8.1    -8.3     7.5     4.45 C    -4.4   -18.9    -9.9    91.2    40.2    68.7   0.347   0.362 -99.000 -99.000 -99.000     3.9     4.4 -9999.0 -9999.0 -9999.0
03759 20170108  2.423  -78.47   38.00    -6.0   -13.7    -9.8   -10.1     0.2    11.44 C    -3.7   -21.3   -13.6    50.6    29.7    41.8   0.349   0.361 -99.000 -99.000 -99.000     3.5     4.0 -9999.0 -9999.0 -9999.0
03759 20170109  2.423  -78.47   38.00    -5.6   -12.7    -9.2    -9.1     0.0     5.98 C    -3.1   -18.7   -10.8    53.3    39.0    46.9   0.351   0.365 -99.000 -99.000 -99.000     2.6     3.2 -9999.0 -9999.0 -9999.0
03759 20170110  2.423  -78.47   38.00     2.3    -9.4    -3.6    -3.8     0.0     4.80 C     0.2   -11.0    -4.6    68.1    37.3    52.2   0.349   0.364 -99.000 -99.000 -99.000     2.1     2.6 -9999.0 -9999.0 -9999.0
03759 20170111  2.423  -78.47   38.00    12.2     1.3     6.8     6.7     0.0     4.55 C    12.5    -0.6     4.4    88.1    50.1    67.1   0.374   0.387 -99.000 -99.000 -99.000     3.1     3.2 -9999.0 -9999.0 -9999.0
03759 20170112  2.423  -78.47   38.00    19.0     7.5    13.2    12.8     0.0     8.73 C    21.6     6.1    11.9    95.3    53.0    75.9   0.379   0.386 -99.000 -99.000 -99.000     6.3     5.7 -9999.0 -9999.0 -9999.0
03759 20170113  2.423  -78.47   38.00    16.6     4.3    10.4    11.7     0.0     3.65 C    17.2     3.8    10.3    77.1    43.4    62.6   0.373   0.378 -99.000 -99.000 -99.000     8.1     7.7 -9999.0 -9999.0 -9999.0
03759 20170114  2.423  -78.47   38.00     4.3    -0.2     2.1     1.8     2.5     3.26 C     8.8     0.9     3.3    95.9    49.1    87.8   0.383   0.387 -99.000 -99.000 -99.000     6.6     6.8 -9999.0 -9999.0 -9999.0
03759 20170115  2.423  -78.47   38.00     3.9     1.0     2.5     2.7     0.7     2.46 C     9.0     0.3     3.9    96.5    88.8    93.8   0.383   0.385 -99.000 -99.000 -99.000     6.1     6.3 -9999.0 -9999.0 -9999.0
03759 20170116  2.423  -78.47   38.00     4.6     2.5     3.5     3.5     2.3     1.53 C     6.0     3.1     4.3    96.5    94.5    95.8   0.393   0.394 -99.000 -99.000 -99.000     6.2     6.3 -9999.0 -9999.0 -9999.0
03759 20170117  2.423  -78.47   38.00    12.5     2.9     7.7     6.8     1.9     1.91 C    11.2     3.0     7.1    95.6    85.5    93.7   0.391   0.392 -99.000 -99.000 -99.000     6.5     6.4 -9999.0 -9999.0 -9999.0
03759 20170118  2.423  -78.47   38.00    15.3     4.7    10.0    11.9     0.0    10.79 C    22.2     0.8    10.4    94.3    39.4    57.8   0.386   0.386 -99.000 -99.000 -99.000     8.3     8.0 -9999.0 -9999.0 -9999.0
03759 20170119  2.423  -78.47   38.00    10.8     3.5     7.2     6.6     0.0     8.29 C    17.8    -0.2     6.0    78.3    57.3    69.4   0.377   0.381 -99.000 -99.000 -99.000     7.4     7.5 -9999.0 -9999.0 -9999.0
03759 20170120  2.423  -78.47   38.00     8.2     4.0     6.1     6.3     1.8     2.60 C    12.3     2.9     7.0    95.8    71.2    89.4   0.378   0.381 -99.000 -99.000 -99.000     7.5     7.4 -9999.0 -9999.0 -9999.0
03759 20170121  2.423  -78.47   38.00     9.1     6.6     7.8     8.0     1.7     2.49 C    11.9     6.8     8.8    99.0    95.4    96.8   0.384   0.383 -99.000 -99.000 -99.000     8.3     8.0 -9999.0 -9999.0 -9999.0
03759 20170122  2.423  -78.47   38.00     9.6     7.5     8.6     8.2     6.5     1.60 C    11.8     7.7     8.7    97.1    95.0    95.5   0.402   0.405 -99.000 -99.000 -99.000     8.6     8.4 -9999.0 -9999.0 -9999.0
03759 20170123  2.423  -78.47   38.00     8.4     1.2     4.8     5.1    43.3     1.29 C     8.5     1.7     5.6    95.9    90.1    94.4   0.425   0.426 -99.000 -99.000 -99.000     7.9     8.1 -9999.0 -9999.0 -9999.0
03759 20170124  2.423  -78.47   38.00    12.5     0.8     6.6     5.9     0.0    10.12 C    20.5     0.0     6.2    95.3    48.6    69.4   0.403   0.402 -99.000 -99.000 -99.000     7.2     7.3 -9999.0 -9999.0 -9999.0
03759 20170125  2.423  -78.47   38.00    18.7     6.5    12.6    12.5     0.0    12.36 C    24.8     1.5    10.9    59.8    19.7    37.4   0.388   0.391 -99.000 -99.000 -99.000     7.8     7.7 -9999.0 -9999.0 -9999.0
03759 20170126  2.423  -78.47   38.00    16.5     3.3     9.9    10.4     0.0    11.59 C    21.2     0.4    10.2    57.4    28.5    43.9   0.379   0.384 -99.000 -99.000 -99.000     8.8     8.7 -9999.0 -9999.0 -9999.0
03759 20170127  2.423  -78.47   38.00     6.2    -0.9     2.7     2.0     0.0     8.23 C    20.6    -2.7     2.6    53.5    33.8    44.7   0.372   0.379 -99.000 -99.000 -99.000     6.7     7.2 -9999.0 -9999.0 -9999.0
03759 20170128  2.423  -78.47   38.00     8.0    -1.7     3.1     2.7     0.0    12.15 C    18.6    -4.2     3.2    55.4    27.8    42.0   0.366   0.376 -99.000 -99.000 -99.000     5.6     6.0 -9999.0 -9999.0 -9999.0
03759 20170129  2.423  -78.47   38.00     5.1    -0.6     2.3     2.9     0.9     4.69 C    12.4    -2.1     2.4    94.4    38.8    57.0   0.362   0.373 -99.000 -99.000 -99.000     5.3     5.7 -9999.0 -9999.0 -9999.0
03759 20170130  2.423  -78.47   38.00     2.6    -3.8    -0.6    -1.3     0.0     9.75 C    14.1    -8.4    -2.1    91.5    31.0    50.3   0.358   0.371 -99.000 -99.000 -99.000     4.6     5.1 -9999.0 -9999.0 -9999.0
03759 20170131  2.423  -78.47   38.00    15.2    -5.0     5.1     5.0     0.0    12.58 C    20.0    -6.9     4.3    61.1    17.7    37.1   0.355   0.368 -99.000 -99.000 -99.000     4.3     4.5 -9999.0 -9999.0 -9999.0
03759 20170201  2.423  -78.47   38.00    14.3     5.8    10.1     9.3     0.0     7.92 C    23.2     0.5     7.9    49.5    20.2    39.0   0.350   0.367 -99.000 -99.000 -99.000     5.8     5.7 -9999.0 -9999.0 -9999.0
03759 20170202  2.423  -78.47   38.00    11.1     1.8     6.5     6.6     0.0    10.08 C    22.1    -2.6     6.0    57.2    22.4    39.1   0.347   0.363 -99.000 -99.000 -99.000     6.3     6.4 -9999.0 -9999.0 -9999.0
03759 20170203  2.423  -78.47   38.00     1.9    -4.5    -1.3    -0.3     0.0     3.08 C     6.0    -8.9    -0.6    52.9    30.7    44.0   0.339   0.360 -99.000 -99.000 -99.000     4.9     5.4 -9999.0 -9999.0 -9999.0
03759 20170204  2.423  -78.47   38.00     3.7    -7.2    -1.7    -2.1     0.6    13.78 C    17.0   -11.7    -1.4    53.9    16.9    34.5   0.335   0.357 -99.000 -99.000 -99.000     3.4     4.0 -9999.0 -9999.0 -9999.0
03759 20170205  2.423  -78.47   38.00    12.1    -2.4     4.9     4.7     0.0    12.70 C    22.0    -4.5     5.2    48.2    30.7    39.3   0.331   0.355 -99.000 -99.000 -99.000     4.2     4.3 -9999.0 -9999.0 -9999.0
03759 20170206  2.423  -78.47   38.00    17.4     6.7    12.1    11.5     0.0    14.01 C    26.4    -0.9    10.2    55.0    26.5    41.0   0.325   0.351 -99.000 -99.000 -99.000     5.9     5.7 -9999.0 -9999.0 -9999.0
03759 20170207  2.423  -78.47   38.00    21.5     9.7    15.6    15.2     0.0     9.13 C    26.1     7.9    14.4    63.2    40.4    53.1   0.321   0.347 -99.000 -99.000 -99.000     8.1     7.6 -9999.0 -9999.0 -9999.0
03759 20170208  2.423  -78.47   38.00    20.9    12.8    16.8    16.6     0.0    10.02 C    31.4     9.0    15.3    66.6    32.0    47.6   0.315   0.343 -99.000 -99.000 -99.000     9.8     9.3 -9999.0 -9999.0 -9999.0
03759 20170209  2.423  -78.47   38.00    14.1    -6.5     3.8     1.9     1.7     8.21 C    14.0   -10.1     2.2    95.6    30.4    54.5   0.306   0.340 -99.000 -99.000 -99.000     8.1     8.5 -9999.0 -9999.0 -9999.0
03759 20170210  2.423  -78.47   38.00     1.4    -7.4    -3.0    -3.1     0.2     5.23 C     6.9   -10.9    -2.8    47.4    26.7    35.3   0.300   0.336 -99.000 -99.000 -99.000     4.3     5.1 -9999.0 -9999.0 -9999.0
03759 20170211  2.423  -78.47   38.00    18.7     1.0     9.8     9.7     0.0     4.61 C    22.3    -0.1     7.9    55.8    35.0    44.2   0.299   0.336 -99.000 -99.000 -99.000     5.2     5.3 -9999.0 -9999.0 -9999.0
03759 20170212  2.423  -78.47   38.00    24.8     9.4    17.1    16.8     0.0     8.60 C    30.5     5.4    15.6    75.6    34.8    54.7   0.298   0.334 -99.000 -99.000 -99.000     8.8     8.1 -9999.0 -9999.0 -9999.0
03759 20170213  2.423  -78.47   38.00    11.8     0.4     6.1     5.7     0.0    15.82 C    23.7    -3.8     5.9    40.8    14.9    25.9   0.293   0.331 -99.000 -99.000 -99.000     7.6     7.8 -9999.0 -9999.0 -9999.0
03759 20170214  2.423  -78.47   38.00     9.5     1.6     5.5     5.3     0.0     4.42 C    12.7    -3.9     4.4    49.9    25.4    34.5   0.287   0.325 -99.000 -99.000 -99.000     6.3     6.6 -9999.0 -9999.0 -9999.0
03759 20170215  2.423  -78.47   38.00    12.2     0.6     6.4     6.4     0.0    10.75 C    26.1    -3.6     6.1    65.6    23.9    40.8   0.280   0.322 -99.000 -99.000 -99.000     6.8     6.8 -9999.0 -9999.0 -9999.0
03759 20170216  2.423  -78.47   38.00     6.4    -2.3     2.0     1.0     0.0    14.27 C    21.5    -6.9     2.0    46.4    25.9    35.7   0.271   0.317 -99.000 -99.000 -99.000     5.7     6.1 -9999.0 -9999.0 -9999.0
03759 20170217  2.423  -78.47   38.00    16.2     0.2     8.2     7.3     0.0    15.01 C    27.3    -5.2     7.9    42.7    23.0    31.8   0.265   0.312 -99.000 -99.000 -99.000     6.2     6.2 -9999.0 -9999.0 -9999.0
03759 20170218  2.423  -78.47   38.00    21.5     4.9    13.2    14.7     0.0    11.43 C    33.4     0.2    12.8    43.5    16.6    28.2   0.260   0.305 -99.000 -99.000 -99.000     7.6     7.4 -9999.0 -9999.0 -9999.0
03759 20170219  2.423  -78.47   38.00    22.3    11.1    16.7    15.7     0.0    15.71 C    32.6     4.2    14.8    58.0    27.0    41.0   0.252   0.297 -99.000 -99.000 -99.000     9.6     9.1 -9999.0 -9999.0 -9999.0
03759 20170220  2.423  -78.47   38.00    20.3     8.9    14.6    13.7     0.0    15.50 C    32.1     1.4    12.4    56.7    22.6    40.2   0.245   0.290 -99.000 -99.000 -99.000     9.5     9.3 -9999.0 -9999.0 -9999.0
03759 20170221  2.423  -78.47   38.00    14.5     5.6    10.0     9.8     0.0    12.50 C    28.0     2.8    10.1    57.4    38.3    49.3   0.237   0.282 -99.000 -99.000 -99.000     9.3     9.2 -9999.0 -9999.0 -9999.0
03759 20170222  2.423  -78.47   38.00    14.6     7.9    11.3    10.8     2.3     5.65 C    19.8     7.0    11.0    95.2    52.6    75.4   0.233   0.279 -99.000 -99.000 -99.000     9.6     9.4 -9999.0 -9999.0 -9999.0
03759 20170223  2.423  -78.47   38.00    22.8    10.7    16.8    16.4     0.0    12.78 C    31.7     9.9    16.9    95.3    44.3    68.1   0.232   0.277 -99.000 -99.000 -99.000    11.5    10.8 -9999.0 -9999.0 -9999.0
03759 20170224  2.423  -78.47   38.00    23.4    11.6    17.5    17.2     0.0    15.35 C    33.1     9.1    17.2    83.5    40.8    61.9   0.229   0.271 -99.000 -99.000 -99.000    12.5    11.9 -9999.0 -9999.0 -9999.0
03759 20170225  2.423  -78.47   38.00    21.9     3.1    12.5    13.4     5.2    10.17 C    28.9    -0.7    12.6    93.4    32.6    64.2   0.246   0.293 -99.000 -99.000 -99.000    12.5    12.2 -9999.0 -9999.0 -9999.0
03759 20170226  2.423  -78.47   38.00    10.0    -2.1     4.0     3.9     0.0    18.09 C    21.6    -6.0     4.3    60.9    18.2    35.7   0.256   0.312 -99.000 -99.000 -99.000     9.4     9.8 -9999.0 -9999.0 -9999.0
03759 20170227  2.423  -78.47   38.00    12.2     2.8     7.5     7.9     0.0     8.17 C    23.0    -3.3     6.8    39.2    18.5    29.9   0.248   0.301 -99.000 -99.000 -99.000     8.3     8.6 -9999.0 -9999.0 -9999.0
03759 20170228  2.423  -78.47   38.00    18.7     7.8    13.2    12.6     5.3    11.02 C    27.5     2.0    12.3    95.0    32.0    54.3   0.249   0.309 -99.000 -99.000 -99.000     9.5     9.3 -9999.0 -9999.0 -9999.0
03759 20170301  2.423  -78.47   38.00    23.0    12.4    17.7    15.0     3.7     8.97 C    27.5    11.1    14.3    93.1    50.4    80.2   0.286   0.348 -99.000 -99.000 -99.000    11.6    11.0 -9999.0 -9999.0 -9999.0
03759 20170302  2.423  -78.47   38.00    13.9     2.1     8.0     6.8     0.0    18.47 C    23.2    -2.1     7.5    52.2    25.6    37.3   0.304   0.345 -99.000 -99.000 -99.000    10.4    10.5 -9999.0 -9999.0 -9999.0
03759 20170303  2.423  -78.47   38.00     6.7    -2.4     2.1     1.8     0.0    14.41 C    22.3    -7.2     2.6    60.8    25.7    40.4   0.294   0.334 -99.000 -99.000 -99.000     8.1     8.7 -9999.0 -9999.0 -9999.0
03759 20170304  2.423  -78.47   38.00     8.1    -3.8     2.1     1.2     0.0    18.53 C    21.7    -9.0     2.4    44.6    17.3    29.3   0.286   0.327 -99.000 -99.000 -99.000     6.7     7.2 -9999.0 -9999.0 -9999.0
03759 20170305  2.423  -78.47   38.00     5.5    -5.6    -0.1    -0.1     0.0    18.63 C    20.1    -9.5     2.3    48.4    29.1    37.9   0.284   0.321 -99.000 -99.000 -99.000     6.2     6.7 -9999.0 -9999.0 -9999.0
03759 20170306  2.423  -78.47   38.00    11.3    -0.6     5.4     6.3     0.0     7.56 C    17.1    -1.5     6.5    57.0    37.9    45.3   0.282   0.316 -99.000 -99.000 -99.000     6.6     6.8 -9999.0 -9999.0 -9999.0
03759 20170307  2.423  -78.47   38.00    17.5     9.0    13.3    13.2     1.3     7.89 C    28.0     7.6    12.6    87.3    52.7    66.6   0.280   0.311 -99.000 -99.000 -99.000     8.7     8.3 -9999.0 -9999.0 -9999.0
03759 20170308  2.423  -78.47   38.00    18.1     7.8    12.9    13.1     0.0    19.61 C    26.1     4.3    13.0    80.2    12.8    35.9   0.273   0.305 -99.000 -99.000 -99.000    10.1     9.8 -9999.0 -9999.0 -9999.0
03759 20170309  2.423  -78.47   38.00    20.4    11.2    15.8    15.7     0.0    19.23 C    29.2     5.2    14.4    24.6    11.9    16.6   0.263   0.294 -99.000 -99.000 -99.000    10.0     9.8 -9999.0 -9999.0 -9999.0
03759 20170310  2.423  -78.47   38.00    16.6    -0.7     8.0     7.0     0.2    11.03 C    24.5    -4.8     7.3    82.8    16.4    39.4   0.251   0.285 -99.000 -99.000 -99.000     9.5     9.7 -9999.0 -9999.0 -9999.0
03759 20170311  2.423  -78.47   38.00     7.0    -3.6     1.7     0.8     0.0    20.38 C    22.9    -9.0     3.2    39.4    14.2    26.0   0.243   0.278 -99.000 -99.000 -99.000     7.5     8.0 -9999.0 -9999.0 -9999.0
03759 20170312  2.423  -78.47   38.00     7.0    -5.0     1.0     0.1     0.3    20.08 C    22.3    -6.4     3.7    49.5    19.1    33.9   0.235   0.271 -99.000 -99.000 -99.000     7.1     7.4 -9999.0 -9999.0 -9999.0
03759 20170313  2.423  -78.47   38.00     7.8    -5.2     1.3    -0.5     9.2    15.31 C    23.8    -7.2     2.9    96.2    29.4    59.6   0.232   0.269 -99.000 -99.000 -99.000     6.5     6.9 -9999.0 -9999.0 -9999.0
03759 20170314  2.423  -78.47   38.00     6.4    -6.8    -0.2    -0.3    13.5    13.93 C    15.4    -7.8     1.5    96.1    40.3    72.9   0.347   0.375 -99.000 -99.000 -99.000     5.7     6.1 -9999.0 -9999.0 -9999.0
03759 20170315  2.423  -78.47   38.00     1.8    -9.2    -3.7    -4.2     0.0    17.41 C    18.3   -10.5    -1.9    47.0    24.4    34.7   0.348   0.374 -99.000 -99.000 -99.000     4.2     5.0 -9999.0 -9999.0 -9999.0
03759 20170316  2.423  -78.47   38.00     6.4    -5.3     0.5     0.0     0.0    21.52 C    21.8    -9.7     2.4    48.5    23.7    35.6   0.341   0.366 -99.000 -99.000 -99.000     4.6     5.0 -9999.0 -9999.0 -9999.0
03759 20170317  2.423  -78.47   38.00     9.6    -1.3     4.1     3.9     0.4    13.57 C    24.7    -7.3     4.1    71.5    18.1    35.8   0.334   0.360 -99.000 -99.000 -99.000     5.2     5.4 -9999.0 -9999.0 -9999.0
03759 20170318  2.423  -78.47   38.00    16.4     1.6     9.0     7.3     6.2    15.85 C    29.4     0.2     9.7    92.8    40.7    71.5   0.341   0.369 -99.000 -99.000 -99.000     7.2     6.9 -9999.0 -9999.0 -9999.0
03759 20170319  2.423  -78.47   38.00    10.5     2.1     6.3     5.5     0.0    13.47 C    23.7    -2.3     6.5    91.7    41.7    61.7   0.371   0.390 -99.000 -99.000 -99.000     7.9     7.8 -9999.0 -9999.0 -9999.0
03759 20170320  2.423  -78.47   38.00    12.1     1.0     6.5     7.0     0.0    16.29 C    22.4    -3.6     7.9    70.6    37.3    51.6   0.360   0.376 -99.000 -99.000 -99.000     7.5     7.5 -9999.0 -9999.0 -9999.0
03759 20170321  2.423  -78.47   38.00    18.4     6.2    12.3    12.1     0.0    17.30 C    30.9     3.9    13.9    74.8    37.5    56.8   0.348   0.366 -99.000 -99.000 -99.000     9.6     9.1 -9999.0 -9999.0 -9999.0
03759 20170322  2.423  -78.47   38.00    12.0     1.0     6.5     7.0     0.0    22.83 C    24.6    -4.0     9.3    57.4    17.5    33.7   0.335   0.354 -99.000 -99.000 -99.000     9.9     9.8 -9999.0 -9999.0 -9999.0
03759 20170323  2.423  -78.47   38.00     8.7    -2.4     3.1     2.9     0.0    22.62 C    24.7    -7.4     5.5    38.1    22.0    28.7   0.326   0.343 -99.000 -99.000 -99.000     8.2     8.5 -9999.0 -9999.0 -9999.0
03759 20170324  2.423  -78.47   38.00    18.5     0.4     9.5     9.3     0.0    12.64 C    27.7    -1.1    10.1    66.5    33.8    48.9   0.313   0.334 -99.000 -99.000 -99.000     8.3     8.2 -9999.0 -9999.0 -9999.0
03759 20170325  2.423  -78.47   38.00    24.7    12.8    18.7    18.4     0.0    17.40 C    34.2     9.4    18.6    67.2    36.6    50.7   0.306   0.324 -99.000 -99.000 -99.000    11.4    10.6 -9999.0 -9999.0 -9999.0
03759 20170326  2.423  -78.47   38.00    16.5     8.2    12.3    11.6     1.4    12.59 C    26.1     8.7    13.8    95.8    59.0    76.9   0.291   0.312 -99.000 -99.000 -99.000    12.0    11.6 -9999.0 -9999.0 -9999.0
03759 20170327  2.423  -78.47   38.00    23.2     8.0    15.6    15.4     1.9    17.31 C    32.5     8.7    17.0    96.1    51.2    76.9   0.285   0.311 -99.000 -99.000 -99.000    13.0    12.3 -9999.0 -9999.0 -9999.0
03759 20170328  2.423  -78.47   38.00    22.4    14.0    18.2    16.8     6.9    12.34 C    33.0    11.1    16.9    94.8    44.0    75.6   0.341   0.350 -99.000 -99.000 -99.000    14.4    13.7 -9999.0 -9999.0 -9999.0
03759 20170329  2.423  -78.47   38.00    19.4    11.3    15.3    14.7     0.0    22.24 C    31.5     8.3    16.4    86.6    37.8    58.3   0.361   0.345 -99.000 -99.000 -99.000    14.3    13.9 -9999.0 -9999.0 -9999.0
03759 20170330  2.423  -78.47   38.00    11.3     7.3     9.3     9.2     0.0     6.07 C    16.8     6.3    10.7    83.9    49.0    56.5   0.342   0.331 -99.000 -99.000 -99.000    12.6    12.7 -9999.0 -9999.0 -9999.0
03759 20170331  2.423  -78.47   38.00    13.9     5.7     9.8     9.3    36.4     8.17 C    24.5     6.2    10.7    96.0    64.4    88.0   0.403   0.393 -99.000 -99.000 -99.000    11.5    11.5 -9999.0 -9999.0 -9999.0
03759 20170401  2.423  -78.47   38.00    19.3     7.5    13.4    13.5     0.0    22.60 C    30.2     4.1    14.4    72.8    41.0    56.3   0.406   0.391 -99.000 -99.000 -99.000    12.8    12.4 -9999.0 -9999.0 -9999.0
03759 20170402  2.423  -78.47   38.00    16.6     4.7    10.7    10.8     0.0    23.02 C    28.8     1.2    12.4    78.0    25.8    48.2   0.384   0.370 -99.000 -99.000 -99.000    12.5    12.4 -9999.0 -9999.0 -9999.0
03759 20170403  2.423  -78.47   38.00    15.0     7.4    11.2    11.2    13.0     6.67 C    20.6     6.1    11.9    95.8    42.0    72.6   0.385   0.375 -99.000 -99.000 -99.000    12.0    12.0 -9999.0 -9999.0 -9999.0
03759 20170404  2.423  -78.47   38.00    25.8    12.1    18.9    18.7     0.0    20.01 C    33.5    11.0    18.5    95.1    29.6    60.2   0.411   0.394 -99.000 -99.000 -99.000    14.1    13.4 -9999.0 -9999.0 -9999.0
03759 20170405  2.423  -78.47   38.00    23.2    14.4    18.8    18.7     0.0    16.69 C    31.8     7.6    17.3    76.7    30.0    46.2   0.384   0.370 -99.000 -99.000 -99.000    14.5    14.1 -9999.0 -9999.0 -9999.0
03759 20170406  2.423  -78.47   38.00    17.4     6.7    12.0    12.8    15.7    10.60 C    25.6     4.8    13.1    95.4    44.8    69.9   0.414   0.399 -99.000 -99.000 -99.000    14.3    14.2 -9999.0 -9999.0 -9999.0
03759 20170407  2.423  -78.47   38.00    10.4     3.2     6.8     6.3     0.0    12.47 C    22.0    -0.4     7.2    52.2    36.8    44.5   0.408   0.391 -99.000 -99.000 -99.000    11.9    12.3 -9999.0 -9999.0 -9999.0
03759 20170408  2.423  -78.47   38.00    18.9     3.0    10.9    11.0     0.0    25.51 C    29.6    -1.6    11.3    48.8    15.0    28.7   0.393   0.374 -99.000 -99.000 -99.000    11.6    11.6 -9999.0 -9999.0 -9999.0
03759 20170409  2.423  -78.47   38.00    21.2    10.2    15.7    15.7     0.0    25.37 C    31.1     1.8    14.7    30.1    16.5    22.2   0.377   0.354 -99.000 -99.000 -99.000    12.5    12.3 -9999.0 -9999.0 -9999.0
03759 20170410  2.423  -78.47   38.00    25.3    11.7    18.5    18.8     0.0    21.98 C    33.7     9.2    18.4    48.1    22.5    34.8   0.350   0.331 -99.000 -99.000 -99.000    13.8    13.3 -9999.0 -9999.0 -9999.0
03759 20170411  2.423  -78.47   38.00    28.2    13.2    20.7    21.3     0.0    24.30 C    38.5    10.2    21.5    64.3    23.7    41.7   0.319   0.307 -99.000 -99.000 -99.000    15.4    14.7 -9999.0 -9999.0 -9999.0
03759 20170412  2.423  -78.47   38.00    24.3    15.8    20.1    19.9     0.0    14.59 C    40.8     9.7    20.1    64.7    26.8    47.0   0.292   0.287 -99.000 -99.000 -99.000    16.0    15.5 -9999.0 -9999.0 -9999.0
03759 20170413  2.423  -78.47   38.00    21.7    11.8    16.7    16.5     0.0    23.07 C    39.0     8.3    18.9    51.6    25.6    36.4   0.269   0.270 -99.000 -99.000 -99.000    15.7    15.4 -9999.0 -9999.0 -9999.0
03759 20170414  2.423  -78.47   38.00    22.7    12.3    17.5    16.4     0.0    21.03 C    41.3     7.5    19.2    66.5    37.7    47.2   0.249   0.251 -99.000 -99.000 -99.000    15.7    15.3 -9999.0 -9999.0 -9999.0
03759 20170415  2.423  -78.47   38.00    26.0    11.2    18.6    18.3     0.0    21.39 C    41.0     8.9    21.5    66.1    42.2    53.6   0.234   0.235 -99.000 -99.000 -99.000    16.4    15.9 -9999.0 -9999.0 -9999.0
03759 20170416  2.423  -78.47   38.00    27.9    18.0    23.0    22.2     1.3    19.74 C    42.4    14.7    22.7    85.5    32.0    48.6   0.222   0.220 -99.000 -99.000 -99.000    17.4    16.8 -9999.0 -9999.0 -9999.0
03759 20170417  2.423  -78.47   38.00    22.2    14.5    18.3    18.7     0.0    11.63 C    35.7    10.1    18.1    80.6    38.7    59.1   0.215   0.213 -99.000 -99.000 -99.000    17.0    16.7 -9999.0 -9999.0 -9999.0
03759 20170418  2.423  -78.47   38.00    21.2    12.1    16.6    16.0     0.0    22.96 C    38.6     8.3    19.0    76.0    32.2    46.2   0.210   0.207 -99.000 -99.000 -99.000    16.5    16.2 -9999.0 -9999.0 -9999.0
03759 20170419  2.423  -78.47   38.00    12.5     8.6    10.5    10.7     1.7     4.62 C    18.4     9.2    12.4    95.3    37.9    79.4   0.204   0.202 -99.000 -99.000 -99.000    15.2    15.3 -9999.0 -9999.0 -9999.0
03759 20170420  2.423  -78.47   38.00    27.5    11.1    19.3    18.0    16.4    20.71 C    42.6    10.8    21.2    95.2    43.6    75.3   0.226   0.236 -99.000 -99.000 -99.000    16.6    16.0 -9999.0 -9999.0 -9999.0
03759 20170421  2.423  -78.47   38.00    28.1    19.6    23.9    22.9     0.5    17.03 C    40.2    16.3    22.8    69.9    40.9    54.8   0.252   0.280 -99.000 -99.000 -99.000    18.3    17.6 -9999.0 -9999.0 -9999.0
03759 20170422  2.423  -78.47   38.00    19.9     8.0    13.9    12.5     9.8     3.70 C    21.5     8.9    13.6    95.5    57.7    83.0   0.279   0.303 -99.000 -99.000 -99.000    16.9    17.0 -9999.0 -9999.0 -9999.0
03759 20170423  2.423  -78.47   38.00    11.5     7.3     9.4     9.2     2.1    11.82 C    19.7     8.1    12.2    94.9    60.4    76.4   0.334   0.343 -99.000 -99.000 -99.000    15.1    15.3 -9999.0 -9999.0 -9999.0
03759 20170424  2.423  -78.47   38.00     9.7     6.5     8.1     8.3    38.0     2.14 C    11.7     7.7     9.3    95.7    90.5    94.9   0.404   0.400 -99.000 -99.000 -99.000    13.4    13.8 -9999.0 -9999.0 -9999.0
03759 20170425  2.423  -78.47   38.00    13.1     8.8    11.0    11.2     4.6     3.89 C    15.6     8.9    11.7    95.8    92.7    95.2   0.416   0.404 -99.000 -99.000 -99.000    13.1    13.2 -9999.0 -9999.0 -9999.0
03759 20170426  2.423  -78.47   38.00    24.4    11.2    17.8    17.5     0.0    24.49 C    37.3     9.6    20.4    94.5    52.7    73.5   0.399   0.380 -99.000 -99.000 -99.000    15.4    14.9 -9999.0 -9999.0 -9999.0
03759 20170427  2.423  -78.47   38.00    25.3    15.7    20.5    20.2     0.9    20.86 C    37.0    14.1    21.5    94.4    43.3    69.0   0.376   0.356 -99.000 -99.000 -99.000    17.2    16.6 -9999.0 -9999.0 -9999.0
03759 20170428  2.423  -78.47   38.00    27.1    16.7    21.9    22.1     0.0    25.52 C    40.3    12.9    24.0    83.9    41.2    62.6   0.360   0.329 -99.000 -99.000 -99.000    18.5    17.8 -9999.0 -9999.0 -9999.0
03759 20170429  2.423  -78.47   38.00    29.0    19.5    24.2    24.6     0.0    21.42 C    39.8    17.5    26.1    86.0    52.8    68.9   0.331   0.303 -99.000 -99.000 -99.000    20.1    19.2 -9999.0 -9999.0 -9999.0
03759 20170430  2.423  -78.47   38.00    26.9    19.7    23.3    23.4     0.0    24.85 C    39.2    18.7    25.3    93.2    47.0    70.3   0.304   0.283 -99.000 -99.000 -99.000    20.9    20.1 -9999.0 -9999.0 -9999.0
03759 20170501  2.423  -78.47   38.00    23.5    18.3    20.9    20.1     5.8     6.85 C    33.1    17.5    20.4    94.5    70.4    84.7   0.298   0.284 -99.000 -99.000 -99.000    19.9    19.5 -9999.0 -9999.0 -9999.0
03759 20170502  2.423  -78.47   38.00    22.8    15.1    19.0    18.5     0.0    26.69 C    33.8    12.2    19.5    85.3    24.2    42.9   0.318   0.304 -99.000 -99.000 -99.000    19.1    18.9 -9999.0 -9999.0 -9999.0
03759 20170503  2.423  -78.47   38.00    19.5    11.5    15.5    15.5     0.0    28.09 C    34.8     8.3    18.4    53.3    28.2    41.1   0.295   0.277 -99.000 -99.000 -99.000    18.2    18.2 -9999.0 -9999.0 -9999.0
03759 20170504  2.423  -78.47   38.00    16.9     9.5    13.2    13.3    28.2    13.74 C    28.3     6.4    14.5    95.3    46.0    67.7   0.310   0.294 -99.000 -99.000 -99.000    16.8    17.0 -9999.0 -9999.0 -9999.0
03759 20170505  2.423  -78.47   38.00    23.3    12.8    18.1    17.4    55.1    13.35 C    30.6    11.5    18.0    95.4    48.5    79.3   0.439   0.419 -99.000 -99.000 -99.000    16.9    16.7 -9999.0 -9999.0 -9999.0
03759 20170506  2.423  -78.47   38.00    14.7     8.4    11.5    10.8     6.5    10.01 C    20.9     6.9    11.5    90.5    51.5    71.1   0.431   0.404 -99.000 -99.000 -99.000    16.0    16.2 -9999.0 -9999.0 -9999.0
03759 20170507  2.423  -78.47   38.00    16.5     6.8    11.6    10.8     0.0    18.97 C    26.9     4.8    12.1    71.3    29.3    52.5   0.425   0.391 -99.000 -99.000 -99.000    15.1    15.2 -9999.0 -9999.0 -9999.0
03759 20170508  2.423  -78.47   38.00    16.9     5.6    11.2    11.6     0.0    26.65 C    31.6     3.6    13.6    68.6    23.8    39.7   0.409   0.376 -99.000 -99.000 -99.000    15.3    15.2 -9999.0 -9999.0 -9999.0
03759 20170509  2.423  -78.47   38.00    19.4     6.7    13.0    12.7     0.0    28.89 C    32.3     2.6    14.9    66.6    25.1    39.6   0.389   0.358 -99.000 -99.000 -99.000    15.5    15.4 -9999.0 -9999.0 -9999.0
03759 20170510  2.423  -78.47   38.00    22.4     8.6    15.5    16.1     0.0    24.13 C    34.3     7.4    18.8    80.4    36.8    54.4   0.364   0.340 -99.000 -99.000 -99.000    16.8    16.3 -9999.0 -9999.0 -9999.0
03759 20170511  2.423  -78.47   38.00    15.0     8.9    11.9    12.4     3.9     3.07 C    17.6     9.7    13.6    95.6    71.9    90.5   0.351   0.334 -99.000 -99.000 -99.000    16.5    16.5 -9999.0 -9999.0 -9999.0
03759 20170512  2.423  -78.47   38.00     9.5     7.6     8.6     8.7    36.0     3.24 C    12.1     8.6    10.1    95.7    92.2    94.9   0.445   0.415 -99.000 -99.000 -99.000    14.5    14.8 -9999.0 -9999.0 -9999.0
03759 20170513  2.423  -78.47   38.00    17.7     7.2    12.5    11.9     3.9    18.28 C    28.0     8.1    14.1    95.7    52.9    78.7   0.459   0.424 -99.000 -99.000 -99.000    14.7    14.6 -9999.0 -9999.0 -9999.0
03759 20170514  2.423  -78.47   38.00    26.1    12.8    19.5    19.6     0.0    26.13 C    33.5    10.1    19.5    71.8    27.8    47.5   0.433   0.393 -99.000 -99.000 -99.000    16.4    15.9 -9999.0 -9999.0 -9999.0
03759 20170515  2.423  -78.47   38.00    24.7    11.8    18.2    19.0     0.0    29.87 C    33.3     9.3    19.3    52.8    15.7    30.8   0.405   0.366 -99.000 -99.000 -99.000    17.6    17.1 -9999.0 -9999.0 -9999.0
03759 20170516  2.423  -78.47   38.00    25.6    16.1    20.9    20.8     0.0    28.16 C    33.7     8.4    20.5    54.7    27.6    40.9   0.372   0.340 -99.000 -99.000 -99.000    18.1    17.6 -9999.0 -9999.0 -9999.0
03759 20170517  2.423  -78.47   38.00    30.6    21.8    26.2    26.1     0.0    28.12 C    37.9    18.4    26.0    68.0    37.4    50.0   0.341   0.315 -99.000 -99.000 -99.000    20.2    19.3 -9999.0 -9999.0 -9999.0
03759 20170518  2.423  -78.47   38.00    28.4    20.2    24.3    24.8     0.0    26.16 C    36.6    19.3    25.6    72.0    45.4    58.4   0.308   0.289 -99.000 -99.000 -99.000    21.3    20.5 -9999.0 -9999.0 -9999.0
03759 20170519  2.423  -78.47   38.00 -9999.0 -9999.0 -9999.0 -9999.0     0.0 -9999.00 U -9999.0 -9999.0 -9999.0 -9999.0 -9999.0 -9999.0 -99.000 -99.000 -99.000 -99.000 -99.000 -9999.0 -9999.0 -9999.0 -9999.0 -9999.0
03759 20170520  2.423  -78.47   38.00    24.3    15.7    20.0    20.8     0.0    13.94 C    38.2    15.8    22.7    82.3    47.2    68.6   0.262   0.256 -99.000 -99.000 -99.000    21.3    20.9 -9999.0 -9999.0 -9999.0
03759 20170521  2.423  -78.47   38.00    16.9    12.8    14.9    14.9     0.4    10.04 C    28.2    13.1    18.4    91.8    67.1    75.6   0.254   0.250 -99.000 -99.000 -99.000    19.6    19.5 -9999.0 -9999.0 -9999.0
03759 20170522  2.423  -78.47   38.00    23.7    13.9    18.8    17.8     9.6    18.41 C    37.8    14.3    21.7    95.5    74.6    89.4   0.327   0.293 -99.000 -99.000 -99.000    20.1    19.6 -9999.0 -9999.0 -9999.0
03759 20170523  2.423  -78.47   38.00    18.3    13.2    15.8    14.5    20.5     4.00 C    19.9    14.0    16.0    95.4    62.2    87.3   0.374   0.328 -99.000 -99.000 -99.000    19.3    19.3 -9999.0 -9999.0 -9999.0
03759 20170524  2.423  -78.47   38.00    14.6    11.6    13.1    13.4    27.2     3.50 C    17.7    12.3    14.7    95.6    93.9    95.1   0.452   0.425 -99.000 -99.000 -99.000    17.4    17.6 -9999.0 -9999.0 -9999.0
03759 20170525  2.423  -78.47   38.00    20.3    12.6    16.5    15.6    29.7    17.22 C    31.6    12.1    17.6    95.3    52.8    79.9   0.458   0.430 -99.000 -99.000 -99.000    17.5    17.3 -9999.0 -9999.0 -9999.0
03759 20170526  2.423  -78.47   38.00    23.6    14.3    19.0    19.7     0.0    28.07 C    36.9    12.0    21.0    76.9    40.7    54.8   0.428   0.395 -99.000 -99.000 -99.000    18.8    18.3 -9999.0 -9999.0 -9999.0
03759 20170527  2.423  -78.47   38.00    26.3    17.0    21.7    21.1     0.0    20.64 C    41.9    12.9    23.3    94.1    48.5    67.0   0.408   0.375 -99.000 -99.000 -99.000    20.1    19.5 -9999.0 -9999.0 -9999.0
03759 20170528  2.423  -78.47   38.00    19.5    15.5    17.5    17.4     5.5     5.76 C    28.1    14.9    19.1    95.2    82.9    91.0   0.411   0.374 -99.000 -99.000 -99.000    19.7    19.5 -9999.0 -9999.0 -9999.0
03759 20170529  2.423  -78.47   38.00    26.4    16.2    21.3    21.3     0.0    20.84 C    41.1    15.4    22.9    95.2    33.2    68.4   0.440   0.396 -99.000 -99.000 -99.000    20.6    20.0 -9999.0 -9999.0 -9999.0
03759 20170530  2.423  -78.47   38.00    25.9    16.1    21.0    21.2     0.0    22.07 C    40.8    15.9    24.4    94.6    54.2    74.9   0.420   0.377 -99.000 -99.000 -99.000    21.5    20.9 -9999.0 -9999.0 -9999.0
03759 20170531  2.423  -78.47   38.00    23.9    16.1    20.0    19.5     0.0    14.68 C    39.5    15.9    21.6    95.1    41.8    72.6   0.402   0.363 -99.000 -99.000 -99.000    21.3    21.0 -9999.0 -9999.0 -9999.0
03759 20170601  2.423  -78.47   38.00    26.1    15.6    20.8    21.8     0.0    26.82 C    43.1    12.6    23.7    76.9    37.2    50.3   0.385   0.345 -99.000 -99.000 -99.000    21.1    20.8 -9999.0 -9999.0 -9999.0
03759 20170602  2.423  -78.47   38.00    26.0    16.7    21.4    21.8     0.0    26.33 C    43.4    11.0    22.7    56.2    25.8    39.7   0.359   0.323 -99.000 -99.000 -99.000    20.9    20.7 -9999.0 -9999.0 -9999.0
03759 20170603  2.423  -78.47   38.00    27.3    19.7    23.5    23.4     0.0    29.79 C    44.2    11.9    24.5    44.2    28.2    34.8   0.329   0.301 -99.000 -99.000 -99.000    21.0    20.7 -9999.0 -9999.0 -9999.0
03759 20170604  2.423  -78.47   38.00    27.8    19.2    23.5    23.5     0.0    29.07 C    43.0    12.7    25.4    86.7    33.0    49.5   0.300   0.280 -99.000 -99.000 -99.000    21.5    21.1 -9999.0 -9999.0 -9999.0
03759 20170605  2.423  -78.47   38.00    20.6    17.5    19.1    19.1    13.3     8.75 C    28.6    17.2    20.2    94.2    65.6    82.8   0.396   0.339 -99.000 -99.000 -99.000    21.2    21.0 -9999.0 -9999.0 -9999.0
03759 20170606  2.423  -78.47   38.00    24.4    15.0    19.7    19.8     0.0    27.24 C    40.4    12.6    23.3    90.2    38.2    59.6   0.412   0.343 -99.000 -99.000 -99.000    21.5    21.2 -9999.0 -9999.0 -9999.0
03759 20170607  2.423  -78.47   38.00    20.0    13.3    16.7    15.6     1.9    14.98 C    35.2    11.0    18.2    94.9    58.5    73.9   0.390   0.326 -99.000 -99.000 -99.000    20.2    20.3 -9999.0 -9999.0 -9999.0
03759 20170608  2.423  -78.47   38.00    19.7    11.8    15.7    15.6     0.0    19.80 C    33.7    11.7    18.6    95.2    50.6    71.1   0.388   0.323 -99.000 -99.000 -99.000    19.7    19.7 -9999.0 -9999.0 -9999.0
03759 20170609  2.423  -78.47   38.00    25.0    14.6    19.8    20.0     0.0    28.71 C    40.7    12.5    23.1    75.8    38.6    54.9   0.362   0.307 -99.000 -99.000 -99.000    20.3    20.0 -9999.0 -9999.0 -9999.0
03759 20170610  2.423  -78.47   38.00    27.9    18.1    23.0    24.0     0.0    29.16 C    42.1    13.6    26.0    67.5    37.9    47.9   0.324   0.284 -99.000 -99.000 -99.000    21.6    21.1 -9999.0 -9999.0 -9999.0
03759 20170611  2.423  -78.47   38.00    29.7    22.4    26.0    26.4     0.0    29.08 C    43.6    18.9    28.4    61.2    38.3    49.7   0.288   0.261 -99.000 -99.000 -99.000    22.9    22.2 -9999.0 -9999.0 -9999.0
03759 20170612  2.423  -78.47   38.00    29.6    21.9    25.7    26.1     0.0    27.21 C    44.2    17.8    28.4    72.9    43.4    56.0   0.259   0.239 -99.000 -99.000 -99.000    23.7    23.1 -9999.0 -9999.0 -9999.0
03759 20170613  2.423  -78.47   38.00    30.3    21.4    25.9    25.7     7.1    24.36 C    43.1    19.7    27.9    89.3    49.3    64.1   0.259   0.244 -99.000 -99.000 -99.000    24.3    23.7 -9999.0 -9999.0 -9999.0
03759 20170614  2.423  -78.47   38.00    29.3    21.1    25.2    24.0     0.0    20.40 C    41.1    19.2    26.2    86.3    55.8    69.6   0.278   0.272 -99.000 -99.000 -99.000    24.5    23.9 -9999.0 -9999.0 -9999.0
03759 20170615  2.423  -78.47   38.00    27.2    19.4    23.3    22.5     3.3    18.92 C    41.4    18.8    25.4    94.7    65.0    81.7   0.258   0.254 -99.000 -99.000 -99.000    24.4    23.9 -9999.0 -9999.0 -9999.0
03759 20170616  2.423  -78.47   38.00    25.6    18.9    22.3    20.6    10.5    12.29 C    34.5    19.0    22.9    94.8    75.7    91.1   0.315   0.271 -99.000 -99.000 -99.000    23.9    23.6 -9999.0 -9999.0 -9999.0
03759 20170617  2.423  -78.47   38.00    27.0    19.1    23.0    22.1    11.0    20.00 C    37.9    19.7    25.0    95.0    67.3    88.0   0.397   0.339 -99.000 -99.000 -99.000    24.3    23.8 -9999.0 -9999.0 -9999.0
03759 20170618  2.423  -78.47   38.00    29.1    21.1    25.1    24.4     0.0    22.41 C    38.1    21.3    26.2    95.0    58.0    80.1   0.404   0.373 -99.000 -99.000 -99.000    25.1    24.6 -9999.0 -9999.0 -9999.0
03759 20170619  2.423  -78.47   38.00    26.5    19.5    23.0    22.3     6.4    13.21 C    35.5    19.5    23.2    94.7    70.1    82.3   0.400   0.372 -99.000 -99.000 -99.000    24.2    24.0 -9999.0 -9999.0 -9999.0
03759 20170620  2.423  -78.47   38.00    25.7    20.0    22.9    22.8     0.0    25.45 C    34.6    17.7    23.9    81.6    43.7    64.5   0.408   0.382 -99.000 -99.000 -99.000    23.8    23.4 -9999.0 -9999.0 -9999.0
03759 20170621  2.423  -78.47   38.00    28.7    18.3    23.5    23.9     0.0    26.97 C    39.3    17.5    25.9    93.1    44.7    68.7   0.372   0.346 -99.000 -99.000 -99.000    24.3    23.8 -9999.0 -9999.0 -9999.0
03759 20170622  2.423  -78.47   38.00    28.4    23.6    26.0    25.4     0.0    20.61 C    36.1    20.5    26.0    77.5    54.2    63.5   0.334   0.311 -99.000 -99.000 -99.000    24.6    24.2 -9999.0 -9999.0 -9999.0
03759 20170623  2.423  -78.47   38.00    27.9    19.6    23.7    24.3     2.8    15.98 C    33.6    19.2    24.7    94.1    67.1    78.0   0.337   0.298 -99.000 -99.000 -99.000    24.3    24.0 -9999.0 -9999.0 -9999.0
03759 20170624  2.423  -78.47   38.00    28.0    20.1    24.0    24.5     0.0    26.93 C    38.5    17.1    25.3    83.6    40.1    58.8   0.313   0.280 -99.000 -99.000 -99.000    24.7    24.3 -9999.0 -9999.0 -9999.0
03759 20170625  2.423  -78.47   38.00    26.4    18.7    22.5    22.1     0.0    26.31 C    37.5    14.8    22.9    69.5    34.4    50.2   0.283   0.255 -99.000 -99.000 -99.000    24.1    23.9 -9999.0 -9999.0 -9999.0
03759 20170626  2.423  -78.47   38.00    25.1    16.2    20.6    21.3     0.0    30.01 C    37.2    13.4    22.5    59.9    32.1    43.4   0.253   0.235 -99.000 -99.000 -99.000    23.2    23.0 -9999.0 -9999.0 -9999.0
03759 20170627  2.423  -78.47   38.00    23.7    16.0    19.8    19.9     0.0    23.28 C    35.9    12.3    20.8    60.2    34.4    48.3   0.227   0.218 -99.000 -99.000 -99.000    22.7    22.6 -9999.0 -9999.0 -9999.0
03759 20170628  2.423  -78.47   38.00    24.3    15.6    20.0    19.8     0.0    28.13 C    36.2    10.1    20.9    59.7    38.4    50.0   0.209   0.206 -99.000 -99.000 -99.000    22.2    22.0 -9999.0 -9999.0 -9999.0
03759 20170629  2.423  -78.47   38.00    27.9    16.9    22.4    22.9     0.0    27.72 C    37.9    16.4    24.6    79.2    48.0    58.1   0.196   0.197 -99.000 -99.000 -99.000    23.0    22.6 -9999.0 -9999.0 -9999.0
03759 20170630  2.423  -78.47   38.00    28.8    19.3    24.0    23.2    15.8    19.52 C    41.3    18.6    24.3    94.9    55.2    73.3   0.239   0.231 -99.000 -99.000 -99.000    23.3    23.0 -9999.0 -9999.0 -9999.0
03759 20170701  2.423  -78.47   38.00    30.8    21.3    26.0    25.6     0.0    24.39 C    38.3    21.6    26.5    95.1    41.0    71.3   0.300   0.284 -99.000 -99.000 -99.000    24.8    24.1 -9999.0 -9999.0 -9999.0
03759 20170702  2.423  -78.47   38.00    28.0    22.6    25.3    25.1     0.0    17.64 C    37.7    19.0    24.9    74.6    50.3    62.1   0.251   0.249 -99.000 -99.000 -99.000    24.7    24.3 -9999.0 -9999.0 -9999.0
03759 20170703  2.423  -78.47   38.00    30.0    20.8    25.4    25.5     0.0    25.98 C    38.9    17.1    25.7    69.8    40.8    55.2   0.223   0.224 -99.000 -99.000 -99.000    24.7    24.3 -9999.0 -9999.0 -9999.0
03759 20170704  2.423  -78.47   38.00    28.9    21.6    25.3    25.5     0.2    17.88 C    38.5    20.6    26.0    87.6    52.7    64.9   0.202   0.205 -99.000 -99.000 -99.000    24.9    24.5 -9999.0 -9999.0 -9999.0
03759 20170705  2.423  -78.47   38.00    24.3    20.5    22.4    21.6     5.4    10.57 C    31.5    20.4    23.4    94.8    81.5    91.5   0.225   0.215 -99.000 -99.000 -99.000    24.5    24.2 -9999.0 -9999.0 -9999.0
03759 20170706  2.423  -78.47   38.00    28.2    20.0    24.1    23.5     0.0    21.02 C    35.4    20.0    25.3    95.1    64.2    82.3   0.258   0.234 -99.000 -99.000 -99.000    25.1    24.5 -9999.0 -9999.0 -9999.0
03759 20170707  2.423  -78.47   38.00    29.7    20.8    25.3    25.4     0.0    25.94 C    38.3    20.2    26.6    94.9    45.0    65.0   0.217   0.209 -99.000 -99.000 -99.000    25.7    25.1 -9999.0 -9999.0 -9999.0
03759 20170708  2.423  -78.47   38.00    29.1    20.7    24.9    25.5     0.0    26.59 C    40.6    17.3    26.0    61.3    36.2    50.7   0.192   0.190 -99.000 -99.000 -99.000    25.3    24.9 -9999.0 -9999.0 -9999.0
03759 20170709  2.423  -78.47   38.00    27.8    18.5    23.1    23.5     0.0    29.06 C    41.4    15.0    25.2    71.2    39.8    53.4   0.178   0.180 -99.000 -99.000 -99.000    24.7    24.4 -9999.0 -9999.0 -9999.0
03759 20170710  2.423  -78.47   38.00    30.5    19.6    25.0    25.5     0.0    29.01 C    42.8    17.7    27.7    79.1    33.2    56.3   0.169   0.173 -99.000 -99.000 -99.000    25.2    24.6 -9999.0 -9999.0 -9999.0
03759 20170711  2.423  -78.47   38.00    28.2    21.4    24.8    26.1     0.0    12.59 C    35.2    20.2    25.4    87.4    39.7    57.4   0.162   0.168 -99.000 -99.000 -99.000    24.6    24.4 -9999.0 -9999.0 -9999.0
03759 20170712  2.423  -78.47   38.00    32.8    25.6    29.2    29.1     0.0    25.22 C    45.9    22.8    30.5    62.1    33.4    43.9   0.160   0.166 -99.000 -99.000 -99.000    25.5    24.8 -9999.0 -9999.0 -9999.0
03759 20170713  2.423  -78.47   38.00    32.6    23.7    28.2    28.4     3.5    21.78 C    46.7    22.4    29.2    79.4    47.2    59.9   0.169   0.167 -99.000 -99.000 -99.000    26.1    25.5 -9999.0 -9999.0 -9999.0
03759 20170714  2.423  -78.47   38.00    32.9    23.9    28.4    27.7     0.5    25.73 C    45.4    21.4    29.6    88.6    46.6    63.7   0.166   0.167 -99.000 -99.000 -99.000    26.8    26.0 -9999.0 -9999.0 -9999.0
03759 20170715  2.423  -78.47   38.00    30.7    23.0    26.9    26.4     0.0    25.59 C    46.3    21.5    29.2    76.8    35.5    55.4   0.156   0.161 -99.000 -99.000 -99.000    26.6    26.1 -9999.0 -9999.0 -9999.0
03759 20170716  2.423  -78.47   38.00    30.2    20.0    25.1    24.8     0.0    27.12 C    46.1    18.2    28.2    79.5    38.2    57.9   0.150   0.158 -99.000 -99.000 -99.000    26.2    25.8 -9999.0 -9999.0 -9999.0
03759 20170717  2.423  -78.47   38.00    30.8    20.2    25.5    24.4     0.0    25.14 C    46.5    18.9    27.8    94.5    46.2    73.5   0.147   0.155 -99.000 -99.000 -99.000    26.3    25.8 -9999.0 -9999.0 -9999.0
03759 20170718  2.423  -78.47   38.00    31.4    20.9    26.2    25.1     0.0    20.59 C    46.9    19.5    27.3    89.9    49.6    67.9   0.144   0.153 -99.000 -99.000 -99.000    26.1    25.7 -9999.0 -9999.0 -9999.0
03759 20170719  2.423  -78.47   38.00    32.7    22.3    27.5    27.7     0.0    26.36 C    48.4    18.9    30.3    67.3    34.3    52.0   0.142   0.151 -99.000 -99.000 -99.000    26.2    25.7 -9999.0 -9999.0 -9999.0
03759 20170720  2.423  -78.47   38.00    33.7    23.3    28.5    28.6     0.0    24.60 C    49.3    20.4    31.3    75.7    32.2    52.1   0.140   0.149 -99.000 -99.000 -99.000    26.8    26.2 -9999.0 -9999.0 -9999.0
03759 20170721  2.423  -78.47   38.00    34.4    24.3    29.4    27.5     0.0    22.29 C    51.2    21.1    30.4    71.5    41.0    58.0   0.138   0.148 -99.000 -99.000 -99.000    26.9    26.4 -9999.0 -9999.0 -9999.0
03759 20170722  2.423  -78.47   38.00    34.0    22.0    28.0    27.7     7.3    23.54 C    50.7    21.0    31.3    92.2    45.2    61.3   0.142   0.148 -99.000 -99.000 -99.000    27.1    26.5 -9999.0 -9999.0 -9999.0
03759 20170723  2.423  -78.47   38.00    31.8    22.2    27.0    27.2     0.0    19.00 C    42.9    21.8    28.2    92.5    41.1    60.1   0.159   0.158 -99.000 -99.000 -99.000    26.9    26.5 -9999.0 -9999.0 -9999.0
03759 20170724  2.423  -78.47   38.00    30.9    20.7    25.8    25.9     1.6    19.20 C    40.7    20.9    27.2    94.3    46.7    64.5   0.155   0.153 -99.000 -99.000 -99.000    26.5    26.2 -9999.0 -9999.0 -9999.0
03759 20170725  2.423  -78.47   38.00    28.0    18.8    23.4    23.0     0.0    25.91 C    44.7    17.3    26.5    86.7    40.2    61.9   0.146   0.150 -99.000 -99.000 -99.000    25.9    25.7 -9999.0 -9999.0 -9999.0
03759 20170726  2.423  -78.47   38.00    27.2    17.2    22.2    22.3     0.0    21.36 C    42.6    15.6    25.1    82.3    52.5    66.2   0.140   0.147 -99.000 -99.000 -99.000    25.0    24.9 -9999.0 -9999.0 -9999.0
03759 20170727  2.423  -78.47   38.00    28.3    19.3    23.8    23.2     0.3    13.60 C    41.5    18.7    24.7    94.3    62.6    80.3   0.137   0.146 -99.000 -99.000 -99.000    24.8    24.7 -9999.0 -9999.0 -9999.0
03759 20170728  2.423  -78.47   38.00    28.1    20.5    24.3    23.0    25.5     9.68 C    47.6    20.3    24.9    94.8    62.3    81.8   0.192   0.165 -99.000 -99.000 -99.000    24.6    24.5 -9999.0 -9999.0 -9999.0
03759 20170729  2.423  -78.47   38.00    22.9    17.2    20.1    19.8     2.7    11.34 C    33.2    13.5    21.0    94.9    54.6    76.7   0.291   0.215 -99.000 -99.000 -99.000    23.5    23.7 -9999.0 -9999.0 -9999.0
03759 20170730  2.423  -78.47   38.00    26.2    14.7    20.5    20.7     0.0    28.52 C    43.3    12.1    24.1    72.1    37.8    51.6   0.234   0.203 -99.000 -99.000 -99.000    23.2    23.1 -9999.0 -9999.0 -9999.0
03759 20170731  2.423  -78.47   38.00    28.6    17.4    23.0    23.4     0.0    27.48 C    46.0    13.5    26.5    64.9    38.6    49.4   0.203   0.187 -99.000 -99.000 -99.000    23.8    23.6 -9999.0 -9999.0 -9999.0
03759 20170801  2.423  -78.47   38.00    29.7    19.7    24.7    23.8    17.9    22.41 C    49.6    16.1    26.4    80.2    37.2    58.5   0.225   0.185 -99.000 -99.000 -99.000    24.1    23.9 -9999.0 -9999.0 -9999.0
03759 20170802  2.423  -78.47   38.00    29.3    20.7    25.0    24.9     0.0    22.08 C    45.1    18.2    26.3    70.3    37.2    55.9   0.261   0.199 -99.000 -99.000 -99.000    24.5    24.2 -9999.0 -9999.0 -9999.0
03759 20170803  2.423  -78.47   38.00    30.2    20.2    25.2    25.5     0.0    24.64 C    46.7    17.5    27.9    86.1    41.2    58.4   0.219   0.187 -99.000 -99.000 -99.000    25.1    24.7 -9999.0 -9999.0 -9999.0
03759 20170804  2.423  -78.47   38.00    30.5    20.5    25.5    25.7     0.0    24.70 C    46.7    17.8    28.6    80.8    39.0    56.7   0.191   0.176 -99.000 -99.000 -99.000    25.3    24.9 -9999.0 -9999.0 -9999.0
03759 20170805  2.423  -78.47   38.00    25.5    17.8    21.6    22.3     0.0    28.03 C    44.4    14.5    26.8    69.4    36.6    51.6   0.170   0.168 -99.000 -99.000 -99.000    25.0    24.8 -9999.0 -9999.0 -9999.0
03759 20170806  2.423  -78.47   38.00    27.1    17.3    22.2    22.0     0.0    22.25 C    46.0    12.7    25.1    70.6    41.5    52.2   0.157   0.162 -99.000 -99.000 -99.000    24.0    23.9 -9999.0 -9999.0 -9999.0
03759 20170807  2.423  -78.47   38.00    21.9    18.7    20.3    20.0    43.1     6.01 C    31.0    18.9    21.5    95.0    70.6    88.4   0.274   0.222 -99.000 -99.000 -99.000    22.8    22.9 -9999.0 -9999.0 -9999.0
03759 20170808  2.423  -78.47   38.00    24.6    18.3    21.4    20.7     1.8    18.34 C    36.1    16.2    23.2    94.9    53.4    76.9   0.316   0.255 -99.000 -99.000 -99.000    23.5    23.2 -9999.0 -9999.0 -9999.0
03759 20170809  2.423  -78.47   38.00    26.0    16.0    21.0    21.1     0.0    26.66 C    41.6    14.5    24.1    88.8    42.0    61.0   0.268   0.231 -99.000 -99.000 -99.000    23.5    23.4 -9999.0 -9999.0 -9999.0
03759 20170810  2.423  -78.47   38.00    25.9    18.4    22.2    21.9     0.0    21.88 C    41.5    15.4    24.1    79.2    43.6    61.8   0.234   0.212 -99.000 -99.000 -99.000    23.5    23.4 -9999.0 -9999.0 -9999.0
03759 20170811  2.423  -78.47   38.00    27.0    18.2    22.6    22.0     2.3    14.68 C    40.2    19.0    24.5    91.4    62.2    78.3   0.228   0.202 -99.000 -99.000 -99.000    23.8    23.6 -9999.0 -9999.0 -9999.0
03759 20170812  2.423  -78.47   38.00    27.8    20.5    24.2    23.3     3.7    16.85 C    40.9    20.7    25.9    94.8    64.2    82.4   0.247   0.202 -99.000 -99.000 -99.000    24.7    24.2 -9999.0 -9999.0 -9999.0
03759 20170813  2.423  -78.47   38.00    26.4    19.0    22.7    22.4     0.0    22.98 C    38.4    17.3    25.0    94.9    44.5    67.3   0.282   0.206 -99.000 -99.000 -99.000    24.9    24.7 -9999.0 -9999.0 -9999.0
03759 20170814  2.423  -78.47   38.00    23.9    18.7    21.3    21.5     0.0    10.36 C    32.5    17.1    22.9    88.3    62.0    76.6   0.236   0.196 -99.000 -99.000 -99.000    23.8    23.8 -9999.0 -9999.0 -9999.0
03759 20170815  2.423  -78.47   38.00    26.5    20.1    23.3    22.7     2.5    11.11 C    37.1    20.4    24.4    94.9    74.2    88.0   0.252   0.203 -99.000 -99.000 -99.000    24.3    24.0 -9999.0 -9999.0 -9999.0
03759 20170816  2.423  -78.47   38.00    30.6    21.4    26.0    25.6     0.0    23.73 C    42.7    19.9    27.9    94.9    39.3    71.2   0.236   0.197 -99.000 -99.000 -99.000    25.4    24.9 -9999.0 -9999.0 -9999.0
03759 20170817  2.423  -78.47   38.00    30.3    21.2    25.7    25.4     0.0    22.95 C    43.5    19.4    28.3    93.2    59.0    79.4   0.204   0.185 -99.000 -99.000 -99.000    25.9    25.4 -9999.0 -9999.0 -9999.0
03759 20170818  2.423  -78.47   38.00    31.9    22.5    27.2    26.2     0.9    21.03 C    44.9    22.1    28.9    94.9    48.9    78.0   0.184   0.178 -99.000 -99.000 -99.000    26.6    26.0 -9999.0 -9999.0 -9999.0
03759 20170819  2.423  -78.47   38.00    29.9    21.3    25.6    25.7     0.0    24.26 C    42.8    19.5    28.4    94.6    37.7    62.4   0.172   0.172 -99.000 -99.000 -99.000    26.6    26.1 -9999.0 -9999.0 -9999.0
03759 20170820  2.423  -78.47   38.00    29.7    20.5    25.1    24.6     0.0    23.39 C    43.7    17.2    27.3    83.3    48.2    64.4   0.160   0.166 -99.000 -99.000 -99.000    25.8    25.5 -9999.0 -9999.0 -9999.0
03759 20170821  2.423  -78.47   38.00    30.9    21.3    26.1    25.7     0.0    19.79 C    49.8    19.5    29.2    92.8    52.9    72.4   0.153   0.163 -99.000 -99.000 -99.000    26.0    25.7 -9999.0 -9999.0 -9999.0
03759 20170822  2.423  -78.47   38.00    32.6    20.8    26.7    27.5     0.0    23.86 C    50.2    20.7    31.4    92.6    38.4    60.3   0.147   0.160 -99.000 -99.000 -99.000    26.3    25.9 -9999.0 -9999.0 -9999.0
03759 20170823  2.423  -78.47   38.00    27.1    18.6    22.8    23.6     2.2    10.97 C    39.9    18.6    25.3    92.8    54.7    73.1   0.143   0.157 -99.000 -99.000 -99.000    25.4    25.3 -9999.0 -9999.0 -9999.0
03759 20170824  2.423  -78.47   38.00    24.9    17.7    21.3    20.7     0.0    16.35 C    46.4    17.0    24.1    90.2    41.0    65.7   0.149   0.156 -99.000 -99.000 -99.000    24.4    24.4 -9999.0 -9999.0 -9999.0
03759 20170825  2.423  -78.47   38.00    25.2    15.6    20.4    19.9     0.0    24.15 C    48.2    14.7    25.3    94.3    40.7    66.6   0.141   0.154 -99.000 -99.000 -99.000    23.8    23.8 -9999.0 -9999.0 -9999.0
03759 20170826  2.423  -78.47   38.00    25.0    15.8    20.4    19.8     0.0    18.29 C    47.4    13.8    24.1    83.2    49.7    66.3   0.137   0.152 -99.000 -99.000 -99.000    23.1    23.3 -9999.0 -9999.0 -9999.0
03759 20170827  2.423  -78.47   38.00    24.7    16.1    20.4    19.8     0.0    17.22 C    47.0    14.9    24.0    88.3    46.7    64.6   0.134   0.150 -99.000 -99.000 -99.000    23.1    23.1 -9999.0 -9999.0 -9999.0
03759 20170828  2.423  -78.47   38.00    22.4    14.0    18.2    18.1     0.0    14.75 C    41.7    11.8    21.4    87.3    54.3    71.0   0.131   0.148 -99.000 -99.000 -99.000    22.1    22.2 -9999.0 -9999.0 -9999.0
03759 20170829  2.423  -78.47   38.00    17.2    13.3    15.2    15.5    16.5     3.43 C    20.0    14.3    16.8    95.2    80.8    93.2   0.283   0.206 -99.000 -99.000 -99.000    20.3    20.9 -9999.0 -9999.0 -9999.0
03759 20170830  2.423  -78.47   38.00    25.7    15.2    20.5    19.5     0.0    20.03 C    45.4    15.0    23.7    94.7    55.8    79.1   0.266   0.214 -99.000 -99.000 -99.000    21.9    21.6 -9999.0 -9999.0 -9999.0
03759 20170831  2.423  -78.47   38.00    27.8    18.1    23.0    22.4     0.0    18.85 C    48.1    15.8    25.8    94.6    43.7    68.6   0.224   0.197 -99.000 -99.000 -99.000    22.8    22.5 -9999.0 -9999.0 -9999.0
03759 20170901  2.423  -78.47   38.00    20.7     9.6    15.2    14.1    26.0     3.29 C    19.9    11.2    15.5    95.0    67.4    84.4   0.292   0.234 -99.000 -99.000 -99.000    20.5    21.1 -9999.0 -9999.0 -9999.0
03759 20170902  2.423  -78.47   38.00    14.1    10.6    12.4    12.4    10.5     3.67 C    17.7    11.7    14.3    95.4    94.4    95.0   0.382   0.309 -99.000 -99.000 -99.000    18.0    18.6 -9999.0 -9999.0 -9999.0
03759 20170903  2.423  -78.47   38.00    24.7    13.8    19.3    18.9     0.0    21.14 C    37.0    13.3    20.9    95.0    42.9    67.6   0.338   0.288 -99.000 -99.000 -99.000    19.9    19.7 -9999.0 -9999.0 -9999.0
03759 20170904  2.423  -78.47   38.00    26.5    17.7    22.1    22.5     0.0    22.41 C    42.7    13.7    24.4    66.7    52.2    58.9   0.292   0.262 -99.000 -99.000 -99.000    21.1    20.8 -9999.0 -9999.0 -9999.0
03759 20170905  2.423  -78.47   38.00    28.1    17.8    22.9    22.2     8.2    17.41 C    43.0    16.5    24.3    91.8    53.0    67.8   0.308   0.270 -99.000 -99.000 -99.000    22.0    21.7 -9999.0 -9999.0 -9999.0
03759 20170906  2.423  -78.47   38.00    18.9    13.0    16.0    15.5    29.8     1.83 C    18.7    11.5    16.5    95.0    87.4    93.9   0.388   0.337 -99.000 -99.000 -99.000    20.1    20.4 -9999.0 -9999.0 -9999.0
03759 20170907  2.423  -78.47   38.00    21.0    12.1    16.6    15.9     0.0    22.73 C    34.2    10.1    17.9    89.0    43.1    61.0   0.359   0.321 -99.000 -99.000 -99.000    19.4    19.6 -9999.0 -9999.0 -9999.0
03759 20170908  2.423  -78.47   38.00    22.4    12.1    17.3    17.2     0.0    22.70 C    40.8     9.8    20.0    77.9    41.7    55.8   0.319   0.297 -99.000 -99.000 -99.000    19.7    19.7 -9999.0 -9999.0 -9999.0
03759 20170909  2.423  -78.47   38.00    20.4    12.1    16.2    16.1     0.0    22.18 C    39.8    10.2    19.2    81.4    45.0    61.4   0.291   0.277 -99.000 -99.000 -99.000    19.8    19.9 -9999.0 -9999.0 -9999.0
03759 20170910  2.423  -78.47   38.00    19.2    10.5    14.8    14.5     0.0    19.89 C    36.4     8.0    17.3    84.1    51.2    65.6   0.268   0.265 -99.000 -99.000 -99.000    19.0    19.3 -9999.0 -9999.0 -9999.0
03759 20170911  2.423  -78.47   38.00    18.2    10.8    14.5    14.7     0.0    11.69 C    26.7     9.4    16.2    87.6    59.8    73.9   0.251   0.258 -99.000 -99.000 -99.000    18.6    18.8 -9999.0 -9999.0 -9999.0
03759 20170912  2.423  -78.47   38.00    22.2    13.6    17.9    17.5     4.0    12.31 C    37.2    13.5    20.1    94.7    63.4    79.5   0.239   0.251 -99.000 -99.000 -99.000    19.3    19.2 -9999.0 -9999.0 -9999.0
03759 20170913  2.423  -78.47   38.00    24.7    17.0    20.8    20.0     0.8    12.74 C    34.6    17.6    21.6    95.1    53.9    80.1   0.319   0.281 -99.000 -99.000 -99.000    20.6    20.3 -9999.0 -9999.0 -9999.0
03759 20170914  2.423  -78.47   38.00    24.0    18.0    21.0    20.6     0.0    15.04 C    38.1    15.6    22.3    87.8    57.8    72.4   0.289   0.267 -99.000 -99.000 -99.000    21.3    21.0 -9999.0 -9999.0 -9999.0
03759 20170915  2.423  -78.47   38.00    25.6    17.0    21.3    20.6     0.0    16.32 C    41.4    14.1    22.1    85.1    52.4    72.2   0.267   0.254 -99.000 -99.000 -99.000    21.2    21.0 -9999.0 -9999.0 -9999.0
03759 20170916  2.423  -78.47   38.00    25.3    18.7    22.0    21.9     0.0    13.19 C    37.3    17.0    23.3    85.5    59.4    73.1   0.244   0.242 -99.000 -99.000 -99.000    21.9    21.6 -9999.0 -9999.0 -9999.0
03759 20170917  2.423  -78.47   38.00    25.5    18.6    22.0    21.5     0.0    12.94 C    39.0    16.4    22.7    93.6    57.1    78.3   0.230   0.233 -99.000 -99.000 -99.000    21.9    21.7 -9999.0 -9999.0 -9999.0
03759 20170918  2.423  -78.47   38.00    25.6    18.1    21.8    20.6     0.0    12.49 C    37.2    16.4    22.4    95.0    62.4    83.5   0.219   0.225 -99.000 -99.000 -99.000    21.9    21.8 -9999.0 -9999.0 -9999.0
03759 20170919  2.423  -78.47   38.00    27.3    17.1    22.2    21.6     0.0    20.78 C    43.8    16.9    25.5    94.9    43.9    73.7   0.206   0.216 -99.000 -99.000 -99.000    22.3    22.0 -9999.0 -9999.0 -9999.0
03759 20170920  2.423  -78.47   38.00    29.1    19.4    24.3    23.4     0.0    18.23 C    44.5    15.8    25.6    81.6    41.1    64.1   0.193   0.206 -99.000 -99.000 -99.000    22.4    22.2 -9999.0 -9999.0 -9999.0
03759 20170921  2.423  -78.47   38.00    28.8    19.8    24.3    23.8     0.0    19.36 C    44.7    16.8    26.1    78.4    40.1    60.4   0.177   0.196 -99.000 -99.000 -99.000    22.8    22.6 -9999.0 -9999.0 -9999.0
03759 20170922  2.423  -78.47   38.00    27.2    20.0    23.6    23.2     0.0    13.90 C    46.6    15.7    23.9    84.2    50.9    64.6   0.167   0.189 -99.000 -99.000 -99.000    22.4    22.3 -9999.0 -9999.0 -9999.0
03759 20170923  2.423  -78.47   38.00    27.8    17.9    22.8    22.6     0.0    20.80 C    44.2    14.8    24.5    84.3    36.5    60.0   0.162   0.183 -99.000 -99.000 -99.000    22.3    22.2 -9999.0 -9999.0 -9999.0
03759 20170924  2.423  -78.47   38.00    29.5    18.6    24.0    23.8     0.0    19.50 C    46.1    14.5    25.3    70.4    43.1    55.0   0.156   0.178 -99.000 -99.000 -99.000    22.2    22.1 -9999.0 -9999.0 -9999.0
03759 20170925  2.423  -78.47   38.00    28.7    20.4    24.5    23.8     0.0    15.99 C    44.8    16.7    25.5    79.8    53.3    65.9   0.152   0.173 -99.000 -99.000 -99.000    22.5    22.4 -9999.0 -9999.0 -9999.0
03759 20170926  2.423  -78.47   38.00    27.8    18.9    23.4    22.9     0.0    19.23 C    44.9    17.4    26.4    90.4    51.5    71.7   0.148   0.170 -99.000 -99.000 -99.000    22.8    22.7 -9999.0 -9999.0 -9999.0
03759 20170927  2.423  -78.47   38.00    30.2    18.9    24.6    24.1     0.0    17.98 C    46.6    17.7    26.5    88.3    44.6    64.9   0.145   0.166 -99.000 -99.000 -99.000    23.0    22.8 -9999.0 -9999.0 -9999.0
03759 20170928  2.423  -78.47   38.00    28.7    17.3    23.0    23.3     0.0    18.11 C    45.3    13.6    25.3    77.0    26.1    52.0   0.142   0.163 -99.000 -99.000 -99.000    22.7    22.7 -9999.0 -9999.0 -9999.0
03759 20170929  2.423  -78.47   38.00    22.4    12.3    17.3    17.4     0.0    18.38 C    40.5     8.9    20.0    66.2    43.8    53.1   0.136   0.159 -99.000 -99.000 -99.000    20.9    21.2 -9999.0 -9999.0 -9999.0
03759 20170930  2.423  -78.47   38.00    19.6    10.1    14.8    15.3     0.0    20.18 C    38.3     7.1    18.1    74.4    33.0    50.3   0.132   0.155 -99.000 -99.000 -99.000    19.6    20.1 -9999.0 -9999.0 -9999.0
03759 20171001  2.423  -78.47   38.00    18.7     7.3    13.0    12.9     0.0    20.02 C    38.5     4.9    16.2    74.9    40.2    56.5   0.129   0.152 -99.000 -99.000 -99.000    18.4    18.9 -9999.0 -9999.0 -9999.0
03759 20171002  2.423  -78.47   38.00    21.8    11.8    16.8    16.3     0.0    19.67 C    40.7     6.0    18.5    73.5    40.5    57.1   0.127   0.151 -99.000 -99.000 -99.000    18.4    18.6 -9999.0 -9999.0 -9999.0
03759 20171003  2.423  -78.47   38.00    22.1    11.3    16.7    16.5     0.0    19.35 C    40.9     7.4    19.5    84.5    43.2    64.1   0.126   0.150 -99.000 -99.000 -99.000    18.8    18.9 -9999.0 -9999.0 -9999.0
03759 20171004  2.423  -78.47   38.00    24.7    13.3    19.0    18.7     0.0    19.34 C    42.3     9.5    21.3    82.5    38.2    59.0   0.125   0.149 -99.000 -99.000 -99.000    19.2    19.1 -9999.0 -9999.0 -9999.0
03759 20171005  2.423  -78.47   38.00    27.8    17.8    22.8    22.5     0.0    15.97 C    45.6    11.0    23.3    55.9    29.2    42.9   0.125   0.149 -99.000 -99.000 -99.000    19.7    19.6 -9999.0 -9999.0 -9999.0
03759 20171006  2.423  -78.47   38.00    28.1    17.3    22.7    22.4     0.0    17.00 C    45.3    12.1    24.5    64.7    33.9    49.2   0.124   0.148 -99.000 -99.000 -99.000    20.4    20.2 -9999.0 -9999.0 -9999.0
03759 20171007  2.423  -78.47   38.00    27.9    17.1    22.5    22.0     3.6    15.71 C    44.8    14.3    24.6    94.6    44.4    65.3   0.123   0.148 -99.000 -99.000 -99.000    20.8    20.6 -9999.0 -9999.0 -9999.0
03759 20171008  2.423  -78.47   38.00    24.4    20.4    22.4    22.2     4.4     6.27 C    28.9    20.4    23.3    94.8    80.7    90.5   0.174   0.163 -99.000 -99.000 -99.000    21.9    21.5 -9999.0 -9999.0 -9999.0
03759 20171009  2.423  -78.47   38.00    28.0    21.1    24.5    24.0    11.9    10.67 C    33.8    20.5    24.4    94.9    61.0    82.4   0.309   0.253 -99.000 -99.000 -99.000    22.7    22.2 -9999.0 -9999.0 -9999.0
03759 20171010  2.423  -78.47   38.00    28.2    21.1    24.7    24.2     0.0    10.63 C    40.8    19.7    25.4    89.5    57.7    74.7   0.276   0.239 -99.000 -99.000 -99.000    23.1    22.7 -9999.0 -9999.0 -9999.0
03759 20171011  2.423  -78.47   38.00    25.3    20.9    23.1    22.3     5.9     7.34 C    35.5    21.2    24.2    94.9    76.2    90.1   0.326   0.269 -99.000 -99.000 -99.000    23.3    23.0 -9999.0 -9999.0 -9999.0
03759 20171012  2.423  -78.47   38.00    21.4    13.4    17.4    16.7     4.0     0.99 C    22.0    14.4    17.8    96.8    94.1    94.8   0.323   0.266 -99.000 -99.000 -99.000    21.7    21.9 -9999.0 -9999.0 -9999.0
03759 20171013  2.423  -78.47   38.00    16.0    12.3    14.2    13.9     0.8     3.75 C    21.4    13.6    16.0    94.7    85.2    93.0   0.353   0.284 -99.000 -99.000 -99.000    19.6    19.9 -9999.0 -9999.0 -9999.0
03759 20171014  2.423  -78.47   38.00    21.0    13.1    17.0    16.2     0.0    11.71 C    31.5    14.0    18.9    99.7    68.1    88.6   0.326   0.272 -99.000 -99.000 -99.000    19.9    19.9 -9999.0 -9999.0 -9999.0
03759 20171015  2.423  -78.47   38.00    24.0    15.5    19.7    19.1     0.6    11.38 C    31.4    16.5    20.6    95.1    63.3    83.7   0.305   0.262 -99.000 -99.000 -99.000    20.4    20.3 -9999.0 -9999.0 -9999.0
03759 20171016  2.423  -78.47   38.00    21.5     8.5    15.0    13.9     3.1    12.48 C    25.8     4.8    15.1    94.9    41.0    66.9   0.320   0.270 -99.000 -99.000 -99.000    19.5    19.9 -9999.0 -9999.0 -9999.0
03759 20171017  2.423  -78.47   38.00    15.3     5.9    10.6    10.4     0.0    17.22 C    28.4     3.1    11.8    75.0    33.4    50.4   0.297   0.257 -99.000 -99.000 -99.000    16.9    17.6 -9999.0 -9999.0 -9999.0
03759 20171018  2.423  -78.47   38.00    19.1     8.3    13.7    13.7     0.0    16.85 C    31.6     3.7    13.9    58.5    33.0    43.1   0.277   0.246 -99.000 -99.000 -99.000    16.4    16.8 -9999.0 -9999.0 -9999.0
03759 20171019  2.423  -78.47   38.00    22.0    12.9    17.5    16.9     0.0    16.89 C    33.8     7.9    16.8    64.1    28.3    41.8   0.256   0.234 -99.000 -99.000 -99.000    16.8    17.0 -9999.0 -9999.0 -9999.0
03759 20171020  2.423  -78.47   38.00    24.0    13.9    19.0    18.5     0.0    15.73 C    35.5     8.3    17.9    51.8    33.8    44.9   0.233   0.223 -99.000 -99.000 -99.000    17.3    17.4 -9999.0 -9999.0 -9999.0
03759 20171021  2.423  -78.47   38.00    23.3    14.2    18.8    18.4     0.0    14.52 C    35.5     8.4    17.5    66.1    36.9    50.4   0.214   0.214 -99.000 -99.000 -99.000    17.6    17.7 -9999.0 -9999.0 -9999.0
03759 20171022  2.423  -78.47   38.00    23.4    12.3    17.9    17.6     0.0    14.82 C    35.7     9.3    18.3    86.6    44.7    67.1   0.199   0.206 -99.000 -99.000 -99.000    17.9    17.9 -9999.0 -9999.0 -9999.0
03759 20171023  2.423  -78.47   38.00    20.2    13.2    16.7    16.7    18.7     4.56 C    25.7    12.7    17.7    95.1    70.6    85.5   0.212   0.223 -99.000 -99.000 -99.000    18.1    18.1 -9999.0 -9999.0 -9999.0
03759 20171024  2.423  -78.47   38.00    19.8    11.2    15.5    14.7     0.0    14.33 C    27.1    10.6    16.0    95.8    43.6    70.8   0.321   0.308 -99.000 -99.000 -99.000    17.8    17.9 -9999.0 -9999.0 -9999.0
03759 20171025  2.423  -78.47   38.00    15.8     7.4    11.6    10.9     0.0    15.33 C    27.4     4.8    12.5    67.8    32.6    50.8   0.282   0.281 -99.000 -99.000 -99.000    16.5    17.0 -9999.0 -9999.0 -9999.0
03759 20171026  2.423  -78.47   38.00    13.6     5.2     9.4     9.6     0.0    14.34 C    27.5     2.0    10.8    71.6    31.6    50.7   0.260   0.266 -99.000 -99.000 -99.000    15.4    15.9 -9999.0 -9999.0 -9999.0
03759 20171027  2.423  -78.47   38.00    19.5     6.2    12.8    12.0     0.0    14.97 C    28.5     1.7    12.1    70.6    40.7    52.9   0.242   0.253 -99.000 -99.000 -99.000    14.7    15.1 -9999.0 -9999.0 -9999.0
03759 20171028  2.423  -78.47   38.00    18.5     8.3    13.4    13.5     0.0    11.67 C    26.9     6.7    14.2    86.0    57.4    72.6   0.226   0.243 -99.000 -99.000 -99.000    15.2    15.3 -9999.0 -9999.0 -9999.0
03759 20171029  2.423  -78.47   38.00    15.5     4.1     9.8    11.0    71.2     0.91 C    18.0     4.8    11.7    95.5    78.1    93.1   0.309   0.306 -99.000 -99.000 -99.000    14.8    15.2 -9999.0 -9999.0 -9999.0
03759 20171030  2.423  -78.47   38.00    13.1     3.5     8.3     8.1     0.2    14.83 C    20.3     1.5     8.8    88.9    34.3    52.3   0.354   0.339 -99.000 -99.000 -99.000    12.8    13.4 -9999.0 -9999.0 -9999.0
03759 20171031  2.423  -78.47   38.00    15.3     7.7    11.5    11.4     0.0    14.48 C    24.2     4.0    10.7    56.4    25.1    41.0   0.320   0.315 -99.000 -99.000 -99.000    13.1    13.5 -9999.0 -9999.0 -9999.0
03759 20171101  2.423  -78.47   38.00    13.6     6.0     9.8    10.0     0.0     7.11 C    22.8     4.0    10.0    76.8    49.7    65.6   0.301   0.305 -99.000 -99.000 -99.000    13.0    13.4 -9999.0 -9999.0 -9999.0
03759 20171102  2.423  -78.47   38.00    22.4    10.9    16.7    16.8     0.0    13.31 C    29.5     8.9    16.8    80.4    49.5    65.4   0.286   0.296 -99.000 -99.000 -99.000    14.6    14.5 -9999.0 -9999.0 -9999.0
03759 20171103  2.423  -78.47   38.00    25.6    14.7    20.1    19.5     0.0    11.77 C    33.6    11.7    19.3    78.9    46.4    63.7   0.267   0.286 -99.000 -99.000 -99.000    16.3    16.0 -9999.0 -9999.0 -9999.0
03759 20171104  2.423  -78.47   38.00    15.0     6.4    10.7     8.4    18.6     1.25 C    14.4     7.5     9.4    95.8    62.1    82.2   0.308   0.322 -99.000 -99.000 -99.000    14.6    15.2 -9999.0 -9999.0 -9999.0
03759 20171105  2.423  -78.47   38.00    13.4     7.2    10.3    10.2     0.0     2.49 C    15.5     8.3    11.5    95.7    94.5    95.3   0.358   0.350 -99.000 -99.000 -99.000    13.7    13.9 -9999.0 -9999.0 -9999.0
03759 20171106  2.423  -78.47   38.00    21.9    12.4    17.1    16.2     0.0     9.01 C    25.8    10.1    16.4    95.3    62.2    83.1   0.339   0.340 -99.000 -99.000 -99.000    15.3    15.1 -9999.0 -9999.0 -9999.0
03759 20171107  2.423  -78.47   38.00    12.4     3.2     7.8     5.9     4.9     0.61 C    10.1     4.8     7.2    96.1    72.7    87.8   0.349   0.351 -99.000 -99.000 -99.000    13.9    14.4 -9999.0 -9999.0 -9999.0
03759 20171108  2.423  -78.47   38.00     5.7     2.7     4.2     4.2     1.1     3.17 C    10.1     4.1     6.3    96.0    79.8    90.7   0.369   0.367 -99.000 -99.000 -99.000    12.1    12.8 -9999.0 -9999.0 -9999.0
03759 20171109  2.423  -78.47   38.00     8.9     4.0     6.4     6.3     7.1     2.66 C    11.5     4.0     7.4    96.1    86.3    95.4   0.386   0.381 -99.000 -99.000 -99.000    11.8    12.2 -9999.0 -9999.0 -9999.0
03759 20171110  2.423  -78.47   38.00     8.2    -2.9     2.7     4.1     0.0    13.14 C    16.9    -4.0     4.6    87.0    38.5    55.3   0.365   0.363 -99.000 -99.000 -99.000    11.2    11.8 -9999.0 -9999.0 -9999.0
03759 20171111  2.423  -78.47   38.00     1.5    -6.1    -2.3    -2.1     0.0    11.13 C    12.7    -6.4    -0.2    60.0    32.8    43.6   0.347   0.349 -99.000 -99.000 -99.000     8.8     9.8 -9999.0 -9999.0 -9999.0
03759 20171112  2.423  -78.47   38.00     5.1    -1.5     1.8     1.9     1.8     5.64 C    11.9    -3.2     3.6    94.4    36.7    52.5   0.338   0.343 -99.000 -99.000 -99.000     8.3     9.0 -9999.0 -9999.0 -9999.0
03759 20171113  2.423  -78.47   38.00    10.2     1.2     5.7     4.8     2.0     8.18 C    17.5     1.5     7.1    96.3    68.2    86.2   0.373   0.368 -99.000 -99.000 -99.000     9.6     9.9 -9999.0 -9999.0 -9999.0
03759 20171114  2.423  -78.47   38.00     6.7     1.7     4.2     5.2     0.0     2.20 C     9.5    -1.5     5.2    82.1    57.0    68.7   0.356   0.355 -99.000 -99.000 -99.000     9.9    10.3 -9999.0 -9999.0 -9999.0
03759 20171115  2.423  -78.47   38.00     8.3     0.5     4.4     4.6     1.0    10.13 C    18.1    -2.4     5.1    76.3    50.7    63.8   0.344   0.347 -99.000 -99.000 -99.000     9.1     9.6 -9999.0 -9999.0 -9999.0
03759 20171116  2.423  -78.47   38.00    16.1     2.4     9.3     9.3     0.0    12.50 C    21.7    -1.0     8.0    76.3    27.8    50.3   0.346   0.345 -99.000 -99.000 -99.000    10.0    10.2 -9999.0 -9999.0 -9999.0
03759 20171117  2.423  -78.47   38.00    11.8     0.9     6.4     6.0     0.0    11.84 C    20.7    -2.9     5.1    70.0    26.7    47.5   0.334   0.339 -99.000 -99.000 -99.000     9.2     9.7 -9999.0 -9999.0 -9999.0
03759 20171118  2.423  -78.47   38.00    15.5     2.6     9.1    10.0     0.0     6.80 C    21.8     1.9     9.4    72.7    37.7    55.9   0.323   0.333 -99.000 -99.000 -99.000     9.4     9.6 -9999.0 -9999.0 -9999.0
03759 20171119  2.423  -78.47   38.00    14.4     3.1     8.8     8.4     0.0    11.51 C    22.4    -0.4     8.6    89.2    34.6    49.4   0.313   0.328 -99.000 -99.000 -99.000    10.6    10.8 -9999.0 -9999.0 -9999.0
03759 20171120  2.423  -78.47   38.00    10.2     0.6     5.4     5.5     0.0    12.04 C    19.1    -3.6     5.0    55.2    25.5    38.2   0.302   0.321 -99.000 -99.000 -99.000     9.0     9.6 -9999.0 -9999.0 -9999.0
03759 20171121  2.423  -78.47   38.00    15.4     2.5     8.9     8.7     0.0     8.16 C    21.2    -0.2     7.6    62.0    37.1    49.2   0.293   0.315 -99.000 -99.000 -99.000     8.9     9.3 -9999.0 -9999.0 -9999.0
03759 20171122  2.423  -78.47   38.00    13.5    -0.7     6.4     8.5     0.0    11.75 C    22.3    -4.3     8.4    79.4    30.9    54.2   0.282   0.310 -99.000 -99.000 -99.000    10.1    10.3 -9999.0 -9999.0 -9999.0
03759 20171123  2.423  -78.47   38.00     5.9    -1.6     2.1     1.6     0.0    11.37 C    16.9    -5.5     1.7    67.6    45.1    56.4   0.272   0.304 -99.000 -99.000 -99.000     8.1     8.8 -9999.0 -9999.0 -9999.0
03759 20171124  2.423  -78.47   38.00    11.1     0.3     5.7     5.9     0.0    11.54 C    20.5    -3.1     5.2    66.4    34.4    47.3   0.264   0.300 -99.000 -99.000 -99.000     8.0     8.4 -9999.0 -9999.0 -9999.0
03759 20171125  2.423  -78.47   38.00    15.9     3.3     9.6    11.1     0.0     7.84 C    21.6     0.5     8.5    55.2    35.2    42.3   0.254   0.295 -99.000 -99.000 -99.000     8.7     9.0 -9999.0 -9999.0 -9999.0
03759 20171126  2.423  -78.47   38.00    12.7     4.9     8.8     8.7     0.0    11.40 C    21.6    -1.0     6.6    49.8    24.7    37.0   0.244   0.290 -99.000 -99.000 -99.000     8.9     9.2 -9999.0 -9999.0 -9999.0
03759 20171127  2.423  -78.47   38.00    14.3     3.9     9.1     9.6     0.0    11.14 C    23.4    -1.3     8.0    40.0    27.5    32.0   0.234   0.284 -99.000 -99.000 -99.000     8.7     9.0 -9999.0 -9999.0 -9999.0
03759 20171128  2.423  -78.47   38.00    16.5     9.0    12.7    12.0     0.0    11.29 C    23.6     1.9     9.7    42.7    19.2    30.1   0.225   0.279 -99.000 -99.000 -99.000     9.2     9.4 -9999.0 -9999.0 -9999.0
03759 20171129  2.423  -78.47   38.00    18.7     9.8    14.3    13.9     0.0    10.89 C    25.3     2.9    11.2    48.7    20.4    31.0   0.215   0.272 -99.000 -99.000 -99.000     9.7     9.8 -9999.0 -9999.0 -9999.0
03759 20171130  2.423  -78.47   38.00    13.6     6.1     9.8    10.4     0.0     9.53 C    22.4     2.6     9.9    59.6    35.4    46.6   0.207   0.267 -99.000 -99.000 -99.000     9.8    10.0 -9999.0 -9999.0 -9999.0
03759 20171201  2.423  -78.47   38.00    13.5     5.5     9.5     9.3     0.0    11.16 C    22.8    -0.1     7.9    72.2    27.9    50.2   0.200   0.261 -99.000 -99.000 -99.000     9.8    10.0 -9999.0 -9999.0 -9999.0
03759 20171202  2.423  -78.47   38.00     9.6     5.2     7.4     6.5     0.0     5.12 C    17.9    -0.6     5.0    76.0    54.6    66.0   0.194   0.256 -99.000 -99.000 -99.000     8.8     9.3 -9999.0 -9999.0 -9999.0
03759 20171203  2.423  -78.47   38.00    13.7     2.4     8.0     8.3     0.0    10.42 C    22.4     0.6     7.9    88.5    42.0    64.7   0.191   0.252 -99.000 -99.000 -99.000     9.2     9.4 -9999.0 -9999.0 -9999.0
03759 20171204  2.423  -78.47   38.00    11.5     5.3     8.4     8.3     0.0     8.12 C    20.5    -0.6     5.7    67.9    42.6    54.3   0.187   0.248 -99.000 -99.000 -99.000     8.6     9.0 -9999.0 -9999.0 -9999.0
03759 20171205  2.423  -78.47   38.00    15.1     4.8     9.9    10.3     5.6     4.55 C    18.6     1.4     9.8    94.8    61.6    75.2   0.201   0.247 -99.000 -99.000 -99.000     9.2     9.3 -9999.0 -9999.0 -9999.0
03759 20171206  2.423  -78.47   38.00    12.2     3.9     8.0     6.6     0.0     6.27 C    15.3     1.9     6.3    90.3    27.7    46.9   0.246   0.253 -99.000 -99.000 -99.000     9.6     9.9 -9999.0 -9999.0 -9999.0
03759 20171207  2.423  -78.47   38.00     8.1     2.3     5.2     4.6     0.0     8.37 C    17.0    -0.4     4.2    50.3    30.9    40.6   0.240   0.252 -99.000 -99.000 -99.000     8.2     8.7 -9999.0 -9999.0 -9999.0
03759 20171208  2.423  -78.47   38.00     4.0    -1.2     1.4     1.1     0.0     2.30 C     7.7    -1.0     1.8    95.6    39.8    65.4   0.237   0.251 -99.000 -99.000 -99.000     7.3     7.8 -9999.0 -9999.0 -9999.0
03759 20171209  2.423  -78.47   38.00    -0.8    -1.9    -1.4    -1.3     5.3     0.77 C     0.3    -7.0    -1.0    95.6    87.5    94.1   0.236   0.250 -99.000 -99.000 -99.000     6.5     7.1 -9999.0 -9999.0 -9999.0
03759 20171210  2.423  -78.47   38.00     3.4    -3.0     0.2     0.3     0.0     9.23 C     9.7    -8.6    -1.0    88.5    41.0    54.6   0.269   0.276 -99.000 -99.000 -99.000     6.2     6.7 -9999.0 -9999.0 -9999.0
03759 20171211  2.423  -78.47   38.00     8.5     0.2     4.3     4.1     0.0    10.42 C    16.2    -2.7     3.4    64.4    35.3    45.6   0.292   0.299 -99.000 -99.000 -99.000     6.0     6.5 -9999.0 -9999.0 -9999.0
03759 20171212  2.423  -78.47   38.00     7.9    -6.0     0.9     2.2     0.0     3.17 C    12.8    -7.7     1.4    70.5    34.5    50.3   0.285   0.293 -99.000 -99.000 -99.000     5.9     6.5 -9999.0 -9999.0 -9999.0
03759 20171213  2.423  -78.47   38.00     0.8    -7.9    -3.5    -3.3     0.0    10.14 C     9.8   -10.3    -2.2    48.7    28.0    37.8   0.280   0.288 -99.000 -99.000 -99.000     4.0     4.9 -9999.0 -9999.0 -9999.0
03759 20171214  2.423  -78.47   38.00     6.3    -2.9     1.7     2.2     0.0     8.08 C    17.6    -5.2     1.9    60.3    34.1    44.2   0.276   0.285 -99.000 -99.000 -99.000     4.5     5.0 -9999.0 -9999.0 -9999.0
03759 20171215  2.423  -78.47   38.00    -0.1    -3.9    -2.0    -2.5     0.0     1.56 C     4.5    -6.2    -2.6    67.1    47.2    57.0   0.272   0.283 -99.000 -99.000 -99.000     4.0     4.6 -9999.0 -9999.0 -9999.0
03759 20171216  2.423  -78.47   38.00     8.6    -1.7     3.4     3.5     0.0     9.95 C    16.5    -5.6     2.4    51.0    33.7    42.9   0.270   0.280 -99.000 -99.000 -99.000     3.9     4.4 -9999.0 -9999.0 -9999.0
03759 20171217  2.423  -78.47   38.00     9.0     4.5     6.7     6.6     0.0     3.20 C    13.5    -2.1     4.2    65.8    29.7    44.2   0.265   0.277 -99.000 -99.000 -99.000     4.9     5.1 -9999.0 -9999.0 -9999.0
03759 20171218  2.423  -78.47   38.00    14.7     4.6     9.7     9.9     0.0     6.93 C    21.1    -1.5     7.7    65.7    45.7    53.7   0.262   0.276 -99.000 -99.000 -99.000     6.1     6.1 -9999.0 -9999.0 -9999.0
03759 20171219  2.423  -78.47   38.00    16.0     9.3    12.6    12.7     0.0     9.42 C    23.3     4.2    10.9    60.4    30.7    46.3   0.256   0.273 -99.000 -99.000 -99.000     7.5     7.4 -9999.0 -9999.0 -9999.0
03759 20171220  2.423  -78.47   38.00    14.5     4.9     9.7     9.8     0.0     1.59 C    10.7    -0.4     6.9    51.2    23.7    40.9   0.251   0.270 -99.000 -99.000 -99.000     7.8     7.9 -9999.0 -9999.0 -9999.0
03759 20171221  2.423  -78.47   38.00     7.0    -0.1     3.4     3.2     0.0     9.92 C    17.2    -4.0     3.3    59.2    36.4    46.5   0.245   0.267 -99.000 -99.000 -99.000     6.4     6.8 -9999.0 -9999.0 -9999.0
03759 20171222  2.423  -78.47   38.00    12.8     0.8     6.8     7.1     0.0     6.33 C    20.9    -1.3     6.8    75.5    47.8    57.4   0.241   0.264 -99.000 -99.000 -99.000     6.6     6.8 -9999.0 -9999.0 -9999.0
03759 20171223  2.423  -78.47   38.00    16.0     5.7    10.9    11.4     2.7     1.39 C    16.7     2.5    10.2    94.3    64.8    80.1   0.242   0.265 -99.000 -99.000 -99.000     8.5     8.3 -9999.0 -9999.0 -9999.0
03759 20171224  2.423  -78.47   38.00     6.2     1.0     3.6     2.7     0.0     2.52 C     7.3    -0.7     2.8    82.2    65.0    73.9   0.256   0.269 -99.000 -99.000 -99.000     7.4     7.8 -9999.0 -9999.0 -9999.0
03759 20171225  2.423  -78.47   38.00     2.9    -3.3    -0.2    -1.0     0.0     9.88 C    11.6    -4.5    -0.1    85.7    28.2    45.1   0.254   0.266 -99.000 -99.000 -99.000     5.8     6.4 -9999.0 -9999.0 -9999.0
03759 20171226  2.423  -78.47   38.00     2.6    -4.0    -0.7    -1.7     0.0     7.64 C    14.1    -5.4    -0.7    50.8    32.3    39.7   0.252   0.264 -99.000 -99.000 -99.000     4.5     5.2 -9999.0 -9999.0 -9999.0
03759 20171227  2.423  -78.47   38.00     1.5    -8.7    -3.6    -2.9     0.0     7.41 C    14.6   -10.3    -1.4    71.5    41.6    51.9   0.249   0.263 -99.000 -99.000 -99.000     4.1     4.7 -9999.0 -9999.0 -9999.0
03759 20171228  2.423  -78.47   38.00    -6.2   -12.4    -9.3    -9.5     0.0     9.07 C     7.8   -13.5    -7.2    55.2    29.7    42.1   0.246   0.262 -99.000 -99.000 -99.000     2.3     3.3 -9999.0 -9999.0 -9999.0
03759 20171229  2.423  -78.47   38.00     1.6    -9.8    -4.1    -4.9     0.0    10.04 C    13.7   -11.8    -2.8    58.6    28.2    39.6   0.243   0.261 -99.000 -99.000 -99.000     1.7     2.5 -9999.0 -9999.0 -9999.0
03759 20171230  2.423  -78.47   38.00     1.8    -7.9    -3.0    -4.4     0.0     3.97 C     6.4    -9.7    -3.9    90.2    38.0    63.6   0.241   0.263 -99.000 -99.000 -99.000     2.0     2.6 -9999.0 -9999.0 -9999.0
03759 20171231  2.423  -78.47   38.00    -6.0   -11.8    -8.9    -8.5     0.0     6.34 C     5.8   -15.2    -6.8    58.6    29.0    43.0   0.238   0.260 -99.000 -99.000 -99.000     1.3     2.1 -9999.0 -9999.0 -9999.0
