03054 20170101  2.422 -102.77   33.96    17.3    -6.9     5.2     5.7 -9999.0    12.02 C    24.2    -6.2     5.9    93.6    27.3    67.8 -99.000 -99.000 -99.000 -99.000 -99.000 -9999.0 -9999.0 -9999.0 -9999.0 -9999.0
03054 20170102  2.422 -102.77   33.96    16.3     2.3     9.3     9.0 -9999.0    10.30 C    16.8     1.6     7.4    95.8    21.8    58.2 -99.000 -99.000 -99.000 -99.000 -99.000 -9999.0 -9999.0 -9999.0 -9999.0 -9999.0
03054 20170103  2.422 -102.77   33.96     9.2    -2.2     3.5     3.6 -9999.0    11.12 C    16.9    -2.4     4.9    87.0    44.6    61.6 -99.000 -99.000 -99.000 -99.000 -99.000 -9999.0 -9999.0 -9999.0 -9999.0 -9999.0
03054 20170104  2.422 -102.77   33.96    15.7    -3.2     6.3     3.8 -9999.0    11.75 C    16.7    -2.0     4.7    81.5    32.4    56.6 -99.000 -99.000 -99.000 -99.000 -99.000 -9999.0 -9999.0 -9999.0 -9999.0 -9999.0
03054 20170105  2.422 -102.77   33.96     7.8   -10.9    -1.6    -5.6 -9999.0    11.24 C     9.1    -8.7    -2.4    81.2    41.0    56.7 -99.000 -99.000 -99.000 -99.000 -99.000 -9999.0 -9999.0 -9999.0 -9999.0 -9999.0
03054 20170106  2.422 -102.77   33.96    -6.5   -20.0   -13.2   -11.6 -9999.0    10.83 C    -2.5   -19.0    -9.8    82.6    53.1    70.9 -99.000 -99.000 -99.000 -99.000 -99.000 -9999.0 -9999.0 -9999.0 -9999.0 -9999.0
03054 20170107  2.422 -102.77   33.96     5.1   -19.9    -7.4    -6.9 -9999.0    12.14 C     8.2   -19.7    -6.6    82.1    32.3    61.4 -99.000 -99.000 -99.000 -99.000 -99.000 -9999.0 -9999.0 -9999.0 -9999.0 -9999.0
03054 20170108  2.422 -102.77   33.96    16.9    -8.0     4.5     4.4 -9999.0    12.31 C    17.1    -7.5     3.0    85.8    32.5    56.4 -99.000 -99.000 -99.000 -99.000 -99.000 -9999.0 -9999.0 -9999.0 -9999.0 -9999.0
03054 20170109  2.422 -102.77   33.96    26.3     3.5    14.9    16.2 -9999.0    11.06 C    27.7    -0.6    12.8    76.0    14.3    37.5 -99.000 -99.000 -99.000 -99.000 -99.000 -9999.0 -9999.0 -9999.0 -9999.0 -9999.0
03054 20170110  2.422 -102.77   33.96    20.6     2.7    11.6    12.5 -9999.0     7.77 C    21.3    -0.5     9.3    58.6     7.6    33.1 -99.000 -99.000 -99.000 -99.000 -99.000 -9999.0 -9999.0 -9999.0 -9999.0 -9999.0
03054 20170111  2.422 -102.77   33.96    25.8     1.3    13.5    13.0 -9999.0    12.66 C    28.5    -0.9    10.8    58.0     7.1    29.4 -99.000 -99.000 -99.000 -99.000 -99.000 -9999.0 -9999.0 -9999.0 -9999.0 -9999.0
03054 20170112  2.422 -102.77   33.96    17.9    -3.2     7.3     7.9 -9999.0     7.97 C    23.7    -3.7     6.9    78.8    19.1    42.8 -99.000 -99.000 -99.000 -99.000 -99.000 -9999.0 -9999.0 -9999.0 -9999.0 -9999.0
03054 20170113  2.422 -102.77   33.96     4.4    -1.8     1.3     1.8 -9999.0     3.38 C     9.3     0.6     4.5    88.3    50.1    69.5 -99.000 -99.000 -99.000 -99.000 -99.000 -9999.0 -9999.0 -9999.0 -9999.0 -9999.0
03054 20170114  2.422 -102.77   33.96     3.3     0.5     1.9     1.9 -9999.0     1.50 C     6.0     1.7     3.4    97.1    80.6    93.6 -99.000 -99.000 -99.000 -99.000 -99.000 -9999.0 -9999.0 -9999.0 -9999.0 -9999.0
03054 20170115  2.422 -102.77   33.96     3.1     0.4     1.7     1.7 -9999.0     1.13 C     4.4     0.7     2.5    97.4    93.7    95.7 -99.000 -99.000 -99.000 -99.000 -99.000 -9999.0 -9999.0 -9999.0 -9999.0 -9999.0
03054 20170116  2.422 -102.77   33.96    12.4    -2.5     4.9     4.0 -9999.0    12.40 C    21.0    -2.0     5.4    94.7    51.7    81.2 -99.000 -99.000 -99.000 -99.000 -99.000 -9999.0 -9999.0 -9999.0 -9999.0 -9999.0
03054 20170117  2.422 -102.77   33.96    12.3    -2.5     4.9     4.9 -9999.0    11.76 C    19.8    -3.0     6.5    95.0    47.5    78.9 -99.000 -99.000 -99.000 -99.000 -99.000 -9999.0 -9999.0 -9999.0 -9999.0 -9999.0
03054 20170118  2.422 -102.77   33.96    14.5     2.2     8.3     7.4 -9999.0    12.82 C    19.8     2.1     8.0    97.4    41.4    78.7 -99.000 -99.000 -99.000 -99.000 -99.000 -9999.0 -9999.0 -9999.0 -9999.0 -9999.0
03054 20170119  2.422 -102.77   33.96    17.0     2.6     9.8     9.0 -9999.0    12.93 C    17.8     0.7     7.2    89.3    24.3    54.7 -99.000 -99.000 -99.000 -99.000 -99.000 -9999.0 -9999.0 -9999.0 -9999.0 -9999.0
03054 20170120  2.422 -102.77   33.96    15.1    -2.2     6.5     7.6 -9999.0    12.02 C    16.4    -1.5     6.1    89.0    27.3    55.8 -99.000 -99.000 -99.000 -99.000 -99.000 -9999.0 -9999.0 -9999.0 -9999.0 -9999.0
03054 20170121  2.422 -102.77   33.96    15.5    -1.0     7.3     7.6 -9999.0     9.37 C    18.4    -0.8     6.2    89.0    29.1    56.6 -99.000 -99.000 -99.000 -99.000 -99.000 -9999.0 -9999.0 -9999.0 -9999.0 -9999.0
03054 20170122  2.422 -102.77   33.96    14.9    -0.4     7.2     7.0 -9999.0    13.93 C    19.1    -1.4     6.0    66.3    17.4    43.1 -99.000 -99.000 -99.000 -99.000 -99.000 -9999.0 -9999.0 -9999.0 -9999.0 -9999.0
03054 20170123  2.422 -102.77   33.96    21.6    -2.8     9.4     9.0 -9999.0    13.94 C    23.3    -3.5     7.1    76.4    18.3    45.8 -99.000 -99.000 -99.000 -99.000 -99.000 -9999.0 -9999.0 -9999.0 -9999.0 -9999.0
03054 20170124  2.422 -102.77   33.96    15.6    -0.8     7.4     8.2 -9999.0    14.20 C    20.1    -2.0     6.7    77.0    11.3    38.8 -99.000 -99.000 -99.000 -99.000 -99.000 -9999.0 -9999.0 -9999.0 -9999.0 -9999.0
03054 20170125  2.422 -102.77   33.96     9.1    -3.4     2.9     2.9 -9999.0    13.33 C    19.4    -4.1     4.7    81.2    24.6    43.1 -99.000 -99.000 -99.000 -99.000 -99.000 -9999.0 -9999.0 -9999.0 -9999.0 -9999.0
03054 20170126  2.422 -102.77   33.96     8.8    -9.5    -0.4    -0.8 -9999.0    14.60 C    17.1    -9.1     0.9    79.0    18.4    51.3 -99.000 -99.000 -99.000 -99.000 -99.000 -9999.0 -9999.0 -9999.0 -9999.0 -9999.0
03054 20170127  2.422 -102.77   33.96     5.2    -8.4    -1.6    -1.6 -9999.0    12.16 C    16.8    -7.5     0.5    81.8    25.2    53.1 -99.000 -99.000 -99.000 -99.000 -99.000 -9999.0 -9999.0 -9999.0 -9999.0 -9999.0
03054 20170128  2.422 -102.77   33.96    11.4    -7.4     2.0     0.8 -9999.0    14.74 C    18.0    -7.8     1.4    71.7    13.8    44.8 -99.000 -99.000 -99.000 -99.000 -99.000 -9999.0 -9999.0 -9999.0 -9999.0 -9999.0
03054 20170129  2.422 -102.77   33.96    16.6    -4.0     6.3     5.5 -9999.0    14.83 C    25.6    -6.5     5.4    64.9    15.0    33.7 -99.000 -99.000 -99.000 -99.000 -99.000 -9999.0 -9999.0 -9999.0 -9999.0 -9999.0
03054 20170130  2.422 -102.77   33.96    20.0    -5.8     7.1     7.6 -9999.0    14.96 C    24.5    -6.5     6.5    80.1    12.8    38.7 -99.000 -99.000 -99.000 -99.000 -99.000 -9999.0 -9999.0 -9999.0 -9999.0 -9999.0
03054 20170131  2.422 -102.77   33.96    23.1    -4.3     9.4     8.9 -9999.0    15.29 C    27.2    -5.8     7.5    71.0     9.8    36.4 -99.000 -99.000 -99.000 -99.000 -99.000 -9999.0 -9999.0 -9999.0 -9999.0 -9999.0
03054 20170201  2.422 -102.77   33.96    15.9    -1.1     7.4     9.0 -9999.0    15.02 C    25.5    -2.7     9.1    72.4    23.6    37.0 -99.000 -99.000 -99.000 -99.000 -99.000 -9999.0 -9999.0 -9999.0 -9999.0 -9999.0
03054 20170202  2.422 -102.77   33.96     7.5    -7.5     0.0    -0.9 -9999.0    15.03 C    19.9    -6.4     2.4    87.1    35.4    63.4 -99.000 -99.000 -99.000 -99.000 -99.000 -9999.0 -9999.0 -9999.0 -9999.0 -9999.0
03054 20170203  2.422 -102.77   33.96     7.5    -8.7    -0.6    -1.0 -9999.0    13.59 C    16.7    -8.1     1.2    84.8    34.7    60.5 -99.000 -99.000 -99.000 -99.000 -99.000 -9999.0 -9999.0 -9999.0 -9999.0 -9999.0
03054 20170204  2.422 -102.77   33.96    20.6    -3.4     8.6     6.4 -9999.0    14.27 C    27.1    -5.0     7.2    90.6    18.3    62.5 -99.000 -99.000 -99.000 -99.000 -99.000 -9999.0 -9999.0 -9999.0 -9999.0 -9999.0
03054 20170205  2.422 -102.77   33.96    25.0    -3.3    10.8    10.1 -9999.0    15.05 C    30.7    -4.9     8.2    84.1     7.0    36.3 -99.000 -99.000 -99.000 -99.000 -99.000 -9999.0 -9999.0 -9999.0 -9999.0 -9999.0
03054 20170206  2.422 -102.77   33.96    22.6     0.8    11.7    12.1 -9999.0    11.35 C    27.7    -3.3    10.1    47.7    14.3    27.9 -99.000 -99.000 -99.000 -99.000 -99.000 -9999.0 -9999.0 -9999.0 -9999.0 -9999.0
03054 20170207  2.422 -102.77   33.96    22.1     7.7    14.9    14.8 -9999.0    14.15 C    27.0     4.8    13.5    48.9    20.2    34.2 -99.000 -99.000 -99.000 -99.000 -99.000 -9999.0 -9999.0 -9999.0 -9999.0 -9999.0
03054 20170208  2.422 -102.77   33.96    24.6     2.4    13.5    13.3 -9999.0    14.91 C    33.9     2.0    13.2    62.3    14.1    41.5 -99.000 -99.000 -99.000 -99.000 -99.000 -9999.0 -9999.0 -9999.0 -9999.0 -9999.0
03054 20170209  2.422 -102.77   33.96    23.3    -3.2    10.1    10.9 -9999.0    15.92 C    29.8    -2.6    10.9    81.2    18.6    42.8 -99.000 -99.000 -99.000 -99.000 -99.000 -9999.0 -9999.0 -9999.0 -9999.0 -9999.0
03054 20170210  2.422 -102.77   33.96    30.0     3.8    16.9    16.4 -9999.0    16.51 C    34.8     2.0    15.4    60.0     8.2    29.7 -99.000 -99.000 -99.000 -99.000 -99.000 -9999.0 -9999.0 -9999.0 -9999.0 -9999.0
03054 20170211  2.422 -102.77   33.96    30.7     4.5    17.6    18.3 -9999.0    16.37 C    36.4     2.1    16.6    56.0     7.9    24.6 -99.000 -99.000 -99.000 -99.000 -99.000 -9999.0 -9999.0 -9999.0 -9999.0 -9999.0
03054 20170212  2.422 -102.77   33.96    13.6     5.5     9.5     8.8 -9999.0    12.96 C    23.1     4.4    10.2    65.6    23.0    41.0 -99.000 -99.000 -99.000 -99.000 -99.000 -9999.0 -9999.0 -9999.0 -9999.0 -9999.0
03054 20170213  2.422 -102.77   33.96     5.7     0.2     3.0     2.5 -9999.0     2.53 C     7.4     1.1     4.5    92.2    33.1    79.6 -99.000 -99.000 -99.000 -99.000 -99.000 -9999.0 -9999.0 -9999.0 -9999.0 -9999.0
03054 20170214  2.422 -102.77   33.96     3.7    -0.8     1.5     2.3 -9999.0     4.09 C     6.4    -1.7     3.1    92.8    62.7    82.3 -99.000 -99.000 -99.000 -99.000 -99.000 -9999.0 -9999.0 -9999.0 -9999.0 -9999.0
03054 20170215  2.422 -102.77   33.96    13.3    -1.9     5.7     4.5 -9999.0    17.16 C    23.4    -2.8     6.0    83.0    25.2    57.2 -99.000 -99.000 -99.000 -99.000 -99.000 -9999.0 -9999.0 -9999.0 -9999.0 -9999.0
03054 20170216  2.422 -102.77   33.96    18.4     0.3     9.4     8.4 -9999.0    16.23 C    25.5    -2.0     8.1    69.0    18.8    45.8 -99.000 -99.000 -99.000 -99.000 -99.000 -9999.0 -9999.0 -9999.0 -9999.0 -9999.0
03054 20170217  2.422 -102.77   33.96    22.6    -3.2     9.7     9.4 -9999.0    17.71 C    29.1    -3.7     9.5    87.2    11.1    48.2 -99.000 -99.000 -99.000 -99.000 -99.000 -9999.0 -9999.0 -9999.0 -9999.0 -9999.0
03054 20170218  2.422 -102.77   33.96    22.4     2.4    12.4    11.7 -9999.0    15.33 C    32.3     0.0    12.3    79.5    19.2    49.4 -99.000 -99.000 -99.000 -99.000 -99.000 -9999.0 -9999.0 -9999.0 -9999.0 -9999.0
03054 20170219  2.422 -102.77   33.96    18.7     4.1    11.4    10.2 -9999.0     6.73 C    21.3     1.9     9.5    94.5    25.7    59.9 -99.000 -99.000 -99.000 -99.000 -99.000 -9999.0 -9999.0 -9999.0 -9999.0 -9999.0
03054 20170220  2.422 -102.77   33.96    20.1    -0.6     9.8    10.6 -9999.0    17.99 C    27.9    -0.7    10.6    71.4    12.0    42.0 -99.000 -99.000 -99.000 -99.000 -99.000 -9999.0 -9999.0 -9999.0 -9999.0 -9999.0
03054 20170221  2.422 -102.77   33.96    26.4    -3.0    11.7    11.3 -9999.0    18.32 C    36.8    -3.5    11.8    82.7     9.7    41.9 -99.000 -99.000 -99.000 -99.000 -99.000 -9999.0 -9999.0 -9999.0 -9999.0 -9999.0
03054 20170222  2.422 -102.77   33.96    28.2     8.7    18.4    17.2 -9999.0    17.86 C    34.6     5.2    16.2    53.3    13.1    31.5 -99.000 -99.000 -99.000 -99.000 -99.000 -9999.0 -9999.0 -9999.0 -9999.0 -9999.0
03054 20170223  2.422 -102.77   33.96    24.8     4.6    14.7    15.9 -9999.0    18.28 C    30.8     3.6    15.1    61.8     5.5    25.0 -99.000 -99.000 -99.000 -99.000 -99.000 -9999.0 -9999.0 -9999.0 -9999.0 -9999.0
03054 20170224  2.422 -102.77   33.96    14.0    -6.2     3.9     4.4 -9999.0    18.95 C    25.9    -5.2     7.4    91.6    10.9    43.8 -99.000 -99.000 -99.000 -99.000 -99.000 -9999.0 -9999.0 -9999.0 -9999.0 -9999.0
03054 20170225  2.422 -102.77   33.96    12.4   -11.5     0.4     1.4 -9999.0    18.82 C    24.4    -9.2     4.3    84.5    21.5    52.1 -99.000 -99.000 -99.000 -99.000 -99.000 -9999.0 -9999.0 -9999.0 -9999.0 -9999.0
03054 20170226  2.422 -102.77   33.96    17.9    -6.5     5.7     5.9 -9999.0    16.51 C    31.3    -6.0     7.3    84.1    13.0    43.4 -99.000 -99.000 -99.000 -99.000 -99.000 -9999.0 -9999.0 -9999.0 -9999.0 -9999.0
03054 20170227  2.422 -102.77   33.96    22.5    -6.2     8.2    10.2 -9999.0    18.15 C    30.4    -5.4    10.9    84.6     8.6    37.3 -99.000 -99.000 -99.000 -99.000 -99.000 -9999.0 -9999.0 -9999.0 -9999.0 -9999.0
03054 20170228  2.422 -102.77   33.96    24.0     8.4    16.2    15.5 -9999.0     9.61 C    27.0     4.8    14.0    40.8     8.5    23.9 -99.000 -99.000 -99.000 -99.000 -99.000 -9999.0 -9999.0 -9999.0 -9999.0 -9999.0
03054 20170301  2.422 -102.77   33.96    13.4    -6.9     3.2     5.2 -9999.0    19.72 C    30.0    -6.2     8.6    74.7    17.2    38.8 -99.000 -99.000 -99.000 -99.000 -99.000 -9999.0 -9999.0 -9999.0 -9999.0 -9999.0
03054 20170302  2.422 -102.77   33.96    16.3    -3.2     6.6     6.5 -9999.0    19.77 C    31.8    -5.4     8.5    56.4    14.8    34.1 -99.000 -99.000 -99.000 -99.000 -99.000 -9999.0 -9999.0 -9999.0 -9999.0 -9999.0
03054 20170303  2.422 -102.77   33.96    16.9    -6.3     5.3     7.3 -9999.0    16.77 C    27.3    -6.3     7.7    70.7    16.1    36.1 -99.000 -99.000 -99.000 -99.000 -99.000 -9999.0 -9999.0 -9999.0 -9999.0 -9999.0
03054 20170304  2.422 -102.77   33.96    23.1    -4.9     9.1     9.9 -9999.0    15.26 C    30.2    -3.7    11.0    78.0    19.0    45.8 -99.000 -99.000 -99.000 -99.000 -99.000 -9999.0 -9999.0 -9999.0 -9999.0 -9999.0
03054 20170305  2.422 -102.77   33.96    26.4     6.6    16.5    14.6 -9999.0    18.14 C    35.4     4.2    16.0    95.4    11.4    55.1 -99.000 -99.000 -99.000 -99.000 -99.000 -9999.0 -9999.0 -9999.0 -9999.0 -9999.0
03054 20170306  2.422 -102.77   33.96 -9999.0 -9999.0 -9999.0 -9999.0 -9999.0 -9999.00 U -9999.0 -9999.0 -9999.0 -9999.0 -9999.0 -9999.0 -99.000 -99.000 -99.000 -99.000 -99.000 -9999.0 -9999.0 -9999.0 -9999.0 -9999.0
03054 20170307  2.422 -102.77   33.96    17.8    -3.3     7.2     7.1     0.0    19.89 C    31.0    -5.3     8.9    47.4    10.2    24.7   0.225   0.221   0.255   0.258   0.179    11.3    11.9    11.8    11.9    11.4
03054 20170308  2.422 -102.77   33.96    25.4    -3.4    11.0    12.0     0.0    19.44 C    37.9    -3.4    12.2    59.0     7.2    27.6   0.224   0.219   0.254   0.258   0.178    11.2    11.5    11.3    11.8    11.6
03054 20170309  2.422 -102.77   33.96    29.0     2.8    15.9    15.4     0.0    20.32 C    38.4     1.8    15.7    92.9     6.9    37.8   0.224   0.220   0.255   0.258   0.178    12.7    12.8    12.0    11.9    11.7
03054 20170310  2.422 -102.77   33.96    19.6     1.5    10.5    10.6     0.0    20.47 C    36.6     0.3    14.6    80.8    26.7    52.9   0.222   0.219   0.254   0.258   0.177    13.0    13.2    12.5    12.2    11.8
03054 20170311  2.422 -102.77   33.96    17.1     3.3    10.2     8.0     0.2     8.16 C    29.0     3.0    11.0    96.7    62.3    84.1   0.220   0.218   0.254   0.257   0.178    12.6    13.0    12.8    12.6    11.9
03054 20170312  2.422 -102.77   33.96    19.9     1.8    10.8     8.4     0.0    14.37 C    28.5     4.1    11.5    89.4    36.4    66.7   0.218   0.216   0.251   0.257   0.178    11.8    12.2    12.0    12.5    12.1
03054 20170313  2.422 -102.77   33.96    17.0     0.3     8.6     9.3     0.0    21.14 C    37.0     0.0    13.7    89.6    24.6    53.0   0.218   0.216   0.251   0.257   0.178    12.6    12.8    12.3    12.4    12.2
03054 20170314  2.422 -102.77   33.96    26.2    -2.5    11.8    13.1     0.0    21.03 C    42.3    -1.4    16.1    94.4    13.5    51.1   0.216   0.215   0.251   0.257   0.177    13.3    13.4    12.7    12.6    12.2
03054 20170315  2.422 -102.77   33.96    22.4    -1.8    10.3     9.3     0.0    22.17 C    38.0    -1.5    14.1    90.0    24.3    59.9   0.214   0.215   0.251   0.258   0.177    13.9    14.1    13.4    12.9    12.3
03054 20170316  2.422 -102.77   33.96    30.9     2.3    16.6    16.7     0.0    22.26 C    42.9     1.9    18.7    98.7     6.1    49.0   0.212   0.214   0.250   0.257   0.177    14.8    14.8    13.9    13.3    12.5
03054 20170317  2.422 -102.77   33.96    28.2     5.8    17.0    17.0     0.0    21.91 C    39.8     2.3    18.0    56.9    12.9    27.5   0.208   0.211   0.250   0.257   0.177    15.2    15.3    14.5    13.6    12.6
03054 20170318  2.422 -102.77   33.96    26.9     7.0    16.9    16.2     0.0    17.86 C    42.0     6.4    19.1    96.5    27.9    63.7   0.206   0.210   0.249   0.257   0.177    16.3    16.2    15.1    14.0    12.9
03054 20170319  2.422 -102.77   33.96    31.8     5.5    18.7    19.6     0.0    22.32 C    43.4     4.4    20.5    95.7     8.4    43.2   0.203   0.207   0.248   0.257   0.177    16.8    16.7    15.7    14.5    13.1
03054 20170320  2.422 -102.77   33.96    31.8     4.0    17.9    20.0     0.0    23.08 C    45.7     4.0    21.2    82.5     6.9    32.8   0.200   0.203   0.246   0.257   0.177    17.5    17.5    16.3    14.9    13.3
03054 20170321  2.422 -102.77   33.96    30.5     7.6    19.1    19.5     0.0    19.00 C    45.6     5.8    20.9    64.5    13.3    30.9   0.195   0.198   0.243   0.257   0.177    17.6    17.6    16.6    15.4    13.6
03054 20170322  2.422 -102.77   33.96    25.2     3.5    14.4    15.2     0.0    21.31 C    40.4     4.2    19.1    93.0    34.2    63.5   0.190   0.195   0.241   0.257   0.178    17.6    17.6    16.8    15.6    13.8
03054 20170323  2.422 -102.77   33.96    28.8     6.1    17.5    19.0     1.8    20.41 C    36.3     3.8    19.8    91.9    23.6    54.6   0.189   0.192   0.239   0.256   0.177    18.1    18.1    17.2    15.8    14.1
03054 20170324  2.422 -102.77   33.96    18.6    -0.5     9.1    10.7     0.0    18.68 C    28.2    -0.2    11.2    72.5    27.6    42.7   0.180   0.186   0.234   0.255   0.176    14.1    14.9    15.6    15.9    14.3
03054 20170325  2.422 -102.77   33.96    23.0    -1.6    10.7    11.6     0.0    23.42 C    38.6    -1.4    15.0    88.7    17.0    47.3   0.180   0.185   0.230   0.254   0.177    14.5    14.6    14.5    15.1    14.4
03054 20170326  2.422 -102.77   33.96    24.0     7.0    15.5    15.0     0.0    22.80 C    34.7     2.3    16.0    67.4    12.8    33.0   0.179   0.183   0.228   0.253   0.177    15.0    15.2    14.9    14.9    14.3
03054 20170327  2.422 -102.77   33.96    22.9    -0.3    11.3    12.0     0.0    23.80 C    38.3    -0.5    15.8    91.3    19.4    53.0   0.178   0.182   0.226   0.252   0.177    15.4    15.5    15.0    15.0    14.3
03054 20170328  2.422 -102.77   33.96    25.6     7.6    16.6    14.7     0.0    16.44 C    41.1     4.7    18.3    91.2    16.3    60.3   0.178   0.182   0.224   0.250   0.176    16.3    16.3    15.6    15.1    14.3
03054 20170329  2.422 -102.77   33.96    10.3     2.2     6.3     6.5     6.6     6.80 C    11.4     2.8     7.4    92.7    66.9    83.3   0.171   0.177   0.222   0.250   0.176    13.1    14.0    14.8    15.3    14.5
03054 20170330  2.422 -102.77   33.96    25.1     3.4    14.3    13.3     0.0    24.50 C    33.9     1.8    14.1    85.5    12.1    50.4   0.173   0.175   0.218   0.248   0.175    12.9    13.2    13.2    14.5    14.5
03054 20170331  2.422 -102.77   33.96    28.5     1.7    15.1    16.3     0.0    23.16 C    37.5     1.1    17.1    81.0     6.1    40.5   0.177   0.176   0.218   0.247   0.175    14.1    14.2    13.9    14.3    14.3
03054 20170401  2.422 -102.77   33.96    10.9     5.0     8.0     7.2     0.0     5.56 C    14.5     5.0     9.3    94.2    71.4    83.9   0.175   0.175   0.217   0.248   0.175    12.6    13.4    13.9    14.5    14.3
03054 20170402  2.422 -102.77   33.96    18.7     1.0     9.8     9.0     0.0    17.40 C    29.3     1.2    11.9    94.8    17.7    63.4   0.175   0.174   0.216   0.246   0.175    12.2    12.6    12.8    14.1    14.3
03054 20170403  2.422 -102.77   33.96    25.6    -0.6    12.5    14.3     0.0    24.72 C    39.1    -0.1    16.6    98.6    14.3    44.8   0.178   0.175   0.215   0.245   0.175    13.6    13.7    13.2    13.9    14.2
03054 20170404  2.422 -102.77   33.96    18.3     2.9    10.6     9.2     0.0    18.98 C    31.4     2.3    11.7    93.6    22.3    61.5   0.177   0.175   0.215   0.244   0.175    13.5    14.0    13.9    14.2    14.1
03054 20170405  2.422 -102.77   33.96    16.8     0.0     8.4     7.6     0.0    25.63 C    36.1    -0.5    12.6    85.7    20.2    53.1   0.175   0.173   0.213   0.243   0.174    12.9    13.3    13.2    14.1    14.1
03054 20170406  2.422 -102.77   33.96    24.6    -4.7    10.0    12.0     0.0    24.86 C    41.7    -3.4    15.5    83.0    12.1    39.8   0.176   0.173   0.212   0.242   0.173    13.7    14.0    13.5    14.0    14.1
03054 20170407  2.422 -102.77   33.96    28.7     0.2    14.4    16.0     0.0    24.36 C    40.9     0.4    18.2    84.6    11.6    42.5   0.177   0.174   0.212   0.242   0.173    15.2    15.3    14.5    14.3    14.1
03054 20170408  2.422 -102.77   33.96    30.9     6.1    18.5    19.2     0.0    25.48 C    42.6     4.4    20.1    87.9     5.4    33.2   0.178   0.174   0.211   0.240   0.173    16.6    16.6    15.5    14.7    14.2
03054 20170409  2.422 -102.77   33.96    28.2     7.0    17.6    17.9     0.0    24.44 C    40.2     7.3    19.6    77.9     4.6    26.6   0.176   0.173   0.208   0.240   0.172    17.1    17.2    16.2    15.3    14.3
03054 20170410  2.422 -102.77   33.96    22.1     5.3    13.7    14.6     0.0    25.80 C    39.4     4.2    19.0    57.1    16.0    29.1   0.174   0.172   0.207   0.238   0.171    17.0    17.3    16.4    15.7    14.5
03054 20170411  2.422 -102.77   33.96    24.3     1.0    12.6    15.0     0.0    24.80 C    41.1     1.6    19.3    75.6    28.9    40.9   0.173   0.172   0.205   0.237   0.170    17.5    17.6    16.7    15.9    14.7
03054 20170412  2.422 -102.77   33.96    16.3    10.9    13.6    13.3    21.0     1.47 C    17.2    10.0    13.4    94.8    43.5    79.4   0.197   0.179   0.204   0.237   0.171    15.8    16.5    16.6    16.2    14.9
03054 20170413  2.422 -102.77   33.96    23.0     5.1    14.0    14.7     0.0    21.14 C    32.8     6.1    17.0    97.1    50.4    78.6   0.275   0.230   0.203   0.236   0.171    15.9    16.0    15.5    15.8    15.0
03054 20170414  2.422 -102.77   33.96    26.8    14.2    20.5    19.0     0.0    16.16 C    33.1    13.1    19.5    92.7    42.9    74.6   0.265   0.235   0.206   0.235   0.170    17.4    17.4    16.6    15.9    15.1
03054 20170415  2.422 -102.77   33.96    29.6    13.9    21.7    20.6     0.0    24.98 C    40.6    12.9    23.0    88.3    12.3    58.3   0.255   0.229   0.213   0.236   0.169    19.0    18.9    17.7    16.3    15.2
03054 20170416  2.422 -102.77   33.96    28.2    11.5    19.8    19.7     0.0    25.15 C    42.3    12.0    23.5    94.5    20.7    61.4   0.243   0.220   0.217   0.236   0.169    19.8    19.8    18.6    16.9    15.4
03054 20170417  2.422 -102.77   33.96    26.8     5.7    16.3    17.8     0.0    26.19 C    41.0     7.0    21.6    93.2    26.4    58.7   0.231   0.212   0.217   0.236   0.169    19.4    19.6    18.7    17.4    15.6
03054 20170418  2.422 -102.77   33.96    30.0     7.2    18.6    19.9     0.0    25.40 C    44.0     7.6    22.9    97.6    22.4    58.4   0.221   0.203   0.216   0.236   0.169    19.5    19.6    18.8    17.6    15.8
03054 20170419  2.422 -102.77   33.96    31.1     8.3    19.7    20.7     0.0    27.56 C    45.2     8.2    23.5    96.5     8.6    44.5   0.213   0.196   0.214   0.235   0.168    19.8    20.0    19.1    17.8    16.0
03054 20170420  2.422 -102.77   33.96    24.2     6.8    15.5    17.1     0.0    26.40 C    40.4     7.5    21.4    89.0    35.7    55.6   0.204   0.188   0.211   0.234   0.167    19.0    19.5    18.8    18.0    16.2
03054 20170421  2.422 -102.77   33.96    29.1     9.1    19.1    19.5     0.0    27.64 C    45.8     9.5    24.6    89.7     9.4    53.7   0.200   0.184   0.210   0.232   0.167    20.5    20.6    19.4    18.1    16.4
03054 20170422  2.422 -102.77   33.96    17.6     4.5    11.1    10.4     0.0    25.43 C    40.0     4.5    17.7    70.8    30.0    53.8   0.191   0.177   0.207   0.230   0.168    18.5    19.2    18.8    18.4    16.5
03054 20170423  2.422 -102.77   33.96    22.4    -1.4    10.5    11.8     0.0    27.55 C    40.7     0.4    17.9    86.1    24.4    49.8   0.186   0.174   0.203   0.227   0.166    17.6    18.1    17.8    18.0    16.7
03054 20170424  2.422 -102.77   33.96    32.7     2.3    17.5    19.6     0.0    26.11 C    45.3     3.5    22.4    80.4     5.3    30.7   0.184   0.172   0.201   0.224   0.165    18.7    18.9    18.1    17.9    16.7
03054 20170425  2.422 -102.77   33.96    26.6    11.2    18.9    20.0     0.0    21.24 C    43.1     9.4    22.4    50.6    14.2    24.8   0.181   0.171   0.199   0.222   0.164    19.3    19.6    18.8    18.0    16.7
03054 20170426  2.422 -102.77   33.96    19.2     6.1    12.6    12.3     0.0    23.85 C    41.0     6.0    18.4    88.8    26.3    51.4   0.177   0.168   0.197   0.219   0.164    18.9    19.3    18.7    18.2    16.8
03054 20170427  2.422 -102.77   33.96    29.7     3.2    16.4    17.5     0.0    22.19 C    42.8     3.4    20.6    77.8    11.6    37.8   0.173   0.167   0.193   0.216   0.163    18.4    18.8    18.3    18.1    16.9
03054 20170428  2.422 -102.77   33.96    27.6     5.5    16.6    15.3     0.0    19.36 C    43.5     4.8    19.6    75.2    18.7    46.4   0.170   0.166   0.191   0.213   0.162    18.8    19.2    18.6    18.1    16.9
03054 20170429  2.422 -102.77   33.96     9.3     0.9     5.1     4.3     6.0     5.78 C    11.1     0.8     6.3    93.7    71.5    85.1   0.161   0.159   0.188   0.212   0.161    14.4    15.8    17.1    18.0    17.0
03054 20170430  2.422 -102.77   33.96    17.0     0.8     8.9     8.3     0.0    27.18 C    32.3    -0.1    12.2    86.1    24.8    56.4   0.158   0.157   0.183   0.210   0.161    12.8    13.5    14.3    16.8    16.9
03054 20170501  2.422 -102.77   33.96    24.4     0.6    12.5    13.8     0.0    28.71 C    45.1     0.7    19.4    86.7    16.1    43.5   0.163   0.159   0.184   0.207   0.159    15.4    15.7    15.1    16.2    16.7
03054 20170502  2.422 -102.77   33.96    30.8     2.2    16.5    18.2     0.0    28.83 C    45.9     2.9    21.6    86.2     6.4    38.3   0.165   0.161   0.185   0.204   0.158    17.0    17.2    16.4    16.4    16.5
03054 20170503  2.422 -102.77   33.96    21.5     5.4    13.4    13.7     0.0    26.44 C    44.0     6.4    20.2    87.4    30.5    58.7   0.165   0.161   0.184   0.204   0.157    17.7    18.1    17.3    16.9    16.4
03054 20170504  2.422 -102.77   33.96    23.3     2.1    12.7    12.5     0.0    28.81 C    46.5     2.7    20.3    87.7    19.4    49.0   0.164   0.161   0.183   0.202   0.156    17.9    18.2    17.4    17.2    16.5
03054 20170505  2.422 -102.77   33.96    28.9     1.5    15.2    16.4     0.0    28.62 C    50.7     2.7    22.7    78.5    15.1    39.9   0.164   0.160   0.182   0.200   0.155    18.6    18.9    17.9    17.4    16.6
03054 20170506  2.422 -102.77   33.96    32.2     7.0    19.6    20.9     0.0    27.08 C    50.0     6.7    24.8    71.0    12.2    32.4   0.164   0.161   0.181   0.198   0.153    19.8    19.9    18.8    17.8    16.6
03054 20170507  2.422 -102.77   33.96    30.7    10.4    20.5    21.8     0.0    26.17 C    44.4     8.8    24.4    70.0    16.6    35.9   0.163   0.160   0.180   0.196   0.152    20.5    20.7    19.6    18.3    16.8
03054 20170508  2.422 -102.77   33.96    27.0     8.0    17.5    18.7     0.0    26.93 C    46.2     8.0    24.5    82.9    42.2    59.2   0.161   0.159   0.180   0.195   0.151    21.1    21.2    20.0    18.6    17.0
03054 20170509  2.422 -102.77   33.96    27.0    15.0    21.0    19.2     9.8    16.31 C    43.5    15.8    23.1    92.5    38.2    72.8   0.163   0.158   0.179   0.194   0.151    21.3    21.6    20.6    19.1    17.2
03054 20170510  2.422 -102.77   33.96    25.0    10.7    17.8    17.6     0.4    26.86 C    41.1     9.6    21.3    91.3    19.2    58.4   0.191   0.158   0.179   0.194   0.150    20.5    20.9    20.2    19.3    17.4
03054 20170511  2.422 -102.77   33.96    22.4     7.1    14.7    14.4     0.0    23.48 C    38.1     6.8    17.7    86.0    31.9    60.6   0.180   0.155   0.177   0.194   0.149    18.1    18.9    19.0    19.2    17.6
03054 20170512  2.422 -102.77   33.96    23.2     6.6    14.9    14.8     0.0    29.33 C    45.6     5.9    21.4    92.1    30.2    60.1   0.175   0.156   0.176   0.193   0.149    18.8    19.2    18.5    18.7    17.6
03054 20170513  2.422 -102.77   33.96    29.7     4.1    16.9    18.5     0.0    29.40 C    45.9     5.1    22.8    87.4    14.5    43.7   0.171   0.157   0.177   0.192   0.147    19.3    19.7    19.0    18.7    17.6
03054 20170514  2.422 -102.77   33.96    33.8     8.5    21.1    23.2     0.0    24.06 C    52.9     8.4    26.6    76.3    10.8    37.9   0.169   0.158   0.177   0.191   0.146    20.8    20.9    19.8    18.9    17.6
03054 20170515  2.422 -102.77   33.96    33.6    11.1    22.3    23.6     0.0    27.44 C    47.5    11.9    27.4    89.2     9.6    46.5   0.169   0.159   0.178   0.190   0.145    22.1    22.2    20.9    19.3    17.7
03054 20170516  2.422 -102.77   33.96    31.3    12.5    21.9    22.4     0.0    25.37 C    48.6    12.0    27.2    91.5     9.1    45.4   0.168   0.159   0.177   0.189   0.144    23.2    23.2    21.8    20.0    17.9
03054 20170517  2.422 -102.77   33.96    27.2    10.5    18.8    19.3     0.0    28.57 C    44.2     8.6    23.1    40.4     8.4    21.6   0.163   0.156   0.175   0.188   0.143    21.5    22.0    21.3    20.3    18.1
03054 20170518  2.422 -102.77   33.96    28.6    10.1    19.4    19.9     0.0    28.02 C    49.5     8.7    25.1    54.4    13.3    28.5   0.162   0.156   0.173   0.186   0.142    22.3    22.5    21.3    20.3    18.3
03054 20170519  2.422 -102.77   33.96    24.9     9.0    16.9    16.1     0.0    26.34 C    49.2     9.3    23.3    82.4    23.7    51.7   0.158   0.155   0.173   0.185   0.141    22.1    22.5    21.5    20.5    18.4
03054 20170520  2.422 -102.77   33.96    23.0     5.3    14.2    13.9     0.0    29.99 C    49.1     5.3    22.7    83.5    19.6    48.0   0.155   0.153   0.172   0.184   0.140    21.8    22.2    21.4    20.6    18.5
03054 20170521  2.422 -102.77   33.96    26.1     3.7    14.9    16.6     0.0    28.49 C    45.8     5.2    22.1    83.4    24.1    49.5   0.151   0.152   0.171   0.182   0.139    21.4    22.0    21.3    20.6    18.7
03054 20170522  2.422 -102.77   33.96    23.5     9.5    16.5    16.5     0.8    11.55 C    37.0    11.0    19.0    89.7    30.8    68.4   0.148   0.151   0.169   0.182   0.139    20.6    21.2    20.9    20.6    18.7
03054 20170523  2.422 -102.77   33.96    20.4     6.6    13.5    12.9     2.2    17.35 C    33.2     7.1    15.6    89.0    26.6    62.1   0.143   0.148   0.168   0.182   0.138    18.5    19.4    19.7    20.2    18.7
03054 20170524  2.422 -102.77   33.96    30.1     3.3    16.7    18.1     0.0    30.24 C    48.9     2.9    22.9    82.3    12.3    41.1   0.144   0.147   0.166   0.179   0.137    19.1    19.2    18.8    19.6    18.7
03054 20170525  2.422 -102.77   33.96    36.2     7.5    21.9    25.3     0.0    27.30 C    51.0     6.9    27.3    66.4     6.1    21.0   0.147   0.150   0.167   0.178   0.134    21.2    21.2    20.1    19.5    18.6
03054 20170526  2.422 -102.77   33.96    33.1    15.5    24.3    23.9     0.0    27.68 C    54.6    12.1    27.9    44.6     5.7    18.1   0.148   0.150   0.168   0.178   0.133    22.8    22.7    21.4    20.0    18.6
03054 20170527  2.422 -102.77   33.96    33.8    11.7    22.7    23.7     0.0    30.59 C    53.9    10.3    28.6    62.0     5.9    19.4   0.147   0.150   0.168   0.177   0.132    23.8    23.7    22.3    20.6    18.7
03054 20170528  2.422 -102.77   33.96    26.8    10.2    18.5    18.3     0.0    29.67 C    50.6    10.2    25.5    75.7    21.4    43.6   0.144   0.150   0.167   0.176   0.131    23.8    24.0    22.8    21.1    18.9
03054 20170529  2.422 -102.77   33.96    29.1     5.9    17.5    18.8     0.0    28.15 C    52.8     6.6    26.3    73.1    15.3    39.4   0.141   0.149   0.167   0.176   0.130    23.7    24.0    22.8    21.4    19.1
03054 20170530  2.422 -102.77   33.96    29.7    12.3    21.0    21.7     0.0    28.08 C    55.1    11.8    29.5    70.7    18.4    41.4   0.140   0.149   0.166   0.175   0.128    25.2    25.1    23.6    21.7    19.3
03054 20170531  2.422 -102.77   33.96    29.6    10.0    19.8    20.0     0.0    24.42 C    49.4    10.9    26.1    85.0    16.5    52.5   0.137   0.148   0.167   0.175   0.128    25.0    25.2    24.0    22.2    19.5
03054 20170601  2.422 -102.77   33.96    28.6     9.7    19.1    20.0     0.0    26.51 C    52.6    10.6    28.0    91.2    27.7    59.0   0.135   0.147   0.166   0.175   0.127    25.1    25.2    24.0    22.4    19.8
03054 20170602  2.422 -102.77   33.96    27.0    13.9    20.4    18.9     3.4    17.19 C    50.6    15.2    24.7    93.3    29.8    69.0   0.133   0.146   0.166   0.174   0.126    25.0    25.2    24.2    22.6    19.9
03054 20170603  2.422 -102.77   33.96    27.2    13.0    20.1    19.4     0.0    20.33 C    48.3    13.6    24.2    94.8    37.4    69.0   0.131   0.144   0.165   0.174   0.125    23.6    24.0    23.5    22.6    20.1
03054 20170604  2.422 -102.77   33.96    30.2    12.0    21.1    20.8     0.0    23.24 C    49.5    11.0    24.9    92.5    26.0    59.6   0.131   0.143   0.163   0.174   0.124    22.7    23.2    22.7    22.4    20.2
03054 20170605  2.422 -102.77   33.96    31.8    12.3    22.1    22.9     0.0    28.80 C    53.8    11.5    29.6    88.9    22.8    49.9   0.135   0.144   0.163   0.173   0.123    24.1    24.2    22.9    22.1    20.2
03054 20170606  2.422 -102.77   33.96    32.0    12.5    22.2    23.2    14.7    24.06 C    57.9    13.8    30.3    87.6    25.6    53.3   0.142   0.146   0.164   0.173   0.123    25.6    25.7    24.2    22.5    20.2
03054 20170607  2.422 -102.77   33.96    30.3    13.5    21.9    22.0     0.0    29.34 C    47.4    13.5    26.5    88.7    28.2    59.2   0.209   0.155   0.165   0.173   0.121    24.7    25.1    24.1    22.8    20.4
03054 20170608  2.422 -102.77   33.96    32.7    14.8    23.8    24.1     0.0    26.69 C    48.8    15.5    28.8    90.6    23.5    51.1   0.196   0.164   0.165   0.174   0.120    25.0    25.2    24.3    23.0    20.5
03054 20170609  2.422 -102.77   33.96    34.5    13.3    23.9    25.2     0.0    29.31 C    52.7    13.6    31.0    88.3    17.0    46.7   0.182   0.161   0.166   0.173   0.120    25.4    25.5    24.4    23.1    20.6
03054 20170610  2.422 -102.77   33.96    38.2    18.0    28.1    28.6     0.0    29.74 C    56.9    16.2    32.9    76.2     8.1    36.5   0.171   0.160   0.166   0.173   0.120    26.5    26.5    25.2    23.3    20.8
03054 20170611  2.422 -102.77   33.96    38.1    18.9    28.5    28.2     0.0    29.43 C    55.8    17.4    32.8    77.6     7.7    35.6   0.164   0.157   0.166   0.174   0.120    27.4    27.4    25.9    23.8    20.9
03054 20170612  2.422 -102.77   33.96    38.8    17.0    27.9    28.2     0.0    29.75 C    55.4    16.2    32.5    90.4    11.3    40.8   0.158   0.153   0.166   0.174   0.119    27.6    27.7    26.3    24.2    21.1
03054 20170613  2.422 -102.77   33.96    38.1    17.5    27.8    27.8     0.0    30.05 C    55.7    16.5    32.0    90.5     4.4    37.5   0.154   0.150   0.166   0.173   0.118    28.1    28.1    26.7    24.6    21.4
03054 20170614  2.422 -102.77   33.96    37.2    10.4    23.8    25.7     0.0    31.01 C    59.2     9.7    32.1    81.1     4.3    31.4   0.149   0.148   0.165   0.173   0.117    27.9    28.0    26.7    24.8    21.6
03054 20170615  2.422 -102.77   33.96    37.5    14.5    26.0    26.2     0.2    24.99 C    59.1    15.4    31.0    93.0    13.5    53.6   0.144   0.147   0.165   0.172   0.116    28.3    28.5    27.2    25.1    21.8
03054 20170616  2.422 -102.77   33.96    40.6    17.4    29.0    28.6     0.0    30.44 C    61.1    15.1    33.6    84.3     3.2    37.2   0.142   0.146   0.163   0.171   0.115    28.9    28.8    27.3    25.2    21.9
03054 20170617  2.422 -102.77   33.96    42.3    15.8    29.0    30.6     0.0    30.83 C    60.9    13.7    34.3    77.3     2.6    22.0   0.138   0.145   0.163   0.170   0.114    29.3    29.2    27.7    25.5    22.1
03054 20170618  2.422 -102.77   33.96    28.8    16.8    22.8    23.1     0.0    18.62 C    43.0    16.8    27.1    81.6    11.5    54.0   0.132   0.143   0.162   0.169   0.113    27.9    28.4    27.6    25.8    22.3
03054 20170619  2.422 -102.77   33.96    32.5    15.4    24.0    24.0     0.0    23.85 C    56.1    15.7    31.0    81.1    37.4    61.0   0.131   0.142   0.161   0.169   0.113    28.2    28.3    27.1    25.7    22.5
03054 20170620  2.422 -102.77   33.96    36.4    18.7    27.5    27.7     0.0    28.03 C    59.0    17.8    34.7    93.5    22.2    52.2   0.131   0.143   0.161   0.168   0.112    29.9    29.7    27.9    25.8    22.6
03054 20170621  2.422 -102.77   33.96    38.5    19.0    28.7    28.8    17.5    27.41 C    60.6    18.5    35.5    85.9    18.4    44.7   0.140   0.143   0.162   0.168   0.112    30.8    30.6    29.0    26.3    22.7
03054 20170622  2.422 -102.77   33.96    37.4    16.9    27.2    27.1     0.0    27.45 C    47.1    17.5    29.5    91.0    23.6    52.0   0.245   0.182   0.161   0.167   0.111    28.0    28.6    28.1    26.5    23.0
03054 20170623  2.422 -102.77   33.96    32.9    21.1    27.0    27.4     0.0    26.04 C    45.2    18.9    30.1    62.9    27.7    44.3   0.222   0.177   0.160   0.168   0.111    26.9    27.5    27.1    26.2    23.1
03054 20170624  2.422 -102.77   33.96    27.6    16.1    21.8    21.4     0.0    13.37 C    43.5    17.3    25.2    80.9    39.9    58.2   0.204   0.170   0.158   0.168   0.111    24.6    25.5    25.7    25.8    23.2
03054 20170625  2.422 -102.77   33.96    29.8    15.4    22.6    22.4    63.6    18.25 C    35.3    15.5    23.8    93.4    39.5    71.9   0.238   0.189   0.180   0.168   0.111    23.8    24.6    24.6    25.1    23.1
03054 20170626  2.422 -102.77   33.96    27.5    13.1    20.3    20.4    13.0    27.79 C    34.1    13.2    22.3    94.0    45.3    72.9   0.323   0.339   0.364   0.309   0.110    22.3    22.8    22.4    23.9    23.0
03054 20170627  2.422 -102.77   33.96    32.0    15.5    23.7    23.9     0.0    28.71 C    40.6    15.1    25.7    96.1    25.4    60.6   0.294   0.305   0.339   0.308   0.110    23.9    24.2    23.7    23.8    22.8
03054 20170628  2.422 -102.77   33.96    36.4    19.9    28.1    28.0     0.0    28.63 C    48.5    17.9    30.0    78.5    15.6    45.9   0.279   0.285   0.324   0.299   0.109    24.8    24.9    24.2    23.9    22.7
03054 20170629  2.422 -102.77   33.96    37.9    16.0    26.9    28.0     0.0    30.13 C    50.4    15.7    30.1    89.3     8.4    38.0   0.263   0.268   0.312   0.291   0.109    25.3    25.5    24.8    24.1    22.6
03054 20170630  2.422 -102.77   33.96    32.2    17.3    24.7    25.8     0.8    28.63 C    45.7    15.9    29.7    80.3    23.7    53.4   0.250   0.256   0.306   0.298   0.111    25.3    25.6    25.0    24.5    22.7
03054 20170701  2.422 -102.77   33.96    29.7    16.2    22.9    23.3    18.4    27.46 C    42.5    17.0    27.0    92.8    41.0    66.1   0.240 -99.000   0.411 -99.000   0.111    25.3    25.8    25.2    24.9    22.8
03054 20170702  2.422 -102.77   33.96    31.6    16.5    24.1    23.7     4.1    27.30 C    37.0    17.3    25.3    94.0    38.2    67.5   0.291 -99.000   0.435 -99.000   0.112    25.1    25.3    24.9    24.7    22.9
03054 20170703  2.422 -102.77   33.96    34.3    16.9    25.6    24.2     2.6    23.49 C    45.1    16.7    25.8    87.2    27.8    60.8   0.270 -99.000   0.433 -99.000   0.113    25.4    25.7    25.2    24.7    22.9
03054 20170704  2.422 -102.77   33.96    33.4    15.8    24.6    24.9     4.0    27.81 C    45.6    15.6    27.1    84.1    31.0    53.9   0.262 -99.000   0.424 -99.000   0.114    25.3    25.6    25.0    24.7    23.0
03054 20170705  2.422 -102.77   33.96    30.6    15.3    22.9    23.4     0.0    29.18 C    43.2    15.2    26.3    90.3    32.0    61.0   0.255 -99.000   0.416 -99.000   0.114    25.1    25.5    24.9    24.7    23.0
03054 20170706  2.422 -102.77   33.96    31.6    15.8    23.7    23.8     0.0    28.83 C    47.9    15.9    28.6    94.0    29.9    61.4   0.244 -99.000   0.410 -99.000   0.114    25.8    26.0    25.3    24.7    23.0
03054 20170707  2.422 -102.77   33.96    31.8    16.2    24.0    23.9     0.0    28.61 C    49.7    16.4    29.3    88.6    26.8    58.3   0.234 -99.000   0.404 -99.000   0.115    26.1    26.4    25.6    24.9    23.1
03054 20170708  2.422 -102.77   33.96    32.7    15.5    24.1    24.1     1.3    26.54 C    51.4    16.3    29.5    93.0    28.3    60.8   0.222 -99.000   0.396 -99.000   0.114    26.4    26.6    26.0    25.1    23.1
03054 20170709  2.422 -102.77   33.96    33.0    16.5    24.8    24.8     0.0    25.69 C    49.8    17.0    28.9    92.1    28.6    56.9   0.210 -99.000   0.386 -99.000   0.115    26.3    26.6    26.0    25.2    23.3
03054 20170710  2.422 -102.77   33.96    34.0    15.2    24.6    25.7     0.0    28.12 C    49.6    15.7    29.8    88.6    25.2    49.6   0.197 -99.000   0.373 -99.000   0.116    26.5    26.7    26.0    25.3    23.4
03054 20170711  2.422 -102.77   33.96    33.2    17.1    25.1    25.6     0.0    29.30 C    49.4    15.6    29.8    78.4    20.8    45.3   0.186 -99.000   0.359 -99.000   0.115    26.6    26.8    26.1    25.4    23.5
03054 20170712  2.422 -102.77   33.96    32.9    15.5    24.2    26.0     0.0    28.97 C    51.4    15.7    31.0    84.6    26.3    49.6   0.178 -99.000   0.348 -99.000   0.115    27.3    27.3    26.5    25.6    23.5
03054 20170713  2.422 -102.77   33.96    31.7    14.3    23.0    24.1     0.0    28.51 C    49.5    15.2    29.7    90.5    32.3    58.5   0.172 -99.000   0.339 -99.000   0.114    27.5    27.6    26.8    25.8    23.6
03054 20170714  2.422 -102.77   33.96    31.8    14.8    23.3    24.0     0.0    28.07 C    52.0    15.4    30.1    85.0    33.5    55.1   0.167 -99.000   0.332 -99.000   0.114    27.5    27.5    26.9    25.9    23.7
03054 20170715  2.422 -102.77   33.96    32.6    14.9    23.7    23.7     0.0    29.16 C    53.8    15.6    31.0    81.4    24.0    55.0   0.164 -99.000   0.326 -99.000   0.115    28.0    28.0    27.2    26.1    23.9
03054 20170716  2.422 -102.77   33.96    33.5    15.7    24.6    24.5     0.0    24.52 C    55.6    16.3    30.4    88.0    27.9    57.1   0.160 -99.000   0.321 -99.000   0.114    28.0    28.0    27.4    26.3    23.9
03054 20170717  2.422 -102.77   33.96    33.8    14.4    24.1    25.3     0.0    26.77 C    54.5    15.8    31.4    90.7    28.0    54.4   0.158 -99.000   0.318 -99.000   0.114    28.3    28.3    27.5    26.4    24.1
03054 20170718  2.422 -102.77   33.96    34.3    17.0    25.6    25.8     0.0    28.16 C    56.2    18.4    32.2    86.7    26.1    52.0   0.154 -99.000   0.314 -99.000   0.115    29.0    28.9    27.9    26.6    24.1
03054 20170719  2.422 -102.77   33.96    33.8    15.8    24.8    25.6     0.0    26.00 C    50.8    16.6    30.9    85.8    28.7    54.0   0.151 -99.000   0.310 -99.000   0.115    28.8    28.8    28.0    26.8    24.3
03054 20170720  2.422 -102.77   33.96    34.7    14.3    24.5    25.9     0.0    27.94 C    52.3    15.6    31.4    89.2    24.4    50.7   0.148 -99.000   0.306 -99.000   0.115    29.1    29.0    28.2    26.8    24.4
03054 20170721  2.422 -102.77   33.96    34.9    16.4    25.6    26.7     0.0    26.53 C    53.7    16.1    31.9    72.0    24.6    45.9   0.145 -99.000   0.303 -99.000   0.115    29.3    29.2    28.4    27.0    24.5
03054 20170722  2.422 -102.77   33.96    35.1    15.7    25.4    25.3     1.9    25.51 C    54.7    17.1    31.6    86.9    22.4    57.1   0.143 -99.000   0.302 -99.000   0.114    29.7    29.6    28.7    27.2    24.6
03054 20170723  2.422 -102.77   33.96    32.0    16.8    24.4    24.4     0.0    18.11 C    51.1    17.3    28.1    92.3    34.2    64.2   0.137 -99.000   0.298 -99.000   0.114    27.8    28.2    28.1    27.3    24.7
03054 20170724  2.422 -102.77   33.96    33.6    19.1    26.4    25.8     0.0    22.14 C    55.8    20.0    31.7    89.0    30.0    61.1   0.137 -99.000   0.296 -99.000   0.113    28.5    28.5    27.7    27.0    24.8
03054 20170725  2.422 -102.77   33.96    35.4    17.8    26.6    26.8     0.0    24.49 C    52.0    17.7    31.5    92.4    26.5    55.8   0.138 -99.000   0.295 -99.000   0.111    28.9    28.8    28.0    27.0    24.8
03054 20170726  2.422 -102.77   33.96    36.0    19.7    27.8    28.1     0.0    25.49 C    54.7    19.0    33.3    75.5    28.1    48.1   0.138 -99.000   0.294 -99.000   0.111    29.8    29.6    28.5    27.1    24.9
03054 20170727  2.422 -102.77   33.96    34.5    18.4    26.4    27.2     0.3    25.02 C    54.5    18.9    33.4    87.7    22.3    45.8   0.137 -99.000   0.294 -99.000   0.112    30.3    30.2    29.1    27.4    24.9
03054 20170728  2.422 -102.77   33.96    35.2    17.4    26.3    26.7     0.0    28.35 C    55.9    18.1    33.5    74.2    20.1    43.1   0.134 -99.000   0.292 -99.000   0.111    30.8    30.7    29.4    27.7    25.0
03054 20170729  2.422 -102.77   33.96    36.0    15.9    26.0    27.3     0.0    27.81 C    59.0    16.5    33.9    75.0    21.5    44.2   0.130 -99.000   0.291 -99.000   0.110    30.9    30.7    29.6    27.9    25.1
03054 20170730  2.422 -102.77   33.96    33.3    18.7    26.0    24.0     3.4    19.50 C    51.9    19.7    28.8    85.2    38.2    68.5   0.127 -99.000   0.291 -99.000   0.110    30.3    30.5    29.8    28.2    25.2
03054 20170731  2.422 -102.77   33.96    27.6    17.4    22.5    21.4    71.9    14.90 C    34.9    17.9    23.2    94.4    52.5    79.4   0.301 -99.000   0.375 -99.000   0.111    25.2    26.1    26.9    27.8    25.3
03054 20170801  2.422 -102.77   33.96    29.0    17.7    23.4    21.8     5.3    19.67 C    33.9    18.1    23.3    95.5    47.0    79.7   0.312 -99.000   0.440 -99.000   0.111    25.2    25.7    25.7    26.7    25.3
03054 20170802  2.422 -102.77   33.96    28.4    16.4    22.4    21.8     0.0    24.27 C    35.3    17.1    23.9    96.7    41.4    73.4   0.285 -99.000   0.423 -99.000   0.111    25.6    26.0    25.7    26.2    25.1
03054 20170803  2.422 -102.77   33.96    29.3    15.6    22.5    22.0     6.6    24.10 C    39.7    15.8    24.9    93.9    38.4    70.1   0.272 -99.000   0.412 -99.000   0.110    25.5    25.9    25.7    26.1    24.9
03054 20170804  2.422 -102.77   33.96    28.9    16.6    22.7    22.3     0.0    25.27 C    35.0    17.1    24.7    92.2    41.3    72.0   0.278 -99.000   0.411 -99.000   0.110    25.7    26.0    25.7    25.9    24.7
03054 20170805  2.422 -102.77   33.96    33.8    18.6    26.2    26.0     0.4    24.48 C    41.9    18.7    26.9    88.9    28.2    57.0   0.264 -99.000   0.408 -99.000   0.110    26.0    26.2    25.8    25.9    24.7
03054 20170806  2.422 -102.77   33.96    29.3    18.3    23.8    23.3     0.0    22.77 C    40.6    17.8    26.4    84.9    52.8    70.9   0.250 -99.000   0.398 -99.000   0.109    25.7    26.1    25.7    25.8    24.6
03054 20170807  2.422 -102.77   33.96    28.9    18.7    23.8    22.3     4.1    18.18 C    42.7    19.6    25.8    93.5    46.8    78.5   0.243 -99.000   0.392 -99.000   0.108    25.7    26.2    25.8    25.8    24.5
03054 20170808  2.422 -102.77   33.96    25.5    17.9    21.7    20.1     0.0    11.42 C    32.4    18.0    21.6    92.5    59.4    83.1   0.243 -99.000   0.382 -99.000   0.108    24.1    24.8    25.0    25.6    24.5
03054 20170809  2.422 -102.77   33.96    29.9    16.7    23.3    22.4     8.8    20.39 C    35.6    16.9    23.4    93.6    47.4    76.0   0.264 -99.000   0.381 -99.000   0.109    24.4    24.7    24.5    25.1    24.4
03054 20170810  2.422 -102.77   33.96    32.2    16.2    24.2    24.2     0.0    24.36 C    40.6    16.6    26.1    94.2    36.4    67.5   0.263 -99.000   0.387 -99.000   0.110    25.4    25.5    25.0    25.0    24.3
03054 20170811  2.422 -102.77   33.96    30.1    16.8    23.5    23.8     0.0    24.26 C    40.8    17.2    26.9    91.9    46.6    69.3   0.248 -99.000   0.384 -99.000   0.110    25.5    25.7    25.3    25.2    24.2
03054 20170812  2.422 -102.77   33.96    27.6    17.8    22.7    21.6    35.1    16.30 C    35.0    18.6    23.6    95.3    57.1    82.5   0.317 -99.000   0.433 -99.000   0.110    24.6    25.0    24.9    25.2    24.2
03054 20170813  2.422 -102.77   33.96    30.9    18.6    24.7    24.0     0.0    23.40 C    35.7    19.1    25.7    93.6    52.8    77.9   0.298 -99.000   0.433 -99.000   0.110    26.0    26.0    25.3    25.0    24.2
03054 20170814  2.422 -102.77   33.96    30.1    17.8    24.0    23.6     0.0    25.87 C    39.7    17.7    26.1    94.8    46.5    71.1   0.279 -99.000   0.422 -99.000   0.109    26.1    26.2    25.7    25.3    24.2
03054 20170815  2.422 -102.77   33.96    28.9    17.0    22.9    22.9    13.8    23.09 C    33.4    17.9    24.0    94.1    55.4    76.3   0.301 -99.000   0.450 -99.000   0.108    25.4    25.7    25.5    25.4    24.2
03054 20170816  2.422 -102.77   33.96    30.1    16.9    23.5    23.4     0.0    26.73 C    37.7    17.5    25.5    96.7    31.7    68.4   0.288 -99.000   0.453 -99.000   0.107    26.0    26.2    25.6    25.4    24.2
03054 20170817  2.422 -102.77   33.96    31.5    15.9    23.7    23.8     0.0    25.20 C    40.5    16.4    26.1    91.6    41.6    70.1   0.271 -99.000   0.439 -99.000   0.108    25.9    26.1    25.6    25.4    24.2
03054 20170818  2.422 -102.77   33.96    31.4    15.9    23.6    23.7     0.0    25.43 C    39.7    16.7    26.3    95.3    38.4    71.2   0.258 -99.000   0.432 -99.000   0.109    25.9    26.2    25.8    25.5    24.2
03054 20170819  2.422 -102.77   33.96    31.5    16.2    23.8    23.8     0.0    23.43 C    43.1    16.4    26.8    92.6    38.7    67.9   0.247 -99.000   0.423 -99.000   0.108    26.0    26.2    25.8    25.5    24.2
03054 20170820  2.422 -102.77   33.96    30.9    18.6    24.8    23.1     9.5    19.37 C    41.5    18.7    25.4    91.5    42.9    70.2   0.236 -99.000   0.415 -99.000   0.109    25.7    26.0    25.7    25.6    24.3
03054 20170821  2.422 -102.77   33.96    28.7    18.3    23.5    22.4     3.3    18.04 C    31.8    18.7    23.5    93.9    42.9    77.2   0.268 -99.000   0.411 -99.000   0.109    25.0    25.3    25.2    25.5    24.3
03054 20170822  2.422 -102.77   33.96    30.5    16.3    23.4    21.6     5.9    20.15 C    41.2    16.8    24.1    95.0    44.8    78.7   0.265 -99.000   0.411 -99.000   0.108    25.0    25.3    25.0    25.3    24.3
03054 20170823  2.422 -102.77   33.96    27.1    17.1    22.1    21.5     0.0    18.56 C    34.4    17.5    23.3    95.7    55.2    81.5   0.269 -99.000   0.414 -99.000   0.109    24.7    25.1    24.8    25.1    24.2
03054 20170824  2.422 -102.77   33.96    26.0    17.3    21.6    20.8     0.0    10.79 C    31.8    17.6    21.9    95.9    54.3    83.1   0.259 -99.000   0.412 -99.000   0.110    23.9    24.5    24.5    25.0    24.2
03054 20170825  2.422 -102.77   33.96    27.1    17.0    22.0    21.5     0.0    17.70 C    38.0    17.5    23.9    94.8    57.4    80.6   0.251 -99.000   0.409 -99.000   0.110    24.4    24.7    24.4    24.8    24.1
03054 20170826  2.422 -102.77   33.96    28.2    16.2    22.2    21.9     0.0    18.22 C    39.3    16.8    24.7    94.7    42.0    76.9   0.243 -99.000   0.406 -99.000   0.110    24.7    25.0    24.6    24.7    24.0
03054 20170827  2.422 -102.77   33.96    28.8    14.1    21.5    21.4     0.0    24.30 C    43.4    14.7    25.3    95.3    43.6    73.9   0.233 -99.000   0.399 -99.000   0.109    24.7    25.0    24.5    24.7    23.9
03054 20170828  2.422 -102.77   33.96    28.2    13.5    20.8    20.6     0.0    21.07 C    40.2    14.1    24.2    92.1    42.9    70.5   0.223 -99.000   0.393 -99.000   0.109    24.4    24.9    24.6    24.7    23.9
03054 20170829  2.422 -102.77   33.96    28.1    11.5    19.8    19.5     0.0    25.20 C    43.0    11.7    24.0    93.5    30.4    65.7   0.212 -99.000   0.383 -99.000   0.109    24.0    24.5    24.2    24.6    23.9
03054 20170830  2.422 -102.77   33.96    28.3    10.0    19.2    19.1     0.0    24.44 C    43.7    10.9    23.8    93.5    31.4    64.8   0.202 -99.000   0.375 -99.000   0.108    23.7    24.2    23.9    24.5    23.9
03054 20170831  2.422 -102.77   33.96    28.2     9.4    18.8    18.8     0.0    24.56 C    43.3    10.0    23.5    94.9    28.3    64.8   0.193 -99.000   0.366 -99.000   0.108    23.6    24.1    23.8    24.3    23.8
03054 20170901  2.422 -102.77   33.96    30.3     8.8    19.5    20.0     0.0    24.43 C    42.8    10.1    23.6    94.1    26.0    60.9   0.187 -99.000   0.359 -99.000   0.108    23.6    23.9    23.7    24.2    23.7
03054 20170902  2.422 -102.77   33.96    31.7    12.0    21.8    22.0     0.0    23.39 C    46.8    13.3    25.9    89.7    27.0    59.0   0.180 -99.000   0.352 -99.000   0.108    24.3    24.6    24.0    24.2    23.6
03054 20170903  2.422 -102.77   33.96    30.6    12.0    21.3    20.6     0.0    23.56 C    46.1    13.1    25.5    94.8    22.9    65.8   0.176 -99.000   0.347 -99.000   0.109    24.6    24.8    24.3    24.3    23.6
03054 20170904  2.422 -102.77   33.96    32.1    11.4    21.7    21.4     0.0    23.62 C    48.5    11.9    25.9    90.2    22.3    59.2   0.172 -99.000   0.343 -99.000   0.109    24.6    24.8    24.4    24.4    23.6
03054 20170905  2.422 -102.77   33.96    25.7    12.4    19.1    18.5     0.0    22.34 C    40.2    13.0    22.8    90.2    36.5    61.8   0.167 -99.000   0.340 -99.000   0.109    24.1    24.7    24.5    24.5    23.6
03054 20170906  2.422 -102.77   33.96    26.2     9.3    17.8    17.4     0.0    20.82 C    40.5    10.8    21.7    87.9    31.4    56.1   0.163 -99.000   0.334 -99.000   0.108    23.3    23.8    23.8    24.3    23.7
03054 20170907  2.422 -102.77   33.96    29.5     8.1    18.8    19.2     0.0    22.70 C    40.8     9.4    22.2    85.7    30.4    53.9   0.159 -99.000   0.330 -99.000   0.107    23.1    23.4    23.4    24.1    23.6
03054 20170908  2.422 -102.77   33.96    29.1     9.6    19.3    19.9     0.0    22.85 C    40.7    11.0    23.0    79.1    23.6    45.6   0.157 -99.000   0.326 -99.000   0.108    23.5    23.7    23.5    23.9    23.5
03054 20170909  2.422 -102.77   33.96    28.3     7.5    17.9    17.7     0.0    23.19 C    43.2     8.7    22.3    89.6    28.0    59.3   0.153 -99.000   0.324 -99.000   0.109    23.2    23.5    23.4    23.8    23.4
03054 20170910  2.422 -102.77   33.96    28.3     6.4    17.3    17.9     0.0    23.20 C    44.3     8.1    22.5    92.1    29.3    60.2   0.151 -99.000   0.321 -99.000   0.109    23.3    23.5    23.4    23.8    23.4
03054 20170911  2.422 -102.77   33.96    30.3     7.1    18.7    18.9     0.0    22.12 C    46.7     8.4    23.9    90.7    26.0    58.8   0.148 -99.000   0.318 -99.000   0.108    23.5    23.7    23.4    23.7    23.3
03054 20170912  2.422 -102.77   33.96    32.1     9.7    20.9    20.9     0.0    17.46 C    49.8    10.0    24.0    88.6    20.6    53.6   0.146 -99.000   0.317 -99.000   0.107    23.5    23.7    23.5    23.8    23.3
03054 20170913  2.422 -102.77   33.96    33.5    11.8    22.6    22.7     0.0    22.16 C    48.5    12.7    26.8    88.9    19.5    50.4   0.145 -99.000   0.317 -99.000   0.108    24.6    24.6    24.0    23.8    23.3
03054 20170914  2.422 -102.77   33.96    35.8    10.4    23.1    23.1     0.2    20.57 C    51.6    12.1    26.9    87.9    16.8    50.1   0.143 -99.000   0.315 -99.000   0.107    25.0    25.1    24.4    24.0    23.3
03054 20170915  2.422 -102.77   33.96    34.1    13.4    23.7    23.1     0.0    19.06 C    46.1    14.1    25.7    82.3    21.0    49.4   0.140 -99.000   0.314 -99.000   0.107    24.8    24.9    24.6    24.2    23.3
03054 20170916  2.422 -102.77   33.96    34.6    12.5    23.6    23.4     5.8    16.70 C    51.4    13.9    26.2    82.5    19.7    47.2   0.137 -99.000   0.314 -99.000   0.107    25.0    25.1    24.7    24.4    23.4
03054 20170917  2.422 -102.77   33.96    30.6    13.1    21.9    18.6    20.0    12.42 C    39.7    10.4    19.4    92.6    37.1    76.1   0.224 -99.000   0.337 -99.000   0.107    20.5    21.9    23.0    24.3    23.4
03054 20170918  2.422 -102.77   33.96    30.6    11.6    21.1    20.4     0.4    21.58 C    35.1    12.6    21.4    96.9    38.3    74.9   0.303 -99.000   0.401 -99.000   0.107    20.6    20.9    20.8    23.1    23.3
03054 20170919  2.422 -102.77   33.96    33.4    16.1    24.8    23.5     0.0    22.09 C    35.7    15.3    23.0    89.9    17.6    53.3   0.282 -99.000   0.403 -99.000   0.108    22.0    22.3    22.0    22.8    23.0
03054 20170920  2.422 -102.77   33.96    30.8    11.2    21.0    21.5     0.0    22.53 C    41.0    11.1    22.9    81.6    20.0    48.8   0.268 -99.000   0.396 -99.000   0.108    21.8    22.3    22.0    22.8    22.9
03054 20170921  2.422 -102.77   33.96    33.8    10.9    22.4    23.0     0.0    21.85 C    41.6    11.3    24.0    85.9    16.6    48.7   0.258 -99.000   0.389 -99.000   0.107    21.6    22.1    21.9    22.8    22.7
03054 20170922  2.422 -102.77   33.96    31.7    17.2    24.5    24.4     0.0    20.61 C    40.9    16.8    26.2    92.7    38.5    63.9   0.252 -99.000   0.385 -99.000   0.106    22.8    23.1    22.5    22.8    22.7
03054 20170923  2.422 -102.77   33.96    26.6    17.8    22.2    21.1    11.7     8.05 C    34.0    17.4    22.0    91.2    56.8    76.1   0.247 -99.000   0.381 -99.000   0.106    22.1    22.6    22.7    23.0    22.7
03054 20170924  2.422 -102.77   33.96    26.4    17.3    21.8    20.7     5.2    13.09 C    31.9    17.0    21.4    93.2    54.7    82.5   0.305 -99.000   0.393 -99.000   0.107    21.8    22.0    22.1    22.8    22.6
03054 20170925  2.422 -102.77   33.96    24.2    13.3    18.8    19.0    12.0    10.51 C    29.3    14.4    20.1    94.6    56.6    80.7   0.304 -99.000   0.404 -99.000   0.106    21.6    22.0    22.0    22.7    22.6
03054 20170926  2.422 -102.77   33.96    16.6    13.6    15.1    14.5     6.5     5.06 C    21.9    14.4    16.1    94.6    85.5    91.1   0.320 -99.000   0.423 -99.000   0.107    19.4    20.1    20.8    22.4    22.5
03054 20170927  2.422 -102.77   33.96    17.0    12.7    14.9    14.4     1.2     4.88 C    19.0    13.7    15.6    95.2    81.8    91.2   0.304 -99.000   0.416 -99.000   0.107    18.3    19.0    19.6    21.6    22.4
03054 20170928  2.422 -102.77   33.96    16.6    12.1    14.4    14.4     3.3     3.91 C    19.9    13.4    15.7    95.6    92.4    94.1   0.302 -99.000   0.412 -99.000   0.107    18.2    18.7    19.1    21.0    22.1
03054 20170929  2.422 -102.77   33.96    13.8    11.5    12.7    12.8     2.2     2.25 C    15.8    12.6    14.0    95.3    91.6    93.7   0.303 -99.000   0.413 -99.000   0.106    17.1    17.8    18.4    20.5    21.8
03054 20170930  2.422 -102.77   33.96    18.9    13.1    16.0    15.5     0.0     4.65 C    21.6    13.9    16.4    96.4    81.9    92.3   0.301 -99.000   0.414 -99.000   0.106    17.6    17.9    18.1    20.0    21.5
03054 20171001  2.422 -102.77   33.96    23.4    16.2    19.8    18.8     0.0     8.39 C    26.4    16.3    18.7    95.0    68.0    85.8   0.293 -99.000   0.410 -99.000   0.105    18.7    18.9    18.7    19.9    21.2
03054 20171002  2.422 -102.77   33.96    29.7    17.9    23.8    22.3     0.0    18.48 C    31.1    16.9    22.1    90.9    40.0    73.0   0.288 -99.000   0.411 -99.000   0.105    20.5    20.3    19.7    20.1    21.0
03054 20171003  2.422 -102.77   33.96    24.8    18.7    21.8    20.8     0.0     5.42 C    27.9    18.0    20.9    93.7    67.8    84.0   0.280 -99.000   0.410 -99.000   0.105    20.7    20.8    20.5    20.6    21.0
03054 20171004  2.422 -102.77   33.96    23.9    15.9    19.9    20.0    20.2     5.23 C    25.2    15.4    20.0    96.1    76.7    91.3   0.319 -99.000   0.424 -99.000   0.105    20.5    20.7    20.6    20.8    21.0
03054 20171005  2.422 -102.77   33.96    23.5    18.5    21.0    20.9     0.2     4.15 C    24.3    18.8    20.6    93.6    70.9    85.5   0.318 -99.000   0.435 -99.000   0.104    20.9    20.9    20.8    21.0    21.1
03054 20171006  2.422 -102.77   33.96    29.9    16.0    22.9    21.3    14.1    14.72 C    31.3    12.9    21.1    95.0    29.5    72.6   0.335 -99.000   0.448 -99.000   0.104    21.1    21.1    20.9    21.1    21.1
03054 20171007  2.422 -102.77   33.96    24.5     6.2    15.4    14.8     0.0    20.73 C    30.5     7.3    16.0    92.5    21.9    59.1   0.309 -99.000   0.432 -99.000   0.105    19.0    19.7    20.1    21.0    21.2
03054 20171008  2.422 -102.77   33.96    29.9     8.3    19.1    17.6     0.0    20.75 C    30.5     7.5    16.1    85.3    10.2    48.6   0.293 -99.000   0.420 -99.000   0.105    17.8    18.4    19.0    20.6    21.1
03054 20171009  2.422 -102.77   33.96    17.1     5.3    11.2    11.5     0.0    19.26 C    25.1     6.5    13.1    82.8    38.2    58.1   0.280 -99.000   0.408 -99.000   0.104    16.0    17.0    17.9    20.1    20.9
03054 20171010  2.422 -102.77   33.96    15.7     1.2     8.5     7.4     0.0    20.08 C    26.9     2.4    11.1    90.5    32.5    65.3   0.271 -99.000   0.399 -99.000   0.103    14.3    15.3    16.3    19.2    20.7
03054 20171011  2.422 -102.77   33.96    24.0     1.8    12.9    13.0     0.0    19.00 C    28.7     3.1    13.8    89.7    39.5    65.7   0.265 -99.000   0.390 -99.000   0.104    14.6    15.2    15.7    18.4    20.3
03054 20171012  2.422 -102.77   33.96    29.4     5.7    17.5    16.9     0.0    18.68 C    34.8     6.3    17.5    95.6    28.4    68.0   0.262 -99.000   0.390 -99.000   0.105    16.5    16.8    16.6    18.1    19.9
03054 20171013  2.422 -102.77   33.96    31.9    10.8    21.4    20.9     0.0    16.88 C    39.6    10.0    21.2    96.9    27.3    67.4   0.260 -99.000   0.391 -99.000   0.104    18.4    18.4    17.8    18.4    19.6
03054 20171014  2.422 -102.77   33.96    29.4    11.3    20.4    20.8     0.0    11.63 C    35.0    10.8    20.9    93.1    38.6    68.7   0.257 -99.000   0.394 -99.000   0.104    19.5    19.6    19.0    18.9    19.6
03054 20171015  2.422 -102.77   33.96    19.4     1.7    10.6    10.1     0.0    19.34 C    30.8     3.3    13.6    87.2    20.3    52.7   0.250 -99.000   0.388 -99.000   0.105    16.2    17.3    18.0    19.2    19.6
03054 20171016  2.422 -102.77   33.96    22.4     0.3    11.3    10.8     0.0    19.19 C    31.5     1.9    12.7    85.6    21.2    52.0   0.244 -99.000   0.379 -99.000   0.105    14.7    15.6    16.4    18.6    19.7
03054 20171017  2.422 -102.77   33.96    27.9    -0.4    13.7    13.6     0.0    18.96 C    35.8     1.4    14.8    92.5    15.4    55.8   0.240 -99.000   0.374 -99.000   0.105    14.9    15.6    15.9    18.1    19.5
03054 20171018  2.422 -102.77   33.96    29.4     5.6    17.5    15.9     0.0    15.46 C    35.9     5.2    16.4    87.2    11.0    55.6   0.236 -99.000   0.372 -99.000   0.104    15.8    16.2    16.3    17.9    19.2
03054 20171019  2.422 -102.77   33.96    25.0     5.5    15.3    13.8     0.8     9.60 C    33.1     6.4    15.1    92.9    35.5    77.3   0.232 -99.000   0.373 -99.000   0.104    15.8    16.3    16.5    17.9    19.0
03054 20171020  2.422 -102.77   33.96    26.5    10.9    18.7    18.0     0.0    16.89 C    31.5    11.1    18.4    95.4    35.5    68.4   0.234 -99.000   0.373 -99.000   0.104    16.9    17.1    16.9    17.9    18.9
03054 20171021  2.422 -102.77   33.96    26.3     4.1    15.2    16.3     0.0    16.31 C    34.4     4.9    17.3    95.1    16.5    61.3   0.233 -99.000   0.373 -99.000   0.104    17.0    17.5    17.4    18.0    18.9
03054 20171022  2.422 -102.77   33.96    21.6     0.6    11.1    10.3     0.0    17.52 C    30.8     1.2    12.8    87.0    18.2    54.5   0.229 -99.000   0.369 -99.000   0.103    15.0    15.8    16.3    18.0    18.9
03054 20171023  2.422 -102.77   33.96    25.9     1.1    13.5    13.9     0.0    17.36 C    32.3     2.7    14.8    89.5    18.7    49.3   0.225 -99.000   0.364 -99.000   0.104    14.8    15.4    15.8    17.6    18.8
03054 20171024  2.422 -102.77   33.96    17.6     1.6     9.6     8.9     0.0    16.97 C    30.8     2.2    12.2    78.7    22.3    50.3   0.223 -99.000   0.362 -99.000   0.104    14.3    15.1    15.5    17.4    18.6
03054 20171025  2.422 -102.77   33.96    25.1     1.8    13.5    13.2     0.0    17.45 C    33.9     1.6    14.2    76.2    15.3    42.5   0.219 -99.000   0.358 -99.000   0.103    14.2    14.8    15.1    17.1    18.5
03054 20171026  2.422 -102.77   33.96    27.3     5.2    16.3    15.4     0.0    17.20 C    34.7     4.7    16.0    65.8    10.4    35.9   0.217 -99.000   0.358 -99.000   0.103    14.8    15.3    15.4    16.9    18.3
03054 20171027  2.422 -102.77   33.96    11.4    -1.9     4.8     4.9     0.0    13.31 C    24.1    -0.5     8.7    66.8    23.1    45.9   0.212 -99.000   0.356 -99.000   0.103    12.9    14.0    14.8    16.9    18.2
03054 20171028  2.422 -102.77   33.96    14.9    -4.2     5.4     4.6     0.0    15.90 C    26.7    -2.6     8.2    82.3    13.5    47.2   0.208 -99.000   0.351 -99.000   0.103    11.6    12.6    13.4    16.3    18.0
03054 20171029  2.422 -102.77   33.96    24.3    -3.0    10.7    11.0     0.0    16.73 C    32.4    -1.5    11.8    82.3    16.1    43.2   0.208 -99.000   0.350 -99.000   0.103    12.4    13.0    13.3    15.8    17.7
03054 20171030  2.422 -102.77   33.96    12.9     2.8     7.9     7.4     0.0    15.27 C    22.6     2.2     9.0    75.6    35.4    56.0   0.205 -99.000   0.350 -99.000   0.102    12.2    13.0    13.5    15.7    17.5
03054 20171031  2.422 -102.77   33.96    14.6     2.0     8.3     7.1     0.6    13.25 C    17.5     1.9     7.9    84.4    41.0    62.9   0.203 -99.000   0.347 -99.000   0.101    11.5    12.2    12.9    15.4    17.3
03054 20171101  2.422 -102.77   33.96    25.9     3.5    14.7    15.6     0.0    16.22 C    30.2     3.2    15.1    83.9    11.1    38.9   0.202 -99.000   0.348 -99.000   0.101    12.8    13.1    13.1    15.1    17.1
03054 20171102  2.422 -102.77   33.96    25.7     6.1    15.9    16.1     0.0    15.98 C    31.9     3.5    15.2    73.3    14.2    34.9   0.203 -99.000   0.349 -99.000   0.102    14.0    14.3    14.0    15.3    16.9
03054 20171103  2.422 -102.77   33.96    26.2    -1.6    12.3    11.3     0.0    15.97 C    33.3    -0.5    12.9    94.9    15.8    57.5   0.200 -99.000   0.350 -99.000   0.102    13.5    14.0    14.1    15.5    16.8
03054 20171104  2.422 -102.77   33.96    28.8     6.4    17.6    17.1     0.0     9.70 C    37.4     4.4    15.8    68.2    13.3    38.7   0.199 -99.000   0.350 -99.000   0.102    14.4    14.7    14.5    15.6    16.8
03054 20171105  2.422 -102.77   33.96    27.1     6.6    16.9    16.2     0.0    14.59 C    34.8     6.2    16.5    82.7    23.0    54.2   0.198 -99.000   0.352 -99.000   0.102    15.4    15.6    15.2    15.8    16.8
03054 20171106  2.422 -102.77   33.96    26.0     1.3    13.6    13.0     0.0    12.36 C    33.2     2.4    13.5    94.4    17.1    57.7   0.195 -99.000   0.353 -99.000   0.102    14.6    15.1    15.2    16.1    16.9
03054 20171107  2.422 -102.77   33.96     9.2     4.2     6.7     6.5     0.0     5.60 C    18.1     4.0     8.4    93.2    46.1    71.1   0.191 -99.000   0.350 -99.000   0.103    12.8    13.7    14.4    16.0    16.9
03054 20171108  2.422 -102.77   33.96    11.5    -2.9     4.3     4.2     0.0    11.85 C    26.1    -1.8     7.6    80.6    37.6    53.0   0.188 -99.000   0.347 -99.000   0.102    11.7    12.5    13.3    15.6    16.9
03054 20171109  2.422 -102.77   33.96    18.1    -6.6     5.7     4.6     0.0    14.43 C    26.9    -4.7     7.2    97.4    43.2    78.1   0.185 -99.000   0.342 -99.000   0.103    10.8    11.5    12.3    15.0    16.7
03054 20171110  2.422 -102.77   33.96    15.6     0.3     8.0     8.9     0.0    11.01 C    22.8     2.7    11.5    97.6    56.7    85.0   0.186 -99.000   0.344 -99.000   0.104    12.2    12.5    12.7    14.7    16.5
03054 20171111  2.422 -102.77   33.96    26.2     5.4    15.8    13.4     0.0    11.90 C    30.8     4.0    14.2    93.4    13.1    63.2   0.187 -99.000   0.346 -99.000   0.103    13.8    14.0    13.7    14.8    16.3
03054 20171112  2.422 -102.77   33.96    14.7     5.5    10.1     9.8     0.0     8.12 C    24.7     3.7    12.0    88.7    55.8    76.3   0.186 -99.000   0.346 -99.000   0.104    13.1    13.5    13.7    14.9    16.2
03054 20171113  2.422 -102.77   33.96    17.7     6.2    11.9    11.2     0.0     5.99 C    21.2     5.4    12.1    96.4    60.1    82.8   0.186 -99.000   0.346 -99.000   0.104    13.6    13.9    14.0    15.0    16.2
03054 20171114  2.422 -102.77   33.96    27.9     5.3    16.6    16.2     0.0    13.10 C    33.9     5.3    16.6    96.8    15.5    62.9   0.186 -99.000   0.347 -99.000   0.103    14.6    14.7    14.3    15.1    16.2
03054 20171115  2.422 -102.77   33.96    18.9     5.4    12.1    11.8     0.0    14.12 C    27.7     4.9    12.4    61.0    21.5    39.7   0.183 -99.000   0.345 -99.000   0.102    13.7    14.2    14.5    15.4    16.2
03054 20171116  2.422 -102.77   33.96    26.0     0.3    13.1    12.2     0.0    14.03 C    29.4     0.6    12.6    92.1    17.1    56.7   0.182 -99.000   0.343 -99.000   0.102    13.2    13.6    13.8    15.3    16.2
03054 20171117  2.422 -102.77   33.96    29.6     4.9    17.3    16.8     0.0    13.22 C    33.7     3.8    15.4    84.8     8.1    38.7   0.181 -99.000   0.343 -99.000   0.102    14.0    14.3    14.2    15.2    16.2
03054 20171118  2.422 -102.77   33.96    15.5    -8.1     3.7     7.3     0.0    13.80 C    21.8    -5.5     8.4    68.2    17.3    39.2   0.178 -99.000   0.344 -99.000   0.102    12.8    13.6    14.2    15.3    16.1
03054 20171119  2.422 -102.77   33.96    14.9    -9.7     2.6     2.7     0.0    14.07 C    22.5    -7.3     3.7    77.6    15.2    42.1   0.171 -99.000   0.335 -99.000   0.103     9.5    10.5    11.9    14.8    16.1
03054 20171120  2.422 -102.77   33.96    21.9    -5.8     8.0     8.2     0.0    12.76 C    25.7    -7.6     6.9    74.5     5.5    32.1   0.169 -99.000   0.332 -99.000   0.103     9.2     9.9    10.9    13.9    16.0
03054 20171121  2.422 -102.77   33.96    20.0    -1.0     9.5    11.6     0.0    12.57 C    24.8     0.1    10.9    70.3     9.7    26.0   0.171 -99.000   0.333 -99.000   0.103    11.0    11.4    11.6    13.6    15.7
03054 20171122  2.422 -102.77   33.96    17.4    -5.6     5.9     5.1     0.0    12.36 C    23.4    -4.5     6.2    85.1    24.3    56.0   0.169 -99.000   0.332 -99.000   0.103     9.8    10.5    11.3    13.5    15.4
03054 20171123  2.422 -102.77   33.96    24.5     2.9    13.7    11.7     0.0    12.70 C    32.2    -0.2    11.4    62.8    15.8    42.1   0.169 -99.000   0.333 -99.000   0.103    10.9    11.3    11.4    13.3    15.3
03054 20171124  2.422 -102.77   33.96    28.3     3.3    15.8    16.0     0.0    12.24 C    29.7     0.5    13.8    67.1     8.9    30.9   0.170 -99.000   0.334 -99.000   0.104    12.0    12.2    12.1    13.4    15.1
03054 20171125  2.422 -102.77   33.96    19.5     1.0    10.2    10.9     0.0    13.07 C    28.6     0.8    11.7    78.5    30.0    51.1   0.170 -99.000   0.337 -99.000   0.104    12.4    12.8    12.7    13.6    15.0
03054 20171126  2.422 -102.77   33.96    22.2    -0.1    11.0     9.7     0.0    12.75 C    27.3    -0.8     9.5    82.0    24.7    54.9   0.167 -99.000   0.336 -99.000   0.103    11.3    11.9    12.2    13.8    15.0
03054 20171127  2.422 -102.77   33.96    27.4    -1.2    13.1    12.6     0.0    13.33 C    31.1    -1.6    11.7    90.3    12.8    50.5   0.166 -99.000   0.337 -99.000   0.103    11.5    11.9    12.1    13.6    15.0
03054 20171128  2.422 -102.77   33.96    15.1     1.6     8.3     7.9     0.0    11.99 C    20.8     0.5     8.2    89.8    31.7    60.2   0.165 -99.000   0.337 -99.000   0.103    11.2    11.9    12.3    13.7    15.0
03054 20171129  2.422 -102.77   33.96    17.8    -2.3     7.7     7.6     0.0    12.30 C    23.2    -3.5     8.2    88.8    22.3    53.1   0.162 -99.000   0.333 -99.000   0.102    10.0    10.7    11.2    13.4    14.9
03054 20171130  2.422 -102.77   33.96    15.1     2.4     8.8     9.5     0.0    10.07 C    23.7     3.0    10.2    62.1    24.3    39.0   0.163 -99.000   0.334 -99.000   0.103    11.0    11.4    11.6    13.2    14.8
03054 20171201  2.422 -102.77   33.96    23.0    -0.8    11.1    11.3     0.0    10.04 C    28.1    -0.5    11.2    77.4    20.5    44.6   0.162 -99.000   0.333 -99.000   0.102    11.1    11.4    11.6    13.2    14.7
03054 20171202  2.422 -102.77   33.96    20.5     5.4    12.9    12.6     0.0     8.07 C    28.1     4.1    12.5    63.9    26.5    42.5   0.162 -99.000   0.336 -99.000   0.102    12.0    12.3    12.2    13.3    14.6
03054 20171203  2.422 -102.77   33.96    25.4     5.2    15.3    14.5     0.0    11.98 C    29.6     2.9    13.8    71.9    17.4    44.2   0.162 -99.000   0.336 -99.000   0.102    12.7    12.9    12.6    13.5    14.6
03054 20171204  2.422 -102.77   33.96    21.5     1.8    11.7    11.7     0.0    10.73 C    27.0     1.2    11.4    76.1    18.7    40.5   0.161 -99.000   0.336 -99.000   0.103    12.2    12.6    12.7    13.7    14.6
03054 20171205  2.422 -102.77   33.96     4.6    -2.1     1.2     2.0     0.0     3.63 C    10.4    -1.7     3.9    54.7    23.6    38.6   0.157 -99.000   0.333 -99.000   0.103     9.7    10.7    11.8    13.6    14.7
03054 20171206  2.422 -102.77   33.96     8.6    -7.8     0.4     1.8     0.0    11.08 C    18.3    -7.0     4.2    73.5    25.4    47.1   0.155 -99.000   0.328 -99.000   0.105     8.9     9.7    10.6    13.1    14.6
03054 20171207  2.422 -102.77   33.96     4.2    -6.8    -1.3    -1.7     0.0    10.85 C    13.9    -6.6     0.4    65.8    28.7    48.4   0.151 -99.000   0.324 -99.000   0.104     6.6     7.8     9.2    12.5    14.5
03054 20171208  2.422 -102.77   33.96    12.7    -6.3     3.2     1.6     0.0     9.50 C    18.7    -6.6     1.6    58.6    16.7    41.5   0.150 -99.000   0.321 -99.000   0.103     6.0     6.9     8.1    11.7    14.2
03054 20171209  2.422 -102.77   33.96    17.1    -5.6     5.7     4.9     0.0    12.81 C    23.2    -6.0     4.1    48.3     9.7    27.8   0.149 -99.000   0.320 -99.000   0.103     6.4     7.2     8.0    11.1    13.8
03054 20171210  2.422 -102.77   33.96    18.4   -10.1     4.1     3.1     0.0    12.75 C    23.7    -9.3     2.8    66.2     8.4    33.5   0.149 -99.000   0.319 -99.000   0.102     6.0     6.8     7.7    10.8    13.5
03054 20171211  2.422 -102.77   33.96    21.3    -9.1     6.1     6.1     0.0    12.33 C    28.8    -8.5     5.3    60.9     6.6    27.0   0.149 -99.000   0.318 -99.000   0.103     6.5     7.1     7.7    10.5    13.2
03054 20171212  2.422 -102.77   33.96    16.0    -6.9     4.6     3.9     0.0    12.46 C    23.4    -7.6     4.1    62.5    10.5    32.3   0.148 -99.000   0.320 -99.000   0.102     6.7     7.4     8.0    10.5    13.0
03054 20171213  2.422 -102.77   33.96    18.3    -7.8     5.2     4.8     0.0    12.39 C    23.1    -8.0     3.8    59.3    12.2    32.3   0.147 -99.000   0.318 -99.000   0.103     6.3     7.1     7.7    10.3    12.9
03054 20171214  2.422 -102.77   33.96     9.6    -3.8     2.9     2.4     0.0    11.45 C    16.9    -5.9     2.7    81.7    28.5    48.1   0.145 -99.000   0.317 -99.000   0.102     5.9     6.7     7.5    10.2    12.7
03054 20171215  2.422 -102.77   33.96    11.9    -7.0     2.5     1.4     0.0    12.19 C    18.2    -8.0     1.7    92.7    25.8    63.4   0.145 -99.000   0.316 -99.000   0.102     5.6     6.4     7.2     9.9    12.5
03054 20171216  2.422 -102.77   33.96    13.9    -8.6     2.7     2.4     0.0    12.68 C    18.8    -9.5     1.9    96.1    20.0    62.7   0.143 -99.000   0.315 -99.000   0.103     5.2     5.9     6.7     9.7    12.3
03054 20171217  2.422 -102.77   33.96    13.2    -7.4     2.9     2.8     0.0    12.14 C    21.5    -6.6     3.5    99.5    23.5    56.2   0.144 -99.000   0.315 -99.000   0.102     5.7     6.4     6.9     9.4    12.1
03054 20171218  2.422 -102.77   33.96    18.2    -6.2     6.0     5.9     0.0    11.19 C    25.7    -5.9     6.0    80.7    26.1    54.8   0.144 -99.000   0.315 -99.000   0.102     6.3     6.8     7.1     9.4    12.0
03054 20171219  2.422 -102.77   33.96    17.8    -3.7     7.1     6.1     0.0    11.08 C    23.7    -4.4     5.8    88.8    22.7    55.7   0.145 -99.000   0.318 -99.000   0.102     7.2     7.6     7.8     9.5    11.8
03054 20171220  2.422 -102.77   33.96    20.8    -8.4     6.2     7.0     0.0    12.25 C    23.5    -7.2     6.1    80.4    11.9    41.6   0.144 -99.000   0.317 -99.000   0.103     6.9     7.4     7.7     9.6    11.8
03054 20171221  2.422 -102.77   33.96    20.4    -5.7     7.4     6.8     0.0     7.41 C    22.4    -5.5     6.3    74.4    11.7    46.4   0.144 -99.000   0.318 -99.000   0.102     7.6     8.0     8.1     9.8    11.7
03054 20171222  2.422 -102.77   33.96     2.7   -10.1    -3.7    -3.8     0.0     6.42 C    12.1    -9.8    -1.7    92.9    45.3    69.5   0.141 -99.000   0.317 -99.000   0.102     5.3     6.4     7.5     9.8    11.7
03054 20171223  2.422 -102.77   33.96    16.0   -11.8     2.1     4.7     0.0     7.96 C    18.8   -10.8     2.9    87.7    10.4    40.1   0.139 -99.000   0.312 -99.000   0.102     4.7     5.3     6.1     9.3    11.7
03054 20171224  2.422 -102.77   33.96     8.9   -10.6    -0.8    -0.1     0.0     9.60 C    12.0    -9.0     0.8    73.8    25.4    47.9   0.140 -99.000   0.314 -99.000   0.102     5.4     6.1     6.8     9.1    11.5
03054 20171225  2.422 -102.77   33.96    16.6    -8.8     3.9     1.2     0.0    10.27 C    17.6    -8.9     0.8    75.6    20.9    52.9   0.138 -99.000   0.311 -99.000   0.102     4.2     4.9     5.8     8.8    11.4
03054 20171226  2.422 -102.77   33.96     1.8    -8.5    -3.3    -3.9     0.0     9.74 C    11.1    -8.4    -1.2    93.4    52.4    74.1   0.137 -99.000   0.310 -99.000   0.103     3.9     4.7     5.7     8.5    11.2
03054 20171227  2.422 -102.77   33.96    -2.6   -11.0    -6.8    -7.1     0.0     2.97 C     1.3   -11.5    -4.5    93.4    76.1    89.1   0.135 -99.000   0.308 -99.000   0.102     2.7     3.6     5.0     8.2    11.0
03054 20171228  2.422 -102.77   33.96    18.8   -13.3     2.8     2.3     0.0    12.52 C    24.9   -12.5     2.1    94.2    11.4    56.1   0.135 -99.000   0.306 -99.000   0.102     3.2     3.7     4.4     7.7    10.8
03054 20171229  2.422 -102.77   33.96    23.6    -7.1     8.2     7.7     0.0    12.01 C    25.0    -8.3     6.5    96.6     5.4    45.3   0.138 -99.000   0.309 -99.000   0.100     5.1     5.3     5.4     7.6    10.5
03054 20171230  2.422 -102.77   33.96     8.5    -3.8     2.3    -0.4     0.0     4.42 C     7.9    -3.3     1.1    96.1    16.3    79.7   0.137 -99.000   0.311 -99.000   0.101     5.1     5.6     6.2     7.9    10.4
03054 20171231  2.422 -102.77   33.96    -0.2   -10.1    -5.2    -7.3     0.0     3.70 C     1.0    -8.0    -4.3    97.7    63.7    80.3   0.134 -99.000   0.309 -99.000   0.101     3.0     3.9     5.3     7.9    10.4
