04138 20170101  2.422 -112.54   41.62    -6.1   -11.0    -8.5    -8.5     5.2     4.34 C    -4.7   -10.1    -7.7    90.8    87.5    89.2 -99.000 -99.000 -99.000   0.298 -99.000    -1.8    -1.3    -1.0     0.5     4.0
04138 20170102  2.422 -112.54   41.62    -5.1   -13.3    -9.2    -8.9     0.0     1.50 C    -4.1   -20.4   -10.9    91.0    87.2    89.2 -99.000 -99.000 -99.000   0.297 -99.000    -1.6    -1.2    -0.9     0.5     4.0
04138 20170103  2.422 -112.54   41.62    -5.1   -13.0    -9.0    -7.8     0.4     3.97 C    -3.6   -17.8    -9.3    91.1    87.5    89.3 -99.000 -99.000 -99.000   0.297 -99.000    -1.6    -1.2    -0.9     0.4     3.9
04138 20170104  2.422 -112.54   41.62    -0.6   -11.4    -6.0    -4.5    18.9     3.61 C     0.2   -13.9    -4.6    92.3    74.1    89.7 -99.000 -99.000 -99.000   0.296 -99.000    -1.4    -1.1    -0.9     0.4     3.8
04138 20170105  2.422 -112.54   41.62    -9.2   -21.2   -15.2   -14.7     0.0     6.99 C   -12.0   -31.9   -20.9    73.5    45.2    57.5 -99.000 -99.000 -99.000   0.297 -99.000    -1.3    -1.0    -0.9     0.3     3.8
04138 20170106  2.422 -112.54   41.62   -14.8   -26.7   -20.8   -19.8     0.0    10.14 C   -14.3   -33.6   -25.7    81.3    62.9    72.2 -99.000 -99.000 -99.000   0.296 -99.000    -1.4    -1.1    -0.9     0.3     3.7
04138 20170107  2.422 -112.54   41.62    -8.0   -23.4   -15.7   -14.8     2.8     5.09 C    -7.4   -30.5   -16.5    85.6    70.0    80.5 -99.000 -99.000 -99.000   0.296 -99.000    -1.6    -1.2    -0.9     0.3     3.7
04138 20170108  2.422 -112.54   41.62     3.3    -8.3    -2.5    -3.6     9.6     1.35 C     0.1    -7.7    -3.7    95.1    80.5    89.3 -99.000 -99.000 -99.000   0.295 -99.000    -1.5    -1.2    -1.0     0.3     3.7
04138 20170109  2.422 -112.54   41.62     4.2    -0.3     2.0     1.9     8.7     3.19 C     0.4    -4.7    -0.5    89.5    61.8    80.4 -99.000 -99.000 -99.000   0.295 -99.000    -1.2    -1.0    -0.9     0.3     3.6
04138 20170110  2.422 -112.54   41.62     5.6    -1.3     2.2     1.9     0.0     5.05 C     0.4    -5.4    -1.2    72.5    52.4    64.1 -99.000 -99.000 -99.000   0.294 -99.000    -0.9    -0.8    -0.8     0.3     3.6
04138 20170111  2.422 -112.54   41.62     2.7    -5.9    -1.6     0.0    11.2     3.46 C     0.2    -9.2    -1.3    96.6    67.7    86.0 -99.000 -99.000 -99.000   0.294 -99.000    -0.8    -0.7    -0.8     0.3     3.5
04138 20170112  2.422 -112.54   41.62    -1.1    -8.2    -4.6    -4.1     0.0     6.05 C    -1.9   -11.7    -6.4    80.4    59.2    69.6 -99.000 -99.000 -99.000   0.294 -99.000    -0.7    -0.6    -0.7     0.3     3.5
04138 20170113  2.422 -112.54   41.62    -0.5    -8.6    -4.6    -4.0     0.0     7.49 C    -0.3   -14.6    -7.3    82.7    58.8    69.8 -99.000 -99.000 -99.000   0.295 -99.000    -0.8    -0.6    -0.7     0.3     3.4
04138 20170114  2.422 -112.54   41.62    -0.7   -11.2    -5.9    -5.5     0.0    10.46 C    -1.8   -16.3    -9.1    87.5    64.9    78.6 -99.000 -99.000 -99.000   0.293 -99.000    -0.8    -0.6    -0.6     0.4     3.4
04138 20170115  2.422 -112.54   41.62    -3.7   -16.0    -9.8    -9.3     0.0    10.25 C    -4.2   -20.0   -13.4    97.0    71.8    85.0 -99.000 -99.000 -99.000   0.294 -99.000    -1.0    -0.7    -0.6     0.4     3.4
04138 20170116  2.422 -112.54   41.62    -6.9   -17.4   -12.2   -12.3     0.0    10.28 C    -6.2   -21.8   -16.0    87.1    62.3    76.8 -99.000 -99.000 -99.000   0.295 -99.000    -1.2    -0.8    -0.6     0.4     3.4
04138 20170117  2.422 -112.54   41.62    -5.9   -17.3   -11.6   -12.1     0.0    10.85 C    -5.4   -21.5   -15.6    85.8    63.5    75.8 -99.000 -99.000 -99.000   0.294 -99.000    -1.4    -1.0    -0.7     0.4     3.3
04138 20170118  2.422 -112.54   41.62    -6.2   -16.1   -11.2   -10.1     0.0     7.24 C    -4.9   -19.4   -11.2    93.8    84.5    88.1 -99.000 -99.000 -99.000   0.293 -99.000    -1.5    -1.1    -0.7     0.4     3.3
04138 20170119  2.422 -112.54   41.62    -1.4    -8.2    -4.8    -3.7     6.0     4.37 C    -1.4   -10.1    -4.0    98.9    76.7    88.5 -99.000 -99.000 -99.000   0.294 -99.000    -1.4    -1.1    -0.8     0.4     3.3
04138 20170120  2.422 -112.54   41.62     0.7    -4.4    -1.8    -2.2     2.8     8.99 C     0.9    -6.0    -2.5    98.1    86.0    93.1 -99.000 -99.000 -99.000   0.293 -99.000    -1.2    -0.9    -0.8     0.4     3.3
04138 20170121  2.422 -112.54   41.62     0.5   -10.5    -5.0    -1.8     6.4     6.44 C     0.0   -14.8    -3.7    95.0    75.4    86.8 -99.000 -99.000 -99.000   0.294 -99.000    -1.0    -0.8    -0.7     0.4     3.3
04138 20170122  2.422 -112.54   41.62     2.2   -12.6    -5.2    -3.4     6.5     5.38 C     0.0   -16.3    -5.6    93.8    58.5    84.8 -99.000 -99.000 -99.000   0.293 -99.000    -0.9    -0.7    -0.7     0.4     3.2
04138 20170123  2.422 -112.54   41.62     2.9    -3.5    -0.3    -0.8    19.7     4.58 C     0.5    -6.3    -1.5    95.1    74.7    89.3 -99.000 -99.000 -99.000   0.293 -99.000    -0.9    -0.7    -0.6     0.4     3.2
04138 20170124  2.422 -112.54   41.62    -3.1   -10.0    -6.6    -5.4     0.3     9.29 C    -2.2   -14.6    -6.9    93.0    74.6    81.7 -99.000 -99.000 -99.000   0.293 -99.000    -0.8    -0.7    -0.6     0.4     3.2
04138 20170125  2.422 -112.54   41.62    -5.2   -13.4    -9.3    -8.0     0.0     9.33 C    -4.2   -18.7    -9.9    89.1    71.8    83.0 -99.000 -99.000 -99.000   0.293 -99.000    -0.8    -0.6    -0.6     0.4     3.2
04138 20170126  2.422 -112.54   41.62    -4.1   -14.5    -9.3    -8.0     0.3     7.29 C    -3.2   -23.2   -10.7    89.9    74.4    85.8 -99.000 -99.000 -99.000   0.294 -99.000    -0.8    -0.6    -0.6     0.4     3.1
04138 20170127  2.422 -112.54   41.62    -6.7   -17.9   -12.3   -10.6     0.0    11.36 C    -6.8   -23.9   -13.8    86.4    71.3    78.7 -99.000 -99.000 -99.000   0.294 -99.000    -0.8    -0.6    -0.5     0.4     3.1
04138 20170128  2.422 -112.54   41.62    -6.5   -17.1   -11.8    -9.8     0.0     9.82 C    -5.0   -21.7   -11.6    87.8    74.4    81.0 -99.000 -99.000 -99.000   0.294 -99.000    -0.8    -0.6    -0.5     0.4     3.1
04138 20170129  2.422 -112.54   41.62    -8.6   -15.9   -12.2   -12.1     0.0     7.30 C    -6.3   -20.2   -13.7    89.0    84.3    86.5 -99.000 -99.000 -99.000   0.292 -99.000    -0.8    -0.6    -0.5     0.4     3.1
04138 20170130  2.422 -112.54   41.62    -8.8   -12.4   -10.6   -10.6     0.0     7.76 C    -6.6   -14.1   -10.2    87.8    85.8    86.9 -99.000 -99.000 -99.000   0.292 -99.000    -0.8    -0.6    -0.5     0.5     3.1
04138 20170131  2.422 -112.54   41.62    -5.2   -12.1    -8.7    -9.5     0.0     7.20 C    -5.5   -11.6    -8.9    90.2    86.2    87.5 -99.000 -99.000 -99.000   0.292 -99.000    -0.8    -0.6    -0.5     0.5     3.1
04138 20170201  2.422 -112.54   41.62     0.0    -9.3    -4.6 -9999.0     0.0     8.22 C    -1.1   -14.9    -6.5    90.0    70.0    80.6 -99.000 -99.000 -99.000   0.291 -99.000    -0.8    -0.6    -0.5     0.5     3.1
04138 20170202  2.422 -112.54   41.62    -0.7    -6.5    -3.6    -3.1     0.4     7.38 C     0.2    -9.4    -4.6    91.5    74.9    83.0 -99.000 -99.000 -99.000   0.292 -99.000    -0.8    -0.6    -0.5     0.5     3.1
04138 20170203  2.422 -112.54   41.62     3.1    -6.2    -1.5    -1.0     0.0     8.80 C     1.4    -9.4    -3.4    97.1    75.0    86.5 -99.000 -99.000 -99.000   0.292 -99.000    -0.8    -0.5    -0.5     0.5     3.0
04138 20170204  2.422 -112.54   41.62     4.1    -1.1     1.5     2.3     0.4     8.66 C     1.1    -5.4    -0.7    85.7    69.9    76.5 -99.000 -99.000 -99.000   0.292 -99.000    -0.7    -0.5    -0.5     0.5     3.0
04138 20170205  2.422 -112.54   41.62     6.1    -3.9     1.1     2.1     0.0     9.36 C     1.0    -6.6    -1.1    85.0    60.2    77.9 -99.000 -99.000 -99.000   0.293 -99.000    -0.6    -0.5    -0.4     0.5     3.0
04138 20170206  2.422 -112.54   41.62     7.3     1.6     4.4     4.2     6.1     7.34 C     0.8    -0.8     0.0    89.5    51.2    66.3 -99.000 -99.000 -99.000   0.293 -99.000    -0.6    -0.5    -0.4     0.5     3.0
04138 20170207  2.422 -112.54   41.62     5.5    -0.2     2.7     2.6    10.0     7.21 C     0.7    -0.7     0.0    95.3    62.2    86.1 -99.000 -99.000 -99.000   0.293 -99.000    -0.5    -0.4    -0.4     0.5     3.0
04138 20170208  2.422 -112.54   41.62     6.2    -1.4     2.4     2.6     2.9    10.37 C     1.4    -5.2    -1.0    94.3    54.4    71.8 -99.000 -99.000 -99.000   0.294 -99.000    -0.4    -0.4    -0.3     0.5     3.0
04138 20170209  2.422 -112.54   41.62     8.2     1.5     4.8     4.0     1.7     4.79 C     1.2    -0.1     0.3    95.1    68.2    88.3 -99.000 -99.000 -99.000   0.295 -99.000    -0.4    -0.4    -0.3     0.6     3.0
04138 20170210  2.422 -112.54   41.62     7.9     0.8     4.4     3.2    12.3     2.94 C     0.7     0.0     0.2    96.0    68.6    88.2 -99.000 -99.000 -99.000   0.294 -99.000    -0.4    -0.3    -0.2     0.6     3.0
04138 20170211  2.422 -112.54   41.62     3.4    -3.9    -0.3     0.2     0.0    12.00 C     0.8    -8.0    -2.0    96.1    55.5    78.2 -99.000 -99.000 -99.000   0.292 -99.000    -0.4    -0.3    -0.2     0.6     3.0
04138 20170212  2.422 -112.54   41.62     0.5    -9.2    -4.3    -3.7     0.0    14.87 C    -0.2   -14.1    -7.6    66.9    49.6    59.4 -99.000 -99.000 -99.000   0.293 -99.000    -0.4    -0.3    -0.2     0.6     3.0
04138 20170213  2.422 -112.54   41.62     2.3    -9.8    -3.8    -3.7     0.0    14.18 C     0.8   -14.5    -7.7    70.9    46.4    61.9 -99.000 -99.000 -99.000   0.288 -99.000    -0.4    -0.2    -0.2     0.6     3.0
04138 20170214  2.422 -112.54   41.62     3.2    -8.4    -2.6    -2.7     0.0    14.87 C     0.7   -12.9    -7.0    72.6    45.4    61.2 -99.000 -99.000 -99.000   0.280 -99.000    -0.4    -0.3    -0.2     0.7     3.0
04138 20170215  2.422 -112.54   41.62     4.0    -8.9    -2.5    -2.3     0.0    14.51 C     0.8   -12.4    -6.4    78.5    57.7    69.8 -99.000 -99.000 -99.000   0.284 -99.000    -0.4    -0.3    -0.1     0.7     3.0
04138 20170216  2.422 -112.54   41.62     4.9    -6.0    -0.6     0.3     0.0     8.72 C     1.1    -9.6    -3.5    77.5    57.9    69.2 -99.000 -99.000 -99.000   0.283 -99.000    -0.4    -0.3    -0.1     0.7     3.0
04138 20170217  2.422 -112.54   41.62     7.0    -4.0     1.5     2.0     8.8     7.10 C     0.5    -8.4    -2.5    84.9    53.5    69.4 -99.000 -99.000 -99.000   0.278 -99.000    -0.4    -0.3    -0.1     0.7     3.0
04138 20170218  2.422 -112.54   41.62     8.3     2.5     5.4     6.4     5.6     6.90 C     1.1    -0.2     0.3    86.0    50.4    63.3 -99.000 -99.000 -99.000   0.278 -99.000    -0.4    -0.2    -0.1     0.7     3.0
04138 20170219  2.422 -112.54   41.62     7.5    -2.4     2.6     4.1     9.5     9.40 C     1.6    -3.2    -0.1    91.6    61.9    78.2 -99.000 -99.000 -99.000   0.275 -99.000    -0.4    -0.2    -0.1     0.7     3.0
04138 20170220  2.422 -112.54   41.62     9.0    -2.0     3.5     4.9     3.7     5.50 C     2.7    -3.0     0.5    93.4    55.3    75.1 -99.000 -99.000 -99.000   0.276 -99.000    -0.4    -0.2    -0.1     0.8     3.0
04138 20170221  2.422 -112.54   41.62    13.1     0.5     6.8     6.6     1.4    11.92 C    11.9    -0.3     2.8    89.9    47.6    67.9 -99.000 -99.000 -99.000   0.277 -99.000    -0.2    -0.2     0.0     0.8     2.9
04138 20170222  2.422 -112.54   41.62     3.4    -3.9    -0.2    -0.3     6.0     6.36 C     9.1    -6.8    -0.2   100.0    61.9    87.4 -99.000 -99.000 -99.000   0.293 -99.000    -0.2    -0.1     0.1     0.8     2.9
04138 20170223  2.422 -112.54   41.62    -1.3    -7.0    -4.1    -4.2     2.7     9.02 C     1.1   -11.1    -5.5    90.1    62.4    80.3 -99.000 -99.000 -99.000   0.307 -99.000    -0.3    -0.1     0.1     0.8     3.0
04138 20170224  2.422 -112.54   41.62    -2.1   -12.5    -7.3    -6.4     3.6    15.41 C     0.3   -15.0    -7.4    90.9    47.9    76.7 -99.000 -99.000 -99.000   0.309 -99.000    -0.3    -0.1     0.1     0.8     3.0
04138 20170225  2.422 -112.54   41.62    -1.2   -12.7    -6.9    -7.3     0.0    12.17 C    -0.7   -15.2    -9.0    85.5    47.4    71.0 -99.000 -99.000 -99.000   0.310 -99.000    -0.3    -0.1     0.1     0.9     2.9
04138 20170226  2.422 -112.54   41.62     2.0   -13.8    -5.9    -4.5     0.3    17.53 C     0.4   -15.4    -6.7    81.1    46.7    61.7 -99.000 -99.000 -99.000   0.310 -99.000    -0.3     0.0     0.1     0.9     2.9
04138 20170227  2.422 -112.54   41.62    -0.3   -14.7    -7.5    -4.3     3.9    10.71 C    -0.7   -21.7    -7.6    92.6    46.1    77.8 -99.000 -99.000 -99.000   0.308 -99.000    -0.3     0.0     0.1     0.9     2.9
04138 20170228  2.422 -112.54   41.62     0.2   -14.8    -7.3    -5.5     0.0    12.90 C     0.0   -21.3    -9.6    78.0    46.0    66.1 -99.000 -99.000 -99.000   0.309 -99.000    -0.3     0.0     0.2     0.9     2.9
04138 20170301  2.422 -112.54   41.62     2.8    -9.1    -3.2    -2.4     0.0    16.99 C     1.2   -14.6    -5.9    78.1    46.6    62.4 -99.000 -99.000 -99.000   0.309 -99.000    -0.3     0.0     0.2     0.9     2.9
04138 20170302  2.422 -112.54   41.62     4.5    -7.6    -1.6    -1.7     0.0    17.11 C     2.2    -9.6    -3.7    87.6    50.2    73.2 -99.000 -99.000 -99.000   0.307 -99.000    -0.3     0.0     0.2     0.9     2.9
04138 20170303  2.422 -112.54   41.62     7.3    -4.2     1.5     1.4     0.0    15.45 C     7.0    -4.4    -0.2    78.2    42.5    62.8 -99.000 -99.000 -99.000   0.306 -99.000    -0.1     0.1     0.2     0.9     2.9
04138 20170304  2.422 -112.54   41.62    12.8    -0.9     6.0     6.5     0.0    14.94 C    13.0    -1.3     3.1    75.1    24.1    47.5 -99.000 -99.000   0.322   0.307 -99.000     0.6     0.6     0.5     0.9     2.9
04138 20170305  2.422 -112.54   41.62    10.7    -4.5     3.1     4.7     5.3     8.55 C    11.8    -7.2     1.0    89.9    29.2    52.8   0.251   0.302   0.319   0.306 -99.000     0.9     1.2     1.0     1.1     2.9
04138 20170306  2.422 -112.54   41.62    -0.2    -8.6    -4.4    -3.5     0.0    15.37 C    -0.9   -14.6    -6.7    84.5    38.5    62.8 -99.000   0.291   0.314   0.309 -99.000     0.2     0.7     0.9     1.3     2.9
04138 20170307  2.422 -112.54   41.62     4.7    -5.3    -0.3     0.8     0.0    12.47 C     2.0   -10.0    -1.8    81.3    39.3    60.4 -99.000   0.277   0.310   0.308 -99.000     0.2     0.5     0.6     1.3     3.0
04138 20170308  2.422 -112.54   41.62    12.0     1.5     6.7     6.1     0.0    16.44 C    16.7    -0.4     5.1    76.4    41.6    61.1 -99.000   0.300   0.314   0.311 -99.000     2.6     2.0     1.2     1.3     3.0
04138 20170309  2.422 -112.54   41.62    13.8     1.9     7.8     8.4     0.0    14.45 C    21.2    -1.4     6.9    76.2    42.4    57.9   0.244   0.293   0.314   0.314 -99.000     4.6     3.7     2.5     1.7     3.0
04138 20170310  2.422 -112.54   41.62    13.2     1.9     7.6     7.3     0.0     6.12 C    13.3     0.0     5.5    85.7    44.5    67.8   0.231   0.282   0.310   0.314 -99.000     4.9     4.6     3.7     2.5     3.1
04138 20170311  2.422 -112.54   41.62    12.6     0.4     6.5     6.8     0.0    17.60 C    20.5    -1.4     6.0    86.9    25.5    58.5   0.221   0.274   0.304   0.316 -99.000     5.2     4.9     4.0     3.0     3.2
04138 20170312  2.422 -112.54   41.62    13.0     0.3     6.6     7.3     0.0    13.39 C    18.8    -1.5     6.3    79.9    30.0    53.6   0.212   0.267   0.301   0.314 -99.000     5.7     5.4     4.6     3.5     3.5
04138 20170313  2.422 -112.54   41.62    15.0    -1.4     6.8     7.0     0.0    18.78 C    20.1    -2.0     6.3    79.8    28.4    54.9   0.201   0.260   0.297   0.318 -99.000     5.4     5.2     4.6     3.9     3.7
04138 20170314  2.422 -112.54   41.62    19.0     1.0    10.0    10.3     0.0    19.52 C    27.8    -1.7     8.7    71.9    17.0    48.5   0.194   0.254   0.294   0.314 -99.000     6.8     6.3     5.2     4.2     3.9
04138 20170315  2.422 -112.54   41.62    19.7     2.4    11.1    11.3     0.0    19.66 C    28.0    -1.6    10.1    66.3    20.5    45.8   0.188   0.248   0.291   0.314 -99.000     7.7     7.1     6.0     4.6     4.1
04138 20170316  2.422 -112.54   41.62    18.0     3.6    10.8    11.8     0.0    16.34 C    27.5     0.8    10.2    70.6    26.2    44.5   0.182   0.243   0.289   0.315 -99.000     8.6     8.0     6.9     5.2     4.3
04138 20170317  2.422 -112.54   41.62    18.8     1.8    10.3    10.4     0.0    20.02 C    30.6    -1.9    10.9    78.7    22.7    55.9   0.176   0.237   0.286   0.315 -99.000     8.6     8.0     7.0     5.7     4.6
04138 20170318  2.422 -112.54   41.62    19.9     4.3    12.1    12.9     0.0    13.75 C    26.4     0.7    11.3    66.9    25.7    45.9   0.172   0.233   0.285   0.316 -99.000     9.2     8.7     7.7     6.1     4.8
04138 20170319  2.422 -112.54   41.62    17.0     3.8    10.4    11.5     0.0    15.22 C    28.8     1.3    12.1    81.3    33.7    57.3   0.169   0.228   0.282   0.313 -99.000    10.3     9.6     8.3     6.6     5.1
04138 20170320  2.422 -112.54   41.62    18.4     6.4    12.4    12.2     0.0    13.05 C    28.9     4.1    12.3    72.3    34.3    54.8   0.166   0.223   0.280   0.314 -99.000    10.4     9.8     8.8     7.1     5.4
04138 20170321  2.422 -112.54   41.62    20.6     8.1    14.3    14.5     0.3    15.22 C    30.9     6.2    14.1    66.0    18.7    42.0   0.163   0.219   0.277   0.313 -99.000    11.2    10.5     9.2     7.5     5.7
04138 20170322  2.422 -112.54   41.62    13.8     4.6     9.2     8.9     3.0    13.46 C    27.1     3.2    10.8    87.9    43.9    75.6   0.161   0.215   0.275   0.313 -99.000    10.8    10.6     9.7     8.0     6.0
04138 20170323  2.422 -112.54   41.62    10.2    -0.3     5.0     5.5     0.0     7.49 C    13.7    -3.8     4.3    78.8    34.8    57.7   0.156   0.210   0.271   0.316 -99.000     7.0     8.1     8.6     8.2     6.3
04138 20170324  2.422 -112.54   41.62    12.2    -4.4     3.9     5.3     0.0    19.68 C    26.4    -6.0     6.8    76.4    21.1    53.3   0.155   0.206   0.267   0.313 -99.000     6.5     6.8     7.1     7.7     6.6
04138 20170325  2.422 -112.54   41.62     9.0     2.2     5.6     4.8     8.6     7.62 C    15.8    -0.2     6.0    90.5    50.5    79.0   0.164   0.205   0.267   0.311 -99.000     7.0     7.5     7.4     7.4     6.7
04138 20170326  2.422 -112.54   41.62     9.4    -1.6     3.9     4.8     0.0    15.15 C    18.4    -1.6     6.5   100.0    40.0    72.2   0.179   0.208   0.265   0.312 -99.000     6.8     7.1     7.0     7.2     6.8
04138 20170327  2.422 -112.54   41.62     7.0     0.6     3.8     4.5     9.7     4.30 C     9.7    -0.5     3.7    88.1    49.5    72.1   0.218   0.213   0.264   0.310 -99.000     5.6     6.4     6.8     7.1     6.8
04138 20170328  2.422 -112.54   41.62    10.3     1.5     5.9     5.2     0.0    21.56 C    18.4    -1.4     4.9    65.3    35.2    52.9   0.223   0.228   0.264   0.310 -99.000     5.5     5.9     6.0     6.8     6.8
04138 20170329  2.422 -112.54   41.62    11.5    -2.0     4.8     5.8     0.0    22.02 C    22.3    -2.5     7.6    84.7    40.9    59.9   0.204   0.231   0.266   0.311 -99.000     6.7     6.6     6.2     6.5     6.8
04138 20170330  2.422 -112.54   41.62     7.4     1.5     4.5     4.8    14.3     2.93 C     8.2     1.0     5.0    92.2    73.4    83.4   0.242   0.261   0.269   0.307 -99.000     6.3     6.9     6.8     6.6     6.8
04138 20170331  2.422 -112.54   41.62    11.1     1.7     6.4     6.5     0.0     5.38 C    10.5     0.7     5.0    86.5    51.1    68.1   0.248   0.290   0.285   0.308 -99.000     5.3     5.7     6.0     6.6     6.8
04138 20170401  2.422 -112.54   41.62    15.2     3.2     9.2     8.5     0.0    22.40 C    24.6    -0.3     9.1    71.0    35.3    56.0   0.233   0.282   0.290   0.309 -99.000     7.7     7.2     6.4     6.3     6.8
04138 20170402  2.422 -112.54   41.62    11.7     0.7     6.2     6.5     0.9    12.19 C    22.8    -1.5     6.5    83.6    42.4    65.6   0.218   0.272   0.291   0.311 -99.000     7.3     7.5     7.2     6.7     6.7
04138 20170403  2.422 -112.54   41.62     8.8    -1.1     3.8     3.9     0.0    22.98 C    19.3    -2.8     4.7    54.2    26.2    37.8   0.206   0.263   0.289   0.312 -99.000     6.2     6.7     6.7     6.8     6.8
04138 20170404  2.422 -112.54   41.62     8.2    -3.1     2.6     2.2     0.0    22.58 C    21.2    -4.6     4.0    68.0    20.0    45.2   0.193   0.254   0.286   0.309 -99.000     5.1     5.8     6.1     6.7     6.8
04138 20170405  2.422 -112.54   41.62    11.6    -4.0     3.8     4.7     0.0    20.63 C    23.8    -4.3     6.5    82.5    22.6    48.2   0.186   0.247   0.284   0.308 -99.000     5.9     6.0     6.0     6.4     6.8
04138 20170406  2.422 -112.54   41.62    18.3     2.3    10.3    11.7     0.0    16.72 C    29.5    -0.7    11.3    58.1    22.9    37.2   0.182   0.242   0.282   0.310 -99.000     8.2     7.6     6.8     6.4     6.8
04138 20170407  2.422 -112.54   41.62    18.0     4.6    11.3    14.0     7.6     5.64 C    17.9     5.5    11.5    91.2    22.5    38.5   0.177   0.237   0.280   0.310 -99.000     9.7     9.3     8.2     6.9     6.8
04138 20170408  2.422 -112.54   41.62    10.9    -0.1     5.4     3.6    28.0    14.73 C    19.0    -1.2     5.6    93.2    51.2    86.1   0.284   0.320   0.310   0.311 -99.000     7.5     8.0     7.9     7.4     6.9
04138 20170409  2.422 -112.54   41.62     7.1    -3.5     1.8     1.9     0.0    21.72 C    20.2    -5.1     4.3    89.1    33.3    58.7   0.272   0.324   0.326   0.313 -99.000     6.7     7.0     7.0     7.3     7.0
04138 20170410  2.422 -112.54   41.62    10.9    -2.3     4.3     4.9     0.0    24.81 C    18.9    -1.8     5.7    76.4    28.6    54.4   0.244   0.302   0.320   0.317 -99.000     6.6     6.8     6.8     7.1     7.1
04138 20170411  2.422 -112.54   41.62    13.1    -0.3     6.4     7.1     0.0    14.98 C    20.4    -1.5     6.9    73.4    31.8    56.0   0.228   0.288   0.313   0.317 -99.000     7.0     7.1     6.9     7.0     7.1
04138 20170412  2.422 -112.54   41.62    18.7     0.7     9.7    11.7     0.0    25.14 C    28.9    -1.3    11.6    72.4    16.7    44.1   0.217   0.277   0.307   0.317 -99.000     9.2     8.5     7.6     7.0     7.2
04138 20170413  2.422 -112.54   41.62    21.9     2.0    12.0    13.0     0.9    21.09 C    29.8     3.7    12.2    88.3    16.0    37.4   0.201   0.267   0.302   0.316 -99.000    10.4    10.0     8.9     7.5     7.2
04138 20170414  2.422 -112.54   41.62    10.5    -1.2     4.7     4.3     0.5    16.28 C    20.7    -3.1     6.3    92.5    27.1    66.8   0.189   0.256   0.299   0.315 -99.000     8.2     8.6     8.6     8.0     7.2
04138 20170415  2.422 -112.54   41.62     9.2    -4.1     2.6     3.4     0.0    26.26 C    25.8    -5.0     7.1    70.3    20.8    42.0   0.183   0.247   0.293   0.316 -99.000     7.4     7.7     7.7     7.9     7.4
04138 20170416  2.422 -112.54   41.62    16.3    -1.9     7.2     8.8     0.0    22.02 C    33.0    -3.6    11.0    62.1    26.3    42.3   0.179   0.241   0.291   0.315 -99.000     8.8     8.5     7.9     7.7     7.4
04138 20170417  2.422 -112.54   41.62    17.3     9.5    13.4    12.5     0.0    16.37 C    33.8     7.1    14.1    65.2    22.3    47.4   0.176   0.236   0.288   0.313 -99.000    11.6    10.8     9.4     8.0     7.5
04138 20170418  2.422 -112.54   41.62    14.2     4.9     9.6     9.2    12.2    11.15 C    29.0     4.4    11.0    89.6    47.9    67.1   0.181   0.229   0.285   0.310 -99.000    10.9    10.8    10.0     8.6     7.6
04138 20170419  2.422 -112.54   41.62    12.6     2.1     7.4     7.5     0.0    22.19 C    25.4     0.6     9.7    90.6    36.6    66.4   0.222   0.233   0.282   0.311 -99.000    10.2    10.2     9.5     8.9     7.8
04138 20170420  2.422 -112.54   41.62     9.3     1.6     5.4     4.8     7.0    10.08 C    21.7     0.2     6.0    88.8    59.4    76.2   0.219   0.238   0.282   0.311 -99.000     7.9     8.8     9.1     8.9     7.9
04138 20170421  2.422 -112.54   41.62    10.4    -1.8     4.3     4.5     0.0    24.23 C    23.1    -1.3     6.7    85.8    34.4    60.2   0.234   0.252   0.282   0.313 -99.000     8.0     8.3     8.3     8.6     8.1
04138 20170422  2.422 -112.54   41.62    13.3    -1.6     5.8     6.5     0.0    25.56 C    25.4    -2.0     8.5    73.2    29.1    55.7   0.213   0.252   0.284   0.313 -99.000     8.6     8.6     8.3     8.4     8.1
04138 20170423  2.422 -112.54   41.62    16.7     1.3     9.0     9.8     0.0    17.69 C    28.0     0.0    10.1    80.0    27.9    52.9   0.200   0.248   0.284   0.312 -99.000     9.9     9.7     9.0     8.5     8.1
04138 20170424  2.422 -112.54   41.62    10.6     2.7     6.7     7.2     2.5     9.57 C    14.8     2.4     7.1    90.4    54.7    72.7   0.189   0.242   0.283   0.313 -99.000     8.6     9.1     9.0     8.7     8.2
04138 20170425  2.422 -112.54   41.62    11.8     2.0     6.9     6.1     0.0    19.44 C    22.9     1.5     8.2    88.9    42.1    66.6   0.189   0.238   0.280   0.312 -99.000     8.5     8.7     8.5     8.6     8.2
04138 20170426  2.422 -112.54   41.62    10.6     1.3     5.9     6.1     4.1    11.46 C    18.6     0.0     6.8    90.6    52.4    74.0   0.182   0.233   0.279   0.313 -99.000     8.0     8.4     8.5     8.5     8.3
04138 20170427  2.422 -112.54   41.62     8.5    -1.5     3.5     3.5     0.0    20.03 C    17.7    -2.5     4.8    90.4    37.5    59.1   0.185   0.230   0.278   0.313 -99.000     7.4     7.9     8.0     8.4     8.3
04138 20170428  2.422 -112.54   41.62     7.1    -3.5     1.8     2.7     0.0    12.38 C    10.6    -3.7     3.1    74.6    47.9    61.9   0.179   0.227   0.276   0.314 -99.000     5.1     6.1     7.0     8.1     8.3
04138 20170429  2.422 -112.54   41.62    10.9    -0.6     5.2     5.4     0.0    25.19 C    30.6    -2.4     8.8    84.7    36.9    57.0   0.178   0.226   0.274   0.311 -99.000     7.8     7.5     7.0     7.6     8.3
04138 20170430  2.422 -112.54   41.62    14.4    -0.3     7.0     7.8     0.0    19.43 C    28.1    -2.1     9.7    83.1    33.6    57.0   0.173   0.224   0.274   0.313 -99.000     9.0     8.7     8.0     7.8     8.2
04138 20170501  2.422 -112.54   41.62    15.5     6.1    10.8    10.7     0.4    28.36 C    35.6     2.3    15.3    75.4    29.6    44.7   0.172   0.221   0.273   0.311 -99.000    12.4    11.1     9.4     8.1     8.1
04138 20170502  2.422 -112.54   41.62    16.5     3.8    10.2    10.4     0.9    21.82 C    32.5     1.4    13.4    83.3    33.8    57.2   0.167   0.216   0.272   0.311 -99.000    12.9    12.2    10.8     8.9     8.2
04138 20170503  2.422 -112.54   41.62    17.3     1.2     9.2    10.8     0.0    28.15 C    36.9    -0.8    14.9    73.0    33.6    50.7   0.164   0.211   0.269   0.312 -99.000    13.1    12.3    11.0     9.5     8.3
04138 20170504  2.422 -112.54   41.62    21.6     2.9    12.2    14.0     0.0    28.69 C    41.1     1.2    18.1    77.0    23.9    48.7   0.162   0.206   0.267   0.309 -99.000    15.0    13.9    12.1    10.0     8.4
04138 20170505  2.422 -112.54   41.62    25.6     5.7    15.7    18.2     0.0    28.06 C    45.6     3.0    21.3    72.3    15.6    40.6   0.159   0.202   0.263   0.310 -99.000    17.0    15.5    13.4    10.8     8.7
04138 20170506  2.422 -112.54   41.62    25.5    12.3    18.9    19.5     0.0    16.53 C    39.4    10.0    20.0    55.8    15.6    34.8   0.154   0.196   0.260   0.312 -99.000    17.4    16.5    14.7    11.7     8.9
04138 20170507  2.422 -112.54   41.62    22.1     9.5    15.8    15.3     0.6    26.55 C    43.9     7.2    19.9    73.3    28.2    52.1   0.152   0.192   0.255   0.310 -99.000    17.9    16.8    15.0    12.4     9.3
04138 20170508  2.422 -112.54   41.62    20.1     7.8    13.9    13.7     0.0    26.33 C    42.4     5.9    19.8    68.0    36.3    52.7   0.149   0.189   0.249   0.312 -99.000    17.6    16.8    15.3    12.9     9.6
04138 20170509  2.422 -112.54   41.62    21.4     7.1    14.3    14.8     0.0    26.65 C    43.5     5.5    19.7    75.0    21.4    47.2   0.147   0.185   0.244   0.309 -99.000    18.0    17.3    15.8    13.3    10.0
04138 20170510  2.422 -112.54   41.62    22.7     7.6    15.1    16.0     0.0    29.16 C    45.8     4.0    21.0    60.1    21.1    40.1   0.144   0.183   0.239   0.312 -99.000    18.4    17.6    16.0    13.7    10.3
04138 20170511  2.422 -112.54   41.62    24.8     5.8    15.3    17.2     0.0    29.12 C    45.4     4.2    21.9    73.2    17.9    41.0   0.144   0.181   0.233   0.309 -99.000    19.2    18.2    16.6    14.2    10.7
04138 20170512  2.422 -112.54   41.62    27.1     5.1    16.1    17.0     0.0    27.88 C    39.8     4.2    20.0    69.2    13.5    37.8   0.140   0.178   0.229   0.312 -99.000    19.3    18.7    17.1    14.6    11.0
04138 20170513  2.422 -112.54   41.62    11.3     0.7     6.0     5.9     0.0    18.19 C    35.1    -0.3    10.9    74.5    35.1    51.9   0.133   0.173   0.225   0.310 -99.000    15.1    15.9    16.0    14.9    11.3
04138 20170514  2.422 -112.54   41.62    17.1    -1.7     7.7     9.0     0.0    24.09 C    41.0    -3.4    14.1    75.1    22.7    42.7   0.132   0.172   0.222   0.308 -99.000    14.6    14.8    14.7    14.4    11.6
04138 20170515  2.422 -112.54   41.62    18.2     3.8    11.0    12.2     0.0    23.01 C    45.1     1.3    17.1    57.8    16.0    37.0   0.133   0.173   0.219   0.308 -99.000    16.4    16.0    15.1    14.1    11.8
04138 20170516  2.422 -112.54   41.62    16.5     3.2     9.8    10.6     6.3    21.16 C    35.7     4.6    14.8    86.6    24.8    51.1   0.131   0.172   0.218   0.306 -99.000    16.0    15.9    15.2    14.2    11.9
04138 20170517  2.422 -112.54   41.62     7.1    -0.8     3.2     2.0     5.1    20.31 C    20.6    -3.0     5.2    94.2    40.5    73.0   0.127   0.168   0.216   0.308 -99.000    11.8    13.2    14.0    14.1    11.9
04138 20170518  2.422 -112.54   41.62    10.9    -2.3     4.3     4.3     2.9    16.66 C    20.8    -1.7     7.4    95.1    46.7    74.3   0.135   0.166   0.216   0.307 -99.000    10.0    11.0    12.0    13.3    12.0
04138 20170519  2.422 -112.54   41.62    13.3     3.7     8.5     7.1     0.6    20.48 C    29.5     3.9    11.1    89.8    49.9    71.8   0.144   0.170   0.217   0.304 -99.000    11.9    11.9    11.8    12.6    12.0
04138 20170520  2.422 -112.54   41.62    17.9     3.4    10.6    11.2     0.0    28.73 C    33.6     2.5    15.8    87.2    30.4    59.8   0.151   0.174   0.218   0.304 -99.000    14.7    14.0    12.8    12.4    11.9
04138 20170521  2.422 -112.54   41.62    17.4     7.5    12.5    11.6     3.7    17.61 C    33.6     6.2    14.6    86.3    44.8    68.5   0.149   0.176   0.219   0.303 -99.000    14.7    14.6    13.8    12.8    11.7
04138 20170522  2.422 -112.54   41.62    21.7     4.5    13.1    14.3     0.0    27.47 C    34.6     3.3    16.6    86.9    27.2    56.5   0.151   0.177   0.220   0.300 -99.000    15.7    15.1    14.0    13.1    11.7
04138 20170523  2.422 -112.54   41.62    24.2     6.5    15.3    16.8     0.0    30.12 C    42.8     4.7    20.6    71.0    18.5    43.5   0.152   0.179   0.219   0.298 -99.000    18.3    17.0    15.2    13.4    11.7
04138 20170524  2.422 -112.54   41.62    28.0     5.9    16.9    17.9     0.0    27.56 C    42.6     5.5    20.7    77.7    18.1    39.4   0.149   0.179   0.220   0.304 -99.000    19.0    18.1    16.4    14.1    11.9
04138 20170525  2.422 -112.54   41.62    16.9     3.9    10.4    11.9     0.5    26.03 C    42.3     4.4    17.4    72.8    20.2    36.9   0.144   0.177   0.219   0.302 -99.000    18.2    17.9    16.7    14.7    12.0
04138 20170526  2.422 -112.54   41.62    16.3     5.5    10.9    10.8     0.0    27.25 C    40.0     3.0    17.2    72.4    34.2    49.2   0.141   0.176   0.217   0.302 -99.000    17.3    17.0    16.2    14.9    12.2
04138 20170527  2.422 -112.54   41.62    18.5     1.6    10.1    10.9     0.0    21.12 C    42.2     0.7    15.5    87.0    29.5    55.7   0.139   0.174   0.217   0.303 -99.000    16.7    16.6    16.0    14.9    12.4
04138 20170528  2.422 -112.54   41.62    22.7     5.4    14.0    15.3     0.0    30.84 C    46.7     1.6    21.0    61.7    19.2    36.0   0.140   0.175   0.216   0.301 -99.000    18.3    17.4    16.2    14.9    12.6
04138 20170529  2.422 -112.54   41.62    25.3     8.2    16.8    17.6     0.0    30.78 C    48.9     4.7    23.3    59.8    15.4    34.3   0.140   0.176   0.214   0.298 -99.000    20.1    19.1    17.4    15.2    12.7
04138 20170530  2.422 -112.54   41.62    27.4    11.1    19.3    19.9     0.0    30.66 C    49.3     6.4    24.8    56.8    12.3    32.1   0.139   0.175   0.213   0.301 -99.000    21.2    20.2    18.4    15.9    12.9
04138 20170531  2.422 -112.54   41.62    29.6    11.6    20.6    22.8     0.0    28.17 C    52.2     7.9    26.9    45.5     9.1    23.0   0.137   0.176   0.213   0.302 -99.000    22.4    21.3    19.3    16.5    13.1
04138 20170601  2.422 -112.54   41.62    26.4    11.9    19.1    21.5     0.0    18.59 C    45.8    10.4    24.6    60.8    13.0    29.9   0.134   0.175   0.212   0.300 -99.000    22.5    21.7    20.0    17.2    13.3
04138 20170602  2.422 -112.54   41.62    24.6     6.8    15.7    17.0     0.0    30.82 C    51.1     4.8    24.3    72.2    19.2    41.4   0.131   0.173   0.210   0.302 -99.000    22.2    21.4    19.9    17.5    13.6
04138 20170603  2.422 -112.54   41.62    28.7     7.1    17.9    20.2     0.0    30.08 C    50.4     6.1    25.5    62.3    13.0    31.0   0.129   0.172   0.210   0.302 -99.000    22.5    21.7    20.2    17.8    13.9
04138 20170604  2.422 -112.54   41.62    31.9    12.4    22.2    24.0     0.0    29.79 C    53.1     9.4    29.0    47.8    10.2    25.3   0.128   0.172   0.209   0.295 -99.000    24.1    22.9    20.9    18.2    14.2
04138 20170605  2.422 -112.54   41.62    28.6    12.6    20.6    21.0     0.0    29.66 C    53.7    10.1    28.0    50.6    15.5    30.4   0.123   0.171   0.208   0.295 -99.000    24.8    23.7    21.8    18.7    14.5
04138 20170606  2.422 -112.54   41.62    30.6    10.9    20.7    22.0     0.0    30.67 C    53.6     8.5    27.6    54.0    11.8    30.4   0.120   0.170   0.207   0.298 -99.000    24.6    23.7    21.9    19.2    14.8
04138 20170607  2.422 -112.54   41.62    32.7    14.2    23.5    24.7     0.0    29.67 C    53.5    11.1    28.7    44.9     9.8    22.7   0.116   0.169   0.207   0.301 -99.000    25.0    24.0    22.3    19.6    15.1
04138 20170608  2.422 -112.54   41.62    31.3    14.9    23.1    24.7     0.0    28.51 C    49.6    10.4    27.5    42.5     7.3    16.9   0.111   0.167   0.205   0.298 -99.000    24.9    24.2    22.6    19.9    15.4
04138 20170609  2.422 -112.54   41.62    26.2     8.2    17.2    17.2     0.0    28.92 C    49.9     7.2    24.5    59.1    16.3    36.4   0.106   0.166   0.206   0.297 -99.000    24.3    23.8    22.5    20.1    15.7
04138 20170610  2.422 -112.54   41.62    23.2     9.8    16.5    16.3     0.0    27.31 C    47.6    10.1    25.0    66.1    22.6    40.6   0.103   0.164   0.207   0.296 -99.000    23.8    23.2    22.1    20.2    15.9
04138 20170611  2.422 -112.54   41.62    27.9    12.5    20.2    20.6     0.0    29.45 C    52.4    10.9    26.9    45.2     8.5    26.5   0.100   0.164   0.207   0.291 -99.000    24.2    23.5    22.1    20.2    16.2
04138 20170612  2.422 -112.54   41.62    21.4     6.3    13.8    14.1     1.1    14.44 C    32.2     7.0    16.1    84.0    16.0    36.7   0.094   0.161   0.208   0.290 -99.000    21.1    21.9    21.7    20.3    16.4
04138 20170613  2.422 -112.54   41.62    18.5     5.4    11.9    10.6     5.7    14.17 C    26.8     5.8    11.6    92.5    37.3    69.2   0.091   0.157   0.206   0.295 -99.000    16.9    18.3    19.3    19.7    16.5
04138 20170614  2.422 -112.54   41.62    22.6     3.9    13.2    15.0     0.0    30.50 C    43.2     2.9    19.9    81.9    20.4    45.2   0.098   0.158   0.206   0.292 -99.000    19.5    19.0    18.4    18.7    16.5
04138 20170615  2.422 -112.54   41.62    28.0     7.0    17.5    19.2     0.0    28.24 C    49.6     5.0    23.2    64.6    13.9    34.4   0.104   0.160   0.207   0.291 -99.000    21.7    20.9    19.6    18.6    16.5
04138 20170616  2.422 -112.54   41.62    28.9    12.5    20.7    22.1     0.0    26.82 C    49.1     9.3    26.3    62.9    21.7    36.9   0.110   0.162   0.208   0.292 -99.000    23.7    22.5    20.8    18.9    16.4
04138 20170617  2.422 -112.54   41.62    25.8    13.1    19.5    18.9     0.0    27.66 C    50.5    11.3    26.3    63.2    22.5    40.4   0.111   0.162   0.211   0.289 -99.000    24.0    23.2    21.6    19.4    16.4
04138 20170618  2.422 -112.54   41.62    27.7     7.3    17.5    19.7     0.0    30.99 C    52.8     6.7    26.7    59.9    21.5    35.5   0.110   0.163   0.211   0.287 -99.000    24.2    23.4    21.9    19.8    16.6
04138 20170619  2.422 -112.54   41.62    30.3    11.4    20.9    22.7     0.0    29.67 C    53.8    10.1    29.0    62.3    19.8    37.1   0.107   0.163   0.211   0.286 -99.000    25.2    24.2    22.5    20.1    16.7
04138 20170620  2.422 -112.54   41.62    34.8    15.1    25.0    25.3     0.3    26.02 C    57.3    12.9    29.2    48.0    14.0    29.4   0.104   0.164   0.211   0.288 -99.000    26.3    25.2    23.3    20.6    16.8
04138 20170621  2.422 -112.54   41.62    34.6    13.3    24.0    25.2     0.0    28.60 C    58.2    11.7    30.7    61.9    14.9    31.5   0.100   0.164   0.213   0.287 -99.000    26.7    25.5    23.7    21.0    17.0
04138 20170622  2.422 -112.54   41.62    29.1    11.2    20.1    21.4     0.0    31.79 C    55.4     8.0    27.5    38.3     8.5    18.9   0.095   0.162   0.212   0.287 -99.000    26.0    25.3    23.9    21.4    17.3
04138 20170623  2.422 -112.54   41.62    28.7    12.0    20.3    20.6     0.0    31.93 C    55.9     7.5    27.4    30.6     7.2    19.5   0.091   0.161   0.211   0.287 -99.000    25.5    24.8    23.6    21.6    17.5
04138 20170624  2.422 -112.54   41.62    29.2     8.5    18.8    20.6     0.0    31.62 C    54.4     5.7    27.1    45.7    11.6    23.7   0.087   0.161   0.212   0.287 -99.000    25.5    24.8    23.6    21.6    17.7
04138 20170625  2.422 -112.54   41.62    31.6    12.2    21.9    23.2     0.0    31.63 C    57.9     8.1    29.3    42.5    11.4    23.1   0.084   0.161   0.212   0.287 -99.000    26.3    25.3    23.8    21.7    17.9
04138 20170626  2.422 -112.54   41.62    33.5    14.4    24.0    25.9     0.0    28.51 C    57.7    10.9    30.4    44.9    10.1    22.4   0.082   0.160   0.213   0.288 -99.000    27.0    25.8    24.3    21.9    18.0
04138 20170627  2.422 -112.54   41.62    30.7    15.2    23.0    24.7     0.0    27.40 C    54.0    12.8    29.9    41.4    10.8    23.8   0.079   0.160   0.212   0.288 -99.000    27.7    26.6    24.9    22.3    18.2
04138 20170628  2.422 -112.54   41.62    30.2    11.4    20.8    21.5     0.0    28.96 C    51.0     9.1    26.7    49.1     9.7    29.7   0.076   0.158   0.214   0.285 -99.000    26.5    25.8    24.6    22.5    18.4
04138 20170629  2.422 -112.54   41.62    27.6     8.6    18.1    20.1     0.0    31.09 C    51.8     5.8    25.9    37.3     9.1    17.3   0.073   0.157   0.214   0.283 -99.000    25.8    25.2    24.2    22.5    18.5
04138 20170630  2.422 -112.54   41.62    27.0     9.2    18.1    19.5     0.0    31.15 C    54.6     6.4    26.7    43.5    14.3    25.4   0.072   0.156   0.214   0.279 -99.000    25.8    25.1    24.0    22.4    18.6
04138 20170701  2.422 -112.54   41.62    30.6     8.9    19.7    22.4     0.0    30.19 C    55.2     6.2    28.1    46.3     9.9    22.1   0.071   0.156   0.214   0.281 -99.000    26.0    25.1    24.0    22.4    18.8
04138 20170702  2.422 -112.54   41.62    32.8    17.9    25.4    25.9     0.0    27.31 C    56.6    14.7    31.0    26.9    10.2    18.0   0.071   0.156   0.216   0.282 -99.000    27.7    26.3    24.7    22.5    18.9
04138 20170703  2.422 -112.54   41.62    34.9    13.9    24.4    25.9     0.0    29.57 C    58.7    11.5    31.7    40.6    10.2    21.0   0.069   0.156   0.217   0.282 -99.000    28.3    26.8    25.1    22.8    19.0
04138 20170704  2.422 -112.54   41.62    35.7    18.1    26.9    27.3     0.0    29.02 C    59.2    14.4    32.7    35.2     8.6    21.6   0.068   0.156   0.216   0.279 -99.000    29.1    27.5    25.7    23.2    19.1
04138 20170705  2.422 -112.54   41.62    37.3    18.9    28.1    29.1     0.0    30.14 C    59.6    14.7    33.7    35.1     5.2    18.6   0.067   0.156   0.215   0.276 -99.000    29.8    28.0    26.2    23.5    19.3
04138 20170706  2.422 -112.54   41.62    36.7    15.7    26.2    27.7     0.0    27.27 C    61.0    12.8    32.5    37.4     8.7    20.5   0.065   0.155   0.218   0.282 -99.000    29.6    28.2    26.5    23.9    19.5
04138 20170707  2.422 -112.54   41.62    37.7    21.3    29.5    29.9     0.0    29.52 C    60.7    18.5    35.7    28.8     8.7    17.0   0.065   0.155   0.217   0.284 -99.000    30.9    28.9    26.9    24.1    19.7
04138 20170708  2.422 -112.54   41.62    36.8    17.9    27.4    28.1     0.0    27.20 C    58.2    15.7    32.9    37.5     9.9    22.8   0.063   0.154   0.220   0.287 -99.000    30.5    28.9    27.2    24.5    19.9
04138 20170709  2.422 -112.54   41.62    35.2    17.4    26.3    26.7     2.2    26.32 C    58.7    16.0    32.1    61.1    12.2    32.6   0.062   0.152   0.217   0.284 -99.000    30.2    28.8    27.2    24.7    20.1
04138 20170710  2.422 -112.54   41.62    32.8    18.1    25.5    26.8     0.0    26.79 C    50.7    15.8    29.4    73.3    12.9    32.9   0.063   0.150   0.217   0.282 -99.000    28.7    27.9    26.8    24.8    20.3
04138 20170711  2.422 -112.54   41.62    33.5    17.0    25.2    26.4     0.0    29.38 C    56.3    14.5    31.7    56.6     8.9    27.0   0.066   0.150   0.217   0.281 -99.000    29.2    28.0    26.5    24.7    20.5
04138 20170712  2.422 -112.54   41.62    33.5    17.2    25.3    25.6     0.0    29.51 C    58.6    13.3    32.1    45.2    13.4    27.7   0.065   0.151   0.216   0.280 -99.000    29.6    28.3    26.8    24.7    20.6
04138 20170713  2.422 -112.54   41.62    35.3    15.6    25.5    25.9     0.0    28.89 C    59.1    13.8    31.7    54.1     9.1    28.6   0.063   0.150   0.224   0.277 -99.000    29.8    28.5    27.1    24.8    20.7
04138 20170714  2.422 -112.54   41.62    34.8    16.8    25.8    26.5     0.0    22.75 C    61.2    14.0    31.6    40.7    13.8    25.3   0.061   0.150   0.219   0.274 -99.000    29.2    28.2    27.0    25.0    20.8
04138 20170715  2.422 -112.54   41.62    35.8    16.2    26.0    27.7     0.0    29.03 C    59.4    13.6    33.8    45.1    10.1    24.5   0.061   0.150   0.220   0.271 -99.000    30.4    28.8    27.2    25.0    21.0
04138 20170716  2.422 -112.54   41.62    34.4    17.6    26.0    27.0     0.0    27.28 C    57.2    14.6    32.7    38.2    11.8    22.4   0.061   0.150   0.218   0.275 -99.000    30.4    29.1    27.5    25.2    21.1
04138 20170717  2.422 -112.54   41.62    33.6    19.6    26.6    26.3     0.0    22.16 C    55.3    17.9    30.7    43.6    13.9    25.6   0.059   0.148   0.217   0.274 -99.000    29.7    28.7    27.4    25.3    21.2
04138 20170718  2.422 -112.54   41.62    34.6    16.6    25.6    26.7     0.0    29.03 C    56.9    13.7    32.4    53.1    10.1    28.4   0.060   0.148   0.217   0.279 -99.000    30.0    28.6    27.2    25.3    21.3
04138 20170719  2.422 -112.54   41.62    35.4    19.8    27.6    27.7     0.0    27.72 C    57.7    16.6    33.5    56.2     8.7    26.0   0.059   0.148   0.218   0.271 -99.000    30.6    29.1    27.5    25.4    21.4
04138 20170720  2.422 -112.54   41.62    33.7    17.9    25.8    26.6     0.0    27.18 C    56.2    16.1    33.0    65.9    17.1    37.1   0.059   0.147   0.218   0.275 -99.000    31.0    29.5    27.8    25.5    21.5
04138 20170721  2.422 -112.54   41.62    33.7    21.1    27.4    27.2     0.0    28.62 C    59.7    16.7    33.4    24.3    10.5    14.9   0.059   0.148   0.219   0.278 -99.000    31.0    29.6    28.0    25.7    21.6
04138 20170722  2.422 -112.54   41.62    34.9    17.3    26.1    27.3     0.0    27.84 C    60.7    12.7    32.0    20.8     8.0    13.0   0.057   0.147   0.217   0.278 -99.000    30.3    29.2    27.9    25.9    21.8
04138 20170723  2.422 -112.54   41.62    33.7    17.3    25.5    26.1     0.0    21.41 C    58.5    12.6    28.8    27.6     9.8    16.9   0.054   0.145   0.219   0.277 -99.000    28.9    28.4    27.5    25.9    21.9
04138 20170724  2.422 -112.54   41.62    34.1    16.0    25.0    26.2     0.0    25.47 C    58.3    12.6    31.6    50.7    13.3    28.1   0.056   0.145   0.216   0.278 -99.000    29.5    28.4    27.2    25.7    22.0
04138 20170725  2.422 -112.54   41.62    27.9    18.3    23.1    22.8     0.4    14.74 C    49.9    17.3    26.5    82.3    30.7    49.9   0.054   0.144   0.217   0.273 -99.000    28.0    27.8    27.1    25.6    22.0
04138 20170726  2.422 -112.54   41.62    29.6    17.1    23.3    22.9     0.9    23.06 C    55.8    16.5    30.3    76.6    27.5    49.7   0.058   0.144   0.216   0.271 -99.000    28.7    27.7    26.6    25.4    22.1
04138 20170727  2.422 -112.54   41.62    30.1    13.6    21.8    22.0     0.0    23.38 C    52.6    12.3    26.8    87.2    23.3    52.0   0.057   0.143   0.218   0.273 -99.000    27.5    27.2    26.5    25.3    22.1
04138 20170728  2.422 -112.54   41.62    30.2    13.7    21.9    22.4     0.3    20.47 C    54.6    11.2    25.3    66.1    21.5    37.9   0.057   0.143   0.218   0.272 -99.000    26.4    26.5    26.0    25.1    22.1
04138 20170729  2.422 -112.54   41.62    32.6    12.4    22.5    23.7     0.0    23.28 C    58.9    10.1    27.7    57.5    13.2    30.6   0.058   0.143   0.216   0.273 -99.000    26.9    26.4    25.6    24.8    22.1
04138 20170730  2.422 -112.54   41.62    33.0    14.9    23.9    25.3     0.0    23.46 C    58.5    11.6    29.2    42.8     9.7    23.8   0.058   0.144   0.214   0.270 -99.000    27.5    26.8    25.8    24.6    22.1
04138 20170731  2.422 -112.54   41.62    35.3    14.3    24.8    26.6     0.0    26.40 C    59.7    11.2    30.7    37.8     9.1    19.3   0.057   0.145   0.216   0.272 -99.000    28.4    27.3    26.1    24.7    22.0
04138 20170801  2.422 -112.54   41.62    35.4    17.7    26.6    27.7     0.0    28.53 C    61.0    12.7    32.4    29.7     8.5    16.6   0.056   0.145   0.216   0.277 -99.000    29.3    27.9    26.5    24.8    22.0
04138 20170802  2.422 -112.54   41.62    36.7    17.0    26.9    27.4     0.0    26.02 C    60.8    14.6    31.7    29.8     6.8    15.8   0.056   0.145   0.219   0.270 -99.000    29.5    28.3    26.9    25.0    22.0
04138 20170803  2.422 -112.54   41.62    35.9    15.2    25.5    26.8     0.0    25.81 C    56.3    12.2    30.8    26.4     7.8    15.9   0.055   0.145   0.217   0.274 -99.000    29.2    28.1    26.9    25.2    22.0
04138 20170804  2.422 -112.54   41.62    34.0    14.4    24.2    26.0     0.0    26.48 C    56.9    12.8    30.9    35.6     9.2    20.0   0.054   0.145   0.217   0.271 -99.000    29.2    28.1    26.9    25.3    22.1
04138 20170805  2.422 -112.54   41.62    33.5    13.9    23.7    25.2     0.0    27.01 C    53.6    11.3    29.5    58.4     5.0    23.2   0.054   0.144   0.215   0.274 -99.000    29.1    28.1    26.9    25.3    22.1
04138 20170806  2.422 -112.54   41.62    29.1    11.2    20.2    22.7     0.0    17.38 C    51.3     8.3    24.8    42.8    11.2    18.4   0.051   0.143   0.215   0.277 -99.000    26.4    26.6    26.2    25.2    22.1
04138 20170807  2.422 -112.54   41.62    29.8    15.6    22.7    22.9     0.0    23.70 C    52.9    12.9    28.5    57.7    16.6    37.8   0.053   0.143   0.215   0.271 -99.000    27.7    26.8    25.9    24.9    22.1
04138 20170808  2.422 -112.54   41.62    26.1    14.4    20.2    20.9     0.0    15.65 C    50.0    13.3    24.6    70.2    32.3    47.2   0.052   0.142   0.216   0.270 -99.000    26.3    26.3    25.8    24.8    22.2
04138 20170809  2.422 -112.54   41.62    29.3    11.9    20.6    21.0     0.2    24.26 C    52.3    10.5    27.1    71.2    18.5    42.4   0.053   0.142   0.214   0.276 -99.000    26.7    26.1    25.3    24.6    22.1
04138 20170810  2.422 -112.54   41.62    28.5    12.6    20.6    21.1     0.0    21.62 C    54.4    10.5    26.0    66.7    20.4    40.3   0.053   0.142   0.216   0.274 -99.000    26.3    26.0    25.3    24.5    22.1
04138 20170811  2.422 -112.54   41.62    31.8    11.9    21.9    23.3     0.0    24.54 C    55.6     9.2    28.5    52.6    13.9    29.4   0.054   0.143   0.214   0.273 -99.000    26.6    26.0    25.1    24.3    22.0
04138 20170812  2.422 -112.54   41.62    32.4    18.4    25.4    25.8     0.0    24.63 C    57.1    14.5    30.6    40.5    12.9    25.7   0.055   0.144   0.212   0.271 -99.000    28.3    27.1    25.7    24.4    22.0
04138 20170813  2.422 -112.54   41.62    31.4    19.0    25.2    25.1     0.0    22.29 C    52.4    16.2    28.9    53.8    12.9    30.0   0.054   0.144   0.210   0.271 -99.000    28.3    27.3    26.1    24.5    22.0
04138 20170814  2.422 -112.54   41.62    25.9    11.9    18.9    19.5     0.4    14.99 C    48.2    10.8    23.1    80.1    24.7    41.9   0.051   0.143   0.216   0.272 -99.000    25.8    26.0    25.6    24.6    22.0
04138 20170815  2.422 -112.54   41.62    25.6     8.2    16.9    17.3     0.0    24.13 C    52.8     6.9    23.3    85.9    20.5    49.2   0.052   0.141   0.213   0.274 -99.000    24.4    24.6    24.4    24.3    22.0
04138 20170816  2.422 -112.54   41.62    28.9    10.5    19.7    20.5     0.0    25.62 C    54.3     7.6    25.6    53.4    14.7    30.7   0.053   0.142   0.213   0.273 -99.000    25.0    24.8    24.2    23.9    22.0
04138 20170817  2.422 -112.54   41.62    30.9    11.1    21.0    22.7     0.0    25.64 C    54.7     9.0    27.4    47.2    10.7    24.9   0.053   0.143   0.210   0.272 -99.000    26.0    25.4    24.5    23.7    22.0
04138 20170818  2.422 -112.54   41.62    31.3    10.7    21.0    23.6     0.0    26.66 C    53.2     8.6    27.3    39.1     7.3    17.7   0.053   0.143   0.212   0.269 -99.000    26.4    25.7    24.8    23.7    21.9
04138 20170819  2.422 -112.54   41.62    32.3    12.4    22.4    23.8     0.0    26.09 C    55.1     7.6    27.5    24.6     7.3    13.9   0.051   0.143   0.214   0.269 -99.000    26.1    25.6    24.7    23.8    21.8
04138 20170820  2.422 -112.54   41.62    32.0    13.8    22.9    24.4     0.0    25.37 C    56.1    12.0    29.3    29.6    11.8    18.0   0.052   0.144   0.213   0.271 -99.000    27.0    26.1    25.0    23.8    21.7
04138 20170821  2.422 -112.54   41.62    31.7    15.6    23.6    23.5     0.0    21.06 C    55.1    10.3    26.5    31.4     9.9    18.0   0.050   0.143   0.214   0.272 -99.000    26.3    25.9    25.1    23.9    21.7
04138 20170822  2.422 -112.54   41.62    31.5    11.9    21.7    23.6     0.0    25.05 C    51.3     8.6    28.0    52.6    13.1    23.5   0.051   0.143   0.218   0.272 -99.000    26.3    25.6    24.8    23.9    21.7
04138 20170823  2.422 -112.54   41.62    29.4    17.3    23.4    22.8     0.0    22.02 C    52.0    16.2    28.5    58.8    20.0    39.7   0.052   0.144   0.214   0.271 -99.000    27.5    26.6    25.3    24.0    21.8
04138 20170824  2.422 -112.54   41.62    30.2    10.9    20.5    22.2     0.0    24.93 C    53.1     9.8    27.6    57.0    15.1    32.5   0.051   0.143   0.211   0.273 -99.000    26.8    26.1    25.2    24.1    21.7
04138 20170825  2.422 -112.54   41.62    32.7    15.0    23.8    23.8     0.0    22.46 C    53.6    11.8    27.9    39.7    11.2    24.8   0.052   0.144   0.217   0.276 -99.000    26.6    26.0    25.1    24.1    21.8
04138 20170826  2.422 -112.54   41.62    34.7    14.6    24.6    25.5     0.0    23.44 C    56.9    12.8    29.6    40.8     9.2    21.4   0.052   0.144   0.213   0.271 -99.000    27.2    26.3    25.2    24.1    21.9
04138 20170827  2.422 -112.54   41.62    34.0    13.1    23.5    25.2     0.0    24.61 C    56.0    10.0    28.7    32.1    10.2    18.1   0.051   0.144   0.215   0.273 -99.000    27.2    26.5    25.4    24.2    21.9
04138 20170828  2.422 -112.54   41.62    34.3    14.0    24.1    25.4     0.0    22.51 C    55.8    10.3    28.6    30.5     9.4    17.9   0.051   0.144   0.218   0.271 -99.000    26.9    26.3    25.4    24.2    21.9
04138 20170829  2.422 -112.54   41.62    34.1    14.1    24.1    26.1     0.0    20.37 C    57.1    11.4    29.1    36.3     9.7    20.2   0.051   0.144   0.216   0.272 -99.000    27.3    26.5    25.4    24.2    21.9
04138 20170830  2.422 -112.54   41.62    29.4    18.2    23.8    24.7     0.0    10.83 C    42.5    16.0    26.0    53.2    18.1    26.9   0.050   0.144   0.217   0.271 -99.000    26.4    26.2    25.5    24.3    21.9
04138 20170831  2.422 -112.54   41.62    29.4    14.9    22.1    21.4     1.1    19.27 C    45.7    11.3    24.2    76.2    18.8    43.0   0.051   0.143   0.214   0.268 -99.000    25.6    25.5    24.9    24.2    21.9
04138 20170901  2.422 -112.54   41.62    30.3    11.3    20.8    21.4     0.0    23.18 C    51.6     8.4    25.5    59.3    17.4    35.0   0.053   0.142   0.212   0.272 -99.000    24.8    24.7    24.2    23.9    21.9
04138 20170902  2.422 -112.54   41.62    32.7    13.7    23.2    23.5     0.0    23.68 C    54.9     8.5    26.6    38.8    10.1    24.5   0.053   0.143   0.213   0.273 -99.000    25.3    24.9    24.2    23.6    21.9
04138 20170903  2.422 -112.54   41.62    33.9    13.7    23.8    24.4     0.0    23.38 C    54.8     8.7    27.2    45.7    12.2    24.3   0.053   0.144   0.211   0.269 -99.000    25.8    25.2    24.4    23.6    21.9
04138 20170904  2.422 -112.54   41.62    34.9    14.7    24.8    25.7     0.0    22.72 C    54.7     9.6    27.7    32.8     8.2    17.9   0.052   0.144   0.212   0.272 -99.000    26.0    25.4    24.5    23.6    21.8
04138 20170905  2.422 -112.54   41.62    33.1    16.5    24.8    24.9     0.0    20.08 C    51.1    10.8    26.2    35.9    13.5    21.0   0.051   0.144   0.212   0.272 -99.000    25.6    25.3    24.6    23.6    21.8
04138 20170906  2.422 -112.54   41.62 -9999.0 -9999.0 -9999.0 -9999.0     0.0 -9999.00 U -9999.0 -9999.0 -9999.0 -9999.0 -9999.0 -9999.0 -99.000 -99.000 -99.000 -99.000 -99.000 -9999.0 -9999.0 -9999.0 -9999.0 -9999.0
04138 20170907  2.422 -112.54   41.62    31.0    10.8    20.9    22.0     0.0    19.60 C    50.0     8.6    24.8    50.7    14.3    29.7   0.050   0.143   0.212   0.270 -99.000    24.5    24.4    23.9    23.4    21.7
04138 20170908  2.422 -112.54   41.62    31.0    15.5    23.2    23.2     0.0    20.91 C    52.3    13.4    27.8    58.7    15.8    37.2   0.052   0.144   0.213   0.272 -99.000    25.8    25.1    24.1    23.3    21.7
04138 20170909  2.422 -112.54   41.62    26.7    12.4    19.5    20.0     0.0    15.51 C    45.8    10.9    23.1    71.7    30.0    48.9   0.050   0.143   0.215   0.272 -99.000    24.5    24.7    24.1    23.4    21.6
04138 20170910  2.422 -112.54   41.62    27.3    10.7    19.0    20.0     0.0    21.66 C    53.5     9.0    25.4    79.9    29.5    49.8   0.051   0.143   0.214   0.269 -99.000    24.4    24.1    23.6    23.2    21.6
04138 20170911  2.422 -112.54   41.62    30.0    13.2    21.6    21.9     0.0    21.47 C    54.1     9.3    26.0    60.2    25.5    39.5   0.052   0.143   0.215   0.274 -99.000    24.8    24.4    23.7    23.1    21.6
04138 20170912  2.422 -112.54   41.62    29.9    10.7    20.3    21.7     0.0    19.74 C    48.7     8.8    23.9    56.8    18.1    34.7   0.051   0.143   0.212   0.271 -99.000    24.2    24.2    23.7    23.0    21.5
04138 20170913  2.422 -112.54   41.62    27.4    15.7    21.5    22.0     0.2    18.65 C    47.1    12.7    25.4    56.2    21.9    34.3   0.052   0.144   0.209   0.270 -99.000    24.3    24.1    23.5    23.0    21.5
04138 20170914  2.422 -112.54   41.62    22.3    11.3    16.8    17.3     6.5     8.92 C    27.1    11.3    17.5    90.0    36.4    57.1   0.048   0.142   0.211   0.273 -99.000    21.4    22.6    22.9    22.8    21.5
04138 20170915  2.422 -112.54   41.62    16.9     5.6    11.3    11.7     1.9    14.90 C    22.3     5.2    13.1    91.5    31.6    61.6   0.048   0.139   0.214   0.269 -99.000    18.2    20.0    21.2    22.3    21.4
04138 20170916  2.422 -112.54   41.62    15.6     4.8    10.2    10.7     0.0    19.81 C    32.3     2.8    13.7    60.6    22.0    38.7   0.051   0.136   0.207   0.270 -99.000    15.7    17.6    19.2    21.3    21.3
04138 20170917  2.422 -112.54   41.62    21.2     4.7    12.9    13.0     0.0    18.15 C    37.1     2.3    15.1    63.3    16.6    39.1   0.058   0.138   0.206   0.270 -99.000    16.5    17.6    18.5    20.4    21.1
04138 20170918  2.422 -112.54   41.62    24.6     6.3    15.5    15.6     1.4    13.36 C    39.1     2.9    15.7    79.8    19.7    42.9   0.063   0.138   0.212   0.269 -99.000    16.7    17.6    18.3    19.8    20.8
04138 20170919  2.422 -112.54   41.62    13.8     3.0     8.4     8.2     4.3    10.26 C    23.2     0.8     9.8    89.5    39.2    68.6   0.063   0.138   0.207   0.271 -99.000    14.2    16.4    17.8    19.4    20.5
04138 20170920  2.422 -112.54   41.62    18.6    -1.0     8.8    10.1     0.0    14.97 C    30.8    -1.6    10.2    84.0    23.0    54.9   0.063   0.135   0.206   0.266 -99.000    12.2    14.2    15.9    18.6    20.1
04138 20170921  2.422 -112.54   41.62     9.4     2.4     5.9     5.3    16.0     1.28 C     8.3     3.6     6.4    91.7    63.0    84.3   0.083   0.135   0.205   0.267 -99.000    10.5    13.2    15.2    17.9    19.8
04138 20170922  2.422 -112.54   41.62     8.5     0.4     4.4     4.4     7.6     8.79 C    15.5     0.0     6.4    93.3    59.9    80.1   0.212   0.141   0.205   0.266 -99.000     8.9    10.9    13.2    16.9    19.4
04138 20170923  2.422 -112.54   41.62    11.6     0.2     5.9     6.5     0.0    14.18 C    20.9    -1.2     6.4    83.9    43.1    59.3   0.200   0.176   0.202   0.264 -99.000     8.4     9.9    12.0    15.8    19.0
04138 20170924  2.422 -112.54   41.62     9.9     0.9     5.4     6.4     0.2     4.10 C    10.9     0.4     5.8    94.2    46.4    65.5   0.182   0.190   0.202   0.263 -99.000     8.3     9.7    11.6    15.0    18.5
04138 20170925  2.422 -112.54   41.62    12.7     0.8     6.7     6.1     0.0    11.36 C    20.8    -0.3     7.4    97.2    39.0    75.7   0.176   0.193   0.202   0.262 -99.000     8.7     9.7    11.1    14.3    18.0
04138 20170926  2.422 -112.54   41.62    16.2     2.7     9.5     9.5     0.0    19.38 C    25.7    -0.9     9.1    79.7    27.7    52.4   0.170   0.194   0.200   0.262 -99.000     9.2    10.1    11.1    13.8    17.6
04138 20170927  2.422 -112.54   41.62    18.6     3.7    11.1    11.9     0.0    19.71 C    32.3     0.4    11.9    60.5    22.0    41.8   0.165   0.196   0.202   0.261 -99.000    10.8    11.1    11.6    13.6    17.2
04138 20170928  2.422 -112.54   41.62    19.1     6.5    12.8    12.6     0.0    16.98 C    33.2     2.2    12.5    70.0    21.2    45.8   0.160   0.196   0.208   0.260 -99.000    11.8    12.1    12.4    13.7    16.8
04138 20170929  2.422 -112.54   41.62    19.4     5.5    12.4    12.4     0.0    19.50 C    34.7     1.8    13.6    71.5    27.1    50.9   0.156   0.195   0.203   0.263 -99.000    12.7    12.9    12.9    13.8    16.5
04138 20170930  2.422 -112.54   41.62    16.4     3.7    10.1    10.5     4.4     8.03 C    25.5     3.1    10.4    88.1    49.6    70.8   0.151   0.193   0.207   0.263 -99.000    11.9    12.6    13.1    14.0    16.3
04138 20171001  2.422 -112.54   41.62    11.9    -1.0     5.5     6.3     0.0    14.04 C    19.7    -1.6     6.6    88.7    32.6    59.1   0.150   0.189   0.206   0.263 -99.000     9.5    10.8    12.1    13.9    16.1
04138 20171002  2.422 -112.54   41.62     8.3    -1.3     3.5     2.9     0.8     7.50 C    15.2    -1.8     3.3    92.1    50.9    76.6   0.147   0.186   0.208   0.263 -99.000     6.7     8.4    10.4    13.3    16.0
04138 20171003  2.422 -112.54   41.62    13.1    -1.7     5.7     6.1     0.0    17.54 C    19.7    -3.1     6.1    91.9    23.9    58.7   0.146   0.185   0.205   0.262 -99.000     6.7     7.8     9.3    12.5    15.8
04138 20171004  2.422 -112.54   41.62    13.0     1.2     7.1     9.2     0.5     8.99 C    19.2    -1.2     7.4    72.9    34.5    51.9   0.147   0.187   0.208   0.262 -99.000     8.3     9.1     9.8    12.0    15.5
04138 20171005  2.422 -112.54   41.62    15.5     1.3     8.4     8.4     0.0    16.73 C    29.7    -2.1     8.5    73.3    24.1    47.8   0.145   0.185   0.207   0.260 -99.000     8.4     8.9     9.6    11.7    15.2
04138 20171006  2.422 -112.54   41.62    14.0     0.5     7.2     7.7     0.0    17.78 C    28.4    -2.4     9.1    78.6    30.3    52.9   0.144   0.185   0.210   0.260 -99.000     9.1     9.6    10.0    11.6    14.9
04138 20171007  2.422 -112.54   41.62    20.1    -1.1     9.5    11.0     0.0    16.26 C    29.2    -2.5    10.0    82.4    17.1    44.8   0.143   0.185   0.210   0.259 -99.000     9.5     9.9    10.2    11.6    14.7
04138 20171008  2.422 -112.54   41.62     9.5     2.2     5.8     6.0     0.0     9.93 C    22.8    -1.9     5.5    70.8    39.5    53.4   0.138   0.183   0.211   0.260 -99.000     8.2     9.3    10.3    11.7    14.5
04138 20171009  2.422 -112.54   41.62    10.9    -3.0     3.9     3.9     0.0    17.56 C    28.1    -5.7     5.7    72.5    28.4    49.3   0.136   0.179   0.209   0.261 -99.000     7.0     8.1     9.2    11.4    14.3
04138 20171010  2.422 -112.54   41.62    13.6    -3.4     5.1     5.0     0.0    16.27 C    28.8    -6.2     6.1    76.0    22.1    48.9   0.134   0.178   0.209   0.259 -99.000     6.9     7.8     8.8    11.0    14.1
04138 20171011  2.422 -112.54   41.62    16.6    -1.4     7.6     8.5     0.0    13.06 C    28.6    -4.8     7.9    63.2    14.2    37.6   0.134   0.177   0.208   0.261 -99.000     7.7     8.2     8.9    10.7    13.9
04138 20171012  2.422 -112.54   41.62    10.5    -2.2     4.2     4.9     0.0    17.12 C    27.6    -5.0     7.2    56.5    13.9    34.1   0.133   0.177   0.207   0.259 -99.000     8.3     8.9     9.4    10.7    13.7
04138 20171013  2.422 -112.54   41.62    12.9    -4.8     4.1     5.1     0.0    16.56 C    27.3    -7.4     6.3    64.0    15.0    39.6   0.131   0.174   0.210   0.260 -99.000     6.6     7.5     8.5    10.6    13.5
04138 20171014  2.422 -112.54   41.62     7.6    -5.2     1.2     1.9     0.0    14.99 C    26.5    -6.2     4.7    65.8    32.5    50.0   0.129   0.173   0.209   0.261 -99.000     6.6     7.6     8.5    10.3    13.4
04138 20171015  2.422 -112.54   41.62    11.8    -5.0     3.4     2.7     0.0    16.27 C    28.4    -7.9     4.7    70.6    29.5    51.8   0.127   0.171   0.208   0.260 -99.000     5.6     6.6     7.7    10.0    13.2
04138 20171016  2.422 -112.54   41.62    14.7    -4.4     5.2     5.4     0.0    16.13 C    28.6    -7.4     5.9    66.3    17.4    43.3   0.127   0.170   0.208   0.259 -99.000     6.0     6.8     7.6     9.7    13.0
04138 20171017  2.422 -112.54   41.62    17.4    -1.0     8.2     8.3     0.0    14.27 C    31.4    -5.4     7.3    54.3    17.5    35.4   0.128   0.171   0.206   0.259 -99.000     6.9     7.4     7.9     9.6    12.8
04138 20171018  2.422 -112.54   41.62    19.6     0.4    10.0     9.7     0.0    15.61 C    33.0    -4.1     8.7    49.4    13.8    29.6   0.128   0.171   0.208   0.260 -99.000     7.7     8.1     8.3     9.6    12.6
04138 20171019  2.422 -112.54   41.62    19.9    -0.5     9.7    10.3     0.0    15.28 C    33.0    -4.3     9.3    55.5    14.1    32.7   0.128   0.171   0.208   0.260 -99.000     7.9     8.3     8.6     9.7    12.5
04138 20171020  2.422 -112.54   41.62    17.7    -1.0     8.4     9.3     0.0     7.39 C    19.2    -4.2     7.3    66.6    24.4    42.5   0.127   0.171   0.208   0.260 -99.000     8.6     9.1     9.3     9.9    12.4
04138 20171021  2.422 -112.54   41.62     8.7    -4.4     2.1     3.0     0.0    12.91 C    21.2    -7.0     3.9    79.1    26.2    51.3   0.123   0.167   0.207   0.261 -99.000     5.8     6.9     8.1     9.9    12.3
04138 20171022  2.422 -112.54   41.62    16.0     0.8     8.4     9.9     0.0    12.08 C    26.6    -2.2    10.0    60.5    24.0    38.2   0.125   0.169   0.208   0.261 -99.000     8.0     8.0     8.1     9.5    12.2
04138 20171023  2.422 -112.54   41.62    16.0     3.5     9.7     9.6     0.0    13.47 C    31.1    -0.9     9.1    73.4    26.8    48.3   0.126   0.170   0.207   0.259 -99.000     9.0     9.2     9.1     9.7    12.1
04138 20171024  2.422 -112.54   41.62    15.8    -2.1     6.8     7.4     0.0    14.51 C    31.0    -4.2     7.6    67.2    24.3    47.7   0.124   0.168   0.210   0.261 -99.000     7.8     8.4     8.9     9.8    12.1
04138 20171025  2.422 -112.54   41.62    16.1    -1.7     7.2     6.9     0.0    14.29 C    28.5    -4.8     7.2    84.7    23.9    51.7   0.123   0.167   0.208   0.261 -99.000     7.2     7.9     8.5     9.8    12.0
04138 20171026  2.422 -112.54   41.62    17.0     1.0     9.0     8.9     0.0     8.26 C    27.4    -2.0     6.8    59.3    28.3    43.2   0.122   0.167   0.209   0.261 -99.000     7.2     7.9     8.5     9.7    11.9
04138 20171027  2.422 -112.54   41.62    15.4    -0.6     7.4     8.1     0.0    13.41 C    29.0    -4.1     7.9    61.4    32.0    47.6   0.121   0.166   0.208   0.261 -99.000     7.3     7.8     8.3     9.5    11.8
04138 20171028  2.422 -112.54   41.62    15.9    -0.7     7.6     8.0     0.0    13.62 C    29.3    -3.2     8.1    71.5    31.7    51.8   0.121   0.166   0.205   0.260 -99.000     7.7     8.2     8.5     9.5    11.8
04138 20171029  2.422 -112.54   41.62    16.7    -0.3     8.2     7.9     0.0    13.33 C    28.0    -3.2     7.8    84.8    29.4    57.5   0.120   0.165   0.207   0.261 -99.000     7.5     8.0     8.4     9.5    11.7
04138 20171030  2.422 -112.54   41.62    10.7     2.5     6.6     7.0     0.0     6.19 C    20.6    -2.9     5.3    64.8    39.2    49.5   0.120   0.165   0.210   0.261 -99.000     7.1     7.9     8.4     9.4    11.6
04138 20171031  2.422 -112.54   41.62    10.8    -2.6     4.1     4.2     0.0    12.82 C    24.0    -6.5     3.9    67.4    20.8    45.3   0.117   0.162   0.207   0.260 -99.000     5.4     6.5     7.6     9.3    11.6
04138 20171101  2.422 -112.54   41.62    15.4     3.0     9.2     9.3     0.0     7.67 C    24.4    -0.6     6.6    58.3    21.2    38.6   0.118   0.163   0.207   0.261 -99.000     6.4     6.9     7.4     9.0    11.5
04138 20171102  2.422 -112.54   41.62    14.9     2.1     8.5     9.7     0.2     8.65 C    23.6    -3.0     7.7    66.7    27.4    47.0   0.119   0.163   0.207   0.262 -99.000     7.2     7.5     7.7     8.9    11.4
04138 20171103  2.422 -112.54   41.62    12.9     5.6     9.2     9.8     0.5     4.27 C    20.6     4.7     8.8    83.1    46.3    60.8   0.120   0.165   0.208   0.262 -99.000     8.6     8.7     8.6     9.0    11.2
04138 20171104  2.422 -112.54   41.62     7.2     0.5     3.9     4.3     7.9     1.80 C     8.5     0.6     4.7    93.3    66.7    85.7   0.118   0.163   0.208   0.261 -99.000     6.8     7.8     8.3     9.2    11.2
04138 20171105  2.422 -112.54   41.62     5.2    -2.6     1.3     1.7     1.3     3.20 C     9.0    -1.8     2.6    93.0    68.4    87.5   0.122   0.161   0.207   0.261 -99.000     4.8     6.0     7.2     9.0    11.1
04138 20171106  2.422 -112.54   41.62     7.0    -2.7     2.2     0.9     0.7     6.08 C    16.3    -2.2     1.4    90.7    46.3    78.1   0.130   0.161   0.204   0.259 -99.000     3.5     4.8     6.2     8.5    11.1
04138 20171107  2.422 -112.54   41.62     3.9    -5.8    -1.0    -1.2     0.0    12.80 C    14.2    -5.3     0.8    75.5    40.5    60.3   0.133   0.161   0.204   0.258 -99.000     2.8     4.0     5.4     8.0    10.9
04138 20171108  2.422 -112.54   41.62     3.6    -8.8    -2.6    -1.9     0.0     7.56 C     7.3    -7.9    -1.7    82.2    45.2    68.3   0.126   0.161   0.204   0.258 -99.000     0.9     2.6     4.5     7.4    10.8
04138 20171109  2.422 -112.54   41.62    11.0    -2.1     4.4     3.8     0.0    11.11 C    17.9    -3.7     3.2    70.3    32.0    53.7   0.131   0.163   0.202   0.257 -99.000     2.6     3.2     4.1     6.8    10.6
04138 20171110  2.422 -112.54   41.62     9.7    -1.3     4.2     4.3     0.0     4.91 C    16.9    -3.5     2.0    81.8    53.8    68.7   0.134   0.164   0.203   0.257 -99.000     3.3     4.0     4.6     6.6    10.3
04138 20171111  2.422 -112.54   41.62     8.8    -2.7     3.0     3.1     0.4    10.57 C    18.1    -4.3     2.3    84.9    45.7    70.3   0.133   0.165   0.204   0.257 -99.000     3.0     3.8     4.6     6.5    10.1
04138 20171112  2.422 -112.54   41.62    10.7    -4.2     3.3     3.0     0.0    11.26 C    19.1    -5.1     2.3    80.7    41.0    64.5   0.130   0.165   0.204   0.256 -99.000     2.4     3.4     4.3     6.4     9.9
04138 20171113  2.422 -112.54   41.62    11.8    -3.8     4.0     5.0     0.0     9.88 C    18.5    -5.1     3.8    77.4    30.4    54.1   0.131   0.165   0.203   0.256 -99.000     3.0     3.6     4.3     6.2     9.7
04138 20171114  2.422 -112.54   41.62    10.5    -1.2     4.6     5.4     0.0    10.27 C    23.3    -4.5     4.9    67.0    36.1    51.6   0.134   0.167   0.205   0.257 -99.000     4.6     4.9     5.0     6.1     9.6
04138 20171115  2.422 -112.54   41.62     9.2    -2.3     3.4     3.8     0.0     4.93 C    18.6    -4.6     3.0    71.0    42.1    57.6   0.131   0.166   0.203   0.256 -99.000     3.1     3.9     4.6     6.3     9.4
04138 20171116  2.422 -112.54   41.62    12.7     3.9     8.3     8.5    11.6     3.40 C    14.8     1.6     6.7    91.2    33.5    55.0   0.134   0.169   0.206   0.255 -99.000     5.1     5.2     5.1     6.2     9.3
04138 20171117  2.422 -112.54   41.62     4.7    -2.3     1.2     1.5    10.3     2.62 C     5.4    -3.9     1.3    95.2    49.2    74.2   0.233   0.208   0.204   0.257 -99.000     3.9     4.8     5.4     6.4     9.3
04138 20171118  2.422 -112.54   41.62     2.5    -7.6    -2.6    -2.4     0.0    10.77 C     6.2    -6.5    -1.8    80.0    44.9    67.8   0.199   0.222   0.205   0.258 -99.000     1.1     2.4     3.9     6.2     9.2
04138 20171119  2.422 -112.54   41.62     3.6    -6.7    -1.5    -1.9     0.0    10.27 C     8.4    -5.8    -0.9    83.7    53.9    72.9   0.182   0.214   0.204   0.256 -99.000     0.6     1.7     3.0     5.6     9.1
04138 20171120  2.422 -112.54   41.62     4.8    -3.0     0.9     1.7     0.0     2.15 C     2.5    -2.5     0.1    76.5    54.5    66.9   0.176   0.210   0.205   0.256 -99.000     0.7     1.5     2.6     5.2     8.9
04138 20171121  2.422 -112.54   41.62    12.5     3.0     7.7     7.2     0.0     8.54 C    16.8     0.0     5.7    79.0    44.0    59.7   0.185   0.210   0.207   0.253 -99.000     3.1     2.9     2.9     4.9     8.8
04138 20171122  2.422 -112.54   41.62    14.8     3.1     8.9     8.1     0.0     7.17 C    21.0     0.2     6.2    82.8    47.2    71.3   0.189   0.214   0.210   0.254 -99.000     5.1     5.0     4.5     5.1     8.6
04138 20171123  2.422 -112.54   41.62    13.8     2.1     8.0     8.0     0.0     5.16 C    16.5    -0.9     5.5    87.3    50.8    72.5   0.184   0.214   0.213   0.255 -99.000     5.0     5.1     5.0     5.5     8.4
04138 20171124  2.422 -112.54   41.62    12.4     2.2     7.3     8.1     0.0     7.14 C    16.9    -0.2     5.4    79.1    50.9    64.6   0.181   0.213   0.217   0.256 -99.000     5.6     5.8     5.6     5.9     8.4
04138 20171125  2.422 -112.54   41.62    10.4    -1.3     4.6     4.8     0.0     6.24 C    15.0    -2.1     2.9    85.6    55.2    73.9   0.175   0.211   0.217   0.258 -99.000     4.2     4.8     5.2     6.1     8.4
04138 20171126  2.422 -112.54   41.62    11.8     1.1     6.4     6.7     0.0     4.43 C    11.9    -1.0     3.8    78.8    42.4    62.0   0.172   0.209   0.219   0.259 -99.000     4.2     4.7     5.0     6.0     8.4
04138 20171127  2.422 -112.54   41.62    10.6    -2.4     4.1     5.2     0.9     1.47 C     6.0    -3.7     2.4    84.1    42.3    60.6   0.170   0.207   0.219   0.258 -99.000     4.1     4.7     5.1     6.0     8.4
04138 20171128  2.422 -112.54   41.62     5.3    -5.2     0.0     0.1     0.0     9.84 C    11.2    -6.1    -1.0    83.5    49.2    64.9   0.163   0.204   0.221   0.257 -99.000     1.6     2.8     4.0     5.9     8.4
04138 20171129  2.422 -112.54   41.62     6.6    -4.4     1.1     0.9     0.0     9.58 C    11.7    -5.4     0.0    79.5    24.0    59.2   0.160   0.202   0.220   0.256 -99.000     1.2     2.1     3.2     5.4     8.4
04138 20171130  2.422 -112.54   41.62     6.0    -7.1    -0.6    -0.5     0.0     9.18 C    12.0    -7.3    -1.0    76.3    46.8    63.1   0.159   0.199   0.220   0.256 -99.000     0.6     1.7     2.7     5.0     8.3
04138 20171201  2.422 -112.54   41.62     7.0    -2.5     2.2     1.8     0.0     8.35 C    16.2    -3.9     1.9    92.1    56.1    76.5   0.157   0.199   0.222   0.256 -99.000     1.5     2.0     2.6     4.6     8.1
04138 20171202  2.422 -112.54   41.62     6.6    -5.3     0.6     1.0     0.0     6.59 C    10.2    -6.1    -0.2    89.0    63.9    79.2   0.155   0.198   0.220   0.254 -99.000     1.1     1.9     2.7     4.5     8.0
04138 20171203  2.422 -112.54   41.62    10.1    -2.9     3.6     1.3     3.0     4.90 C    11.6    -3.5     0.1    86.9    42.2    71.8   0.156   0.197   0.222   0.255 -99.000     1.5     2.0     2.6     4.3     7.8
04138 20171204  2.422 -112.54   41.62     0.1   -10.0    -5.0    -4.2     0.0     6.56 C     0.4   -15.5    -7.4    87.0    41.9    64.3   0.156   0.196   0.222   0.254 -99.000     1.1     1.9     2.5     4.2     7.7
04138 20171205  2.422 -112.54   41.62    -0.3   -11.3    -5.8    -6.2     0.0     9.42 C     0.1   -13.8    -8.3    82.5    52.0    73.7 -99.000   0.192   0.221   0.254 -99.000     0.1     1.1     2.1     4.0     7.5
04138 20171206  2.422 -112.54   41.62     1.1   -11.0    -4.9    -5.7     0.0     9.33 C     1.0   -13.6    -8.1    84.3    48.5    70.6 -99.000   0.189   0.221   0.253 -99.000    -0.6     0.4     1.5     3.7     7.4
04138 20171207  2.422 -112.54   41.62     1.0   -11.6    -5.3    -5.6     0.0     8.57 C     2.9   -13.4    -7.5    79.7    50.3    66.8 -99.000 -99.000   0.221   0.254 -99.000    -1.2    -0.1     1.0     3.5     7.3
04138 20171208  2.422 -112.54   41.62     1.8   -10.8    -4.5    -5.5     0.0     9.21 C     4.2   -13.0    -6.7    85.1    52.5    75.3 -99.000 -99.000   0.220   0.252 -99.000    -1.7    -0.6     0.6     3.1     7.1
04138 20171209  2.422 -112.54   41.62     2.4   -11.5    -4.5    -5.2     0.0     8.98 C     6.0   -13.0    -6.2    85.4    55.3    77.5 -99.000 -99.000   0.221   0.253 -99.000    -2.0    -1.0     0.2     2.7     6.9
04138 20171210  2.422 -112.54   41.62     2.1   -11.5    -4.7    -5.3     0.0     8.95 C     7.0   -12.8    -6.1    85.4    57.7    77.9 -99.000 -99.000 -99.000   0.252 -99.000    -2.4    -1.3    -0.1     2.5     6.8
04138 20171211  2.422 -112.54   41.62     0.5   -10.9    -5.2    -6.1     0.0     8.62 C     7.3   -12.5    -6.1    93.4    67.9    84.4 -99.000 -99.000 -99.000   0.252 -99.000    -2.7    -1.6    -0.4     2.2     6.5
04138 20171212  2.422 -112.54   41.62    -3.0   -14.3    -8.7    -8.6     0.3     7.55 C     5.1   -12.6    -6.1    92.9    85.4    89.3 -99.000 -99.000 -99.000   0.252 -99.000    -2.7    -1.7    -0.7     1.9     6.3
04138 20171213  2.422 -112.54   41.62    -3.8   -14.5    -9.1    -8.2     0.0     2.37 C     0.1   -13.3    -7.0    92.5    84.4    88.8 -99.000 -99.000 -99.000   0.251 -99.000    -3.0    -2.0    -0.9     1.6     6.1
04138 20171214  2.422 -112.54   41.62     3.7    -9.7    -3.0    -3.4     0.0     8.52 C     9.0   -10.8    -4.8    90.5    54.2    79.7 -99.000 -99.000 -99.000   0.251 -99.000    -2.7    -2.0    -1.1     1.4     6.0
04138 20171215  2.422 -112.54   41.62     2.4   -11.2    -4.4    -3.5     0.0     6.97 C     8.1   -12.2    -4.0    92.8    57.4    80.4 -99.000 -99.000 -99.000   0.253 -99.000    -2.8    -2.1    -1.2     1.2     5.8
04138 20171216  2.422 -112.54   41.62     1.2    -4.6    -1.7    -1.8     1.2     3.28 C    -0.2    -8.1    -2.7    89.2    53.5    73.5 -99.000 -99.000 -99.000   0.261 -99.000    -1.7    -1.4    -1.0     1.1     5.6
04138 20171217  2.422 -112.54   41.62     0.2   -11.2    -5.5    -4.1     0.0     7.25 C     7.2   -13.4    -4.9    85.6    55.4    74.3 -99.000 -99.000 -99.000   0.260 -99.000    -2.2    -1.6    -1.0     1.0     5.4
04138 20171218  2.422 -112.54   41.62     2.3    -7.9    -2.8    -3.6     0.0     7.67 C     9.1    -8.9    -3.4    91.5    43.2    73.9 -99.000 -99.000 -99.000   0.262 -99.000    -1.9    -1.5    -1.0     0.9     5.3
04138 20171219  2.422 -112.54   41.62     3.6    -9.1    -2.8    -2.0     0.0     6.81 C     8.1   -10.8    -3.4    80.5    51.9    68.0 -99.000 -99.000 -99.000   0.262 -99.000    -2.3    -1.7    -1.1     0.9     5.1
04138 20171220  2.422 -112.54   41.62     4.9    -5.1    -0.1    -1.1     0.7     3.81 C     5.0    -8.9    -2.7    84.9    51.6    65.6 -99.000 -99.000 -99.000   0.263 -99.000    -1.5    -1.3    -1.0     0.8     5.0
04138 20171221  2.422 -112.54   41.62    -0.9   -11.7    -6.3    -5.4     0.0     8.84 C     2.0   -13.3    -7.4    77.6    42.5    57.4 -99.000 -99.000 -99.000   0.264 -99.000    -2.0    -1.4    -0.9     0.8     4.9
04138 20171222  2.422 -112.54   41.62    -0.3   -11.9    -6.1    -5.4     0.0     3.74 C     0.7   -13.1    -5.9    79.4    44.2    64.1 -99.000 -99.000 -99.000   0.264 -99.000    -2.9    -2.0    -1.2     0.8     4.8
04138 20171223  2.422 -112.54   41.62     2.9   -11.1    -4.1    -1.5     0.5     2.68 C     2.3   -13.7    -3.5    91.1    50.1    68.8 -99.000 -99.000 -99.000   0.263 -99.000    -1.9    -1.6    -1.2     0.6     4.7
04138 20171224  2.422 -112.54   41.62    -3.0   -14.2    -8.6    -7.9     2.2     4.65 C     1.1   -16.3    -7.9    89.8    58.2    76.1 -99.000 -99.000 -99.000   0.264 -99.000    -3.3    -2.3    -1.4     0.5     4.6
04138 20171225  2.422 -112.54   41.62     0.8    -5.6    -2.4    -2.9     0.0     3.76 C    -0.7   -10.6    -4.3    92.4    74.2    85.7 -99.000 -99.000 -99.000   0.263 -99.000    -2.2    -1.9    -1.5     0.4     4.5
04138 20171226  2.422 -112.54   41.62     3.0    -8.9    -3.0    -2.3     0.0     8.12 C     4.6   -13.5    -4.6    88.6    55.1    76.2 -99.000 -99.000 -99.000   0.263 -99.000    -1.9    -1.6    -1.3     0.3     4.4
04138 20171227  2.422 -112.54   41.62     4.9    -8.3    -1.7    -1.5     0.0     7.07 C     7.8   -10.1    -3.1    88.3    52.9    75.6 -99.000 -99.000 -99.000   0.262 -99.000    -2.1    -1.6    -1.3     0.3     4.3
04138 20171228  2.422 -112.54   41.62     5.4    -7.9    -1.2    -1.3     0.0     8.76 C    10.1    -9.9    -3.2    80.8    48.5    69.6 -99.000 -99.000 -99.000   0.262 -99.000    -2.0    -1.6    -1.2     0.3     4.2
04138 20171229  2.422 -112.54   41.62     9.8    -4.4     2.7     2.7     0.0     8.77 C    11.5    -8.9    -1.1    66.1    26.7    46.3 -99.000 -99.000 -99.000   0.262 -99.000    -1.8    -1.4    -1.2     0.3     4.2
04138 20171230  2.422 -112.54   41.62     9.8    -3.7     3.1     4.4     0.0     5.92 C    11.4    -7.5    -0.5    57.6    18.7    33.1 -99.000 -99.000 -99.000   0.263 -99.000    -1.3    -1.2    -1.0     0.3     4.1
04138 20171231  2.422 -112.54   41.62     3.5   -10.6    -3.6    -3.6     0.0     9.04 C    10.1   -12.7    -5.4    67.7    26.2    52.2 -99.000 -99.000 -99.000   0.263 -99.000    -2.3    -1.6    -1.0     0.4     4.0
