96406 20170101 -9.000 -154.13   64.50 -9999.0 -9999.0 -9999.0 -9999.0 -9999.0 -9999.00 U -9999.0 -9999.0 -9999.0 -9999.0 -9999.0 -9999.0 -99.000 -99.000 -99.000 -99.000 -99.000 -9999.0 -9999.0 -9999.0 -9999.0 -9999.0
96406 20170102 -9.000 -154.13   64.50 -9999.0 -9999.0 -9999.0 -9999.0 -9999.0 -9999.00 U -9999.0 -9999.0 -9999.0 -9999.0 -9999.0 -9999.0 -99.000 -99.000 -99.000 -99.000 -99.000 -9999.0 -9999.0 -9999.0 -9999.0 -9999.0
96406 20170103 -9.000 -154.13   64.50 -9999.0 -9999.0 -9999.0 -9999.0 -9999.0 -9999.00 U -9999.0 -9999.0 -9999.0 -9999.0 -9999.0 -9999.0 -99.000 -99.000 -99.000 -99.000 -99.000 -9999.0 -9999.0 -9999.0 -9999.0 -9999.0
96406 20170104 -9.000 -154.13   64.50 -9999.0 -9999.0 -9999.0 -9999.0 -9999.0 -9999.00 U -9999.0 -9999.0 -9999.0 -9999.0 -9999.0 -9999.0 -99.000 -99.000 -99.000 -99.000 -99.000 -9999.0 -9999.0 -9999.0 -9999.0 -9999.0
96406 20170105 -9.000 -154.13   64.50 -9999.0 -9999.0 -9999.0 -9999.0 -9999.0 -9999.00 U -9999.0 -9999.0 -9999.0 -9999.0 -9999.0 -9999.0 -99.000 -99.000 -99.000 -99.000 -99.000 -9999.0 -9999.0 -9999.0 -9999.0 -9999.0
96406 20170106 -9.000 -154.13   64.50 -9999.0 -9999.0 -9999.0 -9999.0 -9999.0 -9999.00 U -9999.0 -9999.0 -9999.0 -9999.0 -9999.0 -9999.0 -99.000 -99.000 -99.000 -99.000 -99.000 -9999.0 -9999.0 -9999.0 -9999.0 -9999.0
96406 20170107 -9.000 -154.13   64.50 -9999.0 -9999.0 -9999.0 -9999.0 -9999.0 -9999.00 U -9999.0 -9999.0 -9999.0 -9999.0 -9999.0 -9999.0 -99.000 -99.000 -99.000 -99.000 -99.000 -9999.0 -9999.0 -9999.0 -9999.0 -9999.0
96406 20170108 -9.000 -154.13   64.50 -9999.0 -9999.0 -9999.0 -9999.0 -9999.0 -9999.00 U -9999.0 -9999.0 -9999.0 -9999.0 -9999.0 -9999.0 -99.000 -99.000 -99.000 -99.000 -99.000 -9999.0 -9999.0 -9999.0 -9999.0 -9999.0
96406 20170109 -9.000 -154.13   64.50 -9999.0 -9999.0 -9999.0 -9999.0 -9999.0 -9999.00 U -9999.0 -9999.0 -9999.0 -9999.0 -9999.0 -9999.0 -99.000 -99.000 -99.000 -99.000 -99.000 -9999.0 -9999.0 -9999.0 -9999.0 -9999.0
96406 20170110 -9.000 -154.13   64.50 -9999.0 -9999.0 -9999.0 -9999.0 -9999.0 -9999.00 U -9999.0 -9999.0 -9999.0 -9999.0 -9999.0 -9999.0 -99.000 -99.000 -99.000 -99.000 -99.000 -9999.0 -9999.0 -9999.0 -9999.0 -9999.0
96406 20170111 -9.000 -154.13   64.50 -9999.0 -9999.0 -9999.0 -9999.0 -9999.0 -9999.00 U -9999.0 -9999.0 -9999.0 -9999.0 -9999.0 -9999.0 -99.000 -99.000 -99.000 -99.000 -99.000 -9999.0 -9999.0 -9999.0 -9999.0 -9999.0
96406 20170112 -9.000 -154.13   64.50 -9999.0 -9999.0 -9999.0 -9999.0 -9999.0 -9999.00 U -9999.0 -9999.0 -9999.0 -9999.0 -9999.0 -9999.0 -99.000 -99.000 -99.000 -99.000 -99.000 -9999.0 -9999.0 -9999.0 -9999.0 -9999.0
96406 20170113 -9.000 -154.13   64.50 -9999.0 -9999.0 -9999.0 -9999.0 -9999.0 -9999.00 U -9999.0 -9999.0 -9999.0 -9999.0 -9999.0 -9999.0 -99.000 -99.000 -99.000 -99.000 -99.000 -9999.0 -9999.0 -9999.0 -9999.0 -9999.0
96406 20170114 -9.000 -154.13   64.50 -9999.0 -9999.0 -9999.0 -9999.0 -9999.0 -9999.00 U -9999.0 -9999.0 -9999.0 -9999.0 -9999.0 -9999.0 -99.000 -99.000 -99.000 -99.000 -99.000 -9999.0 -9999.0 -9999.0 -9999.0 -9999.0
96406 20170115 -9.000 -154.13   64.50 -9999.0 -9999.0 -9999.0 -9999.0 -9999.0 -9999.00 U -9999.0 -9999.0 -9999.0 -9999.0 -9999.0 -9999.0 -99.000 -99.000 -99.000 -99.000 -99.000 -9999.0 -9999.0 -9999.0 -9999.0 -9999.0
96406 20170116 -9.000 -154.13   64.50 -9999.0 -9999.0 -9999.0 -9999.0 -9999.0 -9999.00 U -9999.0 -9999.0 -9999.0 -9999.0 -9999.0 -9999.0 -99.000 -99.000 -99.000 -99.000 -99.000 -9999.0 -9999.0 -9999.0 -9999.0 -9999.0
96406 20170117 -9.000 -154.13   64.50 -9999.0 -9999.0 -9999.0 -9999.0 -9999.0 -9999.00 U -9999.0 -9999.0 -9999.0 -9999.0 -9999.0 -9999.0 -99.000 -99.000 -99.000 -99.000 -99.000 -9999.0 -9999.0 -9999.0 -9999.0 -9999.0
96406 20170118 -9.000 -154.13   64.50 -9999.0 -9999.0 -9999.0 -9999.0 -9999.0 -9999.00 U -9999.0 -9999.0 -9999.0 -9999.0 -9999.0 -9999.0 -99.000 -99.000 -99.000 -99.000 -99.000 -9999.0 -9999.0 -9999.0 -9999.0 -9999.0
96406 20170119 -9.000 -154.13   64.50 -9999.0 -9999.0 -9999.0 -9999.0 -9999.0 -9999.00 U -9999.0 -9999.0 -9999.0 -9999.0 -9999.0 -9999.0 -99.000 -99.000 -99.000 -99.000 -99.000 -9999.0 -9999.0 -9999.0 -9999.0 -9999.0
96406 20170120 -9.000 -154.13   64.50 -9999.0 -9999.0 -9999.0 -9999.0 -9999.0 -9999.00 U -9999.0 -9999.0 -9999.0 -9999.0 -9999.0 -9999.0 -99.000 -99.000 -99.000 -99.000 -99.000 -9999.0 -9999.0 -9999.0 -9999.0 -9999.0
96406 20170121 -9.000 -154.13   64.50 -9999.0 -9999.0 -9999.0 -9999.0 -9999.0 -9999.00 U -9999.0 -9999.0 -9999.0 -9999.0 -9999.0 -9999.0 -99.000 -99.000 -99.000 -99.000 -99.000 -9999.0 -9999.0 -9999.0 -9999.0 -9999.0
96406 20170122 -9.000 -154.13   64.50 -9999.0 -9999.0 -9999.0 -9999.0 -9999.0 -9999.00 U -9999.0 -9999.0 -9999.0 -9999.0 -9999.0 -9999.0 -99.000 -99.000 -99.000 -99.000 -99.000 -9999.0 -9999.0 -9999.0 -9999.0 -9999.0
96406 20170123 -9.000 -154.13   64.50 -9999.0 -9999.0 -9999.0 -9999.0 -9999.0 -9999.00 U -9999.0 -9999.0 -9999.0 -9999.0 -9999.0 -9999.0 -99.000 -99.000 -99.000 -99.000 -99.000 -9999.0 -9999.0 -9999.0 -9999.0 -9999.0
96406 20170124 -9.000 -154.13   64.50 -9999.0 -9999.0 -9999.0 -9999.0 -9999.0 -9999.00 U -9999.0 -9999.0 -9999.0 -9999.0 -9999.0 -9999.0 -99.000 -99.000 -99.000 -99.000 -99.000 -9999.0 -9999.0 -9999.0 -9999.0 -9999.0
96406 20170125 -9.000 -154.13   64.50 -9999.0 -9999.0 -9999.0 -9999.0 -9999.0 -9999.00 U -9999.0 -9999.0 -9999.0 -9999.0 -9999.0 -9999.0 -99.000 -99.000 -99.000 -99.000 -99.000 -9999.0 -9999.0 -9999.0 -9999.0 -9999.0
96406 20170126 -9.000 -154.13   64.50 -9999.0 -9999.0 -9999.0 -9999.0 -9999.0 -9999.00 U -9999.0 -9999.0 -9999.0 -9999.0 -9999.0 -9999.0 -99.000 -99.000 -99.000 -99.000 -99.000 -9999.0 -9999.0 -9999.0 -9999.0 -9999.0
96406 20170127 -9.000 -154.13   64.50 -9999.0 -9999.0 -9999.0 -9999.0 -9999.0 -9999.00 U -9999.0 -9999.0 -9999.0 -9999.0 -9999.0 -9999.0 -99.000 -99.000 -99.000 -99.000 -99.000 -9999.0 -9999.0 -9999.0 -9999.0 -9999.0
96406 20170128 -9.000 -154.13   64.50 -9999.0 -9999.0 -9999.0 -9999.0 -9999.0 -9999.00 U -9999.0 -9999.0 -9999.0 -9999.0 -9999.0 -9999.0 -99.000 -99.000 -99.000 -99.000 -99.000 -9999.0 -9999.0 -9999.0 -9999.0 -9999.0
96406 20170129 -9.000 -154.13   64.50 -9999.0 -9999.0 -9999.0 -9999.0 -9999.0 -9999.00 U -9999.0 -9999.0 -9999.0 -9999.0 -9999.0 -9999.0 -99.000 -99.000 -99.000 -99.000 -99.000 -9999.0 -9999.0 -9999.0 -9999.0 -9999.0
96406 20170130 -9.000 -154.13   64.50 -9999.0 -9999.0 -9999.0 -9999.0 -9999.0 -9999.00 U -9999.0 -9999.0 -9999.0 -9999.0 -9999.0 -9999.0 -99.000 -99.000 -99.000 -99.000 -99.000 -9999.0 -9999.0 -9999.0 -9999.0 -9999.0
96406 20170131 -9.000 -154.13   64.50 -9999.0 -9999.0 -9999.0 -9999.0 -9999.0 -9999.00 U -9999.0 -9999.0 -9999.0 -9999.0 -9999.0 -9999.0 -99.000 -99.000 -99.000 -99.000 -99.000 -9999.0 -9999.0 -9999.0 -9999.0 -9999.0
96406 20170201 -9.000 -154.13   64.50 -9999.0 -9999.0 -9999.0 -9999.0 -9999.0 -9999.00 U -9999.0 -9999.0 -9999.0 -9999.0 -9999.0 -9999.0 -99.000 -99.000 -99.000 -99.000 -99.000 -9999.0 -9999.0 -9999.0 -9999.0 -9999.0
96406 20170202 -9.000 -154.13   64.50 -9999.0 -9999.0 -9999.0 -9999.0 -9999.0 -9999.00 U -9999.0 -9999.0 -9999.0 -9999.0 -9999.0 -9999.0 -99.000 -99.000 -99.000 -99.000 -99.000 -9999.0 -9999.0 -9999.0 -9999.0 -9999.0
96406 20170203 -9.000 -154.13   64.50 -9999.0 -9999.0 -9999.0 -9999.0 -9999.0 -9999.00 U -9999.0 -9999.0 -9999.0 -9999.0 -9999.0 -9999.0 -99.000 -99.000 -99.000 -99.000 -99.000 -9999.0 -9999.0 -9999.0 -9999.0 -9999.0
96406 20170204 -9.000 -154.13   64.50 -9999.0 -9999.0 -9999.0 -9999.0 -9999.0 -9999.00 U -9999.0 -9999.0 -9999.0 -9999.0 -9999.0 -9999.0 -99.000 -99.000 -99.000 -99.000 -99.000 -9999.0 -9999.0 -9999.0 -9999.0 -9999.0
96406 20170205 -9.000 -154.13   64.50 -9999.0 -9999.0 -9999.0 -9999.0 -9999.0 -9999.00 U -9999.0 -9999.0 -9999.0 -9999.0 -9999.0 -9999.0 -99.000 -99.000 -99.000 -99.000 -99.000 -9999.0 -9999.0 -9999.0 -9999.0 -9999.0
96406 20170206  2.515 -154.13   64.50 -9999.0 -9999.0 -9999.0 -9999.0 -9999.0 -9999.00 U -9999.0 -9999.0 -9999.0 -9999.0 -9999.0 -9999.0 -99.000 -99.000 -99.000 -99.000 -99.000 -9999.0 -9999.0 -9999.0 -9999.0 -9999.0
96406 20170207  2.515 -154.13   64.50   -14.2   -31.1   -22.7   -23.3     0.0     2.26 C   -12.9   -32.1   -24.5    91.0    69.7    79.2 -99.000 -99.000 -99.000 -99.000 -99.000 -9999.0 -9999.0 -9999.0 -9999.0 -9999.0
96406 20170208  2.515 -154.13   64.50    -9.7   -21.4   -15.6   -12.7     0.5     2.01 C   -10.4   -28.5   -14.2    92.0    76.2    86.7 -99.000 -99.000 -99.000 -99.000 -99.000 -9999.0 -9999.0 -9999.0 -9999.0 -9999.0
96406 20170209  2.515 -154.13   64.50   -18.4   -27.9   -23.2   -22.4     1.1     1.59 C   -18.8   -33.6   -26.2    87.5    71.4    80.1 -99.000 -99.000 -99.000 -99.000 -99.000 -9999.0 -9999.0 -9999.0 -9999.0 -9999.0
96406 20170210  2.515 -154.13   64.50   -20.2   -37.5   -28.9   -27.3     0.7     4.60 C   -25.6   -41.4   -32.1    81.3    60.1    74.1 -99.000 -99.000 -99.000 -99.000 -99.000 -9999.0 -9999.0 -9999.0 -9999.0 -9999.0
96406 20170211  2.515 -154.13   64.50   -27.7   -43.1   -35.4   -37.0     0.0     5.00 C   -32.2   -44.7   -40.5    76.1    65.9    70.4 -99.000 -99.000 -99.000 -99.000 -99.000 -9999.0 -9999.0 -9999.0 -9999.0 -9999.0
96406 20170212  2.515 -154.13   64.50   -27.4   -43.2   -35.3   -36.9     0.0     5.94 C   -26.8   -44.5   -38.8    76.7    58.8    68.3 -99.000 -99.000 -99.000 -99.000 -99.000 -9999.0 -9999.0 -9999.0 -9999.0 -9999.0
96406 20170213  2.515 -154.13   64.50   -15.1   -28.4   -21.7   -18.3     0.0     1.50 C   -15.5   -27.1   -20.1    79.8    63.6    68.9 -99.000 -99.000 -99.000 -99.000 -99.000 -9999.0 -9999.0 -9999.0 -9999.0 -9999.0
96406 20170214  2.515 -154.13   64.50    -9.6   -24.0   -16.8   -15.1     7.7     0.16 C    -9.1   -25.9   -15.8    91.7    72.8    85.7 -99.000 -99.000 -99.000 -99.000 -99.000 -9999.0 -9999.0 -9999.0 -9999.0 -9999.0
96406 20170215  2.515 -154.13   64.50    -9.0   -17.3   -13.1   -11.4     3.8     0.20 C    -9.0   -22.4   -12.3    94.3    85.1    90.4 -99.000 -99.000 -99.000 -99.000 -99.000 -9999.0 -9999.0 -9999.0 -9999.0 -9999.0
96406 20170216  2.515 -154.13   64.50   -10.4   -14.6   -12.5   -12.2     0.0     0.35 C   -10.6   -17.0   -12.9    91.0    87.0    89.4 -99.000 -99.000 -99.000 -99.000 -99.000 -9999.0 -9999.0 -9999.0 -9999.0 -9999.0
96406 20170217  2.515 -154.13   64.50   -12.4   -21.1   -16.7   -16.1     0.9     0.60 C   -12.4   -25.1   -17.8    89.3    81.3    86.2 -99.000 -99.000 -99.000 -99.000 -99.000 -9999.0 -9999.0 -9999.0 -9999.0 -9999.0
96406 20170218  2.515 -154.13   64.50   -12.7   -17.5   -15.1   -14.6     1.5     0.28 C   -12.8   -18.7   -14.9    87.6    80.5    85.0 -99.000 -99.000 -99.000 -99.000 -99.000 -9999.0 -9999.0 -9999.0 -9999.0 -9999.0
96406 20170219  2.515 -154.13   64.50   -17.5   -35.5   -26.5   -24.4     0.0     1.62 C   -18.6   -43.4   -29.1    84.0    67.6    75.6 -99.000 -99.000 -99.000 -99.000 -99.000 -9999.0 -9999.0 -9999.0 -9999.0 -9999.0
96406 20170220  2.515 -154.13   64.50   -24.2   -42.0   -33.1   -33.6     0.2     1.83 C   -28.4   -47.1   -39.1    79.6    68.0    72.4 -99.000 -99.000 -99.000 -99.000 -99.000 -9999.0 -9999.0 -9999.0 -9999.0 -9999.0
96406 20170221  2.515 -154.13   64.50   -22.7   -39.5   -31.1   -31.6     0.3     2.13 C   -22.1   -45.2   -35.9    79.0    65.8    72.0 -99.000 -99.000 -99.000 -99.000 -99.000 -9999.0 -9999.0 -9999.0 -9999.0 -9999.0
96406 20170222  2.515 -154.13   64.50   -17.0   -22.7   -19.9   -19.0     5.4     0.31 C   -16.5   -22.2   -18.7    84.7    76.0    80.8 -99.000 -99.000 -99.000 -99.000 -99.000 -9999.0 -9999.0 -9999.0 -9999.0 -9999.0
96406 20170223  2.515 -154.13   64.50    -7.9   -17.3   -12.6   -12.2     7.0     0.34 C    -6.9   -16.9   -11.3    92.2    83.2    86.6 -99.000 -99.000 -99.000 -99.000 -99.000 -9999.0 -9999.0 -9999.0 -9999.0 -9999.0
96406 20170224  2.515 -154.13   64.50     1.9    -9.6    -3.9    -1.0     0.8     2.13 C     0.0   -12.0    -2.8    97.6    71.6    86.7 -99.000 -99.000 -99.000 -99.000 -99.000 -9999.0 -9999.0 -9999.0 -9999.0 -9999.0
96406 20170225  2.515 -154.13   64.50     1.0    -2.1    -0.5     0.2     0.0     1.40 C    -0.6    -7.2    -1.7    88.0    73.3    80.9 -99.000 -99.000 -99.000 -99.000 -99.000 -9999.0 -9999.0 -9999.0 -9999.0 -9999.0
96406 20170226  2.515 -154.13   64.50     1.1    -2.6    -0.8    -0.4     0.3     2.13 C    -0.8    -5.6    -2.5    93.8    60.5    79.6 -99.000 -99.000 -99.000 -99.000 -99.000 -9999.0 -9999.0 -9999.0 -9999.0 -9999.0
96406 20170227  2.515 -154.13   64.50    -2.5   -18.5   -10.5    -7.8     1.6     3.34 C    -3.4   -29.0   -13.6    96.7    54.9    75.9 -99.000 -99.000 -99.000 -99.000 -99.000 -9999.0 -9999.0 -9999.0 -9999.0 -9999.0
96406 20170228  2.515 -154.13   64.50   -11.1   -25.5   -18.3   -19.2     0.0     4.84 C   -16.2   -34.0   -26.5    86.6    39.9    68.3 -99.000 -99.000 -99.000 -99.000 -99.000 -9999.0 -9999.0 -9999.0 -9999.0 -9999.0
96406 20170301  2.515 -154.13   64.50   -10.5   -34.8   -22.7   -23.2     0.0     5.71 C   -16.5   -40.4   -31.4    82.0    32.0    61.2 -99.000 -99.000 -99.000 -99.000 -99.000 -9999.0 -9999.0 -9999.0 -9999.0 -9999.0
96406 20170302  2.515 -154.13   64.50   -15.8   -37.4   -26.6   -26.4     0.0     5.76 C   -17.0   -41.3   -33.1    79.9    48.8    64.7 -99.000 -99.000 -99.000 -99.000 -99.000 -9999.0 -9999.0 -9999.0 -9999.0 -9999.0
96406 20170303  2.515 -154.13   64.50   -14.4   -37.5   -26.0   -24.3     0.0     5.59 C   -16.3   -41.5   -28.8    81.4    48.5    63.4 -99.000 -99.000 -99.000 -99.000 -99.000 -9999.0 -9999.0 -9999.0 -9999.0 -9999.0
96406 20170304  2.515 -154.13   64.50    -8.2   -20.3   -14.2   -13.9     0.0     4.47 C   -10.3   -32.5   -19.5    88.4    52.7    70.9 -99.000 -99.000 -99.000 -99.000 -99.000 -9999.0 -9999.0 -9999.0 -9999.0 -9999.0
96406 20170305  2.515 -154.13   64.50   -11.8   -33.8   -22.8   -19.9     0.2     6.71 C   -14.3   -40.5   -28.0    84.9    38.4    64.6 -99.000 -99.000 -99.000 -99.000 -99.000 -9999.0 -9999.0 -9999.0 -9999.0 -9999.0
96406 20170306  2.515 -154.13   64.50   -17.2   -40.3   -28.8   -30.1     0.0     6.85 C   -22.8   -44.4   -36.3    75.4    43.3    63.6 -99.000 -99.000 -99.000 -99.000 -99.000 -9999.0 -9999.0 -9999.0 -9999.0 -9999.0
96406 20170307  2.515 -154.13   64.50   -17.4   -40.6   -29.0   -30.3     0.0     6.98 C   -23.3   -44.4   -36.0    74.4    43.1    62.9 -99.000 -99.000 -99.000 -99.000 -99.000 -9999.0 -9999.0 -9999.0 -9999.0 -9999.0
96406 20170308  2.515 -154.13   64.50   -14.8   -40.5   -27.6   -29.4     0.0     7.19 C   -21.3   -44.0   -34.9    74.5    37.4    59.9 -99.000 -99.000 -99.000 -99.000 -99.000 -9999.0 -9999.0 -9999.0 -9999.0 -9999.0
96406 20170309  2.515 -154.13   64.50   -11.8   -33.9   -22.8   -21.9     0.0     5.10 C   -13.3   -38.1   -22.9    69.7    37.6    57.2 -99.000 -99.000 -99.000 -99.000 -99.000 -9999.0 -9999.0 -9999.0 -9999.0 -9999.0
96406 20170310  2.515 -154.13   64.50    -6.0   -22.1   -14.1   -12.2     0.0     6.77 C    -9.4   -27.0   -15.6    72.6    36.0    52.7 -99.000 -99.000 -99.000 -99.000 -99.000 -9999.0 -9999.0 -9999.0 -9999.0 -9999.0
96406 20170311  2.515 -154.13   64.50    -6.9   -28.4   -17.6   -16.2     0.0     5.57 C    -8.9   -31.0   -18.5    81.0    51.1    67.7 -99.000 -99.000 -99.000 -99.000 -99.000 -9999.0 -9999.0 -9999.0 -9999.0 -9999.0
96406 20170312  2.515 -154.13   64.50    -4.2   -23.1   -13.7   -12.4     0.0     7.86 C    -9.2   -28.5   -19.0    88.8    46.8    68.5 -99.000 -99.000 -99.000 -99.000 -99.000 -9999.0 -9999.0 -9999.0 -9999.0 -9999.0
96406 20170313  2.515 -154.13   64.50    -4.9   -28.5   -16.7   -16.4     0.0     7.71 C   -10.1   -32.1   -21.1    85.7    41.8    67.1 -99.000 -99.000 -99.000 -99.000 -99.000 -9999.0 -9999.0 -9999.0 -9999.0 -9999.0
96406 20170314  2.515 -154.13   64.50   -10.4   -27.8   -19.1   -17.8     0.4     8.40 C   -13.9   -33.1   -23.7    88.5    43.0    66.6 -99.000 -99.000 -99.000 -99.000 -99.000 -9999.0 -9999.0 -9999.0 -9999.0 -9999.0
96406 20170315  2.515 -154.13   64.50   -12.7   -34.6   -23.6   -22.3     0.0     8.93 C   -16.6   -40.7   -29.9    82.7    32.2    55.2 -99.000 -99.000 -99.000 -99.000 -99.000 -9999.0 -9999.0 -9999.0 -9999.0 -9999.0
96406 20170316  2.515 -154.13   64.50   -11.7   -38.3   -25.0   -25.1     0.0     9.14 C   -15.9   -42.0   -31.5    75.4    31.4    55.1 -99.000 -99.000 -99.000 -99.000 -99.000 -9999.0 -9999.0 -9999.0 -9999.0 -9999.0
96406 20170317  2.515 -154.13   64.50   -11.0   -38.7   -24.9   -25.2     0.0     9.45 C   -15.2   -42.6   -31.3    73.1    31.8    56.5 -99.000 -99.000 -99.000 -99.000 -99.000 -9999.0 -9999.0 -9999.0 -9999.0 -9999.0
96406 20170318  2.515 -154.13   64.50   -10.9   -37.6   -24.2   -23.3     0.0     9.52 C   -14.1   -41.3   -29.4    80.0    36.0    58.1 -99.000 -99.000 -99.000 -99.000 -99.000 -9999.0 -9999.0 -9999.0 -9999.0 -9999.0
96406 20170319  2.515 -154.13   64.50    -8.6   -35.3   -22.0   -21.4     0.0     9.86 C   -12.4   -38.5   -27.6    81.7    35.2    59.5 -99.000 -99.000 -99.000 -99.000 -99.000 -9999.0 -9999.0 -9999.0 -9999.0 -9999.0
96406 20170320  2.515 -154.13   64.50    -8.2   -32.6   -20.4   -20.9     0.0     9.57 C   -12.5   -36.5   -26.8    74.1    31.2    57.4 -99.000 -99.000 -99.000 -99.000 -99.000 -9999.0 -9999.0 -9999.0 -9999.0 -9999.0
96406 20170321  2.515 -154.13   64.50    -6.5   -34.0   -20.3   -20.4     0.0    10.38 C   -10.8   -37.9   -26.4    77.1    33.1    57.6 -99.000 -99.000 -99.000 -99.000 -99.000 -9999.0 -9999.0 -9999.0 -9999.0 -9999.0
96406 20170322  2.515 -154.13   64.50    -5.2   -33.2   -19.2   -19.3     0.0    10.66 C    -9.7   -36.9   -25.4    79.0    33.2    59.2 -99.000 -99.000 -99.000 -99.000 -99.000 -9999.0 -9999.0 -9999.0 -9999.0 -9999.0
96406 20170323  2.515 -154.13   64.50    -5.8   -32.8   -19.3   -18.4     0.0    10.77 C    -9.6   -36.1   -24.6    80.2    35.0    60.7 -99.000 -99.000 -99.000 -99.000 -99.000 -9999.0 -9999.0 -9999.0 -9999.0 -9999.0
96406 20170324  2.515 -154.13   64.50    -4.8   -30.8   -17.8   -17.8     0.0    10.79 C    -8.8   -34.4   -23.5    80.6    36.3    62.2 -99.000 -99.000 -99.000 -99.000 -99.000 -9999.0 -9999.0 -9999.0 -9999.0 -9999.0
96406 20170325  2.515 -154.13   64.50    -4.6   -32.1   -18.3   -17.6     0.0    11.30 C    -8.3   -35.5   -23.7    83.8    31.1    59.0 -99.000 -99.000 -99.000 -99.000 -99.000 -9999.0 -9999.0 -9999.0 -9999.0 -9999.0
96406 20170326  2.515 -154.13   64.50    -4.3   -31.7   -18.0   -16.8     0.0    11.61 C    -8.0   -35.1   -22.9    79.5    31.8    57.0 -99.000 -99.000 -99.000 -99.000 -99.000 -9999.0 -9999.0 -9999.0 -9999.0 -9999.0
96406 20170327  2.515 -154.13   64.50    -4.4   -30.7   -17.5   -14.0     0.0    10.44 C    -5.9   -34.6   -19.3    88.4    36.5    59.7 -99.000 -99.000 -99.000 -99.000 -99.000 -9999.0 -9999.0 -9999.0 -9999.0 -9999.0
96406 20170328  2.515 -154.13   64.50    -3.5   -18.1   -10.8    -9.9     0.2    11.51 C    -4.9   -21.2   -12.8    87.9    50.7    70.4 -99.000 -99.000 -99.000 -99.000 -99.000 -9999.0 -9999.0 -9999.0 -9999.0 -9999.0
96406 20170329  2.515 -154.13   64.50    -4.5   -15.2    -9.8    -8.9     0.5     9.46 C    -5.4   -21.4   -10.6    91.6    55.6    78.3 -99.000 -99.000 -99.000 -99.000 -99.000 -9999.0 -9999.0 -9999.0 -9999.0 -9999.0
96406 20170330  2.515 -154.13   64.50    -2.9   -22.3   -12.6    -9.2     0.2    11.31 C    -5.6   -28.0   -13.7    93.6    54.2    72.8 -99.000 -99.000 -99.000 -99.000 -99.000 -9999.0 -9999.0 -9999.0 -9999.0 -9999.0
96406 20170331  2.515 -154.13   64.50     3.5   -16.3    -6.4    -2.9     0.0    10.85 C     0.2   -21.5    -8.0    93.7    42.3    60.2 -99.000 -99.000 -99.000 -99.000 -99.000 -9999.0 -9999.0 -9999.0 -9999.0 -9999.0
96406 20170401  2.515 -154.13   64.50     7.7    -8.5    -0.4     0.2     0.0    10.57 C     0.0   -13.1    -4.5    85.7    39.9    63.1 -99.000 -99.000 -99.000 -99.000 -99.000 -9999.0 -9999.0 -9999.0 -9999.0 -9999.0
96406 20170402  2.515 -154.13   64.50     5.0    -3.4     0.8     0.9     0.2     6.41 C     0.1    -8.4    -1.8    91.7    63.2    78.6 -99.000 -99.000 -99.000 -99.000 -99.000 -9999.0 -9999.0 -9999.0 -9999.0 -9999.0
96406 20170403  2.515 -154.13   64.50     7.5   -10.1    -1.3     0.0     0.0    12.18 C     0.0   -14.1    -5.3    97.0    35.6    68.2 -99.000 -99.000 -99.000 -99.000 -99.000 -9999.0 -9999.0 -9999.0 -9999.0 -9999.0
96406 20170404  2.515 -154.13   64.50     8.1    -1.8     3.1     2.5     0.0    11.68 C    -0.1    -7.5    -2.9    69.6    34.8    52.5 -99.000 -99.000 -99.000 -99.000 -99.000 -9999.0 -9999.0 -9999.0 -9999.0 -9999.0
96406 20170405  2.515 -154.13   64.50     6.1    -1.9     2.1     1.4     0.0    10.23 C     0.1    -8.3    -3.0    63.0    39.7    53.0 -99.000 -99.000 -99.000 -99.000 -99.000 -9999.0 -9999.0 -9999.0 -9999.0 -9999.0
96406 20170406  2.515 -154.13   64.50     4.8    -2.1     1.3     0.8     0.0    10.48 C     0.1    -7.3    -2.3    76.2    46.3    61.1 -99.000 -99.000 -99.000 -99.000 -99.000 -9999.0 -9999.0 -9999.0 -9999.0 -9999.0
96406 20170407  2.515 -154.13   64.50     0.8    -6.1    -2.7    -2.1     0.6     6.91 C    -1.8   -12.3    -4.0    86.4    38.8    64.3 -99.000 -99.000 -99.000 -99.000 -99.000 -9999.0 -9999.0 -9999.0 -9999.0 -9999.0
96406 20170408  2.515 -154.13   64.50    -1.7    -9.3    -5.5    -5.4     0.0     9.54 C    -1.5   -15.7    -9.1    66.5    45.7    56.7 -99.000 -99.000 -99.000 -99.000 -99.000 -9999.0 -9999.0 -9999.0 -9999.0 -9999.0
96406 20170409  2.515 -154.13   64.50     6.9    -6.5     0.2    -0.2     0.0    13.06 C     0.0   -10.1    -4.5    70.7    35.7    52.5 -99.000 -99.000 -99.000 -99.000 -99.000 -9999.0 -9999.0 -9999.0 -9999.0 -9999.0
96406 20170410  2.515 -154.13   64.50     8.6   -10.6    -1.0    -0.2     0.0    14.92 C    -0.1   -14.1    -5.6    91.8    29.6    56.5 -99.000 -99.000 -99.000 -99.000 -99.000 -9999.0 -9999.0 -9999.0 -9999.0 -9999.0
96406 20170411  2.515 -154.13   64.50     9.2   -11.4    -1.1    -0.5     0.0    15.61 C     0.0   -14.2    -5.8    92.4    30.8    60.5 -99.000 -99.000 -99.000 -99.000 -99.000 -9999.0 -9999.0 -9999.0 -9999.0 -9999.0
96406 20170412  2.515 -154.13   64.50    10.4   -11.7    -0.7     0.8     0.0    15.92 C     0.0   -13.4    -5.3    92.7    23.1    55.9 -99.000 -99.000 -99.000 -99.000 -99.000 -9999.0 -9999.0 -9999.0 -9999.0 -9999.0
96406 20170413  2.515 -154.13   64.50     9.7    -9.5     0.1     2.4     0.0    16.28 C     0.0   -12.1    -4.4    87.6    27.9    49.4 -99.000 -99.000 -99.000 -99.000 -99.000 -9999.0 -9999.0 -9999.0 -9999.0 -9999.0
96406 20170414  2.515 -154.13   64.50    10.4    -9.5     0.5     1.7     0.0    16.63 C     0.0   -12.3    -4.7    93.9    25.0    53.5 -99.000 -99.000 -99.000 -99.000 -99.000 -9999.0 -9999.0 -9999.0 -9999.0 -9999.0
96406 20170415  2.515 -154.13   64.50     6.7    -9.8    -1.6    -0.1     0.0    16.11 C     0.2   -11.8    -4.6    90.5    36.2    56.7 -99.000 -99.000 -99.000 -99.000 -99.000 -9999.0 -9999.0 -9999.0 -9999.0 -9999.0
96406 20170416  2.515 -154.13   64.50     3.8    -4.1    -0.2    -0.7     0.0    15.79 C     0.1    -8.2    -4.0    60.7    35.5    46.8 -99.000 -99.000 -99.000 -99.000 -99.000 -9999.0 -9999.0 -9999.0 -9999.0 -9999.0
96406 20170417  2.515 -154.13   64.50     2.5    -7.3    -2.4    -2.3     0.0    17.32 C    -0.3   -12.1    -6.3    57.7    27.5    39.9 -99.000 -99.000 -99.000 -99.000 -99.000 -9999.0 -9999.0 -9999.0 -9999.0 -9999.0
96406 20170418  2.515 -154.13   64.50     4.7   -10.4    -2.8    -1.8     0.0    17.78 C     0.3   -15.1    -6.6    63.9    25.0    39.6 -99.000 -99.000 -99.000 -99.000 -99.000 -9999.0 -9999.0 -9999.0 -9999.0 -9999.0
96406 20170419  2.515 -154.13   64.50     4.7    -5.9    -0.6    -0.1     0.0    18.26 C     0.6   -12.8    -5.3    52.0    23.9    35.2 -99.000 -99.000 -99.000 -99.000 -99.000 -9999.0 -9999.0 -9999.0 -9999.0 -9999.0
96406 20170420  2.515 -154.13   64.50     5.8    -5.6     0.1    -0.1     0.0    18.40 C     1.7   -10.3    -4.4    57.2    26.9    37.7 -99.000 -99.000 -99.000 -99.000 -99.000 -9999.0 -9999.0 -9999.0 -9999.0 -9999.0
96406 20170421  2.515 -154.13   64.50     8.5   -11.2    -1.4     1.0     0.0    17.53 C     4.2   -12.6    -3.6    75.8    26.0    40.7 -99.000 -99.000 -99.000 -99.000 -99.000 -9999.0 -9999.0 -9999.0 -9999.0 -9999.0
96406 20170422  2.515 -154.13   64.50     9.5    -7.8     0.8     3.4     0.0    19.00 C     9.3    -8.9    -0.4    72.3    24.4    37.4 -99.000 -99.000 -99.000 -99.000 -99.000 -9999.0 -9999.0 -9999.0 -9999.0 -9999.0
96406 20170423  2.515 -154.13   64.50    10.5    -2.1     4.2     4.5     0.0    13.16 C    18.0    -5.3     2.1    54.0    26.6    37.2 -99.000 -99.000 -99.000 -99.000 -99.000 -9999.0 -9999.0 -9999.0 -9999.0 -9999.0
96406 20170424  2.515 -154.13   64.50    13.2    -1.7     5.7     6.3     0.0    16.21 C    21.5    -2.8     6.3    75.9    25.1    41.3 -99.000 -99.000 -99.000 -99.000 -99.000 -9999.0 -9999.0 -9999.0 -9999.0 -9999.0
96406 20170425  2.515 -154.13   64.50     8.4    -0.4     4.0     4.6     0.4    10.44 C    20.0    -3.1     5.2    80.5    39.6    56.8 -99.000 -99.000 -99.000 -99.000 -99.000 -9999.0 -9999.0 -9999.0 -9999.0 -9999.0
96406 20170426  2.515 -154.13   64.50    12.4    -4.9     3.7     4.2     0.0    19.03 C    26.3    -5.9     6.6    95.2    37.5    61.5 -99.000 -99.000 -99.000 -99.000 -99.000 -9999.0 -9999.0 -9999.0 -9999.0 -9999.0
96406 20170427  2.515 -154.13   64.50     9.7    -4.2     2.7     3.8     0.0    17.29 C    23.6    -7.1     5.1    83.2    36.2    52.0 -99.000 -99.000 -99.000 -99.000 -99.000 -9999.0 -9999.0 -9999.0 -9999.0 -9999.0
96406 20170428  2.515 -154.13   64.50    11.9    -4.5     3.7     4.2     0.5    13.82 C    28.4    -7.4     5.9    95.5    38.6    66.5 -99.000 -99.000 -99.000 -99.000 -99.000 -9999.0 -9999.0 -9999.0 -9999.0 -9999.0
96406 20170429  2.515 -154.13   64.50    11.3    -1.0     5.2     5.1     0.0    16.28 C    30.2    -4.7     6.9    98.7    37.0    71.3 -99.000 -99.000 -99.000 -99.000 -99.000 -9999.0 -9999.0 -9999.0 -9999.0 -9999.0
96406 20170430  2.515 -154.13   64.50    13.7    -1.8     6.0     5.4     0.0    13.04 C    29.4    -5.0     7.1    94.1    32.6    64.9 -99.000 -99.000 -99.000 -99.000 -99.000 -9999.0 -9999.0 -9999.0 -9999.0 -9999.0
96406 20170501  2.515 -154.13   64.50    14.2    -4.4     4.9     5.6     0.0    14.86 C    32.3    -7.2     6.6    94.3    25.0    57.6 -99.000 -99.000 -99.000 -99.000 -99.000 -9999.0 -9999.0 -9999.0 -9999.0 -9999.0
96406 20170502  2.515 -154.13   64.50    13.5    -2.8     5.4     5.3     0.7    16.42 C    31.0    -6.7     7.0    89.2    30.2    59.9 -99.000 -99.000 -99.000 -99.000 -99.000 -9999.0 -9999.0 -9999.0 -9999.0 -9999.0
96406 20170503  2.515 -154.13   64.50    14.7    -5.2     4.8     6.1     0.0    17.11 C    31.2    -8.7     8.1    96.3    32.3    58.7 -99.000 -99.000 -99.000 -99.000 -99.000 -9999.0 -9999.0 -9999.0 -9999.0 -9999.0
96406 20170504  2.515 -154.13   64.50    12.8    -1.0     5.9     5.6     1.2    15.74 C    34.1    -4.1     9.0    99.6    38.7    70.3 -99.000 -99.000 -99.000 -99.000 -99.000 -9999.0 -9999.0 -9999.0 -9999.0 -9999.0
96406 20170505  2.515 -154.13   64.50    11.4     2.4     6.9     6.5     0.0    12.99 C    28.9    -3.9     8.7    98.4    47.8    75.4 -99.000 -99.000 -99.000 -99.000 -99.000 -9999.0 -9999.0 -9999.0 -9999.0 -9999.0
96406 20170506  2.515 -154.13   64.50    17.8    -3.2     7.3     8.9     0.0    20.55 C    35.6    -7.4    10.4    97.2    17.3    52.4 -99.000 -99.000 -99.000 -99.000 -99.000 -9999.0 -9999.0 -9999.0 -9999.0 -9999.0
96406 20170507  2.515 -154.13   64.50    18.7    -3.0     7.9    10.1     0.0    20.44 C    37.9    -8.0    13.5    88.8    18.1    42.3 -99.000 -99.000 -99.000 -99.000 -99.000 -9999.0 -9999.0 -9999.0 -9999.0 -9999.0
96406 20170508  2.515 -154.13   64.50    16.6     6.3    11.4    11.3     0.0    16.58 C    36.7     2.0    13.8    78.7    31.7    47.7 -99.000 -99.000 -99.000 -99.000 -99.000 -9999.0 -9999.0 -9999.0 -9999.0 -9999.0
96406 20170509  2.515 -154.13   64.50    15.1    -0.5     7.3     9.0     0.0    20.01 C    35.6    -8.3    12.3    87.5    18.9    50.2 -99.000 -99.000 -99.000 -99.000 -99.000 -9999.0 -9999.0 -9999.0 -9999.0 -9999.0
96406 20170510  2.515 -154.13   64.50    14.3    -4.6     4.9     5.7     0.0    22.47 C    34.5   -11.1     8.9    91.8    17.5    49.2 -99.000 -99.000 -99.000 -99.000 -99.000 -9999.0 -9999.0 -9999.0 -9999.0 -9999.0
96406 20170511  2.515 -154.13   64.50    18.4    -5.3     6.5     7.9     0.0    22.62 C    37.7   -10.9    11.4    90.4    15.8    43.2 -99.000 -99.000 -99.000 -99.000 -99.000 -9999.0 -9999.0 -9999.0 -9999.0 -9999.0
96406 20170512  2.515 -154.13   64.50    19.0    -1.9     8.5     8.1     1.0    13.59 C    38.6    -7.2     8.1    97.0    31.1    65.4 -99.000 -99.000 -99.000 -99.000 -99.000 -9999.0 -9999.0 -9999.0 -9999.0 -9999.0
96406 20170513  2.515 -154.13   64.50    16.4    -0.6     7.9     8.1     1.2    14.24 C    40.4    -4.5    10.2    98.7    42.8    77.7 -99.000 -99.000 -99.000 -99.000 -99.000 -9999.0 -9999.0 -9999.0 -9999.0 -9999.0
96406 20170514  2.515 -154.13   64.50    17.5    -0.6     8.4     7.9     0.0    17.84 C    37.0    -3.8    10.0   100.0    35.6    75.1 -99.000 -99.000 -99.000 -99.000 -99.000 -9999.0 -9999.0 -9999.0 -9999.0 -9999.0
96406 20170515  2.515 -154.13   64.50    19.2    -1.8     8.7    10.2     0.0    21.17 C    42.2    -6.0    13.0    97.0    26.1    58.8 -99.000 -99.000 -99.000 -99.000 -99.000 -9999.0 -9999.0 -9999.0 -9999.0 -9999.0
96406 20170516  2.515 -154.13   64.50    21.8    -0.6    10.6    12.5     0.0    19.06 C    46.9    -5.0    15.3    94.6    20.5    51.1 -99.000 -99.000 -99.000 -99.000 -99.000 -9999.0 -9999.0 -9999.0 -9999.0 -9999.0
96406 20170517  2.515 -154.13   64.50    20.7     1.5    11.1    12.6     2.4    17.22 C    45.4    -3.3    15.5    88.7    24.5    50.2 -99.000 -99.000 -99.000 -99.000 -99.000 -9999.0 -9999.0 -9999.0 -9999.0 -9999.0
96406 20170518  2.515 -154.13   64.50    11.6     7.2     9.4     9.5     1.3    10.62 C    23.0     4.2    10.7    95.0    60.6    76.0 -99.000 -99.000 -99.000 -99.000 -99.000 -9999.0 -9999.0 -9999.0 -9999.0 -9999.0
96406 20170519  2.515 -154.13   64.50    14.9     3.7     9.3     9.3     1.4    13.97 C    35.3    -0.6    11.8    98.5    37.1    76.9 -99.000 -99.000 -99.000 -99.000 -99.000 -9999.0 -9999.0 -9999.0 -9999.0 -9999.0
96406 20170520  2.515 -154.13   64.50    16.3     2.2     9.2     8.4     4.6    16.29 C    39.2    -1.4    11.1    99.2    36.9    79.4 -99.000 -99.000 -99.000 -99.000 -99.000 -9999.0 -9999.0 -9999.0 -9999.0 -9999.0
96406 20170521  2.515 -154.13   64.50    17.6    -1.0     8.3     9.5     0.0    19.55 C    35.8    -2.1    12.7   100.0    34.4    67.3 -99.000 -99.000 -99.000 -99.000 -99.000 -9999.0 -9999.0 -9999.0 -9999.0 -9999.0
96406 20170522  2.515 -154.13   64.50    16.2     6.0    11.1     9.4     8.8    10.95 C    40.0     2.4    11.3    95.8    40.6    80.1 -99.000 -99.000 -99.000 -99.000 -99.000 -9999.0 -9999.0 -9999.0 -9999.0 -9999.0
96406 20170523  2.515 -154.13   64.50    11.9     2.8     7.4     8.3     0.0    15.02 C    29.6    -2.0    10.4    95.4    39.0    66.3 -99.000 -99.000 -99.000 -99.000 -99.000 -9999.0 -9999.0 -9999.0 -9999.0 -9999.0
96406 20170524  2.515 -154.13   64.50    11.7     3.5     7.6     7.5     1.6     7.24 C    16.7     1.1     7.4    91.9    50.5    71.1 -99.000 -99.000 -99.000 -99.000 -99.000 -9999.0 -9999.0 -9999.0 -9999.0 -9999.0
96406 20170525  2.515 -154.13   64.50     8.9     1.9     5.4     5.4     0.0    18.25 C    24.2    -1.6     7.8    91.2    43.4    70.1 -99.000 -99.000 -99.000 -99.000 -99.000 -9999.0 -9999.0 -9999.0 -9999.0 -9999.0
96406 20170526  2.515 -154.13   64.50     9.7     2.2     6.0     6.0     0.2    15.61 C    29.5    -2.0     8.8    83.7    44.3    66.0 -99.000 -99.000 -99.000 -99.000 -99.000 -9999.0 -9999.0 -9999.0 -9999.0 -9999.0
96406 20170527  2.515 -154.13   64.50    11.9    -0.2     5.8     6.3     0.8    15.73 C    29.9    -3.8     8.4    93.3    36.7    68.7 -99.000 -99.000 -99.000 -99.000 -99.000 -9999.0 -9999.0 -9999.0 -9999.0 -9999.0
96406 20170528  2.515 -154.13   64.50    16.5    -1.5     7.5     9.2     0.0    18.49 C    31.8    -4.6    11.9    96.9    29.3    56.0 -99.000 -99.000 -99.000 -99.000 -99.000 -9999.0 -9999.0 -9999.0 -9999.0 -9999.0
96406 20170529  2.515 -154.13   64.50    13.1     4.0     8.6     8.5     7.7     8.33 C    27.6     1.0     9.3    96.9    42.5    73.6 -99.000 -99.000 -99.000 -99.000 -99.000 -9999.0 -9999.0 -9999.0 -9999.0 -9999.0
96406 20170530  2.515 -154.13   64.50    17.3     6.1    11.7    11.4     0.7    22.04 C    36.7    -1.0    15.2    97.6    28.2    62.2 -99.000 -99.000 -99.000 -99.000 -99.000 -9999.0 -9999.0 -9999.0 -9999.0 -9999.0
96406 20170531  2.515 -154.13   64.50    20.5    -1.2     9.7    11.8     0.0    23.39 C    46.0    -4.5    15.9    97.4    20.8    51.5 -99.000 -99.000 -99.000 -99.000 -99.000 -9999.0 -9999.0 -9999.0 -9999.0 -9999.0
96406 20170601  2.515 -154.13   64.50    22.2     0.5    11.3    14.1     0.0    25.76 C    43.8    -4.6    17.9    91.8    16.7    41.1 -99.000 -99.000 -99.000 -99.000 -99.000 -9999.0 -9999.0 -9999.0 -9999.0 -9999.0
96406 20170602  2.515 -154.13   64.50    24.1     2.2    13.1    15.4     0.0    24.81 C    46.3    -2.6    19.0    91.6    16.2    42.2 -99.000 -99.000 -99.000 -99.000 -99.000 -9999.0 -9999.0 -9999.0 -9999.0 -9999.0
96406 20170603  2.515 -154.13   64.50    23.8     4.3    14.1    16.0     0.0    26.13 C    46.4    -2.0    20.9    82.7    19.7    40.2 -99.000 -99.000 -99.000 -99.000 -99.000 -9999.0 -9999.0 -9999.0 -9999.0 -9999.0
96406 20170604  2.515 -154.13   64.50    25.3     6.4    15.9    17.9     0.0    25.07 C    46.6     0.9    21.4    84.5    12.4    38.4 -99.000 -99.000 -99.000 -99.000 -99.000 -9999.0 -9999.0 -9999.0 -9999.0 -9999.0
96406 20170605  2.515 -154.13   64.50    26.4     2.9    14.6    17.2     0.0    22.25 C    48.2    -1.7    19.6    89.7    13.6    40.8 -99.000 -99.000 -99.000 -99.000 -99.000 -9999.0 -9999.0 -9999.0 -9999.0 -9999.0
96406 20170606  2.515 -154.13   64.50    23.2     7.3    15.3    16.3     0.0    19.24 C    46.9     1.8    18.7    83.5    28.5    51.5 -99.000 -99.000 -99.000 -99.000 -99.000 -9999.0 -9999.0 -9999.0 -9999.0 -9999.0
96406 20170607  2.515 -154.13   64.50    25.7     7.0    16.3    18.4     0.0    20.68 C    47.9     2.9    21.9    92.6    24.9    50.3 -99.000 -99.000 -99.000 -99.000 -99.000 -9999.0 -9999.0 -9999.0 -9999.0 -9999.0
96406 20170608  2.515 -154.13   64.50    25.1    11.1    18.1    19.2     0.0    17.79 C    42.4     7.0    21.9    80.6    30.9    47.5 -99.000 -99.000 -99.000 -99.000 -99.000 -9999.0 -9999.0 -9999.0 -9999.0 -9999.0
96406 20170609  2.515 -154.13   64.50    24.5    12.3    18.4    18.1     1.6     9.94 C    43.0     7.6    19.3    96.8    39.2    66.0 -99.000 -99.000 -99.000 -99.000 -99.000 -9999.0 -9999.0 -9999.0 -9999.0 -9999.0
96406 20170610  2.515 -154.13   64.50    18.0    11.2    14.6    15.0     6.8     5.47 C    26.1    10.9    15.6    98.6    52.8    87.1 -99.000 -99.000 -99.000 -99.000 -99.000 -9999.0 -9999.0 -9999.0 -9999.0 -9999.0
96406 20170611  2.515 -154.13   64.50    12.9    10.0    11.4    11.5    11.5     4.13 C    15.8     9.4    12.4    98.5    87.9    94.2 -99.000 -99.000 -99.000 -99.000 -99.000 -9999.0 -9999.0 -9999.0 -9999.0 -9999.0
96406 20170612  2.515 -154.13   64.50    14.4     9.5    11.9    11.7    14.2     7.25 C    18.9     6.5    12.7    99.1    75.8    93.2 -99.000 -99.000 -99.000 -99.000 -99.000 -9999.0 -9999.0 -9999.0 -9999.0 -9999.0
96406 20170613  2.515 -154.13   64.50    20.2     6.2    13.2    13.7     0.0    27.24 C    38.3     1.4    17.3    99.8    14.7    49.9 -99.000 -99.000 -99.000 -99.000 -99.000 -9999.0 -9999.0 -9999.0 -9999.0 -9999.0
96406 20170614  2.515 -154.13   64.50    21.9    -0.2    10.8    13.6     0.0    26.84 C    42.1    -3.5    17.2    91.6    13.8    41.4 -99.000 -99.000 -99.000 -99.000 -99.000 -9999.0 -9999.0 -9999.0 -9999.0 -9999.0
96406 20170615  2.515 -154.13   64.50    22.5     0.8    11.7    14.2     0.0    18.09 C    45.7    -2.6    16.1    90.5    18.8    48.9 -99.000 -99.000 -99.000 -99.000 -99.000 -9999.0 -9999.0 -9999.0 -9999.0 -9999.0
96406 20170616  2.515 -154.13   64.50    23.2     8.6    15.9    17.2     0.0    24.26 C    44.2     5.7    22.1    90.7    19.7    52.0 -99.000 -99.000 -99.000 -99.000 -99.000 -9999.0 -9999.0 -9999.0 -9999.0 -9999.0
96406 20170617  2.515 -154.13   64.50    16.6    11.7    14.1    14.6     0.5    12.13 C    26.2     9.1    15.7    86.8    57.5    71.6 -99.000 -99.000 -99.000 -99.000 -99.000 -9999.0 -9999.0 -9999.0 -9999.0 -9999.0
96406 20170618  2.515 -154.13   64.50    16.4     8.3    12.3    12.8     1.3    12.62 C    31.4     3.0    14.2    95.6    57.4    77.2 -99.000 -99.000 -99.000 -99.000 -99.000 -9999.0 -9999.0 -9999.0 -9999.0 -9999.0
96406 20170619  2.515 -154.13   64.50    21.0     2.6    11.8    12.9     0.0    20.36 C    41.0     0.1    15.4    99.9    32.9    67.3 -99.000 -99.000 -99.000 -99.000 -99.000 -9999.0 -9999.0 -9999.0 -9999.0 -9999.0
96406 20170620  2.515 -154.13   64.50    21.8     5.1    13.4    15.5     0.0    23.73 C    43.3     0.9    18.6    98.6    27.7    56.3 -99.000 -99.000 -99.000 -99.000 -99.000 -9999.0 -9999.0 -9999.0 -9999.0 -9999.0
96406 20170621  2.515 -154.13   64.50    22.6     6.7    14.6    16.3     0.0    25.15 C    43.6     1.2    20.2    93.0    35.6    56.0 -99.000 -99.000 -99.000 -99.000 -99.000 -9999.0 -9999.0 -9999.0 -9999.0 -9999.0
96406 20170622  2.515 -154.13   64.50    22.8    11.0    16.9    17.2     0.0    26.31 C    43.3     5.1    21.3    84.1    26.5    50.6 -99.000 -99.000 -99.000 -99.000 -99.000 -9999.0 -9999.0 -9999.0 -9999.0 -9999.0
96406 20170623  2.515 -154.13   64.50    20.1     9.8    15.0    14.7     0.0    14.53 C    40.1     3.9    17.1    83.5    41.4    64.5 -99.000 -99.000 -99.000 -99.000 -99.000 -9999.0 -9999.0 -9999.0 -9999.0 -9999.0
96406 20170624  2.515 -154.13   64.50    23.0     3.7    13.3    14.4     5.0    20.80 C    44.5     0.0    18.6    99.6    30.1    70.0 -99.000 -99.000 -99.000 -99.000 -99.000 -9999.0 -9999.0 -9999.0 -9999.0 -9999.0
96406 20170625  2.515 -154.13   64.50    23.3     8.1    15.7    16.4     0.6    25.41 C    41.1     5.6    20.1    99.7    30.7    63.7 -99.000 -99.000 -99.000 -99.000 -99.000 -9999.0 -9999.0 -9999.0 -9999.0 -9999.0
96406 20170626  2.515 -154.13   64.50    25.1     6.3    15.7    17.2     0.0    14.33 C    44.2     2.8    16.9    92.0    29.5    57.4 -99.000 -99.000 -99.000 -99.000 -99.000 -9999.0 -9999.0 -9999.0 -9999.0 -9999.0
96406 20170627  2.515 -154.13   64.50    23.1    12.0    17.6    17.3     0.6    19.83 C    44.0    10.8    21.8    91.4    33.6    60.5 -99.000 -99.000 -99.000 -99.000 -99.000 -9999.0 -9999.0 -9999.0 -9999.0 -9999.0
96406 20170628  2.515 -154.13   64.50    21.9    10.7    16.3    17.6     0.0    21.07 C    45.4     9.1    20.8    87.7    33.3    51.7 -99.000 -99.000 -99.000 -99.000 -99.000 -9999.0 -9999.0 -9999.0 -9999.0 -9999.0
96406 20170629  2.515 -154.13   64.50    21.9    10.7    16.3    17.7     0.0    15.31 C    41.5     7.1    19.9    85.7    39.7    58.9 -99.000 -99.000 -99.000 -99.000 -99.000 -9999.0 -9999.0 -9999.0 -9999.0 -9999.0
96406 20170630  2.515 -154.13   64.50    17.7    13.1    15.4    15.4     2.3     8.67 C    23.4    12.0    16.3    92.6    57.8    80.1 -99.000 -99.000 -99.000 -99.000 -99.000 -9999.0 -9999.0 -9999.0 -9999.0 -9999.0
96406 20170701  2.515 -154.13   64.50    22.7     8.9    15.8    17.3     0.0    23.03 C    41.0     5.7    20.8    98.4    46.8    68.2 -99.000 -99.000 -99.000 -99.000 -99.000 -9999.0 -9999.0 -9999.0 -9999.0 -9999.0
96406 20170702  2.515 -154.13   64.50    25.2     9.5    17.4    18.2     0.0    18.62 C    47.5     5.8    21.3    98.0    32.4    62.4 -99.000 -99.000 -99.000 -99.000 -99.000 -9999.0 -9999.0 -9999.0 -9999.0 -9999.0
96406 20170703  2.515 -154.13   64.50    26.7     9.5    18.1    20.1     0.0    24.59 C    48.8     5.5    23.6    95.1    30.0    53.1 -99.000 -99.000 -99.000 -99.000 -99.000 -9999.0 -9999.0 -9999.0 -9999.0 -9999.0
96406 20170704  2.515 -154.13   64.50    26.4    12.3    19.3    20.1     0.0    23.73 C    46.3     6.9    23.8    81.4    27.6    50.0 -99.000 -99.000 -99.000 -99.000 -99.000 -9999.0 -9999.0 -9999.0 -9999.0 -9999.0
96406 20170705  2.515 -154.13   64.50    25.0    10.8    17.9    19.5     0.0    19.82 C    44.7     7.1    22.1    91.9    39.5    58.5 -99.000 -99.000 -99.000 -99.000 -99.000 -9999.0 -9999.0 -9999.0 -9999.0 -9999.0
96406 20170706  2.515 -154.13   64.50    27.0     9.9    18.5    20.2     0.0    20.13 C    47.9     5.9    23.6    95.3    36.5    59.2 -99.000 -99.000 -99.000 -99.000 -99.000 -9999.0 -9999.0 -9999.0 -9999.0 -9999.0
96406 20170707  2.515 -154.13   64.50    26.2     9.2    17.7    19.2     0.0    17.27 C    49.9     5.8    22.3    93.2    32.2    60.3 -99.000 -99.000 -99.000 -99.000 -99.000 -9999.0 -9999.0 -9999.0 -9999.0 -9999.0
96406 20170708  2.515 -154.13   64.50    27.0    14.1    20.6    20.6     0.0    22.41 C    49.2    11.3    26.0    89.2    34.9    58.5 -99.000 -99.000 -99.000 -99.000 -99.000 -9999.0 -9999.0 -9999.0 -9999.0 -9999.0
96406 20170709  2.515 -154.13   64.50    20.6    14.3    17.4    17.0     5.0    15.22 C    34.9    10.7    18.9    97.2    45.4    68.1 -99.000 -99.000 -99.000 -99.000 -99.000 -9999.0 -9999.0 -9999.0 -9999.0 -9999.0
96406 20170710  2.515 -154.13   64.50    22.2    10.5    16.4    16.9     0.0    20.35 C    40.4     7.3    20.9    89.3    31.7    54.4 -99.000 -99.000 -99.000 -99.000 -99.000 -9999.0 -9999.0 -9999.0 -9999.0 -9999.0
96406 20170711  2.515 -154.13   64.50    21.3    14.7    18.0    18.2     0.0    12.95 C    35.7    10.5    20.3    82.9    52.6    61.7 -99.000 -99.000 -99.000 -99.000 -99.000 -9999.0 -9999.0 -9999.0 -9999.0 -9999.0
96406 20170712  2.515 -154.13   64.50    28.5     9.2    18.8    20.2     0.0    19.86 C    43.3     6.6    23.5    98.5    40.7    69.0 -99.000 -99.000 -99.000 -99.000 -99.000 -9999.0 -9999.0 -9999.0 -9999.0 -9999.0
96406 20170713  2.515 -154.13   64.50    28.9    14.6    21.7    22.3     0.0    20.93 C    50.2    11.4    26.3    94.7    32.6    61.9 -99.000 -99.000 -99.000 -99.000 -99.000 -9999.0 -9999.0 -9999.0 -9999.0 -9999.0
96406 20170714  2.515 -154.13   64.50    30.0    12.8    21.4    22.0     0.0    18.10 C    47.4     9.6    25.4    96.8    30.5    63.1 -99.000 -99.000 -99.000 -99.000 -99.000 -9999.0 -9999.0 -9999.0 -9999.0 -9999.0
96406 20170715  2.515 -154.13   64.50    24.3    15.9    20.1    20.0     0.0    15.64 C    42.6    12.0    22.9    85.6    42.8    65.6 -99.000 -99.000 -99.000 -99.000 -99.000 -9999.0 -9999.0 -9999.0 -9999.0 -9999.0
96406 20170716  2.515 -154.13   64.50    23.5    14.7    19.1    19.0     0.0    15.69 C    46.2    10.0    23.0    83.5    41.5    63.8 -99.000 -99.000 -99.000 -99.000 -99.000 -9999.0 -9999.0 -9999.0 -9999.0 -9999.0
96406 20170717  2.515 -154.13   64.50    23.9     9.0    16.5    18.3     0.0    19.11 C    42.2     6.3    21.9    96.2    39.7    62.6 -99.000 -99.000 -99.000 -99.000 -99.000 -9999.0 -9999.0 -9999.0 -9999.0 -9999.0
96406 20170718  2.515 -154.13   64.50    19.7    11.1    15.4    16.4     0.0     8.46 C    27.9     7.9    18.0    86.1    57.5    70.0 -99.000 -99.000 -99.000 -99.000 -99.000 -9999.0 -9999.0 -9999.0 -9999.0 -9999.0
96406 20170719  2.515 -154.13   64.50    24.2    12.8    18.5    18.8     0.0    15.28 C    47.6    10.3    22.1    94.5    44.1    66.3 -99.000 -99.000 -99.000 -99.000 -99.000 -9999.0 -9999.0 -9999.0 -9999.0 -9999.0
96406 20170720  2.515 -154.13   64.50    24.4    15.2    19.8    19.8     0.0    17.30 C    43.3    10.7    23.7    83.4    35.5    60.5 -99.000 -99.000 -99.000 -99.000 -99.000 -9999.0 -9999.0 -9999.0 -9999.0 -9999.0
96406 20170721  2.515 -154.13   64.50    25.8     8.8    17.3    18.7     0.0    20.31 C    47.7     4.9    21.6    90.3    24.6    51.6 -99.000 -99.000 -99.000 -99.000 -99.000 -9999.0 -9999.0 -9999.0 -9999.0 -9999.0
96406 20170722  2.515 -154.13   64.50    28.0     5.3    16.7    18.8     0.0    21.40 C    47.5     3.3    22.8    96.4    28.3    57.6 -99.000 -99.000 -99.000 -99.000 -99.000 -9999.0 -9999.0 -9999.0 -9999.0 -9999.0
96406 20170723  2.515 -154.13   64.50    23.6    14.9    19.2    19.2     1.7    10.33 C    39.5    10.0    19.8    91.9    40.9    60.8 -99.000 -99.000 -99.000 -99.000 -99.000 -9999.0 -9999.0 -9999.0 -9999.0 -9999.0
96406 20170724  2.515 -154.13   64.50    17.7    12.8    15.2    15.1     0.7     7.96 C    27.8    12.9    15.9    94.7    65.3    80.8 -99.000 -99.000 -99.000 -99.000 -99.000 -9999.0 -9999.0 -9999.0 -9999.0 -9999.0
96406 20170725  2.515 -154.13   64.50    18.2    12.1    15.2    15.2     0.9     8.15 C    30.9    11.7    17.0    94.4    64.2    81.0 -99.000 -99.000 -99.000 -99.000 -99.000 -9999.0 -9999.0 -9999.0 -9999.0 -9999.0
96406 20170726  2.515 -154.13   64.50    21.6    10.5    16.1    14.8     2.1    11.20 C    34.8     8.3    16.8    98.7    57.3    87.9 -99.000 -99.000 -99.000 -99.000 -99.000 -9999.0 -9999.0 -9999.0 -9999.0 -9999.0
96406 20170727  2.515 -154.13   64.50    24.7     6.6    15.6    16.4     0.0    19.09 C    40.4     6.0    19.6    99.8    39.1    74.1 -99.000 -99.000 -99.000 -99.000 -99.000 -9999.0 -9999.0 -9999.0 -9999.0 -9999.0
96406 20170728  2.515 -154.13   64.50    21.8    11.7    16.7    17.5     0.0    12.65 C    37.1     9.3    19.3    96.4    47.9    71.3 -99.000 -99.000 -99.000 -99.000 -99.000 -9999.0 -9999.0 -9999.0 -9999.0 -9999.0
96406 20170729  2.515 -154.13   64.50    23.0    10.2    16.6    17.2     0.2    17.51 C    43.4     7.4    20.4    96.8    40.2    65.9 -99.000 -99.000 -99.000 -99.000 -99.000 -9999.0 -9999.0 -9999.0 -9999.0 -9999.0
96406 20170730  2.515 -154.13   64.50    26.3    10.3    18.3    19.0     0.0    19.79 C    46.9     8.1    23.5    90.6    33.9    60.5 -99.000 -99.000 -99.000 -99.000 -99.000 -9999.0 -9999.0 -9999.0 -9999.0 -9999.0
96406 20170731  2.515 -154.13   64.50    22.1    15.4    18.8    18.9     0.0    10.48 C    37.2    11.5    19.5    80.9    47.6    61.8 -99.000 -99.000 -99.000 -99.000 -99.000 -9999.0 -9999.0 -9999.0 -9999.0 -9999.0
96406 20170801  2.515 -154.13   64.50    17.3    13.2    15.2    15.1     3.1     2.82 C    17.8    12.4    14.0    92.5    60.3    74.0 -99.000 -99.000 -99.000 -99.000 -99.000 -9999.0 -9999.0 -9999.0 -9999.0 -9999.0
96406 20170802  2.515 -154.13   64.50    17.1    13.1    15.1    14.9     0.7     6.14 C    18.7    12.4    14.7    89.8    69.1    80.2 -99.000 -99.000 -99.000 -99.000 -99.000 -9999.0 -9999.0 -9999.0 -9999.0 -9999.0
96406 20170803  2.515 -154.13   64.50    17.6    13.5    15.5    15.3     7.4     4.13 C    18.8    13.0    15.2    94.9    72.1    86.7 -99.000 -99.000 -99.000 -99.000 -99.000 -9999.0 -9999.0 -9999.0 -9999.0 -9999.0
96406 20170804  2.515 -154.13   64.50    21.5    13.9    17.7    16.7     2.6    11.20 C    32.3     9.8    17.6    95.2    50.4    76.6 -99.000 -99.000 -99.000 -99.000 -99.000 -9999.0 -9999.0 -9999.0 -9999.0 -9999.0
96406 20170805  2.515 -154.13   64.50    25.4     7.0    16.2    17.2     0.0    18.65 C    39.3     5.9    19.0    99.5    42.7    72.0 -99.000 -99.000 -99.000 -99.000 -99.000 -9999.0 -9999.0 -9999.0 -9999.0 -9999.0
96406 20170806  2.515 -154.13   64.50    27.0     6.3    16.7    18.1     0.0    19.71 C    42.5     3.9    19.9    99.2    38.1    67.7 -99.000 -99.000 -99.000 -99.000 -99.000 -9999.0 -9999.0 -9999.0 -9999.0 -9999.0
96406 20170807  2.515 -154.13   64.50    27.7     8.2    18.0    18.0     0.0    17.44 C    45.4     5.8    20.4    98.7    36.8    70.2 -99.000 -99.000 -99.000 -99.000 -99.000 -9999.0 -9999.0 -9999.0 -9999.0 -9999.0
96406 20170808  2.515 -154.13   64.50    22.8    13.8    18.3    17.9     7.1    15.03 C    35.1    11.0    19.2    97.0    45.5    73.1 -99.000 -99.000 -99.000 -99.000 -99.000 -9999.0 -9999.0 -9999.0 -9999.0 -9999.0
96406 20170809  2.515 -154.13   64.50    26.0    11.5    18.8    18.8     1.0    15.60 C    40.0     9.8    21.4    95.5    38.9    68.0 -99.000 -99.000 -99.000 -99.000 -99.000 -9999.0 -9999.0 -9999.0 -9999.0 -9999.0
96406 20170810  2.515 -154.13   64.50    17.4     8.7    13.1    14.9    10.6     6.43 C    21.7     6.4    15.5    98.1    68.0    89.3 -99.000 -99.000 -99.000 -99.000 -99.000 -9999.0 -9999.0 -9999.0 -9999.0 -9999.0
96406 20170811  2.515 -154.13   64.50    20.2     3.5    11.9    13.0     0.0    17.48 C    31.2     2.2    13.8    99.4    37.9    71.5 -99.000 -99.000 -99.000 -99.000 -99.000 -9999.0 -9999.0 -9999.0 -9999.0 -9999.0
96406 20170812  2.515 -154.13   64.50    19.4     3.4    11.4    11.8     0.0    11.38 C    33.2     1.3    13.5    99.3    55.9    80.9 -99.000 -99.000 -99.000 -99.000 -99.000 -9999.0 -9999.0 -9999.0 -9999.0 -9999.0
96406 20170813  2.515 -154.13   64.50    15.5    11.3    13.4    12.9    19.7     4.89 C    22.5    10.7    14.0    98.1    82.0    93.3 -99.000 -99.000 -99.000 -99.000 -99.000 -9999.0 -9999.0 -9999.0 -9999.0 -9999.0
96406 20170814  2.515 -154.13   64.50    15.9     7.7    11.8    12.4     0.3     9.35 C    24.1     6.5    13.5    98.6    66.4    83.2 -99.000 -99.000 -99.000 -99.000 -99.000 -9999.0 -9999.0 -9999.0 -9999.0 -9999.0
96406 20170815  2.515 -154.13   64.50    18.2     9.8    14.0    13.0     0.2    12.05 C    29.5     7.8    14.1    90.7    51.0    76.2 -99.000 -99.000 -99.000 -99.000 -99.000 -9999.0 -9999.0 -9999.0 -9999.0 -9999.0
96406 20170816  2.515 -154.13   64.50    13.3     6.7    10.0    10.7     1.0     6.86 C    20.9     5.7    11.5    97.6    64.8    81.6 -99.000 -99.000 -99.000 -99.000 -99.000 -9999.0 -9999.0 -9999.0 -9999.0 -9999.0
96406 20170817  2.515 -154.13   64.50    15.0     1.3     8.2     9.7     0.0    13.87 C    26.4     0.0    11.3    99.9    49.4    78.1 -99.000 -99.000 -99.000 -99.000 -99.000 -9999.0 -9999.0 -9999.0 -9999.0 -9999.0
96406 20170818  2.515 -154.13   64.50 -9999.0 -9999.0 -9999.0 -9999.0 -9999.0 -9999.00 U -9999.0 -9999.0 -9999.0 -9999.0 -9999.0 -9999.0 -99.000 -99.000 -99.000 -99.000 -99.000 -9999.0 -9999.0 -9999.0 -9999.0 -9999.0
96406 20170819  2.515 -154.13   64.50    12.6     1.3     6.9     6.8     0.0     8.27 C    21.8     0.8     9.4    97.1    51.1    80.7 -99.000 -99.000 -99.000 -99.000 -99.000 -9999.0 -9999.0 -9999.0 -9999.0 -9999.0
96406 20170820  2.515 -154.13   64.50    16.3     2.9     9.6     9.1     0.0     9.72 C    35.0    -0.6    11.2    99.2    42.5    75.4 -99.000 -99.000 -99.000 -99.000 -99.000 -9999.0 -9999.0 -9999.0 -9999.0 -9999.0
96406 20170821  2.515 -154.13   64.50    18.3    -2.1     8.1     9.0     0.0    14.84 C    37.1    -4.2    10.5    99.6    38.3    71.0 -99.000 -99.000 -99.000 -99.000 -99.000 -9999.0 -9999.0 -9999.0 -9999.0 -9999.0
96406 20170822  2.515 -154.13   64.50    14.9    -1.1     6.9     7.3     4.8     6.33 C    24.8    -3.1     8.1    99.8    60.8    89.9 -99.000 -99.000 -99.000 -99.000 -99.000 -9999.0 -9999.0 -9999.0 -9999.0 -9999.0
96406 20170823  2.515 -154.13   64.50    13.2     5.3     9.2     9.4     3.3     6.29 C    22.2     4.1    11.1    99.3    68.5    90.7 -99.000 -99.000 -99.000 -99.000 -99.000 -9999.0 -9999.0 -9999.0 -9999.0 -9999.0
96406 20170824  2.515 -154.13   64.50    14.3     8.4    11.3    11.2     4.6     5.60 C    19.3     8.0    12.4    98.3    80.7    90.9 -99.000 -99.000 -99.000 -99.000 -99.000 -9999.0 -9999.0 -9999.0 -9999.0 -9999.0
96406 20170825  2.515 -154.13   64.50    18.1     7.0    12.5    12.3     0.2     7.44 C    25.4     4.4    12.9    97.2    59.9    80.6 -99.000 -99.000 -99.000 -99.000 -99.000 -9999.0 -9999.0 -9999.0 -9999.0 -9999.0
96406 20170826  2.515 -154.13   64.50    15.0     8.4    11.7    12.0     0.0     4.82 C    21.1     6.9    13.0    97.3    72.0    86.6 -99.000 -99.000 -99.000 -99.000 -99.000 -9999.0 -9999.0 -9999.0 -9999.0 -9999.0
96406 20170827  2.515 -154.13   64.50    16.3    10.0    13.1    12.1     1.8     5.67 C    29.0     8.3    13.2    98.3    69.0    90.1 -99.000 -99.000 -99.000 -99.000 -99.000 -9999.0 -9999.0 -9999.0 -9999.0 -9999.0
96406 20170828  2.515 -154.13   64.50    14.5     1.4     7.9    10.0     8.4     7.16 C    23.4    -2.1    10.3    97.9    43.4    80.9 -99.000 -99.000 -99.000 -99.000 -99.000 -9999.0 -9999.0 -9999.0 -9999.0 -9999.0
96406 20170829  2.515 -154.13   64.50    11.6    -3.0     4.3     5.1     0.4     7.90 C    18.9    -4.0     5.3    99.2    43.0    73.4 -99.000 -99.000 -99.000 -99.000 -99.000 -9999.0 -9999.0 -9999.0 -9999.0 -9999.0
96406 20170830  2.515 -154.13   64.50     9.3     5.7     7.5     6.8     3.3 -9999.00 U -9999.0 -9999.0 -9999.0    97.1    81.4    90.0 -99.000 -99.000 -99.000 -99.000 -99.000 -9999.0 -9999.0 -9999.0 -9999.0 -9999.0
96406 20170831  2.515 -154.13   64.50    12.5     4.1     8.3     8.3     0.0 -9999.00 U -9999.0 -9999.0 -9999.0    99.2    69.4    88.3 -99.000 -99.000 -99.000 -99.000 -99.000 -9999.0 -9999.0 -9999.0 -9999.0 -9999.0
96406 20170901  2.515 -154.13   64.50 -9999.0 -9999.0 -9999.0 -9999.0     0.8 -9999.00 U -9999.0 -9999.0 -9999.0 -9999.0 -9999.0 -9999.0 -99.000 -99.000 -99.000 -99.000 -99.000 -9999.0 -9999.0 -9999.0 -9999.0 -9999.0
96406 20170902  2.515 -154.13   64.50    10.6    -1.5     4.6     5.6     1.3     4.74 C    14.3    -2.1     6.0    99.8    65.3    88.4 -99.000 -99.000 -99.000 -99.000 -99.000 -9999.0 -9999.0 -9999.0 -9999.0 -9999.0
96406 20170903  2.515 -154.13   64.50    15.3     3.9     9.6     8.9     0.0     7.09 C    21.3     0.5     8.4    98.5    44.2    76.2 -99.000 -99.000 -99.000 -99.000 -99.000 -9999.0 -9999.0 -9999.0 -9999.0 -9999.0
96406 20170904  2.515 -154.13   64.50    17.8     2.1     9.9     9.4     0.0     8.27 C    25.4     0.4     9.7    97.0    38.0    73.2 -99.000 -99.000 -99.000 -99.000 -99.000 -9999.0 -9999.0 -9999.0 -9999.0 -9999.0
96406 20170905  2.515 -154.13   64.50    19.4     3.3    11.3    11.2     0.0     9.97 C    29.2    -0.3    12.5    98.1    36.7    70.4 -99.000 -99.000 -99.000 -99.000 -99.000 -9999.0 -9999.0 -9999.0 -9999.0 -9999.0
96406 20170906  2.515 -154.13   64.50    15.0    10.0    12.5    11.8     3.0     3.04 C    18.8     8.4    10.9    97.3    54.9    78.9 -99.000 -99.000 -99.000 -99.000 -99.000 -9999.0 -9999.0 -9999.0 -9999.0 -9999.0
96406 20170907  2.515 -154.13   64.50    15.3     4.8    10.1    11.6     0.0     8.80 C    22.7     1.3    10.7    90.4    48.6    66.5 -99.000 -99.000 -99.000 -99.000 -99.000 -9999.0 -9999.0 -9999.0 -9999.0 -9999.0
96406 20170908  2.515 -154.13   64.50    17.6     3.0    10.3     8.8     0.8     9.54 C    29.9     0.1     9.7    98.8    47.5    82.5 -99.000 -99.000 -99.000 -99.000 -99.000 -9999.0 -9999.0 -9999.0 -9999.0 -9999.0
96406 20170909  2.515 -154.13   64.50    16.7    -1.4     7.7     6.9     0.0    10.85 C    26.8    -2.6     8.2    99.6    40.3    80.0 -99.000 -99.000 -99.000 -99.000 -99.000 -9999.0 -9999.0 -9999.0 -9999.0 -9999.0
96406 20170910  2.515 -154.13   64.50    14.5     0.2     7.4     7.4     5.1     7.36 C    23.8    -1.5     8.7    98.6    59.3    86.7 -99.000 -99.000 -99.000 -99.000 -99.000 -9999.0 -9999.0 -9999.0 -9999.0 -9999.0
96406 20170911  2.515 -154.13   64.50     9.2     6.9     8.1     8.0     2.8     2.80 C    12.4     6.8     8.3    95.6    72.6    87.4 -99.000 -99.000 -99.000 -99.000 -99.000 -9999.0 -9999.0 -9999.0 -9999.0 -9999.0
96406 20170912  2.515 -154.13   64.50    13.5     6.6    10.1    10.6     2.9     0.75 C    10.7     5.7     8.7    97.5    61.6    75.6 -99.000 -99.000 -99.000 -99.000 -99.000 -9999.0 -9999.0 -9999.0 -9999.0 -9999.0
96406 20170913  2.515 -154.13   64.50    14.0     9.7    11.8    12.6     0.0     2.45 C    14.4     7.5    10.3    89.3    56.1    67.0 -99.000 -99.000 -99.000 -99.000 -99.000 -9999.0 -9999.0 -9999.0 -9999.0 -9999.0
96406 20170914  2.515 -154.13   64.50    14.8     7.2    11.0    10.4     2.1     3.04 C    18.0     5.5     9.9    97.4    47.3    81.5 -99.000 -99.000 -99.000 -99.000 -99.000 -9999.0 -9999.0 -9999.0 -9999.0 -9999.0
96406 20170915  2.515 -154.13   64.50    15.9     3.8     9.9     9.8     0.0     5.50 C    19.8    -0.9     8.9    98.2    42.6    78.5 -99.000 -99.000 -99.000 -99.000 -99.000 -9999.0 -9999.0 -9999.0 -9999.0 -9999.0
96406 20170916  2.515 -154.13   64.50    16.6    -1.4     7.6     6.6     0.0     7.60 C    20.9    -2.8     5.2    99.5    40.8    76.8 -99.000 -99.000 -99.000 -99.000 -99.000 -9999.0 -9999.0 -9999.0 -9999.0 -9999.0
96406 20170917  2.515 -154.13   64.50    15.1    -2.7     6.2     6.0     0.0     9.28 C    24.1    -3.9     5.5    99.9    47.3    79.0 -99.000 -99.000 -99.000 -99.000 -99.000 -9999.0 -9999.0 -9999.0 -9999.0 -9999.0
96406 20170918  2.515 -154.13   64.50     9.2     1.7     5.4     6.1     2.8     1.95 C    11.5     0.2     6.6    97.2    84.9    93.1 -99.000 -99.000 -99.000 -99.000 -99.000 -9999.0 -9999.0 -9999.0 -9999.0 -9999.0
96406 20170919  2.515 -154.13   64.50     8.4     3.1     5.8     5.8     1.5     4.46 C    13.5    -0.1     5.9    94.1    55.9    81.7 -99.000 -99.000 -99.000 -99.000 -99.000 -9999.0 -9999.0 -9999.0 -9999.0 -9999.0
96406 20170920  2.515 -154.13   64.50     8.0     4.7     6.3     6.1     2.4     3.23 C    13.5     2.6     6.9    95.4    77.3    87.2 -99.000 -99.000 -99.000 -99.000 -99.000 -9999.0 -9999.0 -9999.0 -9999.0 -9999.0
96406 20170921  2.515 -154.13   64.50     7.8    -1.1     3.4     4.3     2.4     1.68 C    10.5    -3.0     3.5    99.7    66.6    90.5 -99.000 -99.000 -99.000 -99.000 -99.000 -9999.0 -9999.0 -9999.0 -9999.0 -9999.0
96406 20170922  2.515 -154.13   64.50     7.3     3.3     5.3     5.1     0.4     2.82 C    10.9     2.4     6.0    97.7    81.4    90.3 -99.000 -99.000 -99.000 -99.000 -99.000 -9999.0 -9999.0 -9999.0 -9999.0 -9999.0
96406 20170923  2.515 -154.13   64.50    13.2     4.4     8.8     7.8     0.0     5.78 C    17.9     2.8     7.5    90.9    55.2    75.0 -99.000 -99.000 -99.000 -99.000 -99.000 -9999.0 -9999.0 -9999.0 -9999.0 -9999.0
96406 20170924  2.515 -154.13   64.50    10.0     5.0     7.5     7.2     0.0     2.38 C    10.8     0.8     6.0    88.1    65.3    75.3 -99.000 -99.000 -99.000 -99.000 -99.000 -9999.0 -9999.0 -9999.0 -9999.0 -9999.0
96406 20170925  2.515 -154.13   64.50     8.2     4.5     6.3     6.5     3.3     0.72 C     9.3     4.0     6.6    98.9    87.9    95.9 -99.000 -99.000 -99.000 -99.000 -99.000 -9999.0 -9999.0 -9999.0 -9999.0 -9999.0
96406 20170926  2.515 -154.13   64.50    10.4    -1.4     4.5     4.5     0.0     4.31 C    17.9    -3.9     3.3    99.5    50.4    82.2 -99.000 -99.000 -99.000 -99.000 -99.000 -9999.0 -9999.0 -9999.0 -9999.0 -9999.0
96406 20170927  2.515 -154.13   64.50     7.0    -2.6     2.2     2.8     0.0     1.65 C     7.1    -5.4     1.0    91.2    61.3    75.1 -99.000 -99.000 -99.000 -99.000 -99.000 -9999.0 -9999.0 -9999.0 -9999.0 -9999.0
96406 20170928  2.515 -154.13   64.50     8.5    -1.3     3.6     3.1     0.0     5.34 C    13.5    -4.4     1.7    93.6    45.6    74.5 -99.000 -99.000 -99.000 -99.000 -99.000 -9999.0 -9999.0 -9999.0 -9999.0 -9999.0
96406 20170929  2.515 -154.13   64.50     4.9    -2.3     1.3     0.8     0.0     7.83 C    10.7    -5.1    -0.7    95.0    39.0    68.9 -99.000 -99.000 -99.000 -99.000 -99.000 -9999.0 -9999.0 -9999.0 -9999.0 -9999.0
96406 20170930  2.515 -154.13   64.50     7.5    -1.3     3.1     3.9     0.0     1.36 C     7.5    -4.0     2.5    82.7    65.2    71.9 -99.000 -99.000 -99.000 -99.000 -99.000 -9999.0 -9999.0 -9999.0 -9999.0 -9999.0
96406 20171001  2.515 -154.13   64.50    11.1    -1.7     4.7     5.2     0.0     6.87 C    17.0    -4.4     4.0    98.1    50.2    73.3 -99.000 -99.000 -99.000 -99.000 -99.000 -9999.0 -9999.0 -9999.0 -9999.0 -9999.0
96406 20171002  2.515 -154.13   64.50    11.2     1.5     6.3     5.9     3.0     3.29 C    13.5    -0.1     5.7    98.0    51.8    81.8 -99.000 -99.000 -99.000 -99.000 -99.000 -9999.0 -9999.0 -9999.0 -9999.0 -9999.0
96406 20171003  2.515 -154.13   64.50     9.9     2.9     6.4     6.8     1.3     1.08 C    11.5     0.0     6.3    99.2    86.6    94.0 -99.000 -99.000 -99.000 -99.000 -99.000 -9999.0 -9999.0 -9999.0 -9999.0 -9999.0
96406 20171004  2.515 -154.13   64.50     7.7     1.2     4.4     4.1     1.4     1.40 C    10.7     0.9     4.6    99.8    93.1    98.2 -99.000 -99.000 -99.000 -99.000 -99.000 -9999.0 -9999.0 -9999.0 -9999.0 -9999.0
96406 20171005  2.515 -154.13   64.50    10.8     2.5     6.6     6.7     0.6     2.64 C    13.6     0.1     4.6    99.2    53.5    79.2 -99.000 -99.000 -99.000 -99.000 -99.000 -9999.0 -9999.0 -9999.0 -9999.0 -9999.0
96406 20171006  2.515 -154.13   64.50     8.2     1.0     4.6     4.7     0.2     2.15 C     9.8    -1.4     4.1    98.9    73.1    89.5 -99.000 -99.000 -99.000 -99.000 -99.000 -9999.0 -9999.0 -9999.0 -9999.0 -9999.0
96406 20171007  2.515 -154.13   64.50     6.7     3.6     5.1     5.1     0.6     1.45 C    11.5     1.7     4.7    97.9    88.5    93.3 -99.000 -99.000 -99.000 -99.000 -99.000 -9999.0 -9999.0 -9999.0 -9999.0 -9999.0
96406 20171008  2.515 -154.13   64.50     4.8     1.1     3.0     3.1     8.6     1.64 C     8.1    -1.4     3.1    97.6    83.0    91.2 -99.000 -99.000 -99.000 -99.000 -99.000 -9999.0 -9999.0 -9999.0 -9999.0 -9999.0
96406 20171009  2.515 -154.13   64.50     4.9     1.1     3.0     2.8     0.5     1.03 C     3.9    -1.7     1.7    95.4    71.3    84.0 -99.000 -99.000 -99.000 -99.000 -99.000 -9999.0 -9999.0 -9999.0 -9999.0 -9999.0
96406 20171010  2.515 -154.13   64.50     5.9     3.5     4.7     4.8    11.6     1.65 C     7.9     2.3     4.2    98.0    78.8    89.3 -99.000 -99.000 -99.000 -99.000 -99.000 -9999.0 -9999.0 -9999.0 -9999.0 -9999.0
96406 20171011  2.515 -154.13   64.50     4.8    -1.2     1.8     2.4     0.0     1.42 C     7.3    -2.8     1.3    98.7    74.5    88.0 -99.000 -99.000 -99.000 -99.000 -99.000 -9999.0 -9999.0 -9999.0 -9999.0 -9999.0
96406 20171012  2.515 -154.13   64.50     5.5     1.9     3.7     3.7    17.2     0.42 C     5.3     1.0     3.4    98.2    79.8    91.9 -99.000 -99.000 -99.000 -99.000 -99.000 -9999.0 -9999.0 -9999.0 -9999.0 -9999.0
96406 20171013  2.515 -154.13   64.50     6.0     0.0     3.0     3.3     0.5     1.60 C     7.7    -1.7     1.7    99.3    76.3    90.8 -99.000 -99.000 -99.000 -99.000 -99.000 -9999.0 -9999.0 -9999.0 -9999.0 -9999.0
96406 20171014  2.515 -154.13   64.50     6.6    -1.4     2.6     1.5     0.0     3.70 C     9.9    -2.6     1.3    98.9    61.8    89.6 -99.000 -99.000 -99.000 -99.000 -99.000 -9999.0 -9999.0 -9999.0 -9999.0 -9999.0
96406 20171015  2.515 -154.13   64.50     3.1    -2.2     0.4     0.5     0.0     1.67 C     6.1    -2.5     1.0    99.9    77.9    94.0 -99.000 -99.000 -99.000 -99.000 -99.000 -9999.0 -9999.0 -9999.0 -9999.0 -9999.0
96406 20171016  2.515 -154.13   64.50     2.0    -2.4    -0.2    -0.3     0.0     0.76 C     2.9    -2.2    -0.3    99.1    70.3    87.7 -99.000 -99.000 -99.000 -99.000 -99.000 -9999.0 -9999.0 -9999.0 -9999.0 -9999.0
96406 20171017  2.515 -154.13   64.50     1.9    -3.0    -0.6    -0.6     0.0     2.96 C     5.0    -6.0    -1.1    91.3    51.9    77.0 -99.000 -99.000 -99.000 -99.000 -99.000 -9999.0 -9999.0 -9999.0 -9999.0 -9999.0
96406 20171018  2.515 -154.13   64.50    -1.8    -7.9    -4.9    -4.6     0.0     1.98 C     0.4   -10.7    -5.8    97.4    67.0    84.3 -99.000 -99.000 -99.000 -99.000 -99.000 -9999.0 -9999.0 -9999.0 -9999.0 -9999.0
96406 20171019  2.515 -154.13   64.50    -5.5   -16.6   -11.0    -9.6     0.0     3.98 C    -2.1   -16.6    -9.2    89.8    53.6    75.5 -99.000 -99.000 -99.000 -99.000 -99.000 -9999.0 -9999.0 -9999.0 -9999.0 -9999.0
96406 20171020  2.515 -154.13   64.50    -4.6   -19.1   -11.8   -11.9     0.0     1.48 C    -2.4   -17.7   -11.1    89.6    56.4    78.8 -99.000 -99.000 -99.000 -99.000 -99.000 -9999.0 -9999.0 -9999.0 -9999.0 -9999.0
96406 20171021  2.515 -154.13   64.50    -7.5   -21.1   -14.3   -14.5     0.0     3.95 C    -2.9   -20.0   -14.6    92.0    60.8    81.8 -99.000 -99.000 -99.000 -99.000 -99.000 -9999.0 -9999.0 -9999.0 -9999.0 -9999.0
96406 20171022  2.515 -154.13   64.50    -9.7   -21.7   -15.7   -17.1     0.0     3.21 C    -4.6   -20.7   -15.8    90.1    70.7    82.7 -99.000 -99.000 -99.000 -99.000 -99.000 -9999.0 -9999.0 -9999.0 -9999.0 -9999.0
96406 20171023  2.515 -154.13   64.50    -8.3   -22.8   -15.6   -14.4     0.0     0.98 C    -6.3   -21.1   -12.9    92.2    80.0    86.2 -99.000 -99.000 -99.000 -99.000 -99.000 -9999.0 -9999.0 -9999.0 -9999.0 -9999.0
96406 20171024  2.515 -154.13   64.50    -2.6   -14.2    -8.4   -10.0     1.3     3.77 C    -2.1   -16.2   -11.0    93.0    75.6    87.8 -99.000 -99.000 -99.000 -99.000 -99.000 -9999.0 -9999.0 -9999.0 -9999.0 -9999.0
96406 20171025  2.515 -154.13   64.50     3.7   -11.2    -3.7    -2.7     0.6     0.26 C     0.1   -11.4    -3.7    93.9    73.8    86.0 -99.000 -99.000 -99.000 -99.000 -99.000 -9999.0 -9999.0 -9999.0 -9999.0 -9999.0
96406 20171026  2.515 -154.13   64.50     0.3    -3.3    -1.5    -1.3     1.1     0.16 C     0.0    -4.5    -1.6    98.4    79.8    92.9 -99.000 -99.000 -99.000 -99.000 -99.000 -9999.0 -9999.0 -9999.0 -9999.0 -9999.0
96406 20171027  2.515 -154.13   64.50     3.5    -0.5     1.5     1.1     3.9     0.24 C     0.9    -2.3     0.0    98.9    84.0    96.3 -99.000 -99.000 -99.000 -99.000 -99.000 -9999.0 -9999.0 -9999.0 -9999.0 -9999.0
96406 20171028  2.515 -154.13   64.50     5.1    -1.3     1.9     2.9     3.5     0.30 C     3.0    -2.8     0.8    99.0    71.4    88.0 -99.000 -99.000 -99.000 -99.000 -99.000 -9999.0 -9999.0 -9999.0 -9999.0 -9999.0
96406 20171029  2.515 -154.13   64.50     2.4    -1.7     0.3     0.4     0.3     1.45 C     3.3    -2.1    -0.2    99.8    97.2    99.1 -99.000 -99.000 -99.000 -99.000 -99.000 -9999.0 -9999.0 -9999.0 -9999.0 -9999.0
96406 20171030  2.515 -154.13   64.50     1.0    -1.2    -0.1     0.3     4.4     0.40 C     0.0    -2.2    -0.4    99.7    97.5    99.0 -99.000 -99.000 -99.000 -99.000 -99.000 -9999.0 -9999.0 -9999.0 -9999.0 -9999.0
96406 20171031  2.515 -154.13   64.50     0.8    -5.6    -2.4    -0.7     0.0     0.87 C     0.1    -6.6    -1.3    99.7    92.7    98.3 -99.000 -99.000 -99.000 -99.000 -99.000 -9999.0 -9999.0 -9999.0 -9999.0 -9999.0
96406 20171101  2.515 -154.13   64.50    -3.2   -10.4    -6.8    -6.7     0.0     1.80 C    -1.7    -9.5    -6.5    97.4    89.9    94.0 -99.000 -99.000 -99.000 -99.000 -99.000 -9999.0 -9999.0 -9999.0 -9999.0 -9999.0
96406 20171102  2.515 -154.13   64.50    -0.1    -8.6    -4.4    -4.1     1.5     0.03 C    -0.4    -7.9    -3.3    98.9    90.6    94.9 -99.000 -99.000 -99.000 -99.000 -99.000 -9999.0 -9999.0 -9999.0 -9999.0 -9999.0
96406 20171103  2.515 -154.13   64.50     0.3    -6.6    -3.2    -1.2     1.8     0.01 C    -0.1   -13.8    -3.9    99.0    93.3    96.7 -99.000 -99.000 -99.000 -99.000 -99.000 -9999.0 -9999.0 -9999.0 -9999.0 -9999.0
96406 20171104  2.515 -154.13   64.50    -3.6    -9.0    -6.3    -5.3     2.9     0.01 C    -3.6   -11.6    -6.2    96.3    91.7    94.8 -99.000 -99.000 -99.000 -99.000 -99.000 -9999.0 -9999.0 -9999.0 -9999.0 -9999.0
96406 20171105  2.515 -154.13   64.50    -2.3    -8.8    -5.6    -4.3     0.5     0.03 C    -3.0   -15.4    -7.8    97.0    88.4    94.3 -99.000 -99.000 -99.000 -99.000 -99.000 -9999.0 -9999.0 -9999.0 -9999.0 -9999.0
96406 20171106  2.515 -154.13   64.50    -7.1   -15.5   -11.3   -11.9     0.0     0.50 C    -9.9   -20.1   -16.2    95.2    85.8    89.5 -99.000 -99.000 -99.000 -99.000 -99.000 -9999.0 -9999.0 -9999.0 -9999.0 -9999.0
96406 20171107  2.515 -154.13   64.50    -7.9   -19.0   -13.4   -12.3     1.3     0.00 C    -6.9   -21.4   -13.1    92.4    83.7    88.5 -99.000 -99.000 -99.000 -99.000 -99.000 -9999.0 -9999.0 -9999.0 -9999.0 -9999.0
96406 20171108  2.515 -154.13   64.50    -0.6    -7.9    -4.3    -3.4     1.8     0.06 C    -1.8   -14.4    -5.3    96.6    76.8    87.6 -99.000 -99.000 -99.000 -99.000 -99.000 -9999.0 -9999.0 -9999.0 -9999.0 -9999.0
96406 20171109  2.515 -154.13   64.50     0.7    -6.8    -3.0    -2.5     0.5     0.41 C    -0.4    -8.6    -4.4    92.6    74.3    85.2 -99.000 -99.000 -99.000 -99.000 -99.000 -9999.0 -9999.0 -9999.0 -9999.0 -9999.0
96406 20171110  2.515 -154.13   64.50    -6.3   -19.4   -12.8    -8.9     0.0     0.45 C    -7.0   -26.5   -12.9    94.9    74.7    85.9 -99.000 -99.000 -99.000 -99.000 -99.000 -9999.0 -9999.0 -9999.0 -9999.0 -9999.0
96406 20171111  2.515 -154.13   64.50    -9.0   -24.7   -16.8   -17.3     0.0     0.25 C    -7.5   -28.1   -17.6    91.2    79.0    85.0 -99.000 -99.000 -99.000 -99.000 -99.000 -9999.0 -9999.0 -9999.0 -9999.0 -9999.0
96406 20171112  2.515 -154.13   64.50    -0.5    -9.0    -4.8    -2.2     0.2     0.07 C    -2.3    -7.8    -4.1    94.1    72.2    80.5 -99.000 -99.000 -99.000 -99.000 -99.000 -9999.0 -9999.0 -9999.0 -9999.0 -9999.0
96406 20171113  2.515 -154.13   64.50    -3.2   -20.0   -11.6    -8.2     0.0     1.20 C    -4.6   -24.4   -14.2    93.8    76.8    84.6 -99.000 -99.000 -99.000 -99.000 -99.000 -9999.0 -9999.0 -9999.0 -9999.0 -9999.0
96406 20171114  2.515 -154.13   64.50   -14.1   -24.0   -19.1   -19.3     0.2     0.91 C   -12.6   -26.7   -20.6    87.5    79.5    83.5 -99.000 -99.000 -99.000 -99.000 -99.000 -9999.0 -9999.0 -9999.0 -9999.0 -9999.0
96406 20171115  2.515 -154.13   64.50    -9.9   -18.1   -14.0   -12.9     1.4     0.09 C    -8.2   -20.5   -12.4    90.2    82.8    87.4 -99.000 -99.000 -99.000 -99.000 -99.000 -9999.0 -9999.0 -9999.0 -9999.0 -9999.0
96406 20171116  2.515 -154.13   64.50    -5.9   -11.1    -8.5    -8.5     5.0     0.00 C    -5.7   -16.9    -8.5    94.0    88.8    91.4 -99.000 -99.000 -99.000 -99.000 -99.000 -9999.0 -9999.0 -9999.0 -9999.0 -9999.0
96406 20171117  2.515 -154.13   64.50    -3.6   -13.0    -8.3    -6.9     0.0     0.02 C    -5.2   -18.9   -10.2    96.0    82.6    89.3 -99.000 -99.000 -99.000 -99.000 -99.000 -9999.0 -9999.0 -9999.0 -9999.0 -9999.0
96406 20171118  2.515 -154.13   64.50    -7.8   -14.0   -10.9   -10.3     0.0     0.00 C    -8.3   -13.6   -10.4    92.9    76.9    87.9 -99.000 -99.000 -99.000 -99.000 -99.000 -9999.0 -9999.0 -9999.0 -9999.0 -9999.0
96406 20171119  2.515 -154.13   64.50   -12.6   -22.8   -17.7   -14.5     5.0     0.00 C   -12.5   -31.7   -16.7    87.0    64.8    78.0 -99.000 -99.000 -99.000 -99.000 -99.000 -9999.0 -9999.0 -9999.0 -9999.0 -9999.0
96406 20171120  2.515 -154.13   64.50   -20.6   -30.5   -25.5   -25.5     0.0     0.60 C   -26.3   -36.7   -33.3    88.9    71.2    79.2 -99.000 -99.000 -99.000 -99.000 -99.000 -9999.0 -9999.0 -9999.0 -9999.0 -9999.0
96406 20171121  2.515 -154.13   64.50   -14.3   -22.8   -18.6   -16.9     2.0     0.00 C   -12.7   -27.4   -16.1    86.0    70.6    80.9 -99.000 -99.000 -99.000 -99.000 -99.000 -9999.0 -9999.0 -9999.0 -9999.0 -9999.0
96406 20171122  2.515 -154.13   64.50   -11.1   -17.8   -14.5   -14.7     1.1     0.00 C    -9.9   -23.8   -15.2    89.0    84.0    86.4 -99.000 -99.000 -99.000 -99.000 -99.000 -9999.0 -9999.0 -9999.0 -9999.0 -9999.0
96406 20171123  2.515 -154.13   64.50   -11.8   -22.8   -17.3   -15.0     0.2     0.43 C   -11.6   -30.1   -18.9    91.9    77.8    87.1 -99.000 -99.000 -99.000 -99.000 -99.000 -9999.0 -9999.0 -9999.0 -9999.0 -9999.0
96406 20171124  2.515 -154.13   64.50   -13.8   -29.8   -21.8   -20.1     1.4     0.34 C   -18.7   -33.3   -27.9    90.5    73.6    82.1 -99.000 -99.000 -99.000 -99.000 -99.000 -9999.0 -9999.0 -9999.0 -9999.0 -9999.0
96406 20171125  2.515 -154.13   64.50   -24.5   -31.9   -28.2   -28.0     0.0     0.39 C   -25.1   -35.8   -31.2    78.8    72.5    75.9 -99.000 -99.000 -99.000 -99.000 -99.000 -9999.0 -9999.0 -9999.0 -9999.0 -9999.0
96406 20171126  2.515 -154.13   64.50   -16.0   -30.4   -23.2   -22.8     2.2     0.51 C   -19.3   -36.4   -29.2    85.0    69.8    79.5 -99.000 -99.000 -99.000 -99.000 -99.000 -9999.0 -9999.0 -9999.0 -9999.0 -9999.0
96406 20171127  2.515 -154.13   64.50   -14.1   -25.8   -20.0   -18.8     0.0     0.00 C   -14.7   -30.1   -22.2    86.2    76.0    82.3 -99.000 -99.000 -99.000 -99.000 -99.000 -9999.0 -9999.0 -9999.0 -9999.0 -9999.0
96406 20171128  2.515 -154.13   64.50   -13.3   -23.6   -18.5   -16.6     0.0     0.32 C   -15.1   -27.2   -21.3    89.3    78.0    82.7 -99.000 -99.000 -99.000 -99.000 -99.000 -9999.0 -9999.0 -9999.0 -9999.0 -9999.0
96406 20171129  2.515 -154.13   64.50   -10.6   -24.2   -17.4   -16.5     0.0     0.01 C   -10.7   -27.6   -19.1    89.0    74.1    81.6 -99.000 -99.000 -99.000 -99.000 -99.000 -9999.0 -9999.0 -9999.0 -9999.0 -9999.0
96406 20171130  2.515 -154.13   64.50   -20.4   -26.0   -23.2   -23.0     0.0     0.28 C   -18.1   -28.5   -25.3    83.5    77.7    80.2 -99.000 -99.000 -99.000 -99.000 -99.000 -9999.0 -9999.0 -9999.0 -9999.0 -9999.0
96406 20171201  2.515 -154.13   64.50    -8.8   -20.4   -14.6   -14.5     0.8     0.00 C    -8.3   -19.2   -13.6    92.7    80.1    86.4 -99.000 -99.000 -99.000 -99.000 -99.000 -9999.0 -9999.0 -9999.0 -9999.0 -9999.0
96406 20171202  2.515 -154.13   64.50    -5.7    -9.3    -7.5    -7.2     5.6     0.00 C    -5.6   -10.8    -7.1    93.9    90.2    92.4 -99.000 -99.000 -99.000 -99.000 -99.000 -9999.0 -9999.0 -9999.0 -9999.0 -9999.0
96406 20171203  2.515 -154.13   64.50    -5.6   -15.2   -10.4    -8.8     0.0     0.00 C    -6.0   -21.8   -10.7    93.0    76.6    88.5 -99.000 -99.000 -99.000 -99.000 -99.000 -9999.0 -9999.0 -9999.0 -9999.0 -9999.0
96406 20171204  2.515 -154.13   64.50     1.4   -14.2    -6.4    -8.3     0.5     0.00 C    -2.9   -18.7   -10.9    93.5    70.0    87.7 -99.000 -99.000 -99.000 -99.000 -99.000 -9999.0 -9999.0 -9999.0 -9999.0 -9999.0
96406 20171205  2.515 -154.13   64.50     1.6   -18.7    -8.6   -10.1     0.0     0.00 C    -2.7   -23.5   -15.2    94.8    61.6    84.6 -99.000 -99.000 -99.000 -99.000 -99.000 -9999.0 -9999.0 -9999.0 -9999.0 -9999.0
96406 20171206  2.515 -154.13   64.50    -1.7   -16.2    -9.0    -6.5     1.0     0.03 C    -3.6   -23.1    -9.3    95.6    77.9    88.4 -99.000 -99.000 -99.000 -99.000 -99.000 -9999.0 -9999.0 -9999.0 -9999.0 -9999.0
96406 20171207  2.515 -154.13   64.50    -3.5   -23.3   -13.4   -11.8     1.4     0.00 C    -4.7   -27.8   -14.1    94.3    74.2    85.0 -99.000 -99.000 -99.000 -99.000 -99.000 -9999.0 -9999.0 -9999.0 -9999.0 -9999.0
96406 20171208  2.515 -154.13   64.50    -4.6   -17.7   -11.1    -8.8     1.1     0.00 C    -5.0   -22.3   -11.1    95.5    84.1    91.9 -99.000 -99.000 -99.000 -99.000 -99.000 -9999.0 -9999.0 -9999.0 -9999.0 -9999.0
96406 20171209  2.515 -154.13   64.50   -12.0   -19.5   -15.7   -14.5     0.0     0.00 C   -11.1   -23.4   -14.9    92.6    82.4    86.4 -99.000 -99.000 -99.000 -99.000 -99.000 -9999.0 -9999.0 -9999.0 -9999.0 -9999.0
96406 20171210  2.515 -154.13   64.50    -4.2   -17.6   -10.9   -12.0     0.0     0.01 C    -5.1   -19.4   -12.5    95.3    82.4    88.1 -99.000 -99.000 -99.000 -99.000 -99.000 -9999.0 -9999.0 -9999.0 -9999.0 -9999.0
96406 20171211  2.515 -154.13   64.50    -2.1    -7.0    -4.5    -3.4     1.3     0.00 C    -0.2   -13.6    -5.5    97.5    75.4    88.4 -99.000 -99.000 -99.000 -99.000 -99.000 -9999.0 -9999.0 -9999.0 -9999.0 -9999.0
96406 20171212  2.515 -154.13   64.50     0.0    -7.2    -3.6    -3.9     0.0     0.19 C    -2.5   -11.2    -6.3    96.7    73.7    89.9 -99.000 -99.000 -99.000 -99.000 -99.000 -9999.0 -9999.0 -9999.0 -9999.0 -9999.0
96406 20171213  2.515 -154.13   64.50     1.9    -2.3    -0.2    -0.4     0.5     0.02 C    -0.4    -7.4    -3.3    93.7    65.0    76.9 -99.000 -99.000 -99.000 -99.000 -99.000 -9999.0 -9999.0 -9999.0 -9999.0 -9999.0
96406 20171214  2.515 -154.13   64.50     2.7    -8.3    -2.8    -2.9     0.0     0.00 C    -0.1   -10.5    -5.1    97.5    78.3    90.3 -99.000 -99.000 -99.000 -99.000 -99.000 -9999.0 -9999.0 -9999.0 -9999.0 -9999.0
96406 20171215  2.515 -154.13   64.50    -3.8   -16.2   -10.0    -8.1     0.0     0.00 C    -4.2   -20.5    -9.8    94.9    83.2    91.3 -99.000 -99.000 -99.000 -99.000 -99.000 -9999.0 -9999.0 -9999.0 -9999.0 -9999.0
96406 20171216  2.515 -154.13   64.50    -4.0    -6.8    -5.4    -5.4     2.7     0.00 C    -4.9   -10.0    -6.2    94.9    92.6    94.2 -99.000 -99.000 -99.000 -99.000 -99.000 -9999.0 -9999.0 -9999.0 -9999.0 -9999.0
96406 20171217  2.515 -154.13   64.50    -4.6    -6.8    -5.7    -5.8     2.4     0.00 C    -5.0    -9.9    -6.5    94.9    91.7    93.8 -99.000 -99.000 -99.000 -99.000 -99.000 -9999.0 -9999.0 -9999.0 -9999.0 -9999.0
96406 20171218  2.515 -154.13   64.50    -4.6    -9.8    -7.2    -7.3     1.4     0.01 C    -5.3   -17.3    -8.5    92.8    77.0    87.8 -99.000 -99.000 -99.000 -99.000 -99.000 -9999.0 -9999.0 -9999.0 -9999.0 -9999.0
96406 20171219  2.515 -154.13   64.50     0.8    -5.5    -2.4    -0.8     1.3     0.00 C    -0.4   -10.9    -2.9    96.4    76.3    86.5 -99.000 -99.000 -99.000 -99.000 -99.000 -9999.0 -9999.0 -9999.0 -9999.0 -9999.0
96406 20171220  2.515 -154.13   64.50     0.7    -2.6    -1.0    -0.5     0.0     0.00 C    -1.9    -7.0    -3.6    81.7    66.9    73.4 -99.000 -99.000 -99.000 -99.000 -99.000 -9999.0 -9999.0 -9999.0 -9999.0 -9999.0
96406 20171221  2.515 -154.13   64.50     1.2   -16.5    -7.7    -7.9     0.0     0.00 C    -2.3   -20.8   -13.6    93.8    59.2    81.5 -99.000 -99.000 -99.000 -99.000 -99.000 -9999.0 -9999.0 -9999.0 -9999.0 -9999.0
96406 20171222  2.515 -154.13   64.50    -1.3   -12.9    -7.1    -6.2     0.0     0.00 C    -4.8   -18.8   -10.0    89.3    45.3    65.7 -99.000 -99.000 -99.000 -99.000 -99.000 -9999.0 -9999.0 -9999.0 -9999.0 -9999.0
96406 20171223  2.515 -154.13   64.50    -3.1   -19.7   -11.4   -12.8     0.0     0.00 C    -6.7   -24.5   -17.9    90.2    49.7    74.8 -99.000 -99.000 -99.000 -99.000 -99.000 -9999.0 -9999.0 -9999.0 -9999.0 -9999.0
96406 20171224  2.515 -154.13   64.50   -13.4   -18.8   -16.1   -16.0     0.0     0.00 C   -14.0   -22.9   -18.2    88.7    79.1    84.3 -99.000 -99.000 -99.000 -99.000 -99.000 -9999.0 -9999.0 -9999.0 -9999.0 -9999.0
96406 20171225  2.515 -154.13   64.50   -15.4   -23.6   -19.5   -18.9     0.0     0.15 C   -15.2   -27.0   -21.2    86.5    79.9    83.4 -99.000 -99.000 -99.000 -99.000 -99.000 -9999.0 -9999.0 -9999.0 -9999.0 -9999.0
96406 20171226  2.515 -154.13   64.50   -13.0   -24.6   -18.8   -16.9     0.4     0.00 C   -12.7   -28.1   -16.4    91.0    79.4    84.2 -99.000 -99.000 -99.000 -99.000 -99.000 -9999.0 -9999.0 -9999.0 -9999.0 -9999.0
96406 20171227  2.515 -154.13   64.50   -13.2   -19.5   -16.4   -16.0     0.0     0.00 C   -13.4   -18.9   -16.1    87.2    81.8    84.7 -99.000 -99.000 -99.000 -99.000 -99.000 -9999.0 -9999.0 -9999.0 -9999.0 -9999.0
96406 20171228  2.515 -154.13   64.50   -19.5   -26.0   -22.8   -22.4     0.9     0.00 C   -18.8   -29.7   -22.3    82.1    76.3    79.9 -99.000 -99.000 -99.000 -99.000 -99.000 -9999.0 -9999.0 -9999.0 -9999.0 -9999.0
96406 20171229  2.515 -154.13   64.50   -20.5   -31.8   -26.2   -25.3     3.8     0.00 C   -18.9   -37.6   -25.3    81.3    73.1    77.8 -99.000 -99.000 -99.000 -99.000 -99.000 -9999.0 -9999.0 -9999.0 -9999.0 -9999.0
96406 20171230  2.515 -154.13   64.50   -16.0   -20.6   -18.3   -18.0     0.6     0.00 C   -14.8   -20.8   -17.5    84.9    81.1    83.2 -99.000 -99.000 -99.000 -99.000 -99.000 -9999.0 -9999.0 -9999.0 -9999.0 -9999.0
96406 20171231  2.515 -154.13   64.50   -10.8   -16.6   -13.7   -13.2     0.0     0.01 C   -11.2   -17.7   -14.1    87.2    61.2    76.4 -99.000 -99.000 -99.000 -99.000 -99.000 -9999.0 -9999.0 -9999.0 -9999.0 -9999.0
