63849 20170101  2.422  -86.23   37.25    10.9     5.3     8.1     7.8     1.6     2.61 C    12.0     5.4     8.1    93.2    81.1    90.6   0.319   0.324   0.368 -99.000 -99.000     7.4     7.5     7.6     9.5    10.7
63849 20170102  2.422  -86.23   37.25    16.7    10.9    13.8    13.8    13.0     1.76 C    17.3    10.2    12.8    92.4    79.2    88.8   0.317   0.321   0.365 -99.000 -99.000     9.5     9.3     8.9     9.6    10.6
63849 20170103  2.422  -86.23   37.25    14.9     3.2     9.1    11.6    16.4     1.54 C    15.9     4.3    11.6    92.4    85.7    90.1   0.376   0.363   0.373 -99.000 -99.000    11.1    11.0    10.7    10.1    10.6
63849 20170104  2.422  -86.23   37.25     3.3    -4.9    -0.8    -1.6     0.0    10.01 C    10.6    -5.4     1.0    89.1    40.3    65.4   0.322   0.330   0.371 -99.000 -99.000     8.1     8.8     9.6    10.4    10.8
63849 20170105  2.422  -86.23   37.25    -3.3    -7.5    -5.4    -4.7     2.9     1.10 C     0.2    -7.3    -2.8    83.7    59.5    73.0   0.310   0.316   0.366 -99.000 -99.000     5.3     6.2     7.5    10.2    11.0
63849 20170106  2.422  -86.23   37.25    -7.2   -11.4    -9.3    -9.4     0.0     5.05 C    -1.1   -10.1    -6.9    75.2    48.3    61.2   0.307   0.312   0.364 -99.000 -99.000     3.9     4.8     6.2     9.6    10.8
63849 20170107  2.422  -86.23   37.25    -7.1   -14.5   -10.8   -11.3     0.0     9.86 C     1.4   -14.6    -8.6    74.6    40.5    59.2   0.303   0.308   0.362 -99.000 -99.000     2.2     3.2     4.9     8.9    10.5
63849 20170108  2.422  -86.23   37.25    -3.0   -14.6    -8.8    -8.5     0.0     9.22 C     5.3   -14.7    -6.6    81.0    32.7    57.2   0.296   0.304   0.360 -99.000 -99.000     1.1     2.0     3.7     8.1    10.1
63849 20170109  2.422  -86.23   37.25     5.4    -5.8    -0.2     0.4     0.0     7.60 C    11.5    -7.4     0.8    56.3    29.0    39.5   0.297   0.302   0.358 -99.000 -99.000     1.6     2.2     3.5     7.5     9.7
63849 20170110  2.422  -86.23   37.25    13.2     5.4     9.3     9.8    10.5     1.88 C    12.9     4.1     8.4    83.0    36.1    56.8   0.306   0.309   0.359 -99.000 -99.000     4.5     4.4     4.7     7.2     9.3
63849 20170111  2.422  -86.23   37.25    17.8    10.6    14.2    14.6     6.7     1.25 C    15.6     8.5    12.8    88.3    67.5    79.8   0.342   0.339   0.369 -99.000 -99.000     7.9     7.5     6.9     7.6     9.0
63849 20170112  2.422  -86.23   37.25    20.2     5.1    12.6    15.1    17.3     2.07 C    19.0     5.7    13.9    89.1    62.6    75.0   0.336   0.334   0.368 -99.000 -99.000    10.5    10.1     9.3     8.3     9.0
63849 20170113  2.422  -86.23   37.25     5.2     2.9     4.1     3.7    24.8     0.61 C     5.9     3.4     4.5    90.4    85.9    88.3   0.413   0.368   0.374 -99.000 -99.000     7.8     8.1     8.5     8.7     9.4
63849 20170114  2.422  -86.23   37.25     7.7     4.2     5.9     5.8     6.1     1.28 C    10.1     4.8     6.5    99.0    90.4    93.5   0.352   0.347   0.373 -99.000 -99.000     7.7     7.8     8.2     8.9     9.6
63849 20170115  2.422  -86.23   37.25     6.5     4.2     5.3     5.1     0.0     1.43 C     7.9     4.8     5.9    92.1    89.2    91.2   0.325   0.330   0.371 -99.000 -99.000     7.7     7.9     8.2     9.1     9.7
63849 20170116  2.422  -86.23   37.25    17.3     6.4    11.9    12.6     8.3     3.89 C    18.8     4.4    11.4    91.5    60.0    77.4   0.318   0.320   0.367 -99.000 -99.000     8.9     8.7     8.7     9.1     9.8
63849 20170117  2.422  -86.23   37.25    17.4     6.0    11.7    13.6    15.3     4.88 C    19.9     6.9    13.1    88.7    54.5    75.9   0.372   0.351   0.374 -99.000 -99.000    11.5    11.2    10.9     9.6     9.9
63849 20170118  2.422  -86.23   37.25     9.9     4.9     7.4     6.4     0.0     5.83 C    18.7     3.7     7.4    89.6    55.6    73.6   0.320   0.322   0.369 -99.000 -99.000     9.8    10.0    10.3     9.9    10.2
63849 20170119  2.422  -86.23   37.25    14.2     4.8     9.5     9.7    24.0     1.79 C    13.6     4.5     9.8    91.7    68.1    84.3   0.349   0.332   0.369 -99.000 -99.000     9.5     9.6     9.8    10.0    10.4
63849 20170120  2.422  -86.23   37.25    16.9    12.6    14.8    14.4     1.6     4.33 C    18.7    10.3    13.2    91.6    63.5    76.5   0.361   0.347   0.374 -99.000 -99.000    11.4    11.2    10.8    10.2    10.5
63849 20170121  2.422  -86.23   37.25    19.7    12.4    16.1    15.5     0.0     5.75 C    22.5     8.1    13.2    80.1    43.9    67.4   0.320   0.323   0.369 -99.000 -99.000    11.5    11.4    11.1    10.4    10.7
63849 20170122  2.422  -86.23   37.25    16.7    10.4    13.6    13.0     0.4     5.19 C    22.8     7.9    12.4    86.6    67.0    76.5   0.313   0.316   0.366 -99.000 -99.000    11.4    11.4    11.2    10.7    10.9
63849 20170123  2.422  -86.23   37.25    13.5     4.3     8.9     7.9     0.0     1.23 C    11.7     5.1     8.4    87.9    69.7    79.7   0.309   0.313   0.364 -99.000 -99.000    10.8    11.1    11.2    10.9    11.1
63849 20170124  2.422  -86.23   37.25     8.7     3.6     6.2     5.1     0.0     7.46 C    18.8     1.6     6.3    81.1    55.3    71.4   0.304   0.311   0.362 -99.000 -99.000     9.4     9.7    10.3    10.8    11.2
63849 20170125  2.422  -86.23   37.25    16.4     5.5    10.9    11.0     0.0     5.68 C    20.6     3.0     9.9    77.4    40.9    62.9   0.302   0.308   0.360 -99.000 -99.000     9.3     9.4     9.8    10.7    11.3
63849 20170126  2.422  -86.23   37.25     6.6     0.4     3.5     2.5     0.0     1.71 C     5.6    -0.1     3.2    68.4    54.0    59.5   0.299   0.305   0.358 -99.000 -99.000     8.1     8.7     9.4    10.6    11.2
63849 20170127  2.422  -86.23   37.25     6.1    -3.3     1.4     0.8     0.0     5.83 C    14.5    -5.2     2.2    74.8    33.0    56.7   0.296   0.303   0.357 -99.000 -99.000     6.9     7.4     8.3    10.2    11.1
63849 20170128  2.422  -86.23   37.25     8.9    -4.7     2.1     2.2     0.0    11.66 C    16.2    -6.4     3.0    76.4    33.3    54.0   0.294   0.301   0.355 -99.000 -99.000     6.1     6.6     7.5     9.8    10.9
63849 20170129  2.422  -86.23   37.25     4.0    -1.2     1.4     1.2     0.2     2.82 C    10.0    -1.6     1.8    75.7    46.5    62.5   0.292   0.299   0.353 -99.000 -99.000     5.9     6.5     7.4     9.5    10.7
63849 20170130  2.422  -86.23   37.25     7.4    -4.9     1.3     1.8     0.0    12.18 C    16.1    -7.5     2.1    80.9    20.0    52.1   0.291   0.298   0.352 -99.000 -99.000     5.3     5.8     6.7     9.2    10.5
63849 20170131  2.422  -86.23   37.25    13.1     6.0     9.6     9.2     0.0     6.66 C    17.0     0.7     7.0    60.5    22.2    39.6   0.290   0.297   0.350 -99.000 -99.000     6.4     6.6     7.0     8.9    10.2
63849 20170201  2.422  -86.23   37.25    12.2     2.6     7.4     7.0     0.0     7.42 C    21.1    -2.1     6.4    58.1    32.8    48.0   0.288   0.295   0.348 -99.000 -99.000     7.0     7.2     7.5     8.9    10.1
63849 20170202  2.422  -86.23   37.25     4.6    -1.5     1.6     1.2     0.0     6.40 C    12.3    -4.1     1.6    77.6    26.4    48.7   0.287   0.294   0.347 -99.000 -99.000     5.9     6.4     7.2     8.9    10.0
63849 20170203  2.422  -86.23   37.25     3.3    -6.2    -1.5    -1.7     0.0    11.73 C    15.2    -9.6     0.4    50.7    24.4    39.7   0.285   0.293   0.346 -99.000 -99.000     5.3     5.8     6.7     8.7     9.9
63849 20170204  2.422  -86.23   37.25     7.1    -8.6    -0.8     0.3     0.0    13.34 C    16.2   -10.7     1.5    58.7    11.5    31.9   0.283   0.292   0.344 -99.000 -99.000     4.0     4.6     5.6     8.4     9.8
63849 20170205  2.422  -86.23   37.25    14.3     5.5     9.9     8.8     0.0    12.08 C    22.4     2.3     8.7    76.2    33.9    53.0   0.284   0.291   0.344 -99.000 -99.000     6.6     6.6     6.6     8.2     9.6
63849 20170206  2.422  -86.23   37.25    16.1     4.0    10.0     9.3     0.0     2.42 C    14.1     1.1     8.7    90.7    75.3    85.5   0.283   0.290   0.343 -99.000 -99.000     7.2     7.2     7.3     8.3     9.5
63849 20170207  2.422  -86.23   37.25    16.1    12.0    14.1    14.0    34.7     1.47 C    14.2     7.8    12.6    91.0    74.0    83.8   0.364   0.348   0.362 -99.000 -99.000    10.2     9.9     9.5     8.8     9.5
63849 20170208  2.422  -86.23   37.25    12.9     0.6     6.7     7.0     3.1     3.21 C    15.5     1.7     7.5    90.8    72.8    84.9   0.336   0.338   0.368 -99.000 -99.000     9.4     9.5     9.7     9.3     9.7
63849 20170209  2.422  -86.23   37.25     0.7    -5.9    -2.6    -2.3     0.0    12.49 C    12.5    -6.4     0.7    81.8    37.1    59.4   0.323   0.329   0.366 -99.000 -99.000     7.2     7.7     8.5     9.4     9.9
63849 20170210  2.422  -86.23   37.25    16.1    -6.0     5.0     6.2     0.0    12.80 C    19.1    -6.4     6.0    74.6    21.9    39.1   0.313   0.319   0.362 -99.000 -99.000     6.1     6.4     7.1     9.1    10.0
63849 20170211  2.422  -86.23   37.25    18.9    11.8    15.4    16.0     0.0     2.50 C    18.2     7.3    14.3    75.4    35.5    60.4   0.307   0.313   0.360 -99.000 -99.000     9.0     8.7     8.4     8.9     9.9
63849 20170212  2.422  -86.23   37.25    18.5     2.8    10.6    14.2     0.0     8.23 C    26.1    -1.2    13.1    83.9    35.0    58.6   0.304   0.310   0.358 -99.000 -99.000    11.3    11.0    10.4     9.2     9.8
63849 20170213  2.422  -86.23   37.25    11.9    -0.9     5.5     5.1     0.0    13.72 C    21.6    -4.5     5.4    55.7    17.5    35.3   0.300   0.306   0.357 -99.000 -99.000     8.5     8.9     9.3     9.6    10.0
63849 20170214  2.422  -86.23   37.25     8.0     2.0     5.0     4.8     1.4     4.41 C    11.9    -1.7     5.6    89.8    29.5    64.1   0.299   0.304   0.355 -99.000 -99.000     8.0     8.3     8.8     9.5    10.2
63849 20170215  2.422  -86.23   37.25     9.4    -0.7     4.3     4.3     0.0    14.03 C    20.4    -3.9     5.4    91.8    23.8    56.6   0.299   0.304   0.354 -99.000 -99.000     8.2     8.4     8.7     9.4    10.2
63849 20170216  2.422  -86.23   37.25    12.8    -1.8     5.5     5.5     0.0    14.08 C    21.9    -4.7     5.6    62.3    18.4    40.6   0.296   0.302   0.354 -99.000 -99.000     7.2     7.5     8.0     9.3    10.2
63849 20170217  2.422  -86.23   37.25    20.5     5.4    12.9    12.3     0.0    15.08 C    27.9     0.9    10.7    56.2    20.8    35.8   0.292   0.299   0.352 -99.000 -99.000     8.5     8.5     8.5     9.2    10.1
63849 20170218  2.422  -86.23   37.25    12.7     8.7    10.7    10.5     0.9     3.12 C    13.3     5.4     9.3    88.8    40.3    68.4   0.292   0.297   0.350 -99.000 -99.000     9.0     9.0     9.1     9.4    10.1
63849 20170219  2.422  -86.23   37.25    18.6     7.8    13.2    12.1     0.0     8.86 C    26.3     4.2    11.2    90.8    52.6    77.5   0.293   0.298   0.350 -99.000 -99.000     9.9     9.8     9.6     9.5    10.1
63849 20170220  2.422  -86.23   37.25    23.8     8.2    16.0    16.2     0.0    10.76 C    30.6     5.0    14.1    91.5    27.0    56.6   0.291   0.297   0.350 -99.000 -99.000    10.8    10.5    10.3     9.7    10.2
63849 20170221  2.422  -86.23   37.25    20.4    13.3    16.8    17.3     2.8     4.91 C    23.7    12.2    15.7    88.4    42.7    56.2   0.290   0.296   0.348 -99.000 -99.000    11.9    11.6    11.2    10.1    10.3
63849 20170222  2.422  -86.23   37.25    20.9    12.6    16.8    16.2     2.2     7.72 C    28.2    11.4    16.0    92.0    59.9    77.5   0.315   0.306   0.352 -99.000 -99.000    13.1    12.7    12.2    10.5    10.6
63849 20170223  2.422  -86.23   37.25    22.4    13.2    17.8    17.3     0.0     7.44 C    28.8    10.8    16.4    89.1    50.5    70.6   0.303   0.305   0.354 -99.000 -99.000    13.6    13.3    12.9    10.9    10.9
63849 20170224  2.422  -86.23   37.25    25.5    11.5    18.5    19.5     0.7    12.82 C    30.1    10.3    18.7    72.0    37.3    57.3   0.298   0.302   0.353 -99.000 -99.000    14.6    14.2    13.6    11.4    11.1
63849 20170225  2.422  -86.23   37.25    11.4    -1.9     4.7     2.9     0.0     8.63 C    16.6    -4.9     3.9    65.9    36.0    51.2   0.292   0.300   0.352 -99.000 -99.000    11.4    12.0    12.7    11.8    11.5
63849 20170226  2.422  -86.23   37.25    10.9    -4.9     3.0     4.0     0.0    16.42 C    21.5    -6.9     5.6    74.4    18.7    39.3   0.286   0.298   0.350 -99.000 -99.000     9.0     9.4    10.2    11.5    11.6
63849 20170227  2.422  -86.23   37.25    16.4     6.2    11.3    10.7     2.4     9.97 C    23.2     6.3    10.6    89.2    30.8    60.1   0.292   0.298   0.348 -99.000 -99.000    10.5    10.5    10.6    11.1    11.6
63849 20170228  2.422  -86.23   37.25    19.3     9.6    14.4    15.1     3.6     2.31 C    18.7     8.7    14.1    86.8    71.9    79.4   0.310   0.305   0.352 -99.000 -99.000    11.5    11.4    11.2    11.0    11.5
63849 20170301  2.422  -86.23   37.25    22.2     3.5    12.8    14.5    22.2    11.26 C    28.3     1.0    14.3    89.7    36.0    61.6   0.338   0.335   0.365 -99.000 -99.000    13.7    13.4    13.0    11.4    11.5
63849 20170302  2.422  -86.23   37.25    11.0    -0.6     5.2     4.8     0.0    17.00 C    21.3    -2.2     6.6    78.7    25.3    51.9   0.320   0.321   0.364 -99.000 -99.000    10.8    11.1    11.7    11.6    11.7
63849 20170303  2.422  -86.23   37.25     6.5    -2.3     2.1     1.7     0.2    17.13 C    19.0    -3.4     4.5    90.6    22.6    55.0   0.312   0.313   0.362 -99.000 -99.000     9.7    10.1    10.7    11.4    11.7
63849 20170304  2.422  -86.23   37.25    17.9    -1.3     8.3     8.4     0.0    16.97 C    25.3    -3.2     8.0    70.3    19.6    32.9   0.304   0.308   0.359 -99.000 -99.000     9.3     9.5     9.9    11.1    11.7
63849 20170305  2.422  -86.23   37.25    19.7     7.9    13.8    13.4     0.0    14.22 C    27.2     2.2    12.5    45.5    18.0    31.5   0.299   0.304   0.356 -99.000 -99.000    10.5    10.4    10.5    10.9    11.6
63849 20170306  2.422  -86.23   37.25    19.6    10.9    15.3    15.4     3.3     5.58 C    21.3     9.5    13.9    85.4    42.1    59.5   0.309   0.303   0.354 -99.000 -99.000    11.8    11.6    11.4    11.0    11.5
63849 20170307  2.422  -86.23   37.25    18.2     5.3    11.7    11.9    19.6     2.65 C    15.9     1.5    10.7    91.1    47.1    77.9   0.366   0.341   0.366 -99.000 -99.000    12.1    12.1    12.2    11.3    11.5
63849 20170308  2.422  -86.23   37.25    18.6     4.0    11.3    11.2     0.0    18.49 C    27.2     1.2    10.3    79.3    11.5    39.1   0.334   0.330   0.369 -99.000 -99.000    11.1    11.2    11.4    11.4    11.6
63849 20170309  2.422  -86.23   37.25    23.8     7.2    15.5    15.1     4.1    17.15 C    30.1     2.4    13.8    87.5    18.6    33.0   0.321   0.317   0.364 -99.000 -99.000    11.8    11.7    11.6    11.4    11.7
63849 20170310  2.422  -86.23   37.25    11.2     0.7     5.9     6.6     0.0    17.64 C    22.8    -0.8     9.1    90.8    21.9    50.6   0.328   0.319   0.363 -99.000 -99.000    12.1    12.2    12.2    11.5    11.7
63849 20170311  2.422  -86.23   37.25     4.0     0.0     2.0     1.7     0.0     8.16 C    14.3    -1.7     4.3    48.1    25.3    34.1   0.315   0.312   0.363 -99.000 -99.000     9.4    10.0    10.8    11.6    11.8
63849 20170312  2.422  -86.23   37.25     7.7    -3.8     2.0     1.8     0.0    18.28 C    20.8    -5.4     4.4    52.5    18.0    32.7   0.310   0.307   0.360 -99.000 -99.000     8.7     9.1     9.7    11.2    11.8
63849 20170313  2.422  -86.23   37.25     8.3    -2.2     3.0     3.2     0.0     5.96 C    13.9    -3.2     4.3    89.0    36.5    60.4   0.308   0.304   0.357 -99.000 -99.000     7.9     8.3     9.1    10.8    11.6
63849 20170314  2.422  -86.23   37.25     3.5    -4.9    -0.7    -0.5     0.0     9.84 C    16.4    -6.6     2.1    89.5    29.9    60.4   0.307   0.302   0.355 -99.000 -99.000     7.8     8.3     8.9    10.5    11.4
63849 20170315  2.422  -86.23   37.25     3.0    -8.0    -2.5    -2.4     0.0    19.96 C    17.3    -9.3     0.4    73.2    24.4    44.4   0.305   0.300   0.353 -99.000 -99.000     6.6     7.1     7.9    10.2    11.2
63849 20170316  2.422  -86.23   37.25     8.5    -7.4     0.6     1.5     0.0    19.94 C    20.9    -9.0     4.2    72.2    20.0    40.2   0.302   0.297   0.351 -99.000 -99.000     6.8     7.1     7.6     9.8    11.0
63849 20170317  2.422  -86.23   37.25    12.8     4.0     8.4     8.3    12.2     1.65 C    11.8     0.9     7.8    90.1    30.3    68.7   0.329   0.311   0.353 -99.000 -99.000     7.7     7.9     8.2     9.6    10.8
63849 20170318  2.422  -86.23   37.25    12.3     1.7     7.0     8.7     0.0    19.53 C    25.0    -0.7    11.3    90.3    38.8    64.6   0.340   0.328   0.365 -99.000 -99.000    10.7    10.4     9.9     9.7    10.6
63849 20170319  2.422  -86.23   37.25    13.7    -0.7     6.5     6.8     0.0    19.96 C    25.2    -2.7     8.5    87.4    32.4    56.7   0.325   0.315   0.362 -99.000 -99.000    10.1    10.1    10.1    10.0    10.6
63849 20170320  2.422  -86.23   37.25    25.7     6.8    16.2    16.7     0.0    13.20 C    30.2     3.1    15.5    64.0    31.7    44.1   0.315   0.309   0.359 -99.000 -99.000    11.6    11.3    10.8    10.2    10.7
63849 20170321  2.422  -86.23   37.25    21.1    10.6    15.8    16.2     0.0    14.82 C    31.5     6.1    16.8    68.0    37.8    52.7   0.310   0.304   0.356 -99.000 -99.000    14.1    13.5    12.7    10.7    10.9
63849 20170322  2.422  -86.23   37.25 -9999.0 -9999.0 -9999.0 -9999.0     0.0 -9999.00 U -9999.0 -9999.0 -9999.0 -9999.0 -9999.0 -9999.0 -99.000 -99.000 -99.000 -99.000 -99.000 -9999.0 -9999.0 -9999.0 -9999.0 -9999.0
63849 20170323  2.422  -86.23   37.25    16.0    -0.2     7.9     9.2     0.6    12.37 C    25.0    -1.2     9.5    73.5    24.8    46.4   0.304   0.296   0.350 -99.000 -99.000    10.9    11.0    11.4    11.4    11.4
63849 20170324  2.422  -86.23   37.25    24.7    13.1    18.9    18.6     0.0    16.75 C    31.8     9.6    17.6    59.5    40.1    50.9   0.302   0.294   0.347 -99.000 -99.000    13.4    12.9    12.3    11.3    11.5
63849 20170325  2.422  -86.23   37.25    24.3    14.0    19.1    18.9     6.7    13.82 C    29.3    12.2    18.0    88.5    36.1    56.5   0.301   0.291   0.344 -99.000 -99.000    14.8    14.4    13.5    11.7    11.6
63849 20170326  2.422  -86.23   37.25    20.8    12.7    16.7    16.3     6.8     9.84 C    28.6     8.6    15.6    89.0    50.0    72.4   0.348   0.332   0.361 -99.000 -99.000    15.0    14.8    14.2    12.2    11.9
63849 20170327  2.422  -86.23   37.25    23.8    12.2    18.0    15.1    18.7     9.81 C    29.6     8.5    14.9    92.1    49.8    79.3   0.364   0.338   0.366 -99.000 -99.000    14.7    14.6    14.3    12.5    12.2
63849 20170328  2.422  -86.23   37.25    17.9    12.1    15.0    14.3     0.0     6.65 C    26.0     9.5    15.1    92.3    61.4    82.6   0.356   0.341   0.372 -99.000 -99.000    15.0    14.8    14.4    12.8    12.5
63849 20170329  2.422  -86.23   37.25    24.0    10.2    17.1    16.8     0.0    20.62 C    33.3     8.9    18.5    90.0    37.6    64.9   0.334   0.320   0.365 -99.000 -99.000    16.2    15.8    15.1    13.0    12.7
63849 20170330  2.422  -86.23   37.25    24.9    12.5    18.7    19.9     6.7    11.14 C    28.7    13.1    18.7    89.3    41.8    60.3   0.330   0.312   0.362 -99.000 -99.000    16.8    16.4    16.0    13.4    12.9
63849 20170331  2.422  -86.23   37.25    13.1     7.3    10.2    10.1     3.7     4.46 C    18.2     8.7    11.4    89.7    67.8    80.3   0.353   0.335   0.371 -99.000 -99.000    14.8    15.0    15.3    13.8    13.2
63849 20170401  2.422  -86.23   37.25    11.5     5.9     8.7     8.1     0.0     8.06 C    19.1     4.6    10.0    87.7    56.8    71.3   0.335   0.319   0.367 -99.000 -99.000    13.4    13.6    14.0    13.8    13.4
63849 20170402  2.422  -86.23   37.25    23.4     5.8    14.6    14.8     0.0    21.73 C    32.4     4.5    16.0    82.9    28.7    54.2   0.327   0.311   0.363 -99.000 -99.000    14.5    14.2    14.0    13.4    13.4
63849 20170403  2.422  -86.23   37.25    22.3    15.0    18.7    18.0     5.6     8.05 C    25.3    13.8    16.8    88.9    34.4    65.2   0.329   0.307   0.359 -99.000 -99.000    15.5    15.3    15.0    13.7    13.4
63849 20170404  2.422  -86.23   37.25    24.2    12.5    18.4    18.1     0.0    20.72 C    32.9     9.5    18.1    77.4    27.0    53.0   0.337   0.314   0.361 -99.000 -99.000    16.7    16.3    15.7    14.0    13.5
63849 20170405  2.422  -86.23   37.25    27.8    11.1    19.4    18.6     3.2    17.82 C    34.1    10.7    18.0    80.9    31.7    50.6   0.332   0.306   0.357 -99.000 -99.000    17.0    16.7    16.3    14.4    13.7
63849 20170406  2.422  -86.23   37.25    12.1     4.7     8.4     7.3     5.0     7.24 C    17.7     3.7     8.7    88.2    44.4    73.2   0.349   0.314   0.359 -99.000 -99.000    14.1    14.5    15.2    14.6    13.9
63849 20170407  2.422  -86.23   37.25    14.6     3.3     9.0     8.7     0.0    24.80 C    26.7     0.9    10.3    79.1    23.6    47.2   0.337   0.312   0.360 -99.000 -99.000    13.7    13.8    14.1    14.0    14.0
63849 20170408  2.422  -86.23   37.25    19.8     2.0    10.9    12.4     0.0    24.42 C    30.7     0.3    13.1    73.4    20.3    35.5   0.326   0.305   0.356 -99.000 -99.000    14.2    14.2    14.2    13.8    13.9
63849 20170409  2.422  -86.23   37.25    25.8    12.0    18.9    19.2     0.0    22.39 C    31.9     7.2    17.7    33.7    21.3    27.2   0.316   0.297   0.351 -99.000 -99.000    15.4    15.1    14.8    13.8    13.8
63849 20170410  2.422  -86.23   37.25    26.5    16.4    21.4    21.2     0.0    23.06 C    33.1    12.1    19.7    43.7    20.6    31.5   0.303   0.290   0.343 -99.000 -99.000    16.7    16.3    15.7    14.2    13.8
63849 20170411  2.422  -86.23   37.25    20.7    11.5    16.1    16.1     9.9     5.81 C    24.4    11.3    16.2    91.3    42.1    75.6   0.316   0.294   0.340 -99.000 -99.000    16.5    16.4    16.1    14.7    14.0
63849 20170412  2.422  -86.23   37.25    23.0     8.7    15.8    16.2     0.0    24.70 C    32.2     5.8    16.8    91.2    26.8    56.4   0.325   0.302   0.347 -99.000 -99.000    17.1    16.7    16.1    14.8    14.2
63849 20170413  2.422  -86.23   37.25    28.1    13.2    20.6    20.4     0.0    24.87 C    34.6     7.9    18.5    49.9    16.1    33.9   0.311   0.294   0.344 -99.000 -99.000    17.8    17.4    16.9    15.1    14.3
63849 20170414  2.422  -86.23   37.25    29.8    13.2    21.5    22.4     0.0    21.26 C    36.1     9.4    19.7    71.0    20.5    36.6   0.302   0.287   0.338 -99.000 -99.000    18.5    18.1    17.5    15.5    14.5
63849 20170415  2.422  -86.23   37.25    28.1    17.6    22.9    23.0     0.0    20.01 C    34.0    12.9    21.1    60.2    32.3    43.3   0.290   0.280   0.332 -99.000 -99.000    19.1    18.7    18.1    15.9    14.7
63849 20170416  2.422  -86.23   37.25    26.7    15.6    21.2    20.5    26.5    15.90 C    33.6    15.6    20.5    91.4    40.4    64.5   0.297   0.283   0.327 -99.000 -99.000    19.3    19.0    18.5    16.3    15.0
63849 20170417  2.422  -86.23   37.25    22.2    15.0    18.6    17.3     2.6    11.24 C    31.0    14.5    18.9    91.4    56.3    79.3   0.347   0.335   0.360 -99.000 -99.000    19.2    18.9    18.6    16.6    15.4
63849 20170418  2.422  -86.23   37.25    25.0    14.7    19.8    18.7     2.0    14.43 C    31.0    14.0    19.3    89.0    54.2    68.2   0.334   0.317   0.358 -99.000 -99.000    19.2    18.9    18.6    16.7    15.6
63849 20170419  2.422  -86.23   37.25    27.1    16.4    21.7    20.8     0.0    16.73 C    32.6    15.3    20.6    90.2    46.9    71.7   0.327   0.310   0.358 -99.000 -99.000    20.1    19.7    19.1    17.0    15.7
63849 20170420  2.422  -86.23   37.25    28.5    17.0    22.8    21.4     0.6    19.48 C    33.3    14.9    21.5    86.2    39.9    70.0   0.315   0.300   0.355 -99.000 -99.000    20.7    20.3    19.5    17.3    16.0
63849 20170421  2.422  -86.23   37.25    20.8    11.5    16.1    15.6     3.6    13.78 C    29.2    12.6    17.6    90.9    57.8    79.2   0.317   0.297   0.351 -99.000 -99.000    20.1    19.9    19.6    17.6    16.2
63849 20170422  2.422  -86.23   37.25    11.6     9.1    10.3    10.5    15.9     5.24 C    17.0    10.2    12.2    90.3    71.6    83.0   0.355   0.334   0.367 -99.000 -99.000    17.3    17.6    18.3    17.6    16.4
63849 20170423  2.422  -86.23   37.25    12.7     7.3    10.0    10.2    13.6     4.34 C    14.4     8.4    11.1    89.7    64.8    77.3   0.375   0.349   0.374 -99.000 -99.000    15.3    15.6    16.2    16.9    16.5
63849 20170424  2.422  -86.23   37.25    21.2     9.4    15.3    15.9     0.0    17.05 C    29.2     7.7    16.6    89.1    47.7    67.0   0.340   0.322   0.370 -99.000 -99.000    16.8    16.6    16.4    16.2    16.3
63849 20170425  2.422  -86.23   37.25    24.5    10.6    17.5    17.9     0.0    19.90 C    32.3     8.4    17.9    91.6    44.3    67.4   0.332   0.310   0.364 -99.000 -99.000    17.9    17.7    17.4    16.3    16.1
63849 20170426  2.422  -86.23   37.25    28.0    15.1    21.5    21.7     0.0    24.83 C    32.7    11.8    21.2    78.6    31.6    57.1   0.318   0.300   0.357 -99.000 -99.000    19.6    19.1    18.4    16.6    16.1
63849 20170427  2.422  -86.23   37.25    22.3     9.7    16.0    15.6     5.9    17.83 C    26.7     7.7    16.6    89.9    53.5    73.8   0.334   0.303   0.355 -99.000 -99.000    19.4    19.3    18.9    17.1    16.2
63849 20170428  2.422  -86.23   37.25    26.2     8.9    17.6    19.4     0.0    14.59 C    31.0     7.9    19.3    91.4    52.7    69.4   0.321   0.298   0.354 -99.000 -99.000    18.8    18.6    18.2    17.2    16.4
63849 20170429  2.422  -86.23   37.25    30.7    22.6    26.7    25.9     0.0    18.61 C    34.4    19.8    24.7    75.0    42.7    59.7   0.311   0.292   0.349 -99.000 -99.000    21.2    20.6    19.5    17.4    16.5
63849 20170430  2.422  -86.23   37.25    27.6    18.4    23.0    22.2     2.8    10.23 C    29.4    18.0    21.4    85.4    50.9    70.3   0.304   0.287   0.343 -99.000 -99.000    21.0    20.8    20.2    18.0    16.7
63849 20170501  2.422  -86.23   37.25    18.8    10.9    14.8    13.8     5.7    16.19 C    23.0    10.3    14.9    87.1    47.2    64.4   0.337   0.300   0.347 -99.000 -99.000    19.3    19.5    19.7    18.2    16.9
63849 20170502  2.422  -86.23   37.25    23.6     9.6    16.6    15.9     0.0    26.50 C    29.1     7.9    15.8    68.0    25.4    47.1   0.313   0.293   0.346 -99.000 -99.000    18.7    18.7    18.7    17.8    17.1
63849 20170503  2.422  -86.23   37.25    21.4     8.4    14.9    15.6     0.0    23.82 C    28.8     6.5    16.5    77.7    37.3    52.9   0.301   0.284   0.339 -99.000 -99.000    18.6    18.5    18.3    17.6    17.1
63849 20170504  2.422  -86.23   37.25    17.4    12.6    15.0    14.9    26.8     4.11 C    20.0    12.7    15.2    92.4    54.4    85.1   0.351   0.315   0.348 -99.000 -99.000    17.9    18.1    18.3    17.6    17.1
63849 20170505  2.422  -86.23   37.25    13.1     5.0     9.1     8.7    10.0     3.85 C    13.6     2.8     9.6    93.1    82.3    89.7   0.371   0.344   0.370 -99.000 -99.000    16.3    16.7    17.3    17.3    17.1
63849 20170506  2.422  -86.23   37.25    16.1     4.3    10.2     9.1     2.2    13.88 C    22.8     2.5     9.5    92.9    49.1    77.6   0.355   0.333   0.372 -99.000 -99.000    14.6    15.0    15.8    16.6    17.0
63849 20170507  2.422  -86.23   37.25    20.1     3.7    11.9    12.4     0.0    24.44 C    27.4     1.4    12.7    91.5    32.8    62.3   0.336   0.317   0.365 -99.000 -99.000    15.5    15.6    15.8    16.0    16.7
63849 20170508  2.422  -86.23   37.25    21.7     8.0    14.9    15.5     0.0    24.28 C    28.0     5.4    16.0    85.9    33.6    53.2   0.323   0.306   0.359 -99.000 -99.000    16.7    16.6    16.5    16.0    16.4
63849 20170509  2.422  -86.23   37.25    28.8    14.5    21.7    22.0     0.0    25.64 C    33.0    11.5    20.7    85.4    38.6    58.0   0.311   0.302   0.353 -99.000 -99.000    19.2    18.7    18.0    16.3    16.3
63849 20170510  2.422  -86.23   37.25    28.8    15.6    22.2    22.3     0.0    23.64 C    33.6    11.7    21.5    79.5    42.8    62.3   0.301   0.295   0.344 -99.000 -99.000    20.3    19.9    19.2    16.9    16.4
63849 20170511  2.422  -86.23   37.25    28.3    18.0    23.1    21.9     5.2    17.85 C    33.2    15.7    22.1    92.0    52.1    76.4   0.303   0.291   0.338 -99.000 -99.000    21.2    20.8    20.2    17.6    16.6
63849 20170512  2.422  -86.23   37.25    19.0    12.5    15.7    15.6    26.7     4.58 C    19.7    10.9    16.6    92.2    85.6    89.4   0.363   0.340   0.358 -99.000 -99.000    19.8    19.9    20.0    18.1    17.0
63849 20170513  2.422  -86.23   37.25    22.9    10.8    16.8    16.5     0.0    27.88 C    29.2     9.1    17.3    91.0    36.9    66.3   0.342   0.328   0.363 -99.000 -99.000    19.6    19.4    19.3    18.0    17.2
63849 20170514  2.422  -86.23   37.25    27.5    11.8    19.7    20.2     0.0    27.28 C    31.9     9.6    19.5    87.2    34.3    58.2   0.327   0.313   0.358 -99.000 -99.000    20.2    19.9    19.6    18.0    17.3
63849 20170515  2.422  -86.23   37.25    28.4    14.2    21.3    22.1     0.0    27.21 C    32.6    11.4    21.1    82.5    35.2    57.4   0.314   0.300   0.350 -99.000 -99.000    21.0    20.7    20.3    18.3    17.4
63849 20170516  2.422  -86.23   37.25    29.7    16.7    23.2    23.6     0.0    27.51 C    33.0    13.4    22.5    83.5    36.8    57.1   0.304   0.296   0.341 -99.000 -99.000    21.9    21.5    21.0    18.6    17.6
63849 20170517  2.422  -86.23   37.25    29.5    20.8    25.1    25.0     0.0    22.50 C    32.9    17.4    23.6    66.2    37.9    53.5   0.294   0.288   0.333 -99.000 -99.000    22.4    22.1    21.6    19.1    17.8
63849 20170518  2.422  -86.23   37.25    29.7    21.4    25.6    25.0     0.0    23.14 C    33.5    18.8    24.3    79.2    39.7    62.4   0.287   0.280   0.325 -99.000 -99.000    23.2    22.8    22.2    19.4    18.0
63849 20170519  2.422  -86.23   37.25    26.3    19.2    22.8    21.9     0.4    10.14 C    31.7    17.1    21.5    92.2    68.0    82.3   0.283   0.276   0.321 -99.000 -99.000    22.5    22.3    22.1    19.8    18.3
63849 20170520  2.422  -86.23   37.25    30.2    18.7    24.5    23.1     6.2    19.74 C    35.1    18.8    23.5    91.1    50.2    75.8   0.288   0.273   0.317 -99.000 -99.000    23.3    22.9    22.4    19.9    18.4
63849 20170521  2.422  -86.23   37.25    27.4    14.0    20.7    20.5    21.8    17.13 C    32.6    12.5    21.3    91.2    54.9    81.4   0.347   0.310   0.336 -99.000 -99.000    23.0    22.8    22.6    20.2    18.6
63849 20170522  2.422  -86.23   37.25    20.9    10.8    15.8    16.4     0.0    23.01 C    28.7    10.0    17.6    87.9    45.0    64.7   0.333   0.323   0.356 -99.000 -99.000    21.4    21.5    21.6    20.2    18.8
63849 20170523  2.422  -86.23   37.25    24.0    14.0    19.0    18.3     0.0    19.85 C    29.7    13.4    19.0    80.7    38.1    63.3   0.321   0.311   0.353 -99.000 -99.000    21.1    21.1    20.9    19.9    18.9
63849 20170524  2.422  -86.23   37.25    16.1    11.9    14.0    14.1    18.9     3.40 C    19.5    11.1    14.7    90.7    68.5    85.8   0.348   0.329   0.358 -99.000 -99.000    19.5    19.8    20.1    19.7    18.9
63849 20170525  2.422  -86.23   37.25    21.0    12.3    16.6    15.4     1.9    12.56 C    26.0     9.8    15.5    90.5    55.2    78.0   0.355   0.340   0.367 -99.000 -99.000    19.0    19.1    19.3    19.2    18.9
63849 20170526  2.422  -86.23   37.25    27.3    12.1    19.7    20.9     0.0    22.42 C    36.1     9.3    21.2    84.8    41.9    62.4   0.337   0.323   0.363 -99.000 -99.000    20.0    19.8    19.7    18.8    18.7
63849 20170527  2.422  -86.23   37.25    28.5    17.2    22.9    22.2    35.9    14.86 C    40.6    17.4    23.8    91.6    59.2    74.3   0.358   0.337   0.364 -99.000 -99.000    21.9    21.5    21.1    19.1    18.6
63849 20170528  2.422  -86.23   37.25    25.4    16.7    21.1    19.7     0.2    14.42 C    36.7    16.0    21.4    90.8    57.1    79.5   0.360   0.342   0.372 -99.000 -99.000    21.7    21.6    21.4    19.7    18.8
63849 20170529  2.422  -86.23   37.25    27.7    16.4    22.0    21.4     0.0    24.74 C    41.9    14.4    24.5    92.9    37.9    69.5   0.342   0.324   0.365 -99.000 -99.000    22.9    22.5    21.9    19.8    18.9
63849 20170530  2.422  -86.23   37.25    28.2    14.7    21.4    21.4     0.0    25.25 C    41.5    13.7    24.2    87.7    32.4    61.7   0.333   0.315   0.359 -99.000 -99.000    23.4    23.1    22.4    20.3    19.1
63849 20170531  2.422  -86.23   37.25    27.8    15.8    21.8    21.8     0.0    28.10 C    41.7    15.0    24.9    88.4    28.6    57.6   0.324   0.307   0.353 -99.000 -99.000    23.8    23.5    22.6    20.6    19.3
63849 20170601  2.422  -86.23   37.25    26.9    15.0    21.0    20.9     0.0    22.36 C    41.6    13.9    23.8    81.9    41.5    62.7   0.318   0.300   0.345 -99.000 -99.000    23.7    23.4    22.7    20.9    19.5
63849 20170602  2.422  -86.23   37.25    28.5    14.7    21.6    22.4     0.0    28.17 C    42.1    13.7    25.1    90.5    32.5    54.4   0.310   0.293   0.339 -99.000 -99.000    24.1    23.8    22.9    21.1    19.6
63849 20170603  2.422  -86.23   37.25    29.2    17.5    23.4    23.8     0.0    28.16 C    42.6    14.2    25.2    57.6    29.8    43.6   0.299   0.286   0.331 -99.000 -99.000    24.4    24.0    23.2    21.3    19.8
63849 20170604  2.422  -86.23   37.25    27.8    17.1    22.5    21.7     8.8    15.29 C    42.1    15.1    23.5    92.4    50.2    72.4   0.306   0.281   0.326 -99.000 -99.000    23.8    23.6    23.1    21.5    20.0
63849 20170605  2.422  -86.23   37.25    25.5    19.6    22.5    21.3    17.5    11.26 C    33.0    18.1    22.9    92.7    65.8    86.7   0.365   0.330   0.351 -99.000 -99.000    23.5    23.4    22.9    21.5    20.1
63849 20170606  2.422  -86.23   37.25    24.9    16.3    20.6    20.8     0.0    26.51 C    38.7    13.6    24.1    95.9    41.5    68.3   0.340   0.322   0.359 -99.000 -99.000    24.4    24.1    23.3    21.5    20.2
63849 20170607  2.422  -86.23   37.25    22.7    13.4    18.1    17.9     0.0    22.29 C    37.2    12.3    21.1    80.0    47.3    61.8   0.325   0.310   0.355 -99.000 -99.000    23.2    23.2    22.9    21.7    20.3
63849 20170608  2.422  -86.23   37.25    21.3    11.4    16.4    16.4     0.0    21.14 C    39.3    10.3    19.1    89.0    47.1    67.9   0.318   0.302   0.349 -99.000 -99.000    22.2    22.3    22.2    21.5    20.4
63849 20170609  2.422  -86.23   37.25    26.1    11.3    18.7    19.3     0.0    28.75 C    39.2     9.6    22.0    90.8    38.9    62.6   0.311   0.296   0.344 -99.000 -99.000    22.5    22.4    22.0    21.2    20.4
63849 20170610  2.422  -86.23   37.25    28.4    15.3    21.8    22.3     0.0    26.44 C    40.4    12.4    23.5    80.8    38.9    58.6   0.302   0.288   0.336 -99.000 -99.000    23.3    23.1    22.6    21.1    20.3
63849 20170611  2.422  -86.23   37.25    30.6    18.6    24.6    24.9     0.0    25.79 C    40.9    15.6    25.9    77.2    40.9    57.4   0.293   0.281   0.328 -99.000 -99.000    24.3    23.9    23.1    21.4    20.4
63849 20170612  2.422  -86.23   37.25    31.0    21.4    26.2    26.2     0.0    23.86 C    42.8    19.3    27.7    79.9    54.2    67.1   0.284   0.274   0.322 -99.000 -99.000    25.6    25.1    24.0    21.8    20.5
63849 20170613  2.422  -86.23   37.25    31.8    21.9    26.9    26.3     0.4    24.82 C    43.1    20.0    28.3    87.1    50.3    70.3   0.274   0.266   0.314 -99.000 -99.000    26.4    25.9    24.8    22.3    20.6
63849 20170614  2.422  -86.23   37.25    31.9    20.8    26.4    26.4     0.0    26.21 C    42.3    19.5    28.1    89.1    46.6    66.7   0.263   0.258   0.306 -99.000 -99.000    26.9    26.4    25.3    22.7    20.9
63849 20170615  2.422  -86.23   37.25    24.0    19.7    21.8    21.4     8.3     8.03 C    29.7    18.8    22.3    92.4    74.8    85.8   0.279   0.258   0.303 -99.000 -99.000    24.9    25.0    24.8    23.0    21.1
63849 20170616  2.422  -86.23   37.25    29.2    20.2    24.7    23.5     0.0    20.73 C    39.0    18.1    25.6    96.6    54.5    80.1   0.280   0.261   0.306 -99.000 -99.000    25.4    25.1    24.4    22.8    21.3
63849 20170617  2.422  -86.23   37.25    30.5    19.0    24.7    25.1     0.0    25.21 C    40.9    16.9    26.5    91.2    48.0    69.4   0.270   0.257   0.304 -99.000 -99.000    26.0    25.7    24.8    22.9    21.4
63849 20170618  2.422  -86.23   37.25    30.3    21.1    25.7    23.4     4.6    12.41 C    40.1    20.5    24.6    91.9    62.6    81.1   0.266   0.254   0.301 -99.000 -99.000    25.7    25.5    24.9    23.1    21.5
63849 20170619  2.422  -86.23   37.25    27.9    19.0    23.4    23.2     0.0    27.92 C    38.5    15.9    25.6    91.9    41.5    66.9   0.271   0.254   0.299 -99.000 -99.000    26.2    25.9    25.1    23.1    21.6
63849 20170620  2.422  -86.23   37.25    29.6    16.5    23.1    23.3     0.0    27.45 C    39.7    15.3    25.0    83.4    35.1    60.4   0.259   0.249   0.294 -99.000 -99.000    25.6    25.4    24.8    23.2    21.7
63849 20170621  2.422  -86.23   37.25    29.8    19.2    24.5    24.5     0.0    24.68 C    39.2    16.8    25.9    82.0    46.6    66.1   0.247   0.241   0.287 -99.000 -99.000    25.9    25.6    25.0    23.3    21.8
63849 20170622  2.422  -86.23   37.25    24.0    21.3    22.7    22.5    26.7     4.27 C    26.2    20.5    22.6    90.7    74.6    84.8   0.301   0.281   0.306 -99.000 -99.000    24.6    24.7    24.5    23.3    21.9
63849 20170623  2.422  -86.23   37.25    27.4    21.3    24.3    23.7    35.9     8.34 C    32.1    21.0    24.0    92.8    66.4    84.2   0.352   0.333   0.353 -99.000 -99.000    24.5    24.4    24.2    23.1    22.0
63849 20170624  2.422  -86.23   37.25    25.8    14.6    20.2    20.7     0.0    25.99 C    35.7    13.0    22.9    96.1    48.0    73.4   0.336   0.332   0.363 -99.000 -99.000    24.9    24.7    24.2    23.0    22.1
63849 20170625  2.422  -86.23   37.25    26.6    12.6    19.6    19.9     0.0    28.70 C    36.0    11.1    21.4    89.7    31.3    57.8   0.315   0.312   0.356 -99.000 -99.000    24.0    24.1    23.8    22.9    22.1
63849 20170626  2.422  -86.23   37.25    24.5    14.9    19.7    19.5     0.0    27.56 C    35.8    12.7    22.1    83.8    34.5    58.2   0.301   0.301   0.349 -99.000 -99.000    23.8    23.8    23.6    22.8    22.0
63849 20170627  2.422  -86.23   37.25    25.1    13.7    19.4    19.5     0.0    29.49 C    36.0    12.4    21.7    79.7    35.0    55.7   0.290   0.291   0.341 -99.000 -99.000    23.7    23.7    23.4    22.7    21.9
63849 20170628  2.422  -86.23   37.25    27.8    15.3    21.6    22.5     0.0    28.70 C    37.0    12.3    23.4    65.8    32.0    50.3   0.280   0.283   0.333 -99.000 -99.000    23.9    23.7    23.3    22.5    21.9
63849 20170629  2.422  -86.23   37.25    29.7    20.3    25.0    24.6     0.0    19.25 C    38.2    18.2    25.4    85.4    54.8    66.0   0.271   0.274   0.325 -99.000 -99.000    24.8    24.5    24.0    22.6    21.9
63849 20170630  2.422  -86.23   37.25    29.3    19.4    24.4    24.3     5.4    18.48 C    37.2    18.4    25.6    88.8    57.1    75.6   0.271   0.265   0.320 -99.000 -99.000    25.2    25.0    24.3    22.8    21.9
63849 20170701  2.422  -86.23   37.25    27.8    18.2    23.0    22.6     0.0    15.93 C    34.1    16.5    23.7    92.9    58.3    82.9   0.282   0.254   0.318 -99.000 -99.000    24.9    24.7    24.3    23.0    21.9
63849 20170702  2.422  -86.23   37.25    28.7    19.9    24.3    23.6     0.0    18.90 C    38.4    20.0    25.6    95.6    56.5    82.7   0.275   0.253   0.318 -99.000 -99.000    25.4    25.1    24.5    23.0    22.1
63849 20170703  2.422  -86.23   37.25    29.7    20.0    24.9    23.3     1.5    18.32 C    38.9    18.3    25.0    93.0    57.5    81.8   0.269   0.249   0.314 -99.000 -99.000    25.6    25.4    24.8    23.2    22.1
63849 20170704  2.422  -86.23   37.25    26.9    20.7    23.8    22.8    21.1    13.14 C    36.0    20.3    24.4    92.3    67.2    86.4   0.343   0.291   0.336 -99.000 -99.000    25.3    25.2    24.7    23.4    22.2
63849 20170705  2.422  -86.23   37.25    26.2    20.7    23.4    22.8     8.4     9.82 C    31.2    20.1    23.8    92.5    74.8    87.5   0.341   0.306   0.356 -99.000 -99.000    25.2    25.1    24.7    23.4    22.3
63849 20170706  2.422  -86.23   37.25    28.8    20.7    24.8    22.9    28.9    13.13 C    33.4    18.9    23.8    92.9    64.9    87.0   0.362   0.331   0.369 -99.000 -99.000    25.1    25.0    24.7    23.4    22.4
63849 20170707  2.422  -86.23   37.25    29.8    19.7    24.7    24.3    10.0    21.12 C    37.0    19.1    25.9    96.0    58.1    80.5   0.343   0.316   0.367 -99.000 -99.000    25.7    25.4    24.8    23.4    22.5
63849 20170708  2.422  -86.23   37.25    29.2    18.3    23.7    23.5     2.7    26.21 C    36.8    17.2    25.3    92.0    42.4    71.2   0.348   0.324   0.370 -99.000 -99.000    26.1    25.9    25.3    23.6    22.6
63849 20170709  2.422  -86.23   37.25    29.8    17.0    23.4    23.8     0.0    26.80 C    38.0    15.7    25.0    92.6    42.7    67.4   0.322   0.300   0.362 -99.000 -99.000    25.7    25.6    25.1    23.8    22.7
63849 20170710  2.422  -86.23   37.25    31.0    20.4    25.7    25.8     0.0    26.53 C    38.0    18.6    26.3    81.2    47.0    64.5   0.309   0.288   0.354 -99.000 -99.000    26.4    26.1    25.4    23.9    22.8
63849 20170711  2.422  -86.23   37.25    31.2    20.6    25.9    25.7     0.0    24.23 C    37.3    18.7    26.1    85.1    47.9    67.9   0.298   0.278   0.347 -99.000 -99.000    26.6    26.4    25.7    24.0    22.8
63849 20170712  2.422  -86.23   37.25    32.4    20.6    26.5    26.5     0.0    23.91 C    38.7    17.9    27.0    81.9    52.9    69.2   0.290   0.270   0.337 -99.000 -99.000    26.8    26.5    25.9    24.2    22.9
63849 20170713  2.422  -86.23   37.25    32.3    23.3    27.8    27.5     0.0    24.06 C    39.6    22.1    28.3    85.9    51.4    70.9   0.281   0.263   0.330 -99.000 -99.000    27.5    27.1    26.3    24.3    23.1
63849 20170714  2.422  -86.23   37.25    31.5    22.5    27.0    26.2     0.0    25.18 C    39.0    21.1    27.8    92.5    49.2    74.4   0.272   0.256   0.323 -99.000 -99.000    27.7    27.4    26.7    24.6    23.2
63849 20170715  2.422  -86.23   37.25    29.5    18.8    24.1    24.0     0.0    24.12 C    38.0    16.3    25.3    92.0    48.8    71.7   0.263   0.248   0.315 -99.000 -99.000    27.0    26.9    26.4    24.8    23.3
63849 20170716  2.422  -86.23   37.25    29.3    16.4    22.9    23.2     0.0    27.69 C    37.2    14.7    24.3    91.7    40.3    70.3   0.254   0.242   0.306 -99.000 -99.000    26.0    26.0    25.7    24.7    23.4
63849 20170717  2.422  -86.23   37.25    30.0    18.3    24.1    24.3     0.0    24.51 C    37.9    16.4    25.2    91.3    45.5    69.6   0.244   0.235   0.297 -99.000 -99.000    25.9    25.8    25.5    24.4    23.4
63849 20170718  2.422  -86.23   37.25    31.3    20.4    25.8    25.9     0.0    24.92 C    38.5    17.5    26.4    89.4    45.2    67.3   0.235   0.227   0.289 -99.000 -99.000    26.3    26.1    25.5    24.3    23.4
63849 20170719  2.422  -86.23   37.25    32.3    21.3    26.8    26.2     0.0    23.88 C    39.3    18.5    27.0    92.4    48.6    73.5   0.224   0.220   0.282 -99.000 -99.000    26.8    26.5    25.9    24.4    23.4
63849 20170720  2.422  -86.23   37.25    32.5    21.5    27.0    27.2     0.0    21.66 C    39.0    19.9    27.5    90.1    51.4    72.2   0.214   0.213   0.273 -99.000 -99.000    27.0    26.8    26.1    24.6    23.4
63849 20170721  2.422  -86.23   37.25    34.0    23.0    28.5    28.5     0.0    24.76 C    39.9    20.7    28.8    89.5    45.7    69.9   0.202   0.206   0.264 -99.000 -99.000    27.6    27.3    26.4    24.7    23.5
63849 20170722  2.422  -86.23   37.25    34.0    23.8    28.9    28.9     0.0    24.55 C    40.5    22.0    29.3    89.1    47.7    68.9   0.189   0.199   0.256 -99.000 -99.000    28.2    27.8    27.0    24.9    23.6
63849 20170723  2.422  -86.23   37.25    30.7    21.2    26.0    25.5     3.5    19.84 C    36.5    19.8    26.1    92.0    57.3    75.3   0.186   0.195   0.251 -99.000 -99.000    27.5    27.4    26.8    25.2    23.7
63849 20170724  2.422  -86.23   37.25    31.2    20.6    25.9    25.9     0.0    20.64 C    37.3    18.3    26.7    92.6    51.5    75.2   0.185   0.193   0.246 -99.000 -99.000    27.0    26.9    26.4    25.1    23.9
63849 20170725  2.422  -86.23   37.25    31.3    20.9    26.1    25.8     0.0    24.22 C    38.5    20.3    27.1    86.8    48.6    68.7   0.179   0.187   0.239 -99.000 -99.000    27.3    27.1    26.5    25.1    23.9
63849 20170726  2.422  -86.23   37.25    33.4    20.4    26.9    26.4     0.0    22.86 C    40.5    19.0    27.7    87.3    47.7    69.4   0.169   0.179   0.232 -99.000 -99.000    27.4    27.2    26.6    25.1    24.0
63849 20170727  2.422  -86.23   37.25    31.5    21.9    26.7    25.2    25.7    13.63 C    38.7    21.2    26.3    92.3    57.0    81.7   0.204   0.201   0.249 -99.000 -99.000    26.9    26.8    26.5    25.2    24.0
63849 20170728  2.422  -86.23   37.25    29.6    20.8    25.2    24.5     0.0    15.15 C    41.5    19.0    26.5    92.2    59.5    79.4   0.254   0.238   0.303 -99.000 -99.000    26.8    26.7    26.1    25.0    24.0
63849 20170729  2.422  -86.23   37.25    26.7    16.8    21.7    21.2     0.0    22.51 C    41.6    14.2    23.7    84.3    37.8    64.9   0.237   0.227   0.298 -99.000 -99.000    25.9    25.9    25.7    25.0    24.0
63849 20170730  2.422  -86.23   37.25    28.1    15.3    21.7    21.8     0.0    27.71 C    41.9    13.8    24.4    80.2    36.3    57.6   0.222   0.218   0.290 -99.000 -99.000    25.3    25.3    25.1    24.6    24.0
63849 20170731  2.422  -86.23   37.25    29.9    16.3    23.1    23.2     0.0    25.55 C    43.5    14.3    25.5    86.9    34.6    61.0   0.209   0.210   0.282 -99.000 -99.000    25.6    25.5    25.1    24.4    23.9
63849 20170801  2.422  -86.23   37.25    29.3    19.3    24.3    23.4     0.0    14.48 C    43.8    17.8    24.8    90.8    50.2    70.5   0.200   0.204   0.276 -99.000 -99.000    25.4    25.4    25.1    24.4    23.8
63849 20170802  2.422  -86.23   37.25    30.3    18.8    24.5    22.7     3.5    17.60 C    45.0    17.1    25.2    92.1    46.6    77.4   0.193   0.198   0.269 -99.000 -99.000    25.6    25.5    25.1    24.3    23.7
63849 20170803  2.422  -86.23   37.25    30.3    18.1    24.2    23.8     0.0    20.14 C    42.5    17.6    25.7    92.1    48.4    72.8   0.192   0.195   0.264 -99.000 -99.000    25.8    25.6    25.2    24.3    23.6
63849 20170804  2.422  -86.23   37.25    25.8    14.5    20.1    20.9     1.3    14.94 C    36.3    12.0    22.1    89.9    43.5    73.8   0.190   0.193   0.261 -99.000 -99.000    25.1    25.2    25.1    24.3    23.6
63849 20170805  2.422  -86.23   37.25    25.6    11.8    18.7    19.2     0.0    25.09 C    39.9     9.9    22.0    90.1    37.5    62.7   0.189   0.189   0.257 -99.000 -99.000    23.9    24.0    24.1    24.0    23.6
63849 20170806  2.422  -86.23   37.25    23.0    16.6    19.8    19.2    11.2    12.32 C    32.3    14.4    21.3    90.9    62.1    74.5   0.202   0.185   0.252 -99.000 -99.000    23.6    23.6    23.8    23.7    23.5
63849 20170807  2.422  -86.23   37.25    24.8    17.7    21.3    20.7     0.6    10.40 C    32.5    16.9    22.5    91.9    68.3    84.8   0.260   0.196   0.253 -99.000 -99.000    23.8    23.7    23.7    23.4    23.3
63849 20170808  2.422  -86.23   37.25    27.4    17.9    22.7    22.0     0.0    23.63 C    39.9    16.3    24.1    92.2    44.7    68.2   0.238   0.198   0.255 -99.000 -99.000    24.5    24.3    23.9    23.4    23.2
63849 20170809  2.422  -86.23   37.25    28.4    15.7    22.1    22.2     0.0    23.66 C    40.0    14.3    24.4    85.5    39.9    62.0   0.220   0.194   0.254 -99.000 -99.000    24.7    24.5    24.1    23.4    23.1
63849 20170810  2.422  -86.23   37.25    29.7    19.2    24.4    23.8     0.0    22.01 C    41.9    17.5    25.9    91.0    41.7    68.2   0.205   0.189   0.251 -99.000 -99.000    25.4    25.1    24.5    23.6    23.1
63849 20170811  2.422  -86.23   37.25    29.2    19.9    24.5    24.4     0.0    15.15 C    38.9    17.8    25.6    91.1    54.3    75.9   0.194   0.183   0.247 -99.000 -99.000    25.4    25.2    24.7    23.8    23.1
63849 20170812  2.422  -86.23   37.25    28.7    18.8    23.8    23.1    10.2    16.06 C    39.7    16.9    24.8    92.2    55.9    77.6   0.239   0.195   0.247 -99.000 -99.000    25.6    25.4    24.9    23.9    23.1
63849 20170813  2.422  -86.23   37.25    29.1    17.0    23.1    23.2     0.0    23.11 C    40.6    15.2    25.5    88.5    42.3    63.8   0.226   0.194   0.248 -99.000 -99.000    25.5    25.2    24.7    23.9    23.2
63849 20170814  2.422  -86.23   37.25    27.4    20.3    23.9    23.4     0.7    13.06 C    35.1    20.9    25.1    91.0    59.1    78.4   0.211   0.189   0.247 -99.000 -99.000    25.6    25.4    25.0    24.0    23.2
63849 20170815  2.422  -86.23   37.25    30.0    21.8    25.9    25.0     0.0    16.75 C    41.4    20.7    27.0    92.2    57.7    78.8   0.202   0.185   0.246 -99.000 -99.000    26.4    26.0    25.4    24.1    23.3
63849 20170816  2.422  -86.23   37.25    31.0    21.1    26.1    25.0     1.5    17.30 C    41.1    19.6    27.0    91.2    59.3    80.7   0.192   0.181   0.243 -99.000 -99.000    26.6    26.3    25.6    24.3    23.3
63849 20170817  2.422  -86.23   37.25    30.7    22.9    26.8    25.8    16.8    17.01 C    39.2    22.2    27.4    91.1    56.5    79.2   0.218   0.190   0.239 -99.000 -99.000    27.0    26.6    26.0    24.5    23.4
63849 20170818  2.422  -86.23   37.25    29.3    19.7    24.5    24.4     0.0    21.76 C    38.4    17.7    26.0    91.6    43.6    71.0   0.262   0.219   0.246 -99.000 -99.000    27.0    26.7    26.1    24.7    23.5
63849 20170819  2.422  -86.23   37.25    31.0    19.7    25.4    24.8     0.0    21.66 C    39.2    17.8    26.2    87.1    46.7    69.5   0.235   0.207   0.251 -99.000 -99.000    26.5    26.2    25.8    24.8    23.6
63849 20170820  2.422  -86.23   37.25    32.6    20.2    26.4    26.2     0.0    21.19 C    40.7    18.2    26.6    87.9    40.1    64.1   0.218   0.197   0.248 -99.000 -99.000    26.6    26.3    25.9    24.8    23.7
63849 20170821  2.422  -86.23   37.25    32.4    20.7    26.5    26.6     0.0    19.50 C    40.4    18.2    26.6    77.5    40.7    61.3   0.203   0.188   0.245 -99.000 -99.000    26.5    26.3    25.9    24.8    23.7
63849 20170822  2.422  -86.23   37.25    31.8    21.2    26.5    25.2     1.7    15.02 C    40.8    20.5    26.2    92.5    52.3    75.2   0.191   0.180   0.240 -99.000 -99.000    26.6    26.4    25.9    24.9    23.8
63849 20170823  2.422  -86.23   37.25    26.7    16.6    21.6    21.1     0.0    21.09 C    37.0    13.9    22.4    92.4    40.0    69.8   0.184   0.174   0.236 -99.000 -99.000    25.6    25.6    25.4    24.8    23.8
63849 20170824  2.422  -86.23   37.25    26.8    14.5    20.6    20.4     0.0    24.50 C    37.4    11.8    21.7    85.8    36.2    60.1   0.175   0.170   0.231 -99.000 -99.000    24.4    24.4    24.5    24.4    23.8
63849 20170825  2.422  -86.23   37.25    27.0    14.0    20.5    20.6     0.0    21.29 C    37.0    11.3    21.3    81.5    34.1    56.7   0.165   0.169   0.224 -99.000 -99.000    23.8    23.9    23.9    24.1    23.7
63849 20170826  2.422  -86.23   37.25    26.8    13.8    20.3    20.3     0.0    21.77 C    38.7    11.5    21.1    84.2    31.0    56.5   0.156   0.163   0.217 -99.000 -99.000    23.5    23.6    23.6    23.8    23.6
63849 20170827  2.422  -86.23   37.25    29.8    14.2    22.0    21.9     0.0    23.83 C    39.2    12.6    23.2    81.8    26.7    58.4   0.149   0.156   0.211 -99.000 -99.000    23.8    23.7    23.5    23.5    23.4
63849 20170828  2.422  -86.23   37.25    24.1    18.7    21.4    21.2     0.0     9.49 C    29.5    16.3    21.6    89.2    64.5    75.9   0.144   0.152   0.207 -99.000 -99.000    23.6    23.6    23.5    23.4    23.3
63849 20170829  2.422  -86.23   37.25    28.3    16.8    22.5    21.9     0.4    15.03 C    38.0    14.3    22.8    91.6    47.6    74.4   0.141   0.150   0.205 -99.000 -99.000    23.7    23.6    23.4    23.3    23.2
63849 20170830  2.422  -86.23   37.25    29.5    17.5    23.5    22.9     0.0    15.51 C    38.2    15.6    24.2    92.1    42.4    73.2   0.138   0.147   0.199 -99.000 -99.000    24.1    24.0    23.6    23.3    23.1
63849 20170831  2.422  -86.23   37.25    28.7    19.9    24.3    22.9    19.1    12.57 C    37.4    18.3    24.1    91.4    51.7    77.5   0.143   0.146   0.196 -99.000 -99.000    24.5    24.4    24.0    23.4    23.1
63849 20170901  2.422  -86.23   37.25    20.9    11.7    16.3    16.0   168.9     2.62 C    20.8    13.2    17.2    90.9    87.0    89.7   0.446   0.378   0.341 -99.000 -99.000    20.4    20.7    21.8    23.0    22.7
63849 20170902  2.422  -86.23   37.25    22.6    11.6    17.1    15.3     8.2    10.82 C    28.5     9.7    16.1    91.6    50.6    80.6   0.416   0.371   0.363 -99.000 -99.000    19.7    20.0    20.7    22.1    22.5
63849 20170903  2.422  -86.23   37.25    28.3    12.0    20.2    20.3     0.0    19.55 C    35.8     9.6    21.0    88.0    48.4    71.2   0.326   0.327   0.361 -99.000 -99.000    20.9    20.8    20.9    21.6    22.4
63849 20170904  2.422  -86.23   37.25    29.8    18.7    24.3    23.9     0.0    21.28 C    36.7    16.5    24.6    87.9    48.2    68.6   0.302   0.308   0.355 -99.000 -99.000    23.1    22.7    22.2    21.7    22.1
63849 20170905  2.422  -86.23   37.25    22.9    11.9    17.4    17.9    24.6     7.67 C    27.1    10.0    18.2    91.9    52.3    80.9   0.348   0.348   0.369 -99.000 -99.000    22.0    22.2    22.3    22.1    22.1
63849 20170906  2.422  -86.23   37.25    21.7     9.8    15.7    14.6     0.0    18.62 C    32.0     8.0    15.9    89.7    33.8    67.8   0.319   0.318   0.365 -99.000 -99.000    20.5    20.7    21.1    21.9    22.1
63849 20170907  2.422  -86.23   37.25    21.6     7.9    14.7    14.1     0.0    19.58 C    33.0     6.5    15.4    90.8    36.5    67.6   0.308   0.306   0.360 -99.000 -99.000    19.7    20.0    20.4    21.4    22.1
63849 20170908  2.422  -86.23   37.25    24.4    10.0    17.2    17.2     0.0    21.26 C    33.1     8.2    17.7    87.9    31.5    62.0   0.296   0.297   0.353 -99.000 -99.000    19.9    20.0    20.2    21.0    21.9
63849 20170909  2.422  -86.23   37.25    25.8    12.4    19.1    18.7     0.0    21.13 C    34.5    10.1    19.3    84.8    39.2    61.9   0.285   0.289   0.349 -99.000 -99.000    20.6    20.6    20.5    20.9    21.7
63849 20170910  2.422  -86.23   37.25    24.7    10.4    17.5    17.4     0.0    22.37 C    33.8     9.2    18.5    84.5    39.2    61.7   0.276   0.283   0.342 -99.000 -99.000    20.6    20.7    20.6    21.0    21.6
63849 20170911  2.422  -86.23   37.25    19.6    11.3    15.4    15.7     1.4    10.84 C    24.6     9.9    16.9    86.6    51.8    70.2   0.270   0.279   0.337 -99.000 -99.000    20.1    20.3    20.4    21.0    21.5
63849 20170912  2.422  -86.23   37.25    22.8    14.0    18.4    17.3    13.3    10.63 C    31.6    14.4    18.9    91.4    62.5    82.6   0.320   0.303   0.342 -99.000 -99.000    20.4    20.5    20.4    20.8    21.4
63849 20170913  2.422  -86.23   37.25    16.3    15.1    15.7    15.6     8.8     3.46 C    19.2    15.9    16.9    92.1    87.0    90.5   0.348   0.332   0.363 -99.000 -99.000    20.1    20.3    20.4    20.8    21.3
63849 20170914  2.422  -86.23   37.25    23.8    16.3    20.1    19.1     3.8     8.20 C    31.1    15.7    19.9    92.6    68.0    87.0   0.345   0.333   0.369 -99.000 -99.000    20.6    20.5    20.4    20.6    21.3
63849 20170915  2.422  -86.23   37.25    28.5    17.4    23.0    22.1     0.0    16.69 C    35.7    16.1    22.4    91.3    45.2    74.3   0.327   0.316   0.363 -99.000 -99.000    21.5    21.4    21.0    20.7    21.2
63849 20170916  2.422  -86.23   37.25    29.5    17.5    23.5    23.0     0.0    19.13 C    37.1    15.0    22.8    91.4    44.8    70.8   0.316   0.305   0.359 -99.000 -99.000    22.2    22.0    21.5    21.0    21.2
63849 20170917  2.422  -86.23   37.25    29.8    17.2    23.5    23.2     0.0    18.77 C    37.2    14.9    23.1    90.8    44.1    69.0   0.305   0.295   0.354 -99.000 -99.000    22.6    22.4    21.9    21.3    21.2
63849 20170918  2.422  -86.23   37.25    30.4    18.0    24.2    22.8     4.6    18.37 C    37.1    16.1    23.6    92.2    39.0    71.7   0.300   0.289   0.348 -99.000 -99.000    23.0    22.8    22.2    21.5    21.3
63849 20170919  2.422  -86.23   37.25    27.7    18.2    23.0    21.7     2.8    10.46 C    32.6    18.0    22.1    92.2    60.5    83.8   0.322   0.297   0.348 -99.000 -99.000    22.8    22.7    22.3    21.8    21.4
63849 20170920  2.422  -86.23   37.25    30.3    19.3    24.8    23.8     0.0    14.25 C    37.0    17.7    23.9    91.0    51.8    76.6   0.314   0.295 -99.000 -99.000 -99.000    23.2    23.0 -9999.0    21.9    21.5
63849 20170921  2.422  -86.23   37.25    31.3    19.9    25.6    25.1     0.0    17.54 C    38.2    17.8    24.8    90.9    46.6    71.1   0.303   0.291 -99.000 -99.000 -99.000    23.7    23.5 -9999.0    22.1    21.6
63849 20170922  2.422  -86.23   37.25    30.6    19.3    25.0    24.8     0.0    18.65 C    36.8    17.3    24.5    91.4    44.8    68.6   0.293   0.288 -99.000 -99.000 -99.000    23.9    23.8 -9999.0    22.3    21.7
63849 20170923  2.422  -86.23   37.25    30.3    19.1    24.7    24.4     0.0    18.74 C    36.3    16.7    23.9    86.7    45.6    66.5   0.285   0.282 -99.000 -99.000 -99.000    23.9    23.8 -9999.0    22.5    21.8
63849 20170924  2.422  -86.23   37.25    30.6    17.4    24.0    23.5     0.0    18.15 C    36.2    15.8    23.7    90.2    42.3    69.7   0.276   0.277 -99.000 -99.000 -99.000    23.7    23.6 -9999.0    22.7    21.9
63849 20170925  2.422  -86.23   37.25    30.5    18.4    24.4    24.3     0.0    16.74 C    36.9    16.4    23.6    92.3    42.2    67.8   0.268   0.272 -99.000 -99.000 -99.000    23.7    23.7 -9999.0    22.7    22.0
63849 20170926  2.422  -86.23   37.25    30.6    18.3    24.5    23.5     0.0    18.88 C    36.2    16.0    23.2    91.5    37.9    69.2   0.260   0.267 -99.000 -99.000 -99.000    23.6    23.5 -9999.0    22.7    22.0
63849 20170927  2.422  -86.23   37.25    31.0    17.0    24.0    23.4     0.0    16.64 C    36.9    15.2    23.2    91.5    44.1    71.0   0.253   0.262 -99.000 -99.000 -99.000    23.4    23.4 -9999.0    22.7    22.1
63849 20170928  2.422  -86.23   37.25    24.2    13.3    18.8    18.5     0.0    18.81 C    32.4    10.8    19.3    85.6    38.4    64.1   0.247   0.258 -99.000 -99.000 -99.000    22.7    22.9 -9999.0    22.7    22.1
63849 20170929  2.422  -86.23   37.25    24.7    12.1    18.4    17.5     0.0    18.33 C    32.0    10.2    17.7    81.5    32.3    58.8   0.241   0.255 -99.000 -99.000 -99.000    21.3    21.5 -9999.0    22.3    22.1
63849 20170930  2.422  -86.23   37.25    22.5    11.3    16.9    16.4     0.0    19.57 C    35.7     8.3    17.4    72.6    31.6    52.8   0.237   0.250 -99.000 -99.000 -99.000    20.7    20.9 -9999.0    21.9    22.0
63849 20171001  2.422  -86.23   37.25    25.0     9.8    17.4    17.6     0.0    16.70 C    37.5     7.8    18.6    73.4    36.9    55.4   0.232   0.247 -99.000 -99.000 -99.000    20.2    20.4 -9999.0    21.5    21.9
63849 20171002  2.422  -86.23   37.25    25.0    13.8    19.4    19.0     0.0    14.40 C    38.1     9.8    19.6    75.8    40.9    58.8   0.229   0.248 -99.000 -99.000 -99.000    20.5    20.7 -9999.0    21.2    21.7
63849 20171003  2.422  -86.23   37.25    27.9    17.3    22.6    21.6     0.0    16.57 C    39.1    13.3    22.2    71.0    44.4    59.5   0.225   0.246 -99.000 -99.000 -99.000    21.4    21.3 -9999.0    21.2    21.6
63849 20171004  2.422  -86.23   37.25    27.1    15.3    21.2    20.3     0.0    18.19 C    38.7    12.5    20.8    81.6    37.1    61.2   0.221   0.243 -99.000 -99.000 -99.000    21.5    21.5 -9999.0    21.3    21.5
63849 20171005  2.422  -86.23   37.25    26.5    14.2    20.3    19.4     0.0    12.08 C    40.6    11.5    19.7    86.3    42.2    68.5   0.218   0.240 -99.000 -99.000 -99.000    21.2    21.2 -9999.0    21.3    21.4
63849 20171006  2.422  -86.23   37.25    28.3    14.5    21.4    21.3     0.0    17.49 C    38.6    11.9    21.9    86.5    34.3    59.2   0.213   0.239 -99.000 -99.000 -99.000    21.5    21.4 -9999.0    21.3    21.4
63849 20171007  2.422  -86.23   37.25    26.7    18.6    22.7    22.7     0.0     7.23 C    34.3    16.1    22.4    84.3    62.1    70.6   0.211   0.237 -99.000 -99.000 -99.000    21.5    21.5 -9999.0    21.3    21.4
63849 20171008  2.422  -86.23   37.25    22.8    16.4    19.6    19.7    42.0     3.53 C    25.7    16.4    20.3    92.8    86.0    90.0   0.318   0.321 -99.000 -99.000 -99.000    21.1    21.2 -9999.0    21.3    21.3
63849 20171009  2.422  -86.23   37.25    28.3    19.7    24.0    22.4     0.4    12.86 C    36.4    18.8    23.6    92.9    53.1    80.5   0.335   0.333 -99.000 -99.000 -99.000    22.4    22.2 -9999.0    21.2    21.3
63849 20171010  2.422  -86.23   37.25    27.1    20.9    24.0    23.2     2.5     5.66 C    34.6    19.6    23.6    90.7    69.5    84.4   0.326   0.324 -99.000 -99.000 -99.000    22.8    22.6 -9999.0    21.5    21.3
63849 20171011  2.422  -86.23   37.25    22.9    12.8    17.8    16.0     0.0     3.49 C    22.8    14.8    18.0    89.7    78.5    84.9   0.321   0.320 -99.000 -99.000 -99.000    21.8    22.0 -9999.0    21.7    21.4
63849 20171012  2.422  -86.23   37.25    16.7    11.6    14.1    14.4     0.0     3.08 C    21.8     9.3    15.7    91.3    66.9    81.5   0.311   0.315 -99.000 -99.000 -99.000    20.1    20.4 -9999.0    21.4    21.4
63849 20171013  2.422  -86.23   37.25    23.5     9.3    16.4    16.0     0.0    14.98 C    33.3     7.7    17.0    95.4    44.1    76.6   0.304   0.312 -99.000 -99.000 -99.000    19.5    19.7 -9999.0    20.9    21.4
63849 20171014  2.422  -86.23   37.25    28.4    13.9    21.1    21.4     0.0    13.69 C    36.5    11.6    21.4    83.5    52.1    70.9   0.298   0.309 -99.000 -99.000 -99.000    20.4    20.3 -9999.0    20.6    21.2
63849 20171015  2.422  -86.23   37.25    25.8    11.2    18.5    17.1     0.0     4.84 C    34.3    11.2    17.7    86.9    58.7    75.5   0.294   0.306 -99.000 -99.000 -99.000    20.5    20.7 -9999.0    20.8    21.1
63849 20171016  2.422  -86.23   37.25    17.1     6.1    11.6    11.2     0.0    15.35 C    30.2     4.2    13.1    85.3    37.0    64.4   0.289   0.308 -99.000 -99.000 -99.000    18.5    19.0 -9999.0    20.5    21.1
63849 20171017  2.422  -86.23   37.25    19.1     4.8    11.9    11.6     0.0    15.76 C    30.2     2.8    12.3    89.6    34.0    62.9   0.283   0.306 -99.000 -99.000 -99.000    17.1    17.6 -9999.0    20.0    20.9
63849 20171018  2.422  -86.23   37.25    21.5     6.9    14.2    13.7     0.0    15.71 C    31.4     4.1    13.1    83.8    32.2    59.2   0.279   0.303 -99.000 -99.000 -99.000    16.8    17.2 -9999.0    19.4    20.7
63849 20171019  2.422  -86.23   37.25    23.1     8.8    15.9    15.2     0.0    15.34 C    32.1     5.0    14.6    78.9    36.8    61.3   0.274   0.299 -99.000 -99.000 -99.000    16.9    17.3 -9999.0    19.0    20.4
63849 20171020  2.422  -86.23   37.25    24.4     9.2    16.8    16.9     0.0    15.32 C    33.4     6.2    15.8    86.2    33.3    58.4   0.271   0.298 -99.000 -99.000 -99.000    17.2    17.5 -9999.0    18.8    20.2
63849 20171021  2.422  -86.23   37.25    23.8    12.8    18.3    18.5     0.0    10.20 C    30.0     8.4    16.7    67.6    35.5    52.7   0.267   0.296 -99.000 -99.000 -99.000    17.5    17.7 -9999.0    18.8    20.0
63849 20171022  2.422  -86.23   37.25    26.7    16.3    21.5    20.7     0.4    10.52 C    32.9    12.6    19.7    77.1    41.8    56.9   0.264   0.293 -99.000 -99.000 -99.000    18.2    18.2 -9999.0    18.8    19.8
63849 20171023  2.422  -86.23   37.25    20.5     7.7    14.1    13.6    36.8     2.91 C    20.1     6.1    14.0    91.1    67.9    83.0   0.343   0.356 -99.000 -99.000 -99.000    17.7    18.0 -9999.0    18.9    19.7
63849 20171024  2.422  -86.23   37.25    15.4     6.3    10.8    10.4     0.0    10.31 C    25.1     5.3    11.3    83.8    36.3    63.1   0.325   0.342 -99.000 -99.000 -99.000    16.1    16.6 -9999.0    18.6    19.7
63849 20171025  2.422  -86.23   37.25    13.5     5.3     9.4     8.4     0.0    12.20 C    24.3     4.0    10.6    77.0    33.0    60.2   0.312   0.332 -99.000 -99.000 -99.000    15.2    15.7 -9999.0    18.1    19.5
63849 20171026  2.422  -86.23   37.25    19.9     3.8    11.9    12.4     0.0    14.75 C    27.8     1.7    12.3    81.0    31.1    53.6   0.304   0.325 -99.000 -99.000 -99.000    14.9    15.3 -9999.0    17.6    19.3
63849 20171027  2.422  -86.23   37.25    17.6     3.3    10.4    10.5    24.4     3.63 C    22.5     4.6    10.7    90.9    54.1    72.3   0.326   0.337 -99.000 -99.000 -99.000    14.5    15.1 -9999.0    17.4    19.1
63849 20171028  2.422  -86.23   37.25     5.9     0.8     3.3     3.4     4.9     6.38 C    18.0     0.6     6.2    91.0    57.3    75.2   0.368   0.368 -99.000 -99.000 -99.000    12.1    12.9 -9999.0    16.8    18.4
63849 20171029  2.422  -86.23   37.25     4.3    -1.4     1.4     1.7     0.3     4.11 C     8.4    -2.5     3.2    86.8    55.9    74.3   0.330   0.343 -99.000 -99.000 -99.000    11.3    12.2 -9999.0    16.1    18.2
63849 20171030  2.422  -86.23   37.25    17.3    -0.9     8.2     6.9     0.0    13.74 C    25.1    -1.7     7.9    82.1    30.9    62.7   0.320   0.334 -99.000 -99.000 -99.000    11.1    11.7 -9999.0    15.4    17.9
63849 20171031  2.422  -86.23   37.25    10.7     1.0     5.9     6.4     0.0    12.84 C    21.2    -1.3     8.0    88.2    35.5    61.6   0.312   0.329 -99.000 -99.000 -99.000    11.5    12.0 -9999.0    15.2    17.5
63849 20171101  2.422  -86.23   37.25    16.0     5.3    10.6    11.1     8.0     1.98 C    16.3     6.5    11.4    90.6    58.9    83.5   0.339   0.344 -99.000 -99.000 -99.000    12.3    12.6 -9999.0    15.6    17.2
63849 20171102  2.422  -86.23   37.25    22.0    14.0    18.0    18.7     0.0     4.99 C    26.7    12.9    17.7    84.9    62.1    71.1   0.332   0.342 -99.000 -99.000 -99.000    14.7    14.5 -9999.0    15.6    17.0
63849 20171103  2.422  -86.23   37.25    21.1    13.5    17.3    17.3     2.2     4.16 C    26.7    13.9    17.7    90.4    77.1    84.2   0.332   0.341 -99.000 -99.000 -99.000    16.5    16.3 -9999.0    15.9    16.9
63849 20171104  2.422  -86.23   37.25    21.6    13.3    17.4    17.2     0.0     4.79 C    24.3    13.8    17.2    95.5    70.4    84.4   0.324   0.337 -99.000 -99.000 -99.000    16.6    16.5 -9999.0    16.3    17.0
63849 20171105  2.422  -86.23   37.25    26.1    17.5    21.8    21.4    10.0     5.26 C    29.3    15.6    20.3    87.8    48.6    70.7   0.319   0.333 -99.000 -99.000 -99.000    17.5    17.2 -9999.0    16.6    17.1
63849 20171106  2.422  -86.23   37.25    18.2    10.5    14.3    13.1     7.7     2.34 C    17.5    11.2    14.3    91.1    75.6    85.6   0.346   0.362 -99.000 -99.000 -99.000    17.0    17.1 -9999.0    17.1    17.3
63849 20171107  2.422  -86.23   37.25    10.7     6.9     8.8     8.9     3.9     1.45 C    13.5     8.0    10.4    89.9    77.4    85.9   0.347   0.357 -99.000 -99.000 -99.000    15.1    15.5 -9999.0    17.1    17.4
63849 20171108  2.422  -86.23   37.25    12.3     5.1     8.7     7.9     0.4     7.62 C    18.8     4.0     9.0    85.9    45.0    65.8   0.332   0.347 -99.000 -99.000 -99.000    13.8    14.3 -9999.0    16.9    17.5
63849 20171109  2.422  -86.23   37.25    15.2     1.4     8.3     7.5     0.0    12.55 C    23.2    -0.3     7.5    90.7    33.0    62.2   0.320   0.339 -99.000 -99.000 -99.000    12.7    13.3 -9999.0    16.4    17.4
63849 20171110  2.422  -86.23   37.25     6.7    -1.2     2.7     2.6     0.0    12.33 C    16.9    -1.8     3.7    80.2    31.3    54.4   0.313   0.333 -99.000 -99.000 -99.000    11.1    11.9 -9999.0    16.0    17.2
63849 20171111  2.422  -86.23   37.25    12.2    -3.1     4.5     5.1     0.0     9.57 C    19.1    -3.4     5.5    69.9    39.3    55.3   0.308   0.329 -99.000 -99.000 -99.000    10.2    10.8 -9999.0    15.4    16.9
63849 20171112  2.422  -86.23   37.25    11.5     6.5     9.0     9.5     0.0     1.38 C    12.8     6.2     9.4    88.1    55.6    76.7   0.306   0.327 -99.000 -99.000 -99.000    11.2    11.6 -9999.0    15.0    16.6
63849 20171113  2.422  -86.23   37.25    10.1     5.0     7.6     6.6     0.0     8.35 C    21.0     5.5     8.5    76.9    49.2    63.6   0.306   0.326 -99.000 -99.000 -99.000    11.6    12.0 -9999.0    14.8    16.3
63849 20171114  2.422  -86.23   37.25    13.3     2.4     7.8     7.4     0.0    11.79 C    21.9    -0.6     7.3    81.0    39.1    61.1   0.302   0.323 -99.000 -99.000 -99.000    11.1    11.6 -9999.0    14.6    16.1
63849 20171115  2.422  -86.23   37.25    11.9     5.1     8.5     9.0     3.6     2.37 C    13.4     1.6     8.3    91.0    64.2    78.5   0.313   0.324 -99.000 -99.000 -99.000    10.8    11.2 -9999.0    14.4    15.9
63849 20171116  2.422  -86.23   37.25     8.9    -0.2     4.4     5.1     0.0     9.97 C    19.4    -0.7     6.2    91.2    57.7    80.7   0.321   0.328 -99.000 -99.000 -99.000    10.9    11.4 -9999.0    14.2    15.8
63849 20171117  2.422  -86.23   37.25    15.6     0.0     7.8     7.6     0.0     8.51 C    20.9     0.8     8.8    90.9    32.6    64.4   0.310   0.326 -99.000 -99.000 -99.000    10.4    10.8 -9999.0    14.0    15.6
63849 20171118  2.422  -86.23   37.25    18.7     4.2    11.4    13.2    11.9     1.18 C    17.2     5.3    12.5    88.3    33.6    71.0   0.323   0.338 -99.000 -99.000 -99.000    12.2    12.2 -9999.0    13.9    15.4
63849 20171119  2.422  -86.23   37.25     5.8    -2.2     1.8     2.7     0.0     6.52 C    16.1    -4.8     3.2    77.5    42.6    61.7   0.334   0.350 -99.000 -99.000 -99.000    10.4    11.1 -9999.0    14.0    15.3
63849 20171120  2.422  -86.23   37.25    10.8    -3.5     3.7     2.8     0.0     9.58 C    18.9    -5.6     1.6    74.1    26.2    50.9   0.322   0.340 -99.000 -99.000 -99.000     8.2     9.0 -9999.0    13.7    15.2
63849 20171121  2.422  -86.23   37.25    14.7     2.3     8.5     8.0     0.0    10.56 C    20.6    -2.5     5.9    71.9    26.0    46.2   0.315   0.335 -99.000 -99.000 -99.000     8.7     9.2 -9999.0    13.2    14.9
63849 20171122  2.422  -86.23   37.25     7.2    -2.6     2.3     1.9     0.0    11.06 C    16.4    -5.0     1.6    78.2    36.1    58.3   0.310   0.331 -99.000 -99.000 -99.000     8.0     8.7 -9999.0    12.9    14.7
63849 20171123  2.422  -86.23   37.25    10.2    -3.8     3.2     3.2     0.0    11.13 C    18.3    -6.0     2.3    84.4    26.4    53.3   0.306   0.328 -99.000 -99.000 -99.000     7.2     7.9 -9999.0    12.5    14.4
63849 20171124  2.422  -86.23   37.25    16.2     1.2     8.7     8.5     0.0    10.32 C    22.5    -2.7     6.3    56.9    19.4    37.2   0.303   0.325 -99.000 -99.000 -99.000     7.7     8.2 -9999.0    12.2    14.2
63849 20171125  2.422  -86.23   37.25    17.2     5.5    11.3    10.9     0.0    10.70 C    24.2    -0.8     8.3    56.3    19.9    38.7   0.299   0.323 -99.000 -99.000 -99.000     9.0     9.3 -9999.0    12.0    13.9
63849 20171126  2.422  -86.23   37.25    13.9     0.9     7.4     7.1     0.0    11.09 C    21.2    -2.8     4.2    78.5    22.2    45.7   0.298   0.321 -99.000 -99.000 -99.000     8.1     8.7 -9999.0    12.0    13.7
63849 20171127  2.422  -86.23   37.25    17.5     2.5    10.0    10.0     0.0    10.69 C    23.5    -2.0     6.5    51.4    25.1    38.3   0.297   0.320 -99.000 -99.000 -99.000     8.1     8.6 -9999.0    11.9    13.6
63849 20171128  2.422  -86.23   37.25    18.1     7.6    12.8    12.2     0.0    10.83 C    22.8     1.8     8.4    51.3    24.0    35.2   0.294   0.318 -99.000 -99.000 -99.000     8.8     9.2 -9999.0    11.8    13.5
63849 20171129  2.422  -86.23   37.25    19.6     7.6    13.6    12.6     0.0    10.48 C    25.1     1.1     8.6    59.6    25.5    43.7   0.292   0.316 -99.000 -99.000 -99.000     9.2     9.5 -9999.0    11.8    13.4
63849 20171130  2.422  -86.23   37.25    15.5     3.9     9.7    11.1     0.0     3.34 C    21.5    -1.3     8.5    89.6    44.3    66.7   0.293   0.316 -99.000 -99.000 -99.000     9.8    10.1 -9999.0    11.9    13.3
63849 20171201  2.422  -86.23   37.25    13.8     1.4     7.6     7.3     0.0    10.90 C    20.7    -2.6     4.9    87.8    28.4    54.6   0.292   0.315 -99.000 -99.000 -99.000     8.6     9.2 -9999.0    11.9    13.3
63849 20171202  2.422  -86.23   37.25    16.2     4.4    10.3     9.8     0.0     9.73 C    23.0     0.9     8.0    72.7    25.4    45.1   0.290   0.314 -99.000 -99.000 -99.000     9.1     9.4 -9999.0    11.8    13.3
63849 20171203  2.422  -86.23   37.25    17.9     2.6    10.3    10.8     0.0     9.98 C    24.3    -0.8     7.8    68.0    29.7    44.3   0.289   0.313 -99.000 -99.000 -99.000     9.0     9.4 -9999.0    11.8    13.2
63849 20171204  2.422  -86.23   37.25    20.8     9.9    15.3    15.1     0.0     8.84 C    23.7     5.2    13.4    61.2    30.4    46.1   0.289   0.311 -99.000 -99.000 -99.000    10.2    10.3 -9999.0    11.8    13.1
63849 20171205  2.422  -86.23   37.25    16.0    -1.4     7.3     7.0    12.3     2.12 C    14.6    -3.3     7.0    90.6    53.5    70.5   0.350   0.346 -99.000 -99.000 -99.000    10.8    11.1 -9999.0    12.0    13.1
63849 20171206  2.422  -86.23   37.25     9.1    -2.1     3.5     1.8     0.0     8.53 C    15.5    -4.3     1.0    72.7    35.2    60.0   0.332   0.340 -99.000 -99.000 -99.000     7.7     8.5 -9999.0    12.0    13.2
63849 20171207  2.422  -86.23   37.25     3.3    -5.6    -1.1    -0.9     0.0     7.34 C    12.2    -6.9    -0.5    84.0    43.6    65.5   0.323   0.334 -99.000 -99.000 -99.000     6.4     7.2 -9999.0    11.6    13.1
63849 20171208  2.422  -86.23   37.25     1.1    -5.7    -2.3    -2.8     0.0     7.06 C    10.2    -8.1    -1.8    80.9    34.4    60.4   0.318   0.331 -99.000 -99.000 -99.000     5.3     6.1 -9999.0    11.1    12.9
63849 20171209  2.422  -86.23   37.25    -0.1    -6.6    -3.3    -2.7     0.2     1.98 C     3.1    -9.4    -3.7    72.2    49.9    63.6   0.315   0.328 -99.000 -99.000 -99.000     4.0     4.9 -9999.0    10.5    12.6
63849 20171210  2.422  -86.23   37.25     6.0    -7.2    -0.6     0.3     0.0     9.55 C    12.9    -8.9    -1.1    74.2    33.0    51.0   0.312   0.326 -99.000 -99.000 -99.000     3.8     4.5 -9999.0     9.9    12.3
63849 20171211  2.422  -86.23   37.25    13.3    -1.9     5.7     6.3     0.0     9.31 C    17.7    -5.2     3.7    70.4    29.8    46.8   0.310   0.324 -99.000 -99.000 -99.000     4.8     5.3 -9999.0     9.5    11.9
63849 20171212  2.422  -86.23   37.25     7.0    -5.3     0.8     0.8     0.0     8.04 C    13.5    -8.8     0.7    79.5    22.4    49.6   0.309   0.323 -99.000 -99.000 -99.000     5.4     6.0 -9999.0     9.4    11.6
63849 20171213  2.422  -86.23   37.25     8.2    -6.8     0.7     1.7     0.0     8.85 C    14.1    -8.9     0.6    58.2    23.0    39.4   0.305   0.321 -99.000 -99.000 -99.000     4.0     4.7 -9999.0     9.3    11.4
63849 20171214  2.422  -86.23   37.25     4.8    -1.0     1.9     1.5     0.0     6.63 C    15.5    -2.0     2.9    63.2    43.3    55.0   0.304   0.320 -99.000 -99.000 -99.000     5.1     5.5 -9999.0     9.1    11.2
63849 20171215  2.422  -86.23   37.25     4.1    -1.5     1.3     0.7     0.0     6.30 C    11.8    -3.3     1.9    69.4    42.3    56.2   0.303   0.319 -99.000 -99.000 -99.000     5.1     5.6 -9999.0     9.0    11.0
63849 20171216  2.422  -86.23   37.25    11.3    -1.1     5.1     4.4     0.0     9.67 C    17.3    -3.4     3.5    71.2    35.6    54.5   0.303   0.318 -99.000 -99.000 -99.000     5.2     5.6 -9999.0     8.9    10.9
63849 20171217  2.422  -86.23   37.25     7.6     4.7     6.1     5.7     0.3     2.77 C    11.0     1.6     5.6    89.9    50.8    70.9   0.301   0.317 -99.000 -99.000 -99.000     6.1     6.4 -9999.0     8.9    10.8
63849 20171218  2.422  -86.23   37.25     9.0     5.8     7.4     7.6     1.6     1.64 C    10.3     3.3     7.4    91.3    71.6    84.9   0.307   0.317 -99.000 -99.000 -99.000     7.4     7.4 -9999.0     9.0    10.7
63849 20171219  2.422  -86.23   37.25     9.7     4.5     7.1     7.5     0.8     2.39 C    12.8     0.4     7.1    91.2    70.8    87.2   0.313   0.319 -99.000 -99.000 -99.000     7.6     7.7 -9999.0     9.2    10.7
63849 20171220  2.422  -86.23   37.25    10.0     4.4     7.2     7.8     0.3     2.95 C    12.2     0.7     6.5    90.9    36.7    66.6   0.307   0.319 -99.000 -99.000 -99.000     8.2     8.4 -9999.0     9.4    10.8
63849 20171221  2.422  -86.23   37.25    13.1     1.9     7.5     8.4     0.0     3.59 C    14.8    -1.0     7.5    80.9    41.8    64.6   0.305   0.319 -99.000 -99.000 -99.000     7.6     7.8 -9999.0     9.6    10.9
63849 20171222  2.422  -86.23   37.25    14.4    11.8    13.1    13.3    21.6     0.44 C    13.6     9.3    12.3    89.5    78.4    85.5   0.336   0.337 -99.000 -99.000 -99.000     9.8     9.6 -9999.0     9.7    10.9
63849 20171223  2.422  -86.23   37.25    13.5     1.9     7.7     6.2    37.5     1.42 C    12.8     3.6     7.5    89.9    81.3    86.5   0.420   0.395 -99.000 -99.000 -99.000    10.0    10.2 -9999.0    10.2    10.9
63849 20171224  2.422  -86.23   37.25     3.5    -4.8    -0.7     0.9     1.3     1.01 C     6.2    -3.7     2.3    89.4    56.2    79.7   0.351   0.360 -99.000 -99.000 -99.000     7.7     8.3 -9999.0    10.4    11.1
63849 20171225  2.422  -86.23   37.25    -0.8    -6.4    -3.6    -3.5     0.0     7.05 C     7.7    -6.6    -1.7    74.5    38.8    57.5   0.341   0.350 -99.000 -99.000 -99.000     5.3     6.0 -9999.0    10.1    11.1
63849 20171226  2.422  -86.23   37.25     1.7    -4.1    -1.2    -1.8     0.0     5.74 C    10.7    -4.4     0.3    77.6    52.3    63.3   0.334   0.344 -99.000 -99.000 -99.000     5.0     5.6 -9999.0     9.5    11.0
63849 20171227  2.422  -86.23   37.25    -4.1   -11.4    -7.7    -7.9     0.0    10.41 C     5.6   -10.6    -4.7    73.3    27.0    48.4   0.333   0.338 -99.000 -99.000 -99.000     3.5     4.4 -9999.0     9.1    10.8
63849 20171228  2.422  -86.23   37.25    -1.2   -12.1    -6.6    -7.3     0.0     9.53 C     7.0   -11.0    -5.4    69.9    27.4    49.0   0.329   0.334 -99.000 -99.000 -99.000     1.7     2.7 -9999.0     8.5    10.5
63849 20171229  2.422  -86.23   37.25     1.8    -7.2    -2.7    -2.8     0.0     7.82 C    10.9    -6.9    -1.2    67.5    40.2    54.0   0.328   0.331 -99.000 -99.000 -99.000     2.0     2.7 -9999.0     7.9    10.1
63849 20171230  2.422  -86.23   37.25    -0.6   -10.6    -5.6    -3.9     0.0     2.63 C     4.1   -10.1    -2.8    68.8    48.1    60.2   0.325   0.329 -99.000 -99.000 -99.000     2.6     3.2 -9999.0     7.5     9.8
63849 20171231  2.422  -86.23   37.25    -5.7   -12.9    -9.3   -10.3     0.0     8.11 C     3.7   -12.4    -7.1    67.0    33.0    52.6   0.320   0.324 -99.000 -99.000 -99.000     1.2     2.0 -9999.0     7.2     9.5
