63829 20170101  2.422  -84.45   31.19    21.7     9.5    15.6    16.4    39.4     3.38 C    22.1    10.5    16.1    96.0    78.4    92.1   0.200   0.171   0.187   0.249 -99.000    14.8    14.8    14.7    14.8    17.7
63829 20170102  2.422  -84.45   31.19    25.3    17.7    21.5    20.9    20.1     5.21 C    27.1    16.9    20.3    97.3    68.7    88.4   0.186   0.164   0.180   0.239 -99.000    18.1    17.8    17.4    16.2    17.5
63829 20170103  2.422  -84.45   31.19    21.9    11.6    16.7    18.0    11.6     7.93 C    25.3    10.3    17.9    97.3    56.7    85.3   0.199   0.175   0.190   0.248 -99.000    18.4    18.6    18.4    17.5    17.9
63829 20170104  2.422  -84.45   31.19    18.0     9.4    13.7    13.4     0.0     5.23 C    24.2     8.6    13.2    98.1    56.7    78.9   0.168   0.152   0.171   0.234 -99.000    15.5    16.2    16.7    17.1    18.3
63829 20170105  2.422  -84.45   31.19    17.6     3.0    10.3    10.4     0.0    12.92 C    23.7     3.2    11.5    96.7    48.7    75.1   0.156   0.139   0.164   0.232 -99.000    14.2    14.8    15.2    16.1    18.2
63829 20170106  2.422  -84.45   31.19    15.7     5.2    10.4     9.8     9.2     3.88 C    21.9     7.4    11.4    97.2    64.0    86.3   0.157   0.137   0.162   0.232 -99.000    13.7    14.2    14.7    15.6    17.9
63829 20170107  2.422  -84.45   31.19     6.3    -1.7     2.3     2.7     1.0    13.36 C    16.1    -1.8     5.7    94.4    38.4    67.1   0.173   0.155   0.178   0.237 -99.000    10.6    11.7    12.7    14.5    17.6
63829 20170108  2.422  -84.45   31.19     7.3    -4.7     1.3    -0.2     0.0    14.53 C    17.6    -4.2     2.4    79.5    18.3    48.5   0.153   0.140   0.166   0.232 -99.000     7.7     8.8     9.9    12.5    17.0
63829 20170109  2.422  -84.45   31.19    10.6    -5.9     2.4     1.4     0.0    14.27 C    20.9    -5.6     3.5    93.0    27.8    65.1   0.146   0.132   0.159   0.230 -99.000     7.6     8.3     9.1    11.1    16.1
63829 20170110  2.422  -84.45   31.19    19.7    -1.1     9.3     8.5     0.0    13.59 C    25.4    -1.1     8.7    97.4    38.4    72.8   0.143   0.127   0.155   0.228 -99.000     9.3     9.6     9.9    10.9    15.4
63829 20170111  2.422  -84.45   31.19    23.4     7.5    15.4    15.0     0.0    13.45 C    28.4     5.1    13.4    94.1    40.6    67.9   0.141   0.124   0.151   0.228 -99.000    12.2    12.2    12.0    11.8    15.1
63829 20170112  2.422  -84.45   31.19    24.9     8.2    16.5    15.3     0.0    12.16 C    31.5     6.1    14.2    97.5    44.8    78.9   0.137   0.121   0.148   0.228 -99.000    13.3    13.4    13.3    12.8    15.2
63829 20170113  2.422  -84.45   31.19    25.0     7.2    16.1    15.0     0.0    13.69 C    32.0     6.2    14.9    97.8    43.5    79.2   0.134   0.118   0.144   0.227 -99.000    14.2    14.3    14.2    13.6    15.5
63829 20170114  2.422  -84.45   31.19    24.4     6.8    15.6    14.5     0.0    13.86 C    32.7     6.1    14.9    97.6    44.8    79.5   0.131   0.115   0.139   0.227 -99.000    14.6    14.8    14.7    14.2    15.8
63829 20170115  2.422  -84.45   31.19    24.4     7.9    16.2    15.6     0.0    10.39 C    32.9     7.5    16.2    98.0    42.9    80.6   0.129   0.116   0.136   0.226 -99.000    15.3    15.3    15.2    14.6    16.0
63829 20170116  2.422  -84.45   31.19    25.4    12.0    18.7    17.6     0.0     9.75 C    31.4     9.7    16.8    94.7    40.6    75.7   0.127   0.131   0.134   0.226 -99.000    16.3    16.4    16.3    15.4    16.3
63829 20170117  2.422  -84.45   31.19    25.3     8.5    16.9    17.1     0.0    10.63 C    29.3     7.9    16.5    97.3    50.1    80.2   0.125   0.129   0.131   0.226 -99.000    16.0    16.2    16.1    15.7    16.6
63829 20170118  2.422  -84.45   31.19    24.2    13.4    18.8    17.7     0.2     8.50 C    30.5    11.6    17.5   100.0    58.0    90.5   0.124   0.127   0.129   0.225 -99.000    17.2    17.3    17.1    16.2    16.9
63829 20170119  2.422  -84.45   31.19    25.2    10.6    17.9    17.6     1.1    10.49 C    32.2     9.7    18.0   100.0    57.7    86.2   0.122   0.125   0.127   0.224 -99.000    17.2    17.3    17.2    16.5    17.1
63829 20170120  2.422  -84.45   31.19    25.1    17.2    21.2    19.9     5.4     6.45 C    31.7    14.5    19.8    97.1    63.1    88.6   0.141   0.137   0.137   0.225 -99.000    18.6    18.6    18.3    17.2    17.4
63829 20170121  2.422  -84.45   31.19    24.3    15.6    20.0    18.8    59.6     3.79 C    25.9    14.6    18.4    96.8    73.8    91.9   0.184   0.173   0.167   0.247 -99.000    18.3    18.6    18.5    17.8    17.8
63829 20170122  2.422  -84.45   31.19    23.8    10.7    17.2    18.5    26.9     4.29 C    27.1     9.7    17.7    97.2    59.2    85.9   0.219   0.209   0.197   0.270 -99.000    18.1    18.3    18.3    17.8    18.1
63829 20170123  2.422  -84.45   31.19    18.5    11.8    15.1    14.4     0.7     4.86 C    21.1     9.6    13.0    90.7    49.2    69.4   0.182   0.188   0.179   0.237 -99.000    15.0    15.8    16.3    17.1    18.2
63829 20170124  2.422  -84.45   31.19    18.0     6.9    12.4    11.7     0.0    15.53 C    25.5     5.3    11.9    96.3    42.8    72.3   0.161   0.170   0.169   0.234 -99.000    14.5    14.9    15.3    16.0    17.9
63829 20170125  2.422  -84.45   31.19    24.9     4.9    14.9    15.0     0.0    14.91 C    29.2     3.6    14.7    98.1    50.1    77.7   0.154   0.158   0.163   0.233 -99.000    14.9    15.0    15.2    15.5    17.6
63829 20170126  2.422  -84.45   31.19    20.1     9.9    15.0    16.1     2.1     9.56 C    24.3     6.1    15.6    90.9    26.2    62.8   0.158   0.158   0.162   0.233 -99.000    16.3    16.6    16.7    16.2    17.5
63829 20170127  2.422  -84.45   31.19    12.7     2.8     7.8     8.1     0.0    12.93 C    20.4     1.6     8.7    86.4    33.8    55.4   0.148   0.151   0.157   0.232 -99.000    12.9    13.7    14.3    15.5    17.5
63829 20170128  2.422  -84.45   31.19     9.9     3.5     6.7     6.8     0.0     8.78 C    18.9     1.4     7.8    77.0    36.1    51.9   0.141   0.145   0.152   0.230 -99.000    11.7    12.4    13.1    14.4    17.1
63829 20170129  2.422  -84.45   31.19    15.7     1.2     8.5     8.7     0.0    15.74 C    20.9    -0.6     7.8    80.3    29.1    51.4   0.136   0.140   0.147   0.229 -99.000    11.2    11.7    12.3    13.5    16.7
63829 20170130  2.422  -84.45   31.19    16.8     1.4     9.1     9.1     0.0    16.21 C    24.3    -0.8     8.5    86.3    29.0    55.2   0.131   0.137   0.140   0.228 -99.000    11.3    11.8    12.2    13.1    16.3
63829 20170131  2.422  -84.45   31.19    23.1     3.7    13.4    13.7     0.0    15.77 C    27.9     1.8    12.1    97.3    29.8    65.0   0.127   0.132   0.136   0.227 -99.000    12.5    12.7    12.7    13.1    15.9
63829 20170201  2.422  -84.45   31.19    22.7     7.7    15.2    14.5     0.0    13.92 C    31.3     5.4    13.5    98.3    42.2    77.3   0.124   0.130   0.132   0.227 -99.000    14.0    14.1    14.0    13.7    15.8
63829 20170202  2.422  -84.45   31.19 -9999.0 -9999.0 -9999.0 -9999.0     0.0 -9999.00 U -9999.0 -9999.0 -9999.0 -9999.0 -9999.0 -9999.0 -99.000 -99.000 -99.000 -99.000 -99.000 -9999.0 -9999.0 -9999.0 -9999.0 -9999.0
63829 20170203  2.422  -84.45   31.19    21.1     9.1    15.1    15.0     0.3     8.69 C    31.4     6.7    15.9    98.5    65.6    87.3   0.119   0.125   0.126   0.226 -99.000    15.8    15.9    15.7    15.1    16.1
63829 20170204  2.422  -84.45   31.19    15.1     2.6     8.8     8.8     0.0    14.70 C    25.6     0.6     9.0    79.8    44.3    59.1   0.116   0.122   0.124   0.225 -99.000    13.2    13.9    14.4    14.9    16.4
63829 20170205  2.422  -84.45   31.19    17.7     2.3    10.0    10.1     0.0    12.04 C    30.4     1.4    11.4    96.9    52.8    78.8   0.113   0.120   0.121   0.224 -99.000    13.3    13.6    13.8    14.2    16.3
63829 20170206  2.422  -84.45   31.19    24.3     7.3    15.8    15.6     0.0    15.65 C    32.8     6.3    16.1    97.5    42.9    73.3   0.110   0.118   0.119   0.223 -99.000    15.4    15.4    15.2    14.7    16.2
63829 20170207  2.422  -84.45   31.19    25.5     9.5    17.5    16.4    35.1    10.62 C    32.2     7.1    16.3    97.1    49.7    81.0   0.140   0.137   0.132   0.234 -99.000    16.0    16.1    16.0    15.4    16.4
63829 20170208  2.422  -84.45   31.19    23.8    13.6    18.7    19.0     0.0     7.42 C    30.6    12.1    18.7    96.4    71.4    86.4   0.189   0.187   0.176   0.235 -99.000    17.2    17.1    16.9    16.0    16.6
63829 20170209  2.422  -84.45   31.19    21.6     7.2    14.4    15.3     0.0    16.98 C    25.9     3.6    15.1    85.1    29.4    52.0   0.166   0.169   0.166   0.234 -99.000    16.8    17.3    17.4    16.7    16.9
63829 20170210  2.422  -84.45   31.19    18.8     1.2    10.0     9.5     0.0    17.42 C    27.8     0.7    10.2    88.7    20.7    52.9   0.151   0.156   0.158   0.232 -99.000    13.9    14.5    14.9    15.7    17.1
63829 20170211  2.422  -84.45   31.19    25.6     3.0    14.3    14.8     0.0    17.08 C    31.4     2.9    14.5    95.3    40.7    70.1   0.143   0.148   0.152   0.230 -99.000    14.9    15.0    15.1    15.1    16.9
63829 20170212  2.422  -84.45   31.19    26.6    15.2    20.9    20.9     0.0    10.94 C    34.7    11.3    20.5    97.3    54.4    79.2   0.140   0.144   0.148   0.230 -99.000    18.0    17.8    17.3    16.1    16.8
63829 20170213  2.422  -84.45   31.19    22.8     8.0    15.4    16.7     0.0    17.81 C    30.8     5.6    16.2    92.4    23.8    54.1   0.134   0.138   0.143   0.230 -99.000    17.6    17.9    17.9    17.0    17.1
63829 20170214  2.422  -84.45   31.19    24.9     5.5    15.2    14.9     0.0    16.99 C    32.2     4.5    14.8    95.1    27.9    66.1   0.127   0.133   0.135   0.229 -99.000    16.4    16.7    16.7    16.6    17.4
63829 20170215  2.422  -84.45   31.19    23.6     9.5    16.5    17.4     0.0    13.47 C    31.5     6.2    17.0    92.6    47.1    72.1   0.123   0.129   0.130   0.228 -99.000    17.4    17.7    17.6    16.9    17.5
63829 20170216  2.422  -84.45   31.19    17.2     2.8    10.0     9.5     0.0    18.96 C    27.8     0.3     9.9    82.3    19.7    50.6   0.116   0.124   0.125   0.227 -99.000    14.7    15.5    15.9    16.5    17.6
63829 20170217  2.422  -84.45   31.19    21.0     0.2    10.6    10.6     0.0    17.30 C    30.0    -0.9    11.1    96.9    21.8    59.7   0.111   0.120   0.121   0.226 -99.000    14.2    14.7    15.0    15.6    17.4
63829 20170218  2.422  -84.45   31.19    20.5     9.9    15.2    14.3     0.2    10.11 C    29.9     9.2    15.0    95.3    55.5    76.4   0.108   0.117   0.119   0.225 -99.000    15.5    15.8    15.8    15.7    17.2
63829 20170219  2.422  -84.45   31.19    25.1    11.3    18.2    17.5     0.0    14.50 C    34.4     8.7    18.1    98.0    42.7    77.7   0.107   0.115   0.117   0.225 -99.000    17.6    17.6    17.3    16.3    17.1
63829 20170220  2.422  -84.45   31.19    25.6     7.9    16.7    16.5     0.0    17.13 C    34.6     6.3    16.6    98.0    39.4    72.0   0.102   0.111   0.114   0.224 -99.000    17.3    17.5    17.4    16.8    17.4
63829 20170221  2.422  -84.45   31.19    23.3    12.6    18.0    18.2     0.0     7.39 C    31.4     9.6    17.1    90.5    61.0    77.3   0.100   0.109   0.112   0.224 -99.000    17.3    17.6    17.6    17.1    17.6
63829 20170222  2.422  -84.45   31.19    20.8    15.5    18.1    17.6    10.1     5.32 C    25.3    14.1    17.5    96.9    78.0    90.5   0.136   0.124   0.123   0.224 -99.000    17.7    17.9    17.9    17.3    17.7
63829 20170223  2.422  -84.45   31.19    25.7    13.5    19.6    18.8     0.0    13.60 C    34.7    11.8    18.4    98.1    44.6    78.1   0.133   0.129   0.130   0.224 -99.000    18.3    18.4    18.3    17.5    17.9
63829 20170224  2.422  -84.45   31.19    26.9    11.2    19.1    19.0     0.0    18.16 C    36.2     9.2    19.1    98.0    43.2    75.5   0.125   0.124   0.126   0.223 -99.000    19.0    19.0    18.8    17.8    18.0
63829 20170225  2.422  -84.45   31.19    24.6    12.4    18.5    19.1     0.0    16.66 C    31.7     6.4    17.9    94.6    11.3    53.7   0.118   0.120   0.122   0.224 -99.000    18.9    19.2    19.2    18.4    18.3
63829 20170226  2.422  -84.45   31.19    20.2     1.1    10.7    11.2     0.0    20.52 C    31.8    -0.8    11.6    78.9    15.2    41.3   0.109   0.115   0.117   0.223 -99.000    16.1    16.8    17.2    17.7    18.5
63829 20170227  2.422  -84.45   31.19    24.8     7.1    15.9    15.8     3.7    12.45 C    34.7     3.2    15.3    93.9    42.2    62.4   0.104   0.111   0.114   0.222 -99.000    16.4    16.8    16.9    17.0    18.3
63829 20170228  2.422  -84.45   31.19    28.4    10.2    19.3    18.8     0.0    13.32 C    35.1     9.4    18.7    98.1    46.2    78.4   0.116   0.113   0.115   0.222 -99.000    18.3    18.3    18.1    17.4    18.2
63829 20170301  2.422  -84.45   31.19    28.7    15.4    22.1    22.5     0.0    14.80 C    35.4    12.4    22.0    97.4    43.5    75.7   0.107   0.111   0.114   0.222 -99.000    20.1    19.9    19.5    18.3    18.3
63829 20170302  2.422  -84.45   31.19    22.0     6.8    14.4    14.9     4.3    18.09 C    28.5     2.4    15.4    94.0    20.6    50.7   0.120   0.113   0.115   0.222 -99.000    18.6    19.1    19.3    18.8    18.6
63829 20170303  2.422  -84.45   31.19    19.3     2.4    10.8    11.2     0.0    21.21 C    30.1    -0.6    10.7    77.6    18.2    43.2   0.107   0.111   0.113   0.221 -99.000    15.7    16.4    16.8    17.6    18.7
63829 20170304  2.422  -84.45   31.19    19.3     1.6    10.4    10.5     0.0    20.68 C    31.1    -1.2    10.8    76.6    19.4    44.2   0.099   0.107   0.110   0.220 -99.000    15.1    15.7    16.1    16.7    18.5
63829 20170305  2.422  -84.45   31.19    22.0     4.1    13.0    14.6     0.0    14.21 C    33.7     2.2    14.3    93.7    38.0    58.9   0.094   0.104   0.107   0.219 -99.000    15.8    16.1    16.2    16.4    18.1
63829 20170306  2.422  -84.45   31.19    24.6    13.7    19.1    18.2     0.0    15.90 C    38.2    10.2    18.3    73.9    33.4    55.1   0.089   0.101   0.105   0.219 -99.000    17.6    17.8    17.6    16.9    18.0
63829 20170307  2.422  -84.45   31.19    25.5    12.7    19.1    19.3     0.0    17.64 C    38.2     8.1    19.7    84.1    40.5    62.3   0.084   0.098   0.103   0.219 -99.000    18.5    18.5    18.3    17.5    18.1
63829 20170308  2.422  -84.45   31.19    23.9     9.2    16.5    17.8     0.0    16.03 C    39.7     5.5    19.0    91.9    36.6    69.4   0.078   0.096   0.100   0.219 -99.000    19.2    19.5    19.3    18.2    18.3
63829 20170309  2.422  -84.45   31.19    26.3     4.6    15.4    15.9     0.0    20.78 C    41.0     2.0    17.5    95.7    16.7    55.3   0.072   0.092   0.097   0.218 -99.000    18.4    18.8    18.8    18.2    18.6
63829 20170310  2.422  -84.45   31.19    25.3    13.5    19.4    18.8     2.7    17.19 C    36.7     8.8    19.3    94.6    39.3    71.1   0.070   0.090   0.095   0.218 -99.000    19.4    19.7    19.5    18.6    18.7
63829 20170311  2.422  -84.45   31.19    21.6     7.5    14.5    14.3     0.0    18.14 C    38.7     4.1    15.7    90.0    22.9    52.3   0.070   0.088   0.093   0.217 -99.000    18.1    18.6    18.7    18.5    18.9
63829 20170312  2.422  -84.45   31.19    15.2     7.9    11.6    11.2     0.7     9.65 C    31.5     9.1    13.6    91.6    56.7    74.3   0.066   0.086   0.091   0.217 -99.000    16.8    17.5    17.9    18.2    18.9
63829 20170313  2.422  -84.45   31.19     8.2     7.0     7.6     7.5     4.7     2.24 C    12.5     6.4     9.5    96.2    80.3    89.5   0.066   0.084   0.089   0.216 -99.000    14.5    15.4    16.1    17.3    18.7
63829 20170314  2.422  -84.45   31.19    13.1     6.8     9.9     9.3     0.9    11.13 C    23.3     5.0    11.0    96.5    46.1    69.3   0.095   0.083   0.089   0.214 -99.000    14.1    14.7    15.2    16.2    18.4
63829 20170315  2.422  -84.45   31.19    10.8     0.9     5.8     5.2     0.0    22.32 C    28.3    -2.6     8.7    72.7    20.4    45.8   0.086   0.084   0.089   0.213 -99.000    13.3    14.0    14.5    15.5    17.9
63829 20170316  2.422  -84.45   31.19    14.6    -3.4     5.6     5.2     0.0    22.45 C    33.0    -5.8     9.0    89.3    16.5    48.6   0.079   0.085   0.089   0.212 -99.000    13.3    13.8    14.1    14.9    17.5
63829 20170317  2.422  -84.45   31.19    21.4    -0.3    10.5    10.7     0.0    21.55 C    37.8    -0.7    13.9    88.5    21.6    50.7   0.074   0.085   0.088   0.212 -99.000    15.0    15.2    15.1    15.1    17.2
63829 20170318  2.422  -84.45   31.19    24.8     5.3    15.0    16.6     0.0    17.60 C    42.1     3.1    18.0    97.2    41.0    65.3   0.068   0.084   0.087   0.212 -99.000    16.9    16.9    16.6    15.9    17.2
63829 20170319  2.422  -84.45   31.19    23.9     8.1    16.0    16.0     0.0    23.41 C    40.8     3.1    17.5    87.0    12.2    44.0   0.062   0.081   0.085   0.212 -99.000    18.0    18.1    17.9    16.8    17.4
63829 20170320  2.422  -84.45   31.19    25.6     4.0    14.8    15.4     0.0    21.61 C    44.4     2.0    18.8    82.4    24.8    53.6   0.056   0.079   0.083   0.212 -99.000    18.2    18.3    18.0    17.2    17.7
63829 20170321  2.422  -84.45   31.19    29.5    11.0    20.3    20.5     0.0    20.40 C    47.2     8.1    23.1    92.5    36.1    63.4   0.053   0.076   0.080   0.212 -99.000    20.1    20.0    19.4    18.0    17.9
63829 20170322  2.422  -84.45   31.19    30.2    15.2    22.7    22.3     0.0    19.64 C    49.1    11.2    24.8    97.1    27.7    58.9   0.049   0.074   0.077   0.212 -99.000    21.5    21.3    20.7    19.0    18.4
63829 20170323  2.422  -84.45   31.19    21.5    14.9    18.2    18.4     0.0    11.03 C    42.5    12.5    20.5    76.6    48.5    64.0   0.046   0.071   0.074   0.211 -99.000    20.5    20.8    20.7    19.6    18.9
63829 20170324  2.422  -84.45   31.19    25.8    11.7    18.7    18.7     0.0    20.68 C    46.9     9.9    22.5    93.3    36.2    62.1   0.044   0.070   0.072   0.211 -99.000    21.2    21.1    20.7    19.6    19.2
63829 20170325  2.422  -84.45   31.19    27.3    13.0    20.1    20.1     0.0    18.89 C    49.7    10.5    23.0    91.7    34.7    60.5   0.043   0.068   0.069   0.211 -99.000    21.8    21.8    21.4    20.1    19.4
63829 20170326  2.422  -84.45   31.19    29.2    15.7    22.4    21.5     0.0    18.90 C    51.5    12.0    25.6    86.0    34.0    65.2   0.042   0.066   0.067   0.210 -99.000    23.0    22.7    22.2    20.6    19.7
63829 20170327  2.422  -84.45   31.19    28.8    14.4    21.6    21.7     0.0    19.62 C    52.2    11.7    25.4    97.7    37.7    67.6   0.039   0.064   0.065   0.209 -99.000    23.6    23.4    22.8    21.2    20.1
63829 20170328  2.422  -84.45   31.19    29.4    16.1    22.7    22.4     0.0    17.87 C    51.3    12.5    25.6    97.3    40.1    68.8   0.038   0.061   0.062   0.208 -99.000    23.9    23.8    23.3    21.7    20.5
63829 20170329  2.422  -84.45   31.19    30.3    16.0    23.1    22.5     0.0    20.68 C    53.5    13.0    26.7    97.5    31.0    66.4   0.037   0.059   0.060   0.207 -99.000    24.6    24.4    23.9    22.1    20.8
63829 20170330  2.422  -84.45   31.19    28.8    11.9    20.3    20.9     1.5    16.28 C    51.0    10.1    24.3    95.4    39.0    66.3   0.035   0.056   0.057   0.206 -99.000    23.9    23.9    23.6    22.4    21.1
63829 20170331  2.422  -84.45   31.19    26.8    13.7    20.3    21.2     7.3    20.60 C    46.2    12.0    24.2    96.2    35.6    69.5   0.064   0.054   0.056   0.205 -99.000    24.0    24.1    23.8    22.5    21.4
63829 20170401  2.422  -84.45   31.19    28.8     9.5    19.1    19.1     0.0    25.05 C    49.2     8.4    23.4    97.2    26.2    60.9   0.064   0.055   0.056   0.204 -99.000    23.1    23.2    23.0    22.2    21.6
63829 20170402  2.422  -84.45   31.19    31.5    10.8    21.2    20.6     0.0    22.55 C    50.5     9.8    24.2    96.1    22.7    57.2   0.055   0.055   0.056   0.203 -99.000    23.5    23.5    23.3    22.2    21.6
63829 20170403  2.422  -84.45   31.19    28.4    16.0    22.2    19.4    20.5     6.80 C    40.6    13.3    20.1    95.0    47.7    79.1   0.088   0.078   0.059   0.202 -99.000    21.6    22.2    22.5    22.2    21.7
63829 20170404  2.422  -84.45   31.19    28.5    15.6    22.1    22.1     0.0    23.05 C    45.6    14.2    26.4    97.9    39.5    76.0   0.118   0.120   0.104   0.201 -99.000    23.5    23.3    22.8    21.7    21.6
63829 20170405  2.422  -84.45   31.19    28.5    18.3    23.4    22.7    60.2     8.11 C    35.2    18.2    23.3    96.0    57.1    84.9   0.156   0.148   0.135   0.216 -99.000    23.1    23.4    23.4    22.6    21.7
63829 20170406  2.422  -84.45   31.19    22.6     9.6    16.1    16.5     0.0    25.92 C    35.2     8.4    19.1    91.4    25.7    48.6   0.174   0.176   0.174   0.226 -99.000    20.8    21.5    21.7    21.8    21.8
63829 20170407  2.422  -84.45   31.19    20.4     8.6    14.5    14.3     0.0    26.47 C    36.9     7.4    17.2    72.6    19.9    43.8   0.152   0.154   0.162   0.224 -99.000    19.3    19.9    20.3    20.8    21.6
63829 20170408  2.422  -84.45   31.19    22.1     3.8    12.9    13.2     0.0    26.47 C    40.1     3.9    17.7    95.8    20.9    54.0   0.139   0.143   0.152   0.224 -99.000    19.2    19.7    19.9    20.1    21.3
63829 20170409  2.422  -84.45   31.19    25.5     5.0    15.2    15.3     0.0    26.09 C    42.7     5.0    19.7    97.1    20.2    58.2   0.130   0.135   0.142   0.223 -99.000    19.9    20.2    20.2    20.0    21.0
63829 20170410  2.422  -84.45   31.19    26.9     8.8    17.9    18.1     0.0    25.12 C    44.3     8.3    21.8    94.3    31.9    63.2   0.122   0.128   0.132   0.223 -99.000    21.2    21.4    21.2    20.4    20.9
63829 20170411  2.422  -84.45   31.19    27.2    11.1    19.1    19.2     0.0    24.18 C    45.0    10.6    22.9    96.3    33.2    66.4   0.115   0.122   0.125   0.222 -99.000    22.2    22.4    22.2    21.1    21.0
63829 20170412  2.422  -84.45   31.19    27.0    11.0    19.0    19.4     0.0    17.31 C    40.9    10.4    20.9    96.8    37.3    68.5   0.108   0.117   0.119   0.222 -99.000    21.7    22.1    22.1    21.5    21.2
63829 20170413  2.422  -84.45   31.19    27.9    11.8    19.8    19.8     0.0    23.09 C    45.5    10.9    22.6    96.3    30.2    63.6   0.104   0.111   0.114   0.222 -99.000    22.3    22.6    22.4    21.5    21.4
63829 20170414  2.422  -84.45   31.19    28.1    12.2    20.2    21.0     0.0    21.79 C    45.2    11.0    23.4    96.3    38.7    62.7   0.097   0.106   0.110   0.222 -99.000    22.9    23.1    22.9    21.9    21.5
63829 20170415  2.422  -84.45   31.19    28.9    16.0    22.5    22.5     0.2    21.86 C    45.1    13.3    25.0    89.8    36.3    60.1   0.091   0.101   0.106   0.221 -99.000    23.7    23.9    23.6    22.3    21.7
63829 20170416  2.422  -84.45   31.19    28.5    13.9    21.2    21.4     0.0    24.98 C    48.3    11.7    24.7    95.3    31.8    62.8   0.083   0.096   0.102   0.221 -99.000    24.6    24.8    24.3    22.9    21.9
63829 20170417  2.422  -84.45   31.19    28.9    13.0    21.0    21.8     0.0    22.53 C    47.4    12.1    25.5    96.3    31.0    64.2   0.075   0.091   0.098   0.220 -99.000    24.9    25.1    24.7    23.4    22.3
63829 20170418  2.422  -84.45   31.19    30.4    14.5    22.5    22.4     0.0    19.73 C    46.8    13.1    25.3    96.0    30.8    64.0   0.067   0.086   0.094   0.220 -99.000    25.2    25.4    25.2    23.8    22.5
63829 20170419  2.422  -84.45   31.19    29.9    16.2    23.0    23.2     0.0    22.94 C    50.4    13.9    26.8    92.7    31.2    62.4   0.060   0.080   0.088   0.219 -99.000    25.8    25.9    25.5    24.1    22.8
63829 20170420  2.422  -84.45   31.19    29.9    15.6    22.7    23.0     0.0    24.28 C    54.0    13.7    27.1    88.8    32.2    61.0   0.054   0.074   0.081   0.219 -99.000    26.5    26.5    26.1    24.5    23.1
63829 20170421  2.422  -84.45   31.19    30.6    14.9    22.7    23.1     0.0    22.87 C    55.1    13.0    26.9    97.3    30.6    61.3   0.049   0.069   0.075   0.217 -99.000    26.6    26.7    26.3    24.9    23.4
63829 20170422  2.422  -84.45   31.19    30.3    13.5    21.9    22.8     0.0    26.17 C    53.8    11.9    28.0    96.9    33.7    63.2   0.046   0.065   0.070   0.215 -99.000    27.0    27.0    26.6    25.1    23.6
63829 20170423  2.422  -84.45   31.19    27.4    15.6    21.5    20.9     0.0    13.52 C    52.7    13.8    23.6    96.0    50.3    77.3   0.043   0.061   0.067   0.213 -99.000    25.9    26.3    26.3    25.3    23.8
63829 20170424  2.422  -84.45   31.19    21.3    11.3    16.3    15.7     0.0    14.73 C    42.2     9.8    19.4    93.2    51.0    73.3   0.042   0.059   0.066   0.212 -99.000    23.8    24.4    24.6    24.5    24.0
63829 20170425  2.422  -84.45   31.19    26.5    12.3    19.4    19.5     0.0    25.85 C    51.5    10.4    25.3    94.6    38.4    65.2   0.042   0.058   0.063   0.209 -99.000    25.5    25.4    25.0    24.1    23.8
63829 20170426  2.422  -84.45   31.19    27.9    11.8    19.9    20.7     0.0    21.11 C    52.4    10.2    24.9    97.3    40.0    66.1   0.040   0.056   0.060   0.208 -99.000    25.7    25.7    25.5    24.5    23.8
63829 20170427  2.422  -84.45   31.19    30.8    19.1    25.0    25.0     0.0    14.86 C    48.4    17.3    27.9    90.5    46.9    71.1   0.039   0.054   0.058   0.207 -99.000    26.6    26.4    26.1    24.8    23.9
63829 20170428  2.422  -84.45   31.19    32.0    20.7    26.4    25.7     0.0    23.28 C    54.9    19.1    31.1    95.6    46.8    71.3   0.040   0.052   0.057   0.205 -99.000    28.4    27.8    27.1    25.3    24.0
63829 20170429  2.422  -84.45   31.19    31.9    19.1    25.5    25.0     0.0    20.79 C    54.3    17.9    29.4    92.5    44.7    71.5   0.039   0.049   0.053   0.204 -99.000    28.4    28.2    27.7    26.0    24.3
63829 20170430  2.422  -84.45   31.19    31.6    19.7    25.7    25.3     0.0    20.21 C    52.8    18.2    29.2    93.0    42.1    69.8   0.039   0.046   0.051   0.203 -99.000    28.4    28.1    27.7    26.2    24.6
63829 20170501  2.422  -84.45   31.19    27.6    13.9    20.7    21.8     2.1    10.15 C    36.6    11.9    23.3    96.8    63.5    81.0   0.039   0.045   0.049   0.202 -99.000    26.2    26.7    26.9    26.2    24.8
63829 20170502  2.422  -84.45   31.19    29.0    10.7    19.9    20.0     0.0    27.92 C    50.6     8.9    24.8    97.9    20.9    58.0   0.044   0.044   0.048   0.200 -99.000    25.3    25.5    25.5    25.1    24.8
63829 20170503  2.422  -84.45   31.19    32.1    10.9    21.5    22.2     0.0    26.10 C    55.7     9.5    27.7    95.4    17.7    51.2   0.043   0.043   0.047   0.199 -99.000    26.6    26.5    26.3    25.2    24.7
63829 20170504  2.422  -84.45   31.19    23.4    15.4    19.4    20.1    38.6     6.25 C    27.2    14.9    20.9    95.6    45.4    77.4   0.130   0.120   0.102   0.198 -99.000    23.4    24.3    24.9    25.1    24.7
63829 20170505  2.422  -84.45   31.19    18.1    10.5    14.3    13.3     0.0    11.28 C    36.3    10.5    16.4    89.3    47.0    68.7   0.155   0.154   0.143   0.201 -99.000    19.9    20.9    21.6    23.1    24.4
63829 20170506  2.422  -84.45   31.19    24.2    10.3    17.2    17.1     0.0    28.93 C    41.6     9.7    21.4    89.0    28.7    54.7   0.140   0.140   0.135   0.204 -99.000    20.9    21.1    21.3    21.8    23.8
63829 20170507  2.422  -84.45   31.19    27.4    11.3    19.3    19.7     0.0    28.17 C    45.4    10.7    24.2    94.8    30.0    58.2   0.127   0.129   0.126   0.205 -99.000    22.8    23.0    22.8    22.2    23.3
63829 20170508  2.422  -84.45   31.19    27.6     9.1    18.3    19.0     0.0    28.59 C    46.6     9.1    24.0    95.7    27.6    59.2   0.116   0.119   0.118   0.206 -99.000    23.5    23.9    23.7    22.9    23.3
63829 20170509  2.422  -84.45   31.19    30.9    12.0    21.4    22.0     0.0    27.54 C    47.8    11.9    26.2    96.0    27.2    59.0   0.106   0.111   0.111   0.206 -99.000    25.0    25.2    24.8    23.6    23.4
63829 20170510  2.422  -84.45   31.19    32.3    14.7    23.5    24.4     0.0    26.76 C    49.1    13.8    27.8    92.0    31.2    56.4   0.097   0.103   0.104   0.206 -99.000    26.4    26.6    26.1    24.5    23.6
63829 20170511  2.422  -84.45   31.19    30.4    15.1    22.8    23.8     0.0    23.31 C    49.1    13.6    27.2    95.2    36.7    61.5   0.088   0.096   0.098   0.206 -99.000    26.8    27.0    26.7    25.3    24.0
63829 20170512  2.422  -84.45   31.19    29.9    18.8    24.4    22.9     2.8    19.44 C    48.6    17.3    27.0    96.0    38.3    75.5   0.082   0.090   0.093   0.206 -99.000    26.9    27.2    27.0    25.7    24.4
63829 20170513  2.422  -84.45   31.19    28.5    18.0    23.3    22.5     0.0    20.18 C    45.2    18.0    26.1    96.5    45.4    79.5   0.086   0.087   0.090   0.206 -99.000    26.6    26.8    26.7    25.7    24.6
63829 20170514  2.422  -84.45   31.19    29.3    17.4    23.3    22.5     0.0    27.12 C    50.8    16.2    27.7    95.8    35.4    70.0   0.080   0.083   0.087   0.205 -99.000    27.4    27.5    27.1    25.8    24.8
63829 20170515  2.422  -84.45   31.19    31.2    15.2    23.2    23.4     0.0    27.64 C    52.5    14.0    28.9    96.4    33.2    64.8   0.071   0.078   0.082   0.205 -99.000    28.2    28.2    27.9    26.3    25.0
63829 20170516  2.422  -84.45   31.19    34.1    16.1    25.1    25.0     0.0    28.36 C    55.7    14.8    30.5    96.3    19.4    58.0   0.061   0.070   0.074   0.204 -99.000    29.2    29.1    28.7    26.9    25.3
63829 20170517  2.422  -84.45   31.19    33.1    19.5    26.3    25.8     0.0    25.32 C    55.9    16.9    31.0    88.0    35.4    63.7   0.054   0.063   0.067   0.204 -99.000    29.5    29.4    29.1    27.4    25.6
63829 20170518  2.422  -84.45   31.19    32.8    20.7    26.7    26.4     0.0    19.98 C    57.3    19.1    30.8    92.3    41.1    68.1   0.048   0.058   0.061   0.203 -99.000    29.7    29.7    29.4    27.7    25.9
63829 20170519  2.422  -84.45   31.19    31.7    20.0    25.8    26.1     0.0    20.34 C    54.5    18.1    30.5    84.8    41.9    62.8   0.046   0.054   0.056   0.200 -99.000    29.6    29.6    29.3    27.9    26.2
63829 20170520  2.422  -84.45   31.19    32.6    22.4    27.5    26.3     2.1    15.70 C    51.2    20.4    28.6    93.3    45.9    74.8   0.045   0.050   0.053   0.199 -99.000    28.8    29.0    28.9    27.9    26.4
63829 20170521  2.422  -84.45   31.19    27.7    20.0    23.8    23.6    18.3    16.69 C    41.2    20.4    27.1    96.2    58.7    80.9   0.109   0.087   0.056   0.197 -99.000    27.4    27.8    27.9    27.3    26.4
63829 20170522  2.622  -84.45   31.19 -9999.0 -9999.0 -9999.0 -9999.0 -9999.0 -9999.00 U -9999.0 -9999.0 -9999.0 -9999.0 -9999.0 -9999.0 -99.000 -99.000 -99.000 -99.000 -99.000 -9999.0 -9999.0 -9999.0 -9999.0 -9999.0
63829 20170523  2.622  -84.45   31.19    27.4    22.4    24.9    24.1    20.0    10.23 C    36.5    21.9    24.9    96.0    71.1    85.3   0.150   0.122   0.111   0.191   0.181    26.4    26.6    27.0    26.9    27.1
63829 20170524  2.622  -84.45   31.19    26.1    18.3    22.2    22.9     4.3    11.66 C    34.1    16.7    23.8    94.2    53.3    79.9   0.176   0.148   0.155   0.191   0.182    25.3    25.5    26.0    26.0    26.9
63829 20170525  2.622  -84.45   31.19    25.3    14.5    19.9    19.7     0.0    29.67 C    40.6    14.7    23.8    91.8    37.2    60.6   0.164   0.140   0.155   0.195   0.181    24.6    24.8    25.1    25.2    26.5
63829 20170526  2.622  -84.45   31.19    29.8    12.3    21.0    21.4     0.0    29.11 C    45.3    12.4    26.1    97.1    35.8    67.2   0.147   0.127   0.141   0.199   0.180    26.2    25.7    25.7    25.2    26.2
63829 20170527  2.622  -84.45   31.19    30.6    15.6    23.1    23.8     0.0    28.54 C    46.6    15.4    28.0    97.0    44.4    70.9   0.135   0.118   0.129   0.200   0.179    27.8    27.1    27.0    26.0    26.2
63829 20170528  2.622  -84.45   31.19    33.6    21.9    27.7    27.0     0.0    22.66 C    48.5    20.9    30.0    94.6    43.2    72.8   0.124   0.110   0.121   0.200   0.180    29.1    28.6    28.3    26.9    26.4
63829 20170529  2.622  -84.45   31.19    32.3    22.6    27.4    27.5     0.0    24.35 C    47.1    21.7    30.9    96.1    46.2    70.6   0.114   0.104   0.115   0.201   0.180    30.1    29.4    29.2    27.7    26.7
63829 20170530  2.622  -84.45   31.19    29.8    22.2    26.0    26.0     0.0    15.96 C    40.9    22.0    28.3    95.6    48.8    71.3   0.105   0.098   0.107   0.200   0.180    29.2    29.1    29.1    28.1    27.1
63829 20170531  2.622  -84.45   31.19    30.0    21.1    25.5    24.4     0.0    13.67 C    45.4    20.9    27.0    94.3    49.5    76.3   0.099   0.094   0.103   0.200   0.180    28.4    28.4    28.5    27.8    27.3
63829 20170601  2.622  -84.45   31.19    29.5    21.0    25.2    24.6     0.0    12.60 C    42.0    21.0    27.2    95.7    60.9    79.9   0.095   0.090   0.100   0.200   0.180    28.2    28.1    28.2    27.5    27.3
63829 20170602  2.622  -84.45   31.19    30.9    20.6    25.8    24.3     4.5    18.77 C    48.3    20.6    28.0    96.7    54.7    83.1   0.093   0.087   0.097   0.199   0.179    28.7    28.5    28.5    27.6    27.3
63829 20170603  2.622  -84.45   31.19    30.5    20.6    25.5    24.7     0.0    20.77 C    48.1    21.1    28.6    97.8    56.9    83.3   0.100   0.082   0.095   0.198   0.180    29.2    28.9    28.7    27.7    27.4
63829 20170604  2.622  -84.45   31.19    32.0    20.7    26.4    24.5     1.0    17.26 C    50.5    20.9    28.5    97.4    48.2    86.3   0.093   0.074   0.092   0.198   0.180    29.2    29.0    29.0    28.0    27.6
63829 20170605  2.622  -84.45   31.19    31.0    22.1    26.5    24.9     1.1    17.88 C    48.8    22.4    28.1    97.1    53.5    84.5   0.090   0.071   0.089   0.198   0.179    29.1    28.8    28.8    28.0    27.6
63829 20170606  2.622  -84.45   31.19    25.4    20.5    22.9    22.9     8.7     5.71 C    30.8    20.9    24.2    97.6    81.8    93.4   0.118   0.082   0.088   0.197   0.180    26.6    27.0    27.5    27.5    27.7
63829 20170607  2.622  -84.45   31.19    27.5    20.8    24.1    22.7     1.4    12.54 C    41.6    20.8    25.3    96.9    70.1    84.7   0.129   0.099   0.093   0.197   0.180    26.6    26.7    27.0    26.9    27.5
63829 20170608  2.622  -84.45   31.19    27.9    18.0    23.0    22.1     0.0    22.12 C    46.9    18.1    26.9    94.2    45.4    73.8   0.117   0.095   0.098   0.197   0.180    27.0    26.8    26.8    26.5    27.3
63829 20170609  2.622  -84.45   31.19    30.3    15.7    23.0    22.8     0.0    26.56 C    50.7    15.5    27.5    97.5    32.1    69.5   0.104   0.089   0.096   0.197   0.179    28.3    27.8    27.7    26.8    27.2
63829 20170610  2.622  -84.45   31.19    32.4    16.0    24.2    25.1     0.0    27.55 C    52.8    15.7    30.7    96.1    35.7    65.3   0.094   0.081   0.092   0.197   0.180    29.6    28.9    28.7    27.4    27.2
63829 20170611  2.622  -84.45   31.19    28.0    23.1    25.5    25.2     0.0     8.52 C    39.1    22.3    27.3    96.2    73.4    84.5   0.087   0.074   0.089   0.197   0.179    28.6    28.7    28.9    28.1    27.5
63829 20170612  2.622  -84.45   31.19    28.3    21.2    24.7    24.2     0.2    11.12 C    40.5    20.7    26.9    96.3    66.8    85.4   0.082   0.071   0.087   0.197   0.179    28.0    28.0    28.1    27.6    27.6
63829 20170613  2.622  -84.45   31.19    29.5    19.8    24.7    23.3     2.4    11.85 C    47.4    19.6    25.9    97.0    60.4    89.5   0.079   0.068   0.084   0.192   0.178    27.5    27.5    27.7    27.3    27.6
63829 20170614  2.622  -84.45   31.19    31.2    20.0    25.6    24.3     0.0    21.91 C    53.5    20.1    29.5    97.5    52.9    82.2   0.075   0.065   0.081   0.173   0.179    29.1    28.6    28.4    27.4    27.5
63829 20170615  2.622  -84.45   31.19    31.5    20.7    26.1    24.4     1.8    15.04 C    54.4    20.3    28.0    97.3    54.8    84.2   0.069   0.062   0.077   0.173   0.178    28.7    28.6    28.7    28.0    27.6
63829 20170616  2.622  -84.45   31.19    31.2    19.0    25.1    24.6     0.3    25.18 C    53.1    19.2    30.2    97.0    44.3    75.2   0.066   0.059   0.075   0.172   0.179    29.6    29.1    28.9    27.9    27.7
63829 20170617  2.622  -84.45   31.19    30.8    21.0    25.9    24.5     6.7    15.69 C    49.6    20.3    27.1    97.1    58.2    83.6   0.073   0.057   0.073   0.172   0.178    28.6    28.6    28.8    28.5    27.8
63829 20170618  2.622  -84.45   31.19    32.7    20.4    26.5    26.0    19.2    25.33 C    50.7    20.2    30.7    97.8    45.6    76.4   0.097   0.062   0.072   0.171   0.178    29.7    29.1    28.9    28.1    27.9
63829 20170619  2.622  -84.45   31.19    29.1    20.4    24.8    24.2     2.0    13.65 C    45.5    21.4    27.0    97.6    66.7    90.2   0.142   0.107   0.093   0.170   0.177    28.3    28.3    28.6    28.3    27.6
63829 20170620  2.622  -84.45   31.19    24.4    22.8    23.6    23.4    16.3     5.22 C    27.9    23.8    25.1    96.6    91.5    94.9   0.166   0.137   0.140   0.170   0.177    26.8    27.1    27.5    27.5    27.6
63829 20170621  2.622  -84.45   31.19    27.5    23.3    25.4    25.3     4.7     6.29 C    29.5    23.8    26.3    95.4    86.0    92.9   0.182   0.165   0.178   0.205   0.177    26.9    26.9    27.1    26.9    27.5
63829 20170622  2.622  -84.45   31.19    32.4    23.4    27.9    27.4     0.0    20.15 C    43.3    23.2    29.4    93.5    56.4    78.1   0.167   0.151   0.171   0.222   0.177    29.0    28.4    28.2    27.2    27.3
63829 20170623  2.622  -84.45   31.19    33.5    22.8    28.2    27.9     0.0    22.76 C    47.9    22.8    30.9    97.1    52.3    76.1   0.151   0.134   0.158   0.225   0.177    30.4    29.6    29.3    28.0    27.5
63829 20170624  2.622  -84.45   31.19    32.8    21.4    27.1    26.9     0.5    23.56 C    48.1    21.4    30.7    97.2    53.8    79.5   0.139   0.122   0.143   0.226   0.177    30.8    30.1    29.8    28.6    27.7
63829 20170625  2.622  -84.45   31.19    31.3    22.3    26.8    25.2     6.4    12.25 C    45.5    23.2    27.7    97.0    63.9    89.5   0.147   0.125   0.140   0.225   0.177    29.5    29.4    29.6    28.9    28.0
63829 20170626  2.622  -84.45   31.19    31.4    19.4    25.4    25.4     0.0    27.64 C    46.5    20.7    29.5    92.1    42.7    68.2   0.156   0.136   0.154   0.226   0.179    29.8    29.4    29.3    28.4    28.1
63829 20170627  2.622  -84.45   31.19    29.9    21.9    25.9    25.5     0.0    18.25 C    45.9    22.2    28.4    94.8    55.6    76.1   0.142   0.122   0.141   0.226   0.179    29.6    29.4    29.5    28.7    28.1
63829 20170628  2.622  -84.45   31.19    30.5    20.6    25.5    25.2     0.0    20.80 C    49.2    21.3    29.0    96.8    53.0    79.6   0.132   0.114   0.132   0.226   0.178    29.7    29.3    29.3    28.5    28.2
63829 20170629  2.622  -84.45   31.19    30.3    22.5    26.4    24.9    19.0    12.36 C    43.9    22.8    27.1    95.3    66.4    87.6   0.155   0.129   0.142   0.226   0.179    28.7    28.8    29.1    28.6    28.2
63829 20170630  2.622  -84.45   31.19    32.0    22.7    27.3    26.2     0.2    19.62 C    44.8    23.1    29.0    97.0    58.8    84.8   0.174   0.150   0.165   0.231   0.180    29.6    29.3    29.2    28.4    28.2
63829 20170701  2.622  -84.45   31.19    32.9    22.6    27.8    27.7     0.0    26.07 C    46.3    23.2    30.9    97.0    44.0    75.2   0.160   0.139   0.158   0.231   0.180    31.0    30.3    30.1    28.8    28.2
63829 20170702  2.622  -84.45   31.19    32.6    23.0    27.8    27.8     0.0    25.21 C    47.2    22.9    31.1    95.7    52.6    76.3   0.146   0.127   0.146   0.231   0.180    31.6    30.9    30.7    29.5    28.5
63829 20170703  2.622  -84.45   31.19    33.1    22.7    27.9    27.7     0.0    24.73 C    46.4    23.0    31.1    96.6    47.0    73.7   0.133   0.116   0.134   0.230   0.179    31.9    31.4    31.2    29.9    28.7
63829 20170704  2.622  -84.45   31.19    34.4    21.9    28.1    28.2     0.0    25.68 C    48.8    22.1    31.5    96.8    42.0    71.9   0.120   0.106   0.125   0.228   0.180    32.2    31.7    31.5    30.2    28.9
63829 20170705  2.622  -84.45   31.19    34.5    22.1    28.3    28.3     0.0    24.97 C    50.4    22.3    31.8    96.5    44.4    70.2   0.107   0.098   0.119   0.228   0.181    32.5    32.1    32.0    30.6    29.1
63829 20170706  2.622  -84.45   31.19    34.8    21.5    28.2    28.3     0.0    24.83 C    50.0    22.0    32.0    96.5    43.0    70.1   0.094   0.089   0.112   0.226   0.181    32.6    32.3    32.1    30.8    29.3
63829 20170707  2.622  -84.45   31.19    34.8    22.3    28.6    28.5     0.0    24.33 C    51.4    22.3    32.4    96.8    44.0    70.2   0.079   0.079   0.105   0.225   0.178    33.0    32.6    32.5    31.1    29.5
63829 20170708  2.622  -84.45   31.19    33.1    21.8    27.5    26.1     3.2    20.66 C    50.8    22.0    29.4    97.1    50.5    79.1   0.068   0.070   0.099   0.223   0.180    31.7    31.8    32.0    31.2    29.7
63829 20170709  2.622  -84.45   31.19    32.0    20.6    26.3    24.9    15.7    19.19 C    47.0    21.4    28.0    97.5    56.2    85.4   0.088   0.067   0.094   0.221   0.181    30.1    30.3    30.6    30.3    29.7
63829 20170710  2.622  -84.45   31.19    31.4    22.4    26.9    24.8     1.8    13.36 C    42.4    22.9    26.8    97.4    58.3    89.5   0.139   0.103   0.104   0.220   0.181    29.0    29.2    29.6    29.6    29.6
63829 20170711  2.622  -84.45   31.19    32.1    22.0    27.0    25.3     0.0    18.98 C    46.9    22.7    28.0    97.5    53.5    85.2   0.134   0.107   0.119   0.219   0.181    29.5    29.4    29.6    29.2    29.3
63829 20170712  2.622  -84.45   31.19    33.3    21.6    27.4    26.4     3.4    25.22 C    47.8    22.1    30.2    97.1    50.1    79.3   0.126   0.104   0.117   0.219   0.180    30.6    30.2    30.2    29.3    29.2
63829 20170713  2.622  -84.45   31.19    33.7    21.8    27.7    26.8     0.0    26.84 C    47.6    22.5    30.8    97.5    43.2    75.1   0.121   0.102   0.114   0.219   0.181    31.5    31.0    30.9    29.8    29.2
63829 20170714  2.622  -84.45   31.19    32.6    21.5    27.0    25.7     0.0    16.74 C    49.0    22.2    28.9    96.4    56.7    82.6   0.108   0.096   0.108   0.218   0.180    30.9    30.6    30.8    30.1    29.3
63829 20170715  2.622  -84.45   31.19    33.4    21.5    27.4    25.2    10.4    16.19 C    48.0    22.2    28.4    97.4    51.5    86.3   0.122   0.096   0.105   0.218   0.181    30.0    30.0    30.2    29.8    29.4
63829 20170716  2.622  -84.45   31.19    30.0    21.9    25.9    23.7    25.0     9.43 C    40.3    22.7    25.4    97.5    68.2    92.7   0.189   0.156   0.169   0.223   0.196    27.8    28.1    28.8    29.1    29.3
63829 20170717  2.622  -84.45   31.19    29.2    21.8    25.5    24.7     0.4    12.64 C    34.9    23.0    26.4    97.4    63.1    87.0   0.201   0.178   0.206   0.232   0.243    27.9    27.9    28.2    28.2    29.0
63829 20170718  2.622  -84.45   31.19    31.8    22.3    27.0    25.8     0.0    18.79 C    43.1    23.1    28.4    97.2    53.7    83.0   0.178   0.158   0.196   0.234   0.239    29.1    28.8    28.9    28.3    28.8
63829 20170719  2.622  -84.45   31.19    32.8    21.6    27.2    27.1     0.0    24.29 C    45.5    22.1    30.0    97.7    50.1    78.1   0.161   0.141   0.182   0.234   0.236    30.3    29.8    29.7    28.8    28.7
63829 20170720  2.622  -84.45   31.19    33.9    22.6    28.3    27.1     5.7    21.19 C    46.3    23.0    29.6    97.4    50.7    80.1   0.155   0.136   0.168   0.233   0.234    30.5    30.2    30.2    29.3    28.8
63829 20170721  2.622  -84.45   31.19    33.4    22.2    27.8    25.7     0.0    16.13 C    43.7    22.9    27.6    97.2    57.2    85.1   0.162   0.144   0.178   0.234   0.232    29.6    29.6    29.9    29.4    29.1
63829 20170722  2.622  -84.45   31.19    33.2    21.4    27.3    26.6     0.0    23.12 C    44.9    22.1    29.6    97.3    49.5    79.9   0.150   0.133   0.165   0.233   0.231    30.3    29.9    29.8    29.1    29.1
63829 20170723  2.622  -84.45   31.19    32.3    23.0    27.6    26.8     0.0    22.97 C    46.1    23.3    29.8    97.6    52.1    82.2   0.137   0.122   0.150   0.234   0.231    30.9    30.4    30.4    29.5    29.1
63829 20170724  2.622  -84.45   31.19    32.2    22.7    27.4    26.3    11.9    19.52 C    45.2    22.9    29.6    97.3    56.4    85.0   0.141   0.121   0.142   0.233   0.230    30.8    30.4    30.6    29.7    29.2
63829 20170725  2.622  -84.45   31.19    30.9    22.6    26.7    25.2    10.9    15.48 C    42.1    23.2    27.4    97.6    59.3    89.7   0.181   0.157   0.184   0.236   0.228    29.5    29.5    29.9    29.6    29.3
63829 20170726  2.622  -84.45   31.19    32.9    23.3    28.1    27.0     0.0    19.13 C    42.5    24.0    29.4    97.9    53.8    83.2   0.180   0.167   0.207   0.240   0.230    30.2    29.8    29.9    29.2    29.3
63829 20170727  2.622  -84.45   31.19    32.3    22.3    27.3    26.8     0.0    24.52 C    43.7    22.9    30.1    96.5    53.8    79.7   0.160   0.148   0.190   0.237   0.238    30.8    30.4    30.5    29.6    29.3
63829 20170728  2.622  -84.45   31.19    33.8    22.9    28.3    28.2     0.0    22.17 C    43.4    23.5    30.3    97.0    51.0    76.8   0.152   0.126   0.169   0.236   0.244    31.3    30.7    30.8    29.9    29.3
63829 20170729  2.622  -84.45   31.19    29.2    24.6    26.9    26.7     0.0    10.07 C    36.2    25.1    27.8    94.3    70.8    84.5   0.146   0.116   0.153   0.235   0.244    29.8    29.8    30.2    29.9    29.4
63829 20170730  2.622  -84.45   31.19    30.5    22.2    26.4    26.3     0.0    22.35 C    43.9    21.6    29.1    95.1    50.9    72.9   0.141   0.113   0.143   0.235   0.243    30.3    29.9    30.1    29.4    29.4
63829 20170731  2.622  -84.45   31.19    30.4    18.7    24.5    24.5     0.0    28.15 C    43.6    18.4    27.7    96.2    37.6    65.8   0.123   0.108   0.132   0.235   0.241    30.5    29.7    30.1    29.5    29.3
63829 20170801  2.622  -84.45   31.19    30.8    14.9    22.9    23.4     0.0    26.98 C    44.4    15.0    26.8    97.3    36.6    68.1   0.101   0.104   0.124   0.234   0.241    29.8    29.4    29.9    29.4    29.3
63829 20170802  2.622  -84.45   31.19    32.9    19.6    26.3    26.4     0.0    23.43 C    47.9    19.9    29.6    91.9    44.9    70.8   0.081   0.099   0.116   0.233   0.239    31.0    30.2    30.5    29.6    29.3
63829 20170803  2.622  -84.45   31.19    27.8    22.1    24.9    24.0     7.9     7.84 C    33.1    22.4    25.5    96.2    74.7    90.6   0.101   0.099   0.114   0.232   0.239    28.9    29.0    29.8    29.7    29.3
63829 20170804  2.622  -84.45   31.19    29.7    22.7    26.2    24.9     0.3    15.33 C    38.8    23.3    26.8    97.1    69.3    89.7   0.143   0.114   0.120   0.231   0.237    28.7    28.6    29.0    28.8    29.3
63829 20170805  2.622  -84.45   31.19    30.1    23.0    26.6    25.7    20.2    19.36 C    39.4    23.4    28.0    97.0    67.3    86.8   0.192   0.149   0.178   0.232   0.235    29.3    28.9    29.1    28.7    29.1
63829 20170806  2.622  -84.45   31.19    31.5    22.3    26.9    26.8     0.0    23.87 C    40.7    22.5    29.5    97.6    54.6    79.3   0.168   0.137   0.181   0.228   0.235    30.4    29.7    29.8    29.1    29.1
63829 20170807  2.622  -84.45   31.19    32.6    22.6    27.6    26.7     0.0    21.62 C    42.1    23.0    29.3    96.9    56.2    81.5   0.152   0.125   0.165   0.225   0.235    30.7    30.0    30.1    29.5    29.2
63829 20170808  2.622  -84.45   31.19    32.3    21.9    27.1    26.1     0.0    18.84 C    43.5    22.2    28.4    97.8    54.1    82.9   0.141   0.118   0.150   0.229   0.235    30.5    29.8    30.0    29.6    29.2
63829 20170809  2.622  -84.45   31.19    31.5    22.0    26.8    25.5     2.1    16.53 C    44.4    22.7    28.0    97.1    58.8    86.9   0.141   0.115   0.138   0.235   0.235    30.2    29.6    29.8    29.4    29.3
63829 20170810  2.622  -84.45   31.19    32.4    21.8    27.1    26.0    10.5    21.32 C    42.7    22.4    28.9    97.4    57.5    84.3   0.152   0.118   0.141   0.234   0.234    30.6    29.8    30.0    29.3    29.3
63829 20170811  2.622  -84.45   31.19    32.9    22.3    27.6    26.8     0.0    22.85 C    41.3    23.2    29.3    98.3    53.4    81.2   0.166   0.131   0.166   0.234   0.234    31.0    30.2    30.3    29.5    29.3
63829 20170812  2.622  -84.45   31.19    32.7    22.3    27.5    27.1     0.0    21.07 C    42.9    23.0    29.5    97.5    55.4    81.3   0.146   0.121   0.152   0.234   0.234    31.1    30.3    30.4    29.7    29.4
63829 20170813  2.622  -84.45   31.19    34.0    23.3    28.7    27.3    11.3    20.45 C    44.5    23.6    30.0    97.4    53.5    84.1   0.146   0.117   0.143   0.233   0.234    31.7    30.8    30.8    29.9    29.4
63829 20170814  2.622  -84.45   31.19    33.7    23.1    28.4    25.9    13.7    10.82 C    42.5    23.7    27.5    97.6    58.0    89.2 -99.000   0.140   0.176   0.236   0.234    30.2    30.1    30.5    30.0    29.6
63829 20170815  2.622  -84.45   31.19    32.2    22.5    27.3    26.6     0.0    20.67 C    40.5    23.2    28.4    98.1    63.4    84.1   0.188   0.149   0.203   0.241   0.233    30.2    29.8    29.9    29.5    29.6
63829 20170816  2.622  -84.45   31.19    33.1    22.2    27.6    27.6     0.0    23.63 C    41.8    22.8    29.7    97.5    55.5    79.5   0.167   0.135   0.188   0.239   0.234    31.0    30.3    30.3    29.6    29.6
63829 20170817  2.622  -84.45   31.19    34.0    23.4    28.7    28.3     0.0    24.27 C    43.5    23.7    30.5    97.2    52.0    77.6   0.154   0.125   0.164   0.239   0.235    32.2    31.1    31.1    30.0    29.6
63829 20170818  2.622  -84.45   31.19    34.4    23.1    28.7    27.7     0.7    20.15 C    44.0    23.4    29.3    96.9    48.5    80.7   0.142   0.118   0.146   0.238   0.234    31.8    30.9    31.1    30.3    29.8
63829 20170819  2.622  -84.45   31.19    34.0    22.2    28.1    27.6     0.0    24.02 C    43.8    22.3    29.6    97.9    40.5    72.6   0.130   0.113   0.135   0.237   0.236    32.0    30.9    31.0    30.3    29.9
63829 20170820  2.622  -84.45   31.19    34.8    20.8    27.8    27.9     0.0    23.00 C    44.5    21.0    30.0    97.6    37.0    70.8   0.111   0.107   0.127   0.236   0.235    32.0    30.8    31.1    30.3    29.9
63829 20170821  2.622  -84.45   31.19    33.3    22.3    27.8    27.6     0.0    19.26 C    44.2    22.5    29.8    94.9    54.0    74.9   0.093   0.102   0.119   0.235   0.236    32.1    31.1    31.4    30.5    29.9
63829 20170822  2.622  -84.45   31.19    33.5    22.0    27.7    27.2     0.0    21.88 C    45.5    21.9    29.8    97.4    49.0    77.9   0.075   0.094   0.114   0.233   0.236    32.1    31.0    31.3    30.5    30.0
63829 20170823  2.622  -84.45   31.19    34.6    22.5    28.5    27.2    16.5    19.14 C    47.3    22.7    29.2    96.9    46.0    81.7   0.092   0.089   0.109   0.232   0.235    31.5    30.8    31.2    30.6    30.0
63829 20170824  2.622  -84.45   31.19    34.1    22.6    28.3    27.9     0.0    22.57 C    42.7    22.6    29.6    96.9    38.1    71.5   0.120   0.101   0.117   0.230   0.234    31.2    30.5    30.8    30.3    30.0
63829 20170825  2.622  -84.45   31.19    34.2    20.8    27.5    27.3     0.0    21.27 C    44.0    21.4    29.6    95.4    46.9    73.2   0.091   0.095   0.120   0.229   0.231    31.5    30.5    30.7    30.1    30.0
63829 20170826  2.622  -84.45   31.19    31.7    23.2    27.5    26.7     0.0    13.25 C    41.7    23.7    28.5    94.7    57.0    78.3   0.071   0.090   0.115   0.228   0.231    30.8    30.2    30.5    30.1    30.0
63829 20170827  2.622  -84.45   31.19    31.5    22.5    27.0    26.7     0.0    16.99 C    40.6    22.2    28.2    89.6    51.1    70.1   0.059   0.084   0.110   0.227   0.230    30.4    29.8    30.1    29.8    30.0
63829 20170828  2.622  -84.45   31.19    30.6    21.5    26.0    25.6     0.0    21.69 C    44.4    21.4    28.4    75.4    45.5    60.5   0.051   0.077   0.103   0.226   0.228    30.7    29.9    30.1    29.7    29.8
63829 20170829  2.622  -84.45   31.19    30.8    18.7    24.7    24.1     3.5    15.11 C    43.5    18.9    26.5    97.0    53.4    79.9   0.049   0.071   0.097   0.224   0.227    29.7    29.3    29.8    29.6    29.7
63829 20170830  2.622  -84.45   31.19    32.1    22.2    27.2    24.6    17.3    11.98 C    41.5    21.8    26.2    97.6    61.4    90.6   0.102   0.078   0.097   0.223   0.225    28.6    28.6    29.2    29.2    29.7
63829 20170831  2.622  -84.45   31.19    31.8    21.4    26.6    24.4    24.4    10.41 C    37.4    22.4    25.4    97.1    60.3    91.9   0.179   0.128   0.162   0.226   0.223    27.7    27.9    28.4    28.6    29.4
63829 20170901  2.622  -84.45   31.19    30.8    21.9    26.4    25.5     7.6    18.13 C    36.6    22.1    26.7    96.7    57.4    85.0   0.189   0.146   0.217   0.234   0.243    28.4    28.2    28.3    28.2    29.2
63829 20170902  2.622  -84.45   31.19    29.8    21.3    25.6    24.7     2.3    17.42 C    39.5    21.9    26.7    97.4    59.8    84.7   0.187   0.146   0.217   0.240   0.248    28.9    28.6    28.8    28.4    29.1
63829 20170903  2.622  -84.45   31.19    31.8    19.9    25.9    25.0     0.0    21.35 C    40.7    20.5    27.4    98.3    49.8    80.8   0.165   0.133   0.198   0.240   0.245    29.0    28.5    28.8    28.4    29.0
63829 20170904  2.622  -84.45   31.19    32.2    21.3    26.7    26.3     0.0    21.80 C    39.8    21.7    28.1    97.4    41.2    76.3   0.152   0.125   0.181   0.237   0.246    29.5    28.9    29.1    28.6    29.0
63829 20170905  2.622  -84.45   31.19    31.3    21.2    26.2    26.1     0.0    19.83 C    39.4    21.5    27.6    97.4    46.9    76.3   0.142   0.118   0.159   0.237   0.245    29.4    28.8    29.1    28.7    29.1
63829 20170906  2.622  -84.45   31.19    28.7    19.6    24.1    23.7     0.0    16.14 C    38.4    19.6    25.7    96.2    59.1    77.3   0.137   0.114   0.148   0.237   0.245    28.8    28.3    28.8    28.6    29.1
63829 20170907  2.622  -84.45   31.19    27.6    14.0    20.8    20.5     0.0    22.02 C    38.0    14.6    23.2    90.9    33.1    64.0   0.125   0.111   0.138   0.235   0.244    27.4    27.0    27.8    28.0    28.9
63829 20170908  2.622  -84.45   31.19    29.5    15.4    22.4    22.9     0.0    21.97 C    40.8    16.1    25.3    94.2    43.5    64.3   0.110   0.108   0.132   0.235   0.244    27.6    26.8    27.5    27.6    28.7
63829 20170909  2.622  -84.45   31.19    28.8    16.6    22.7    22.6     0.0    18.78 C    40.9    16.6    24.5    84.3    42.2    58.8   0.103   0.105   0.124   0.234   0.242    27.4    26.7    27.5    27.5    28.5
63829 20170910  2.622  -84.45   31.19    22.6    15.7    19.2    18.6     4.7     5.03 C    22.6    16.1    19.1    90.5    48.9    72.8   0.104   0.104   0.118   0.233   0.241    24.0    24.8    26.0    27.0    28.2
63829 20170911  2.622  -84.45   31.19    17.5    15.3    16.4    16.3    49.2     2.40 C    18.2    15.3    16.6    95.4    89.7    93.3   0.231   0.185   0.219   0.246   0.288    19.8    21.2    22.5    24.6    27.7
63829 20170912  2.622  -84.45   31.19    28.2    15.5    21.9    20.5     0.3    19.29 C    35.1    16.0    21.7    95.4    41.7    74.9   0.191   0.159   0.223   0.244   0.291    22.6    22.7    23.0    23.6    26.8
63829 20170913  2.622  -84.45   31.19    29.5    16.4    23.0    22.5     0.0    17.63 C    37.0    16.3    23.7    97.8    54.0    82.2   0.171   0.143   0.206   0.243   0.279    24.8    24.4    24.6    24.4    26.4
63829 20170914  2.622  -84.45   31.19    30.2    17.0    23.6    23.3     0.0    20.40 C    39.0    17.1    24.8    98.5    48.1    81.7   0.161   0.134   0.193   0.242   0.277    26.3    25.5    25.7    25.2    26.4
63829 20170915  2.622  -84.45   31.19    31.3    19.4    25.3    24.9     0.0    16.61 C    41.3    19.5    26.3    97.7    52.9    79.5   0.152   0.127   0.178   0.241   0.275    27.3    26.4    26.5    25.9    26.6
63829 20170916  2.622  -84.45   31.19    31.5    21.4    26.5    24.5    37.5    13.63 C    42.7    21.4    26.1    97.9    58.1    88.4   0.190   0.154   0.190   0.247   0.288    27.3    26.7    27.0    26.4    26.9
63829 20170917  2.622  -84.45   31.19    31.7    19.8    25.8    24.8     0.0    21.26 C    38.6    19.9    26.2    99.1    42.4    78.0   0.203   0.165   0.214   0.246   0.282    27.8    27.0    27.1    26.6    27.0
63829 20170918  2.622  -84.45   31.19    32.3    17.9    25.1    24.7     0.0    21.20 C    39.3    18.1    26.2    98.1    38.1    74.9   0.180   0.149   0.201   0.244   0.276    27.8    27.0    27.2    26.8    27.1
63829 20170919  2.622  -84.45   31.19    32.7    20.1    26.4    25.4     0.0    18.73 C    40.1    20.3    27.0    97.5    48.2    80.2   0.167   0.139   0.187   0.243   0.275    28.5    27.6    27.7    27.0    27.3
63829 20170920  2.622  -84.45   31.19    31.9    21.6    26.7    25.9     0.0    16.33 C    39.9    21.9    27.5    97.5    54.5    82.1   0.158   0.130   0.172   0.242   0.273    28.8    28.0    28.1    27.4    27.5
63829 20170921  2.622  -84.45   31.19    32.1    20.3    26.2    25.3     0.0    17.08 C    41.6    20.5    27.3    97.4    55.0    81.9   0.151   0.123   0.159   0.240   0.272    28.9    28.2    28.3    27.6    27.6
63829 20170922  2.622  -84.45   31.19    31.8    19.0    25.4    24.5     0.0    20.51 C    40.9    19.2    26.5    97.7    46.9    77.9   0.143   0.118   0.150   0.239   0.270    28.6    27.7    28.1    27.6    27.7
63829 20170923  2.622  -84.45   31.19    31.2    19.1    25.1    25.0     0.0    20.09 C    40.5    19.1    26.6    97.4    45.2    73.7   0.132   0.113   0.140   0.237   0.270    28.6    27.6    28.0    27.6    27.8
63829 20170924  2.622  -84.45   31.19    30.5    20.1    25.3    24.3     0.0    18.49 C    40.8    20.0    26.0    96.5    44.7    76.3   0.123   0.110   0.134   0.225   0.268    28.6    27.6    28.1    28.0    27.9
63829 20170925  2.622  -84.45   31.19    31.1    19.4    25.3    24.3     0.0    18.10 C    41.0    18.9    26.0    95.2    46.0    75.3   0.108   0.107   0.128   0.224   0.257    28.6    27.6    28.0    27.9    27.9
63829 20170926  2.622  -84.45   31.19    32.0    16.7    24.3    23.8     0.0    19.64 C    40.2    16.8    25.4    97.2    38.7    73.3   0.098   0.102   0.122   0.224   0.253    28.4    27.4    27.9    27.9    27.8
63829 20170927  2.622  -84.45   31.19    32.6    17.2    24.9    24.2     0.0    19.83 C    41.8    17.2    25.7    97.7    37.9    73.8   0.082   0.097   0.118   0.225   0.248    28.5    27.5    28.0    27.9    27.8
63829 20170928  2.622  -84.45   31.19    33.4    17.3    25.3    24.6     0.0    20.06 C    42.8    17.1    26.2    98.1    33.7    72.7   0.065   0.089   0.114   0.223   0.245    28.7    27.6    28.1    28.0    27.8
63829 20170929  2.622  -84.45   31.19    34.1    17.2    25.7    25.1     0.0    18.96 C    43.1    17.3    26.6    97.6    34.6    72.0   0.053   0.081   0.106   0.222   0.243    28.8    27.8    28.2    28.1    27.9
63829 20170930  2.622  -84.45   31.19    32.1    22.0    27.0    26.2     0.0    15.78 C    42.1    21.6    27.7    87.8    48.8    72.1   0.049   0.076   0.094   0.220   0.243    29.2    28.2    28.5    28.3    27.9
63829 20171001  2.622  -84.45   31.19    23.2    17.7    20.4    20.4     2.4     7.51 C    29.0    18.2    21.0    91.8    55.6    70.1   0.057   0.074   0.088   0.218   0.242    25.7    26.1    27.1    27.8    28.0
63829 20171002  2.622  -84.45   31.19    27.3    18.6    23.0    22.5     0.0    11.35 C    34.1    18.8    23.4    88.4    59.3    73.1   0.058   0.075   0.087   0.215   0.242    25.1    25.2    25.8    26.5    27.7
63829 20171003  2.622  -84.45   31.19    29.2    18.8    24.0    23.6     0.0    17.41 C    37.5    18.5    24.6    92.0    42.3    67.5   0.054   0.074   0.083   0.213   0.241    26.0    25.7    26.1    26.3    27.4
63829 20171004  2.622  -84.45   31.19    29.6    18.8    24.2    23.4     0.0    19.00 C    38.6    18.5    25.0    87.2    39.6    66.0   0.049   0.072   0.078   0.211   0.241    26.7    26.0    26.4    26.4    27.3
63829 20171005  2.622  -84.45   31.19    29.8    17.4    23.6    23.7     0.0    17.11 C    39.3    17.1    24.9    85.9    47.6    66.9   0.046   0.070   0.075   0.209   0.241    26.8    26.2    26.6    26.6    27.2
63829 20171006  2.622  -84.45   31.19    29.3    18.5    23.9    23.3     0.0    12.35 C    39.8    18.1    24.5    94.9    60.2    83.2   0.039   0.069   0.073   0.207   0.240    26.6    26.2    26.6    26.6    27.2
63829 20171007  2.622  -84.45   31.19    32.0    22.3    27.2    25.9     0.8    10.44 C    42.3    21.5    27.2    96.1    56.8    84.7   0.034   0.068   0.073   0.205   0.239    27.5    26.9    27.0    26.7    27.2
63829 20171008  2.622  -84.45   31.19    27.8    24.8    26.3    26.0     7.6     3.95 C    27.8    24.1    25.5    94.6    74.6    88.6   0.063   0.069   0.073   0.203   0.239    26.7    26.6    26.9    26.9    27.3
63829 20171009  2.622  -84.45   31.19    33.2    23.1    28.1    27.3     0.0    15.84 C    40.0    22.8    28.2    96.5    51.3    80.0   0.077   0.072   0.074   0.202   0.238    28.1    27.5    27.4    26.8    27.3
63829 20171010  2.622  -84.45   31.19    33.1    23.1    28.1    26.5     0.5    14.02 C    42.8    22.8    28.2   100.0    55.4    83.8   0.061   0.073   0.075   0.200   0.236    28.7    27.9    28.0    27.4    27.5
63829 20171011  2.622  -84.45   31.19    33.2    22.2    27.7    25.8    10.6    13.29 C    41.8    22.0    27.2    98.5    54.2    87.4   0.079   0.076   0.074   0.198   0.236    28.5    27.8    28.0    27.6    27.6
63829 20171012  2.622  -84.45   31.19    32.3    22.5    27.4    25.6     0.0    14.65 C    40.1    22.9    27.4   100.0    53.9    87.2   0.123   0.102   0.075   0.197   0.235    28.6    28.0    28.1    27.6    27.7
63829 20171013  2.622  -84.45   31.19    31.4    20.2    25.8    25.6     0.0    18.25 C    39.5    20.3    27.2    97.9    43.5    73.3   0.107   0.098   0.076   0.195   0.233    28.1    27.6    27.9    27.7    27.8
63829 20171014  2.622  -84.45   31.19    29.2    22.0    25.6    24.7     0.0    13.78 C    39.3    21.2    26.3    91.4    54.2    78.2   0.095   0.093   0.077   0.194   0.232    27.6    27.2    27.5    27.4    27.8
63829 20171015  2.622  -84.45   31.19    30.2    19.9    25.1    23.5     0.0    12.97 C    40.6    19.5    25.2    98.0    52.1    83.9   0.078   0.087   0.077   0.193   0.231    27.2    26.8    27.1    27.1    27.7
63829 20171016  2.622  -84.45   31.19    29.5    15.7    22.6    22.0     0.0    12.50 C    37.1    14.7    23.1    97.8    59.9    78.9   0.070   0.083   0.078   0.191   0.228    26.5    26.3    26.7    26.9    27.6
63829 20171017  2.622  -84.45   31.19    23.2    11.2    17.2    17.6     0.0    19.04 C    34.1     9.1    19.1    75.4    29.1    50.4   0.063   0.079   0.078   0.191   0.226    24.3    24.4    25.1    26.0    27.4
63829 20171018  2.622  -84.45   31.19    25.3     9.4    17.4    17.0     0.0    18.53 C    35.3     7.9    18.7    83.6    45.8    63.6   0.056   0.076   0.077   0.191   0.225    23.3    23.3    24.0    25.0    27.1
63829 20171019  2.622  -84.45   31.19    27.8    10.6    19.2    18.3     0.0    18.41 C    37.0    10.1    19.8    90.9    32.3    66.5   0.054   0.073   0.076   0.190   0.225    23.8    23.5    24.0    24.7    26.6
63829 20171020  2.622  -84.45   31.19    29.1    10.7    19.9    19.0     0.0    18.17 C    37.9     9.6    20.0    97.7    25.2    64.9   0.048   0.071   0.074   0.188   0.223    23.8    23.4    24.0    24.6    26.3
63829 20171021  2.622  -84.45   31.19    28.9    15.0    21.9    21.8     0.0    13.91 C    38.2    13.6    22.6    96.7    45.2    70.3   0.041   0.068   0.072   0.186   0.222    24.3    23.9    24.2    24.6    26.1
63829 20171022  2.622  -84.45   31.19    30.8    17.9    24.3    24.1     0.0    14.82 C    41.2    16.7    25.3    95.6    44.2    73.3   0.033   0.067   0.070   0.184   0.221    25.6    24.9    25.0    24.9    26.0
63829 20171023  2.622  -84.45   31.19    27.0    15.4    21.2    21.8    19.3    10.31 C    31.1    14.9    22.1    96.3    44.6    79.3   0.134   0.093   0.069   0.181   0.219    24.6    24.7    25.1    25.3    26.1
63829 20171024  2.622  -84.45   31.19    23.6     9.5    16.5    16.6     0.0    17.44 C    31.2     9.6    17.6    98.0    31.5    61.4   0.132   0.109   0.083   0.179   0.218    21.5    22.2    23.0    24.1    26.0
63829 20171025  2.622  -84.45   31.19    19.2     5.5    12.4    12.4     0.0    17.70 C    28.6     5.5    13.5    96.0    30.9    59.7   0.116   0.105   0.091   0.180   0.218    19.3    20.2    21.2    22.8    25.7
63829 20171026  2.622  -84.45   31.19    23.1     3.7    13.4    12.7     0.0    17.44 C    31.7     3.6    13.9    97.7    23.7    62.8   0.107   0.101   0.093   0.180   0.218    18.7    19.2    20.1    21.6    25.0
63829 20171027  2.622  -84.45   31.19    24.8     6.2    15.5    14.9     0.0    17.07 C    33.5     5.9    16.0    97.8    29.8    66.9   0.101   0.097   0.093   0.179   0.216    19.5    19.5    20.1    21.3    24.5
63829 20171028  2.622  -84.45   31.19    26.9     9.9    18.4    17.0     0.0    10.58 C    33.0     9.8    17.6    95.1    53.9    81.2   0.096   0.093   0.092   0.177   0.215    20.2    20.2    20.6    21.4    24.1
63829 20171029  2.622  -84.45   31.19    13.5     4.0     8.8     8.2     0.0    17.31 C    20.7     2.6     9.5    93.0    37.7    64.4   0.090   0.091   0.091   0.178   0.214    17.4    18.4    19.4    20.9    23.9
63829 20171030  2.622  -84.45   31.19    20.5     0.7    10.6    10.0     0.0    16.92 C    29.2     0.7    11.2    98.2    25.8    64.9   0.085   0.089   0.091   0.181   0.214    17.0    17.4    18.1    19.7    23.5
63829 20171031  2.622  -84.45   31.19    24.4     3.7    14.0    13.1     0.0    16.46 C    33.6     3.2    14.1    98.1    29.5    68.9   0.073   0.084   0.089   0.181   0.213    18.1    18.0    18.6    19.6    23.0
63829 20171101  2.622  -84.45   31.19    24.6     5.5    15.1    14.6     0.0    15.82 C    33.4     4.7    15.3    97.6    32.2    69.0   0.063   0.080   0.088   0.181   0.212    18.8    18.6    19.0    19.8    22.8
63829 20171102  2.622  -84.45   31.19    27.2     9.2    18.2    17.5     0.0    15.29 C    36.3     8.7    18.5    95.0    37.6    71.0   0.057   0.077   0.087   0.180   0.211    20.2    19.6    19.8    20.2    22.6
63829 20171103  2.622  -84.45   31.19    28.1    10.7    19.4    18.7     0.0    15.19 C    36.2    10.1    19.6    97.6    40.7    75.8   0.052   0.074   0.085   0.179   0.212    21.2    20.4    20.7    20.8    22.6
63829 20171104  2.622  -84.45   31.19    28.6    11.7    20.1    19.3     0.0    12.13 C    38.6    11.3    20.0    98.1    44.5    78.2   0.051   0.072   0.083   0.177   0.214    21.6    20.9    21.2    21.3    22.8
63829 20171105  2.622  -84.45   31.19    28.8    12.6    20.7    20.0     0.0    13.86 C    39.0    11.7    20.5    98.2    40.4    74.9   0.049   0.070   0.081   0.176   0.214    22.1    21.4    21.6    21.6    23.0
63829 20171106  2.622  -84.45   31.19    28.8    11.9    20.3    19.8     0.0    14.95 C    36.7    11.0    20.2    98.3    38.9    75.0   0.039   0.068   0.078   0.175   0.215    22.3    21.5    21.8    21.9    23.0
63829 20171107  2.622  -84.45   31.19    28.5    13.9    21.2    19.9     0.0    11.49 C    36.7    12.8    20.6   100.0    50.3    81.8   0.032   0.067   0.075   0.175   0.214    22.4    21.8    22.0    22.1    23.1
63829 20171108  2.622  -84.45   31.19    27.0    15.5    21.2    20.4     0.0     9.37 C    36.0    14.7    21.2    98.5    58.5    85.3   0.032   0.066   0.073   0.174   0.214    22.7    22.1    22.3    22.3    23.3
63829 20171109  2.622  -84.45   31.19    18.9    11.8    15.4    15.8     9.9     1.73 C    19.4    11.1    16.8    97.6    85.3    93.5   0.074   0.067   0.070   0.174   0.211    20.6    21.1    21.7    22.2    23.5
63829 20171110  2.622  -84.45   31.19    20.0     7.4    13.7    12.3     0.0    12.33 C    27.6     7.0    13.6    99.0    50.7    84.3   0.113   0.079   0.071   0.173   0.211    18.0    18.7    19.7    20.9    23.3
63829 20171111  2.622  -84.45   31.19    17.3     7.2    12.2    11.6     0.0     7.64 C    24.1     5.7    12.8    97.7    64.0    82.6   0.102   0.085   0.071   0.172   0.211    16.4    17.3    18.2    19.7    22.9
63829 20171112  2.622  -84.45   31.19    20.6    10.5    15.5    14.9     0.0    12.74 C    30.9    11.4    17.6    85.6    59.3    70.7   0.100   0.084   0.072   0.172   0.209    18.4    18.4    18.7    19.4    22.4
63829 20171113  2.622  -84.45   31.19    23.0     9.8    16.4    15.1     0.0    13.03 C    31.6     8.1    16.7    92.7    47.1    74.4   0.088   0.082   0.072   0.171   0.208    19.1    19.0    19.3    19.8    22.2
63829 20171114  2.622  -84.45   31.19    19.8     6.4    13.1    12.6     0.0    15.10 C    28.2     5.3    13.3    98.4    38.4    71.9   0.079   0.079   0.072   0.171   0.208    17.5    17.8    18.4    19.5    22.1
63829 20171115  2.622  -84.45   31.19    17.5     3.8    10.6     9.8     0.0    14.02 C    27.0     2.9    11.1    96.5    40.0    71.9   0.073   0.078   0.073   0.171   0.208    16.5    16.9    17.6    18.8    21.9
63829 20171116  2.622  -84.45   31.19    21.7     2.9    12.3    11.5     0.0    14.18 C    30.3     2.7    12.5    98.1    40.7    76.7   0.064   0.077   0.073   0.171   0.205    16.6    16.7    17.3    18.3    21.5
63829 20171117  2.622  -84.45   31.19    21.5     4.0    12.8    11.9     0.0    14.47 C    30.7     2.9    12.6    98.8    32.4    73.3   0.059   0.075   0.072   0.171   0.206    16.8    16.8    17.3    18.3    21.2
63829 20171118  2.622  -84.45   31.19    24.8     6.2    15.5    16.1     0.0    12.94 C    32.2     5.1    16.7    98.4    46.7    75.6   0.055   0.073   0.073   0.171   0.203    17.8    17.4    17.6    18.3    21.1
63829 20171119  2.622  -84.45   31.19    20.1     7.1    13.6    13.8     0.0    14.82 C    25.5     4.2    14.4    87.5    30.8    58.7   0.051   0.073   0.072   0.170   0.202    18.4    18.2    18.6    18.9    21.0
63829 20171120  2.622  -84.45   31.19    18.7    -1.9     8.4     8.7     0.0    13.42 C    28.5    -2.5     9.8    97.7    28.8    65.6   0.049   0.072   0.072   0.170   0.202    15.7    16.1    16.8    18.1    21.0
63829 20171121  2.622  -84.45   31.19    21.4     7.1    14.2    14.2     3.0     4.82 C    26.7     5.9    14.7    98.9    63.2    83.9   0.054   0.072   0.072   0.170   0.200    16.6    16.8    17.1    17.9    20.8
63829 20171122  2.622  -84.45   31.19    21.2    12.2    16.7    16.4     0.0     7.73 C    27.4    11.4    17.2    98.6    51.0    79.6   0.075   0.072   0.072   0.170   0.200    18.1    17.8    18.0    18.2    20.6
63829 20171123  2.622  -84.45   31.19    18.5    12.2    15.4    14.9     0.0     6.59 C    28.1     9.9    16.0    82.4    56.3    69.4   0.066   0.072   0.072   0.170   0.197    17.6    17.7    18.1    18.5    20.7
63829 20171124  2.622  -84.45   31.19    20.1     5.6    12.8    12.2     0.0    14.11 C    28.4     4.0    12.9    95.5    33.8    69.8   0.062   0.072   0.072   0.169   0.197    16.7    16.9    17.5    18.2    20.7
63829 20171125  2.622  -84.45   31.19    19.2     3.0    11.1    11.1     0.0     6.98 C    24.7     2.6    11.3    97.8    53.8    80.6   0.059   0.072   0.072   0.169   0.195    15.3    15.8    16.4    17.6    20.6
63829 20171126  2.622  -84.45   31.19    21.5     4.9    13.2    11.5     0.0    13.78 C    29.2     2.5    11.6    98.0    24.8    66.1   0.056   0.072   0.073   0.169   0.191    15.7    15.9    16.4    17.3    20.3
63829 20171127  2.622  -84.45   31.19    20.3    -0.5     9.9     8.7     0.0    14.24 C    28.6    -1.7     8.9    93.8    17.3    59.1   0.053   0.072   0.072   0.168   0.192    14.5    14.8    15.6    16.9    20.0
63829 20171128  2.622  -84.45   31.19    25.1     2.1    13.6    12.7     0.0    13.52 C    32.7     1.4    13.5    95.8    44.7    75.4   0.052   0.071   0.072   0.168   0.192    15.6    15.3    15.7    16.5    19.7
63829 20171129  2.622  -84.45   31.19    25.3    10.1    17.7    16.0     0.5    10.03 C    33.3     8.8    16.8   100.0    51.7    86.4   0.054   0.071   0.072   0.168   0.191    17.7    17.0    17.1    17.3    19.6
63829 20171130  2.622  -84.45   31.19    26.3     9.0    17.7    17.4     0.0    12.53 C    33.9     7.9    18.0    98.1    37.6    72.3   0.053   0.070   0.072   0.168   0.192    18.4    17.6    17.7    17.8    19.7
63829 20171201  2.622  -84.45   31.19    25.8    11.4    18.6    19.1     0.0    10.10 C    34.0     9.7    19.1    97.7    44.5    75.5   0.050   0.069   0.071   0.168   0.190    19.8    18.9    18.9    18.7    19.9
63829 20171202  2.622  -84.45   31.19    25.1     9.0    17.0    15.1     0.0    12.22 C    35.1     8.2    15.8   100.0    43.9    81.5   0.047   0.069   0.072   0.168   0.190    18.7    18.2    18.5    18.7    20.2
63829 20171203  2.622  -84.45   31.19    16.7    10.0    13.4    13.6     0.0     2.99 C    20.6     8.0    14.7    99.0    81.5    92.0   0.045   0.069   0.071   0.167   0.189    17.4    17.5    17.9    18.5    20.3
63829 20171204  2.622  -84.45   31.19    22.3    13.9    18.1    17.2     0.0     8.71 C    32.7    11.2    18.3    90.8    56.6    77.3   0.037   0.068   0.070   0.167   0.189    18.9    18.4    18.5    18.5    20.3
63829 20171205  2.622  -84.45   31.19    26.4    10.9    18.7    19.0     1.6    10.77 C    33.1     9.3    19.0    98.0    51.1    79.0   0.036   0.068   0.070   0.166   0.189    19.3    18.7    18.8    18.8    20.4
63829 20171206  2.622  -84.45   31.19    19.9     5.4    12.6    12.9     3.8     1.68 C    19.3     7.1    13.9    96.7    70.8    88.7   0.061   0.068   0.070   0.166   0.189    18.0    18.3    18.8    19.2    20.4
63829 20171207  2.622  -84.45   31.19     8.9     5.0     7.0     6.8    13.1     1.74 C    11.8     6.9     8.6    95.2    70.6    85.1   0.117   0.073   0.070   0.166   0.189    13.6    14.8    15.9    17.5    20.4
63829 20171208  2.622  -84.45   31.19     6.0     5.1     5.6     5.6    26.5     0.66 C     8.3     6.2     7.2    96.3    92.6    95.2   0.195   0.147   0.148   0.166   0.189    11.6    12.8    13.7    15.8    19.9
63829 20171209  2.622  -84.45   31.19     8.6     0.9     4.7     4.5     0.0     8.70 C    14.3    -0.8     5.6    95.4    37.5    74.3   0.180   0.150   0.212   0.184   0.189    11.1    12.1    12.8    14.5    19.0
63829 20171210  2.622  -84.45   31.19    11.1    -2.4     4.4     3.4     0.0    13.57 C    17.7    -2.6     4.4    95.7    32.3    67.9   0.170   0.139   0.202   0.189   0.188    10.0    10.9    11.6    13.4    18.3
63829 20171211  2.622  -84.45   31.19    17.4    -2.7     7.3     6.9     0.0    13.19 C    23.0    -2.8     6.7    97.6    30.7    67.8   0.159   0.137   0.192   0.194   0.189    10.4    10.8    11.4    12.9    17.7
63829 20171212  2.622  -84.45   31.19    16.1     3.4     9.7     9.7     0.0    13.07 C    21.5     1.3     8.5    97.0    31.9    64.8   0.151   0.133   0.184   0.199   0.187    11.0    11.3    11.8    13.0    17.2
63829 20171213  2.622  -84.45   31.19    13.1    -0.8     6.1     6.6     0.0    13.22 C    20.1    -2.0     6.5    82.9    19.2    48.8   0.149   0.132   0.178   0.203   0.188    10.5    10.9    11.5    12.8    17.0
63829 20171214  2.622  -84.45   31.19    17.6     1.7     9.7     8.7     0.0    10.64 C    24.9     0.7     8.5    97.0    32.9    68.6   0.146   0.128   0.170   0.207   0.187    11.1    11.2    11.5    12.6    16.7
63829 20171215  2.622  -84.45   31.19    12.1     3.1     7.6     8.1     0.0     2.58 C    14.1     1.7     8.2    94.4    50.1    70.8   0.145   0.125   0.164   0.209   0.187    11.0    11.4    11.8    12.8    16.5
63829 20171216  2.622  -84.45   31.19    15.3    -0.1     7.6     7.0     0.0    12.60 C    23.1    -0.4     8.4    85.8    26.5    58.7   0.143   0.123   0.160   0.210   0.186    11.2    11.4    11.7    12.6    16.4
63829 20171217  2.622  -84.45   31.19    24.4     3.0    13.7    14.1     0.0    10.55 C    29.9     2.7    14.3    89.9    49.4    73.1   0.141   0.119   0.157   0.212   0.186    13.1    12.5    12.5    12.9    16.2
63829 20171218  2.622  -84.45   31.19    23.8    14.9    19.3    19.4     1.7     4.09 C    26.5    13.3    18.6    98.9    83.3    93.8   0.142   0.117   0.156   0.212   0.186    16.8    15.7    15.3    14.6    16.3
63829 20171219  2.622  -84.45   31.19    23.0    14.6    18.8    18.0     0.0     3.44 C    26.9    13.2    17.5   100.0    75.9    95.3   0.142   0.118   0.157   0.212   0.187    17.2    16.5    16.4    15.9    16.9
63829 20171220  2.622  -84.45   31.19    25.1    16.7    20.9    20.6     0.5     5.42 C    29.9    15.9    20.2    98.8    66.8    88.9   0.143   0.118   0.156   0.212   0.187    18.4    17.5    17.2    16.6    17.4
63829 20171221  2.622  -84.45   31.19    21.5    10.5    16.0    15.9     0.0     8.93 C    28.2     9.1    16.1   100.0    55.6    89.8   0.144   0.119   0.158   0.213   0.188    17.8    17.4    17.5    17.2    17.8
63829 20171222  2.622  -84.45   31.19    21.3    13.8    17.6    16.3     0.0     6.98 C    29.3    12.1    17.2    98.3    64.8    88.0   0.142   0.118   0.157   0.213   0.186    17.6    17.1    17.2    17.1    18.1
63829 20171223  2.622  -84.45   31.19    25.5    14.1    19.8    19.6     4.5     6.32 C    29.7    11.7    19.1    94.1    62.3    82.8   0.143   0.118   0.154   0.213   0.187    18.0    17.4    17.4    17.2    18.3
63829 20171224  2.622  -84.45   31.19    20.6     9.1    14.8    15.4     0.0     7.55 C    24.4     8.7    15.7    95.2    51.7    79.8   0.161   0.128   0.171   0.213   0.187    18.0    17.9    18.1    17.8    18.5
63829 20171225  2.622  -84.45   31.19    11.3     0.9     6.1     6.7     0.0    13.22 C    20.7     0.1     7.9    79.9    27.8    57.0   0.150   0.125   0.167   0.215   0.187    13.7    14.5    15.3    16.6    18.6
63829 20171226  2.622  -84.45   31.19    15.8    -0.3     7.7     7.3     0.0    12.64 C    23.8    -0.7     9.0    80.0    44.5    60.1   0.147   0.125   0.160   0.215   0.187    12.4    12.8    13.4    14.9    18.2
63829 20171227  2.622  -84.45   31.19    10.7     7.8     9.3     8.7     8.2     1.49 C    12.2     8.8    10.1    96.3    61.4    89.5   0.173   0.137   0.181   0.216   0.187    12.9    13.3    13.7    14.6    17.7
63829 20171228  2.622  -84.45   31.19     7.9     5.4     6.6     6.8     1.7     1.22 C    10.5     7.0     8.3    93.9    68.5    84.1   0.176   0.141   0.199   0.216   0.188    12.0    12.6    13.0    14.1    17.4
63829 20171229  2.622  -84.45   31.19    12.3     2.5     7.4     6.4     0.0    11.35 C    20.5     1.0     8.4    98.4    51.2    80.5   0.176   0.139   0.197   0.216   0.188    12.2    12.3    12.7    13.6    17.0
63829 20171230  2.622  -84.45   31.19    15.0     0.0     7.5     6.5     0.0    11.51 C    20.5     0.5     7.7   100.0    39.9    80.5   0.171   0.135   0.190   0.217   0.189    11.5    11.7    12.1    13.2    16.7
63829 20171231  2.622  -84.45   31.19     7.9     3.9     5.9     6.1     7.7     1.76 C    11.6     3.6     7.5    96.8    59.9    86.2   0.184   0.146   0.196   0.218   0.189    11.0    11.5    11.9    13.0    16.4
